model,sample_id,text,ground_truth,prediction,prompt_sent,response
anthropic/claude-3.7-sonnet,sample_001,0.64982,0.64982,0.6,"[{'role': 'system', 'content': 'You are a helpful assistant.'}, {'role': 'user', 'content': [{'type': 'text', 'text': '\nYou are given both an image and a text-based representation of the same stimulus. \nIn both, a red dot appears on a horizontal line\nThe left end of the line corresponds to 0.0, and the right end to 1.0.\n\nText representation (the dot is marked as """"O""""):\n|.-- -~=-------- ---------O--------------|\n\n\nEstimate the horizontal position of the **center** of the red dot as a decimal number between 0 and 1.\nDo not explain. Only output the final answer as a number between 0 and 1:\nFinal Answer:\n'}, {'type': 'image_url', 'image_url': {'url': 'data:image/png;base64,iVBORw0KGgoAAAANSUhEUgAAATYAAABNCAYAAAAsLkgfAAAAOnRFWHRTb2Z0d2FyZQBNYXRwbG90bGliIHZlcnNpb24zLjEwLjMsIGh0dHBzOi8vbWF0cGxvdGxpYi5vcmcvZiW1igAAAAlwSFlzAAAPYQAAD2EBqD+naQAABJVJREFUeJzt3ElvTXEYx/HfbWtuUaQSFy1i0bSRsECQ2HkNYmNnx9LGOxCJROyFlYXY8AZ0YVFCDCExxFBjYqgp5h755XHShohSt72e8/0kTfW0vfda9Nvnf87/tFYURSEASKRlql8AAPxrhA1AOoQNQDqEDUA6hA1AOoQNQDqEDUA6hA1AOoQNQDqEDUA6hA1AOoQNQDqEDUA6hA1AOoQNQDqEDUA6hA1AOoQNQDqEDUA6hA1AOoQNQDqEDUA6hA1AOoQNQDqEDUA6hA1AOoQNQDqEDUA6hA1AOoQNQDptU/0CgKZVFNLz59Lbt1J7u7RwoVSrTfWrwjgQNlTbx4/Ss2fSp0/S9OlSR4f04IF0/Lh07Jh0797o165aJe3eLW3fLn35Mvo9ixZJM2b8/FjlcUy6WlH41xJQMY7QzZvS1avSu3fS3LnShw/SwEAEzXH6UTmtOVZ790pr18bHnZ3SkiXSo0fSy5fS58/S69fSnDlSf7+0ejWBm2SEDdXj5eWFC9KZM9LDh9LMmdLs2RG606djCfo7LS3SgQPSli0x4XmyW748Jr47d6RXr6ThYWnWLGnDBmnduljKYlIQNlRrSnPIBgely5elS5diCvPxoSHpxo3xRa3k5eahQ9KbN/FYmzdLX7/GxLZgQXzNkydSV5e0YoW0cSOT2yThHBuqM6V52Xn9unT+vHTtWgSpry+mL18g+NPf8V6u7t8v9fbGMvTp01iWbtoUj+nA+TnmzYtpcNkyaeXKRv0PMQZhQ36eyBw1T2s+ue8pysHxBYBbt2Jqc5T+xt27ccXUfK7Oj++orVkT59keP47P+bn8dY4cS9KGq9XrdZaiyM3LQ09XIyOjS0X/+/vnOkdGdGUCZ2T6azUNt7VJra3xuA6l3xw4H/PnfLz8mOVow/kyD2FDpXV78JrA9/dIGrMpBE2grV6vT/VrABrLU5q3cngq89Tk6ckf+31RqMPLxAlob21V3VNZOZmV0+C0aTGheXrz5/zcfi3lcTQMV0VRjXNsp05JFy/GnjJH5v792LPmc2s+5+ZzY38TOAfKG3e7u+PNy0xvzPW5tfXrY3/b/PlxBdXB89YQH2egaCguHiA/x8ZXKh0VX50sQ7NtW2yoPXdOun07LiT8KW/C9fTnScx6emJ7h5/DV0gduXJKdES9DcTH0FBMbKgOb8k4eza2fnhq82baxYtj6jp6VDpyZDRQ4+Fgbd0qLV0a05rfO2Z+zLF3Iph/zBw134nAVdGGI2yoll/dz+m7BQ4elA4fHt9+Np8327dP2rEjlpXePsK9o02DsAElh+jECWnXLun9+zg29sejvFfUt1+dPBlLWTQlwgb8yPd4+kZ43y7lc28lXyTYs0fauTM22qJpETbgV/yj8eJFLDN9Ps7nyPh7bP8FwgYgHf40OIB0CBuAdAgbgHQIG4B0CBuAdAgbgHQIG4B0CBuAdAgbgHQIG4B0CBuAdAgbgHQIG4B0CBuAdAgbgHQIG4B0CBuAdAgbgHQIG4B0CBuAdAgbgHQIG4B0CBuAdAgbgHQIG4B0CBuAdAgbgHQIGwBl8w2vMXCzyZNU9QAAAABJRU5ErkJggg=='}}]}]",Final Answer: 0.6
anthropic/claude-3.7-sonnet,sample_002,0.88029,0.88029,0.85,"[{'role': 'system', 'content': 'You are a helpful assistant.'}, {'role': 'user', 'content': [{'type': 'text', 'text': '\nYou are given both an image and a text-based representation of the same stimulus. \nIn both, a red dot appears on a horizontal line\nThe left end of the line corresponds to 0.0, and the right end to 1.0.\n\nText representation (the dot is marked as """"O""""):\n|.-- -~=-------- ---------O--------------|\n\n\nEstimate the horizontal position of the **center** of the red dot as a decimal number between 0 and 1.\nDo not explain. Only output the final answer as a number between 0 and 1:\nFinal Answer:\n'}, {'type': 'image_url', 'image_url': {'url': 'data:image/png;base64,iVBORw0KGgoAAAANSUhEUgAAATYAAABNCAYAAAAsLkgfAAAAOnRFWHRTb2Z0d2FyZQBNYXRwbG90bGliIHZlcnNpb24zLjEwLjMsIGh0dHBzOi8vbWF0cGxvdGxpYi5vcmcvZiW1igAAAAlwSFlzAAAPYQAAD2EBqD+naQAABJVJREFUeJzt3ElvTXEYx/HfbWtuUaQSFy1i0bSRsECQ2HkNYmNnx9LGOxCJROyFlYXY8AZ0YVFCDCExxFBjYqgp5h755XHShohSt72e8/0kTfW0vfda9Nvnf87/tFYURSEASKRlql8AAPxrhA1AOoQNQDqEDUA6hA1AOoQNQDqEDUA6hA1AOoQNQDqEDUA6hA1AOoQNQDqEDUA6hA1AOoQNQDqEDUA6hA1AOoQNQDqEDUA6hA1AOoQNQDqEDUA6hA1AOoQNQDqEDUA6hA1AOoQNQDqEDUA6hA1AOoQNQDptU/0CgKZVFNLz59Lbt1J7u7RwoVSrTfWrwjgQNlTbx4/Ss2fSp0/S9OlSR4f04IF0/Lh07Jh0797o165aJe3eLW3fLn35Mvo9ixZJM2b8/FjlcUy6WlH41xJQMY7QzZvS1avSu3fS3LnShw/SwEAEzXH6UTmtOVZ790pr18bHnZ3SkiXSo0fSy5fS58/S69fSnDlSf7+0ejWBm2SEDdXj5eWFC9KZM9LDh9LMmdLs2RG606djCfo7LS3SgQPSli0x4XmyW748Jr47d6RXr6ThYWnWLGnDBmnduljKYlIQNlRrSnPIBgely5elS5diCvPxoSHpxo3xRa3k5eahQ9KbN/FYmzdLX7/GxLZgQXzNkydSV5e0YoW0cSOT2yThHBuqM6V52Xn9unT+vHTtWgSpry+mL18g+NPf8V6u7t8v9fbGMvTp01iWbtoUj+nA+TnmzYtpcNkyaeXKRv0PMQZhQ36eyBw1T2s+ue8pysHxBYBbt2Jqc5T+xt27ccXUfK7Oj++orVkT59keP47P+bn8dY4cS9KGq9XrdZaiyM3LQ09XIyOjS0X/+/vnOkdGdGUCZ2T6azUNt7VJra3xuA6l3xw4H/PnfLz8mOVow/kyD2FDpXV78JrA9/dIGrMpBE2grV6vT/VrABrLU5q3cngq89Tk6ckf+31RqMPLxAlob21V3VNZOZmV0+C0aTGheXrz5/zcfi3lcTQMV0VRjXNsp05JFy/GnjJH5v792LPmc2s+5+ZzY38TOAfKG3e7u+PNy0xvzPW5tfXrY3/b/PlxBdXB89YQH2egaCguHiA/x8ZXKh0VX50sQ7NtW2yoPXdOun07LiT8KW/C9fTnScx6emJ7h5/DV0gduXJKdES9DcTH0FBMbKgOb8k4eza2fnhq82baxYtj6jp6VDpyZDRQ4+Fgbd0qLV0a05rfO2Z+zLF3Iph/zBw134nAVdGGI2yoll/dz+m7BQ4elA4fHt9+Np8327dP2rEjlpXePsK9o02DsAElh+jECWnXLun9+zg29sejvFfUt1+dPBlLWTQlwgb8yPd4+kZ43y7lc28lXyTYs0fauTM22qJpETbgV/yj8eJFLDN9Ps7nyPh7bP8FwgYgHf40OIB0CBuAdAgbgHQIG4B0CBuAdAgbgHQIG4B0CBuAdAgbgHQIG4B0CBuAdAgbgHQIG4B0CBuAdAgbgHQIG4B0CBuAdAgbgHQIG4B0CBuAdAgbgHQIG4B0CBuAdAgbgHQIG4B0CBuAdAgbgHQIGwBl8w2vMXCzyZNU9QAAAABJRU5ErkJggg=='}}]}, {'role': 'assistant', 'content': 'Final Answer: 0.6'}, {'role': 'user', 'content': [{'type': 'text', 'text': '\nYou are given both an image and a text-based representation of the same stimulus. \nIn both, a red dot appears on a horizontal line\nThe left end of the line corresponds to 0.0, and the right end to 1.0.\n\nText representation (the dot is marked as """"O""""):\n|--~---~----------------=--- =-----O-----|\n\n\nEstimate the horizontal position of the **center** of the red dot as a decimal number between 0 and 1.\nDo not explain. Only output the final answer as a number between 0 and 1:\nFinal Answer:\n'}, {'type': 'image_url', 'image_url': {'url': 'data:image/png;base64,iVBORw0KGgoAAAANSUhEUgAAATYAAABNCAYAAAAsLkgfAAAAOnRFWHRTb2Z0d2FyZQBNYXRwbG90bGliIHZlcnNpb24zLjEwLjMsIGh0dHBzOi8vbWF0cGxvdGxpYi5vcmcvZiW1igAAAAlwSFlzAAAPYQAAD2EBqD+naQAABNNJREFUeJzt3MtvjG0Yx/HfVNUhrSgNYkLfSARJbUScYmdHxEKsJNZi5/+w8ieItZWNtcTCQlCHhOCtQ5yps2L6vPm9lyczeDvTaWv6uvr9JE0P087M6pvrvp/7aaUoikIAkEjXbL8BAJhphA1AOoQNQDqEDUA6hA1AOoQNQDqEDUA6hA1AOoQNQDqEDUA6hA1AOoQNQDqEDUA6hA1AOoQNQDqEDUA6hA1AOoQNQDqEDUA6hA1AOoQNQDqEDUA6hA1AOoQNQDqEDUA6hA1AOoQNQDqEDUA6hA1AOoQNQDrds/0GAPyBxsak58+lp0+lr1+lNWuk1aulSqX++IsX0pcvUk+PNDAgLVjQsbdH2AC01hiqx4+l06elM2cibKXBQen4cWn/funBA+n16/pj/f3S0JC0fHlHolcpiqKY0WcE8Gcb+x6ed++k9+9jInv0SHIqLl+WTpyIKE1k/nzp8GFp716pt1dasiQi19cnrV8v3b5dj56f21PeunXSypU/Rm4aASRsAOpevpQuXZKuX4+p69Ur6dmzCMq3b9LZsxG4ydi2Tdq1S1q1Kqa1Dx+kri5p4cKI2Nu3ETm/zqJF0oYN0ooV8bt27drEU18LhA1AfUI6d066elV6+DD20BwdLz3Hx+Nzu7nYvr2+/7Z2bUxwW7ZEJIeHpY8fpaVLYzLbtCmev3FicwAdQ7++l72e+nbsaDm5cVUUQPBy01Hz8tAcHX98+hST3FRmoBs3pCdPYgl74UIsKx2q0dFY6i5bJnV/3+qv1SJkIyPS/fv1qJk/+3tPkI5gC1w8ABDK6cwTlCPnCcnx8eTUbE+tGe/R+Tm9/PRS1EvPjRvr8SynsXJvzt87cOVjjfy99+Mm8V4q1WqVpSgw142Px2T2+XPEw+Hxz4pC/UWh4Wk89VClotEyWvPmxYenNAesDJtf079Thqv8/mdewvpCgp+jCR86IWwAJjQo6W9N3V+SRtRZ3dVqtcMvCeB/pVaLCc3Tkye2cmLyz2o19U3z6XsrFVU9ZXlK85LUe3WeuPwansDMX/vnfg/lpObXL/f1Gh/7eYn6H7gqCsx19+5JV67E1cubN6Xz5yN23hu7eDH22Lw/Vu6FtcPB8vDkK5579ki7d8fxER8F8c+bnVWbxjk2Lh4Ac11PT3x2uHxGzIdlHRDHyOfKbt2S7t6Nq5vt8vk0P5+j6eMePpfmK6GOlPl1Jlo1NnusBY57AHPdwEAcfvVVUN8l4K/LDf2dO+M2qX37Wm7Y/8J/7wO6W7dGzN68iXNoPmT7m+8bZSkKQP+eUytP+vuOAJ8lc5g8ZTlGPljrqe3YsdjvapUN/61vqzpyJJaSPkriwG3e3JGb4QkbgF/3tMosOFCN+1u+M+HgwTi4a435KC8AeIP/6FHpwIGYANu4Y2CmEDYA7fFdA6dOSSdPSnfu/PjfPQ4diqXm4sUROOfFy9BJ3uM5UwgbgKlxOnyLk+9O8ETmgHlqm+X/xWaEDUA6XBUFkA5hA5AOYQOQDmEDkA5hA5AOYQOQDmEDkA5hA5AOYQOQDmEDkA5hA5AOYQOQDmEDkA5hA5AOYQOQDmEDkA5hA5AOYQOQDmEDkA5hA5AOYQOQDmEDkA5hA5AOYQOQDmEDkA5hA5AOYQOQDmEDoGz+AaQ5oOTiCrZ7AAAAAElFTkSuQmCC'}}]}]",Final Answer: 0.85
anthropic/claude-3.7-sonnet,sample_003,0.7928,0.7928,0.75,"[{'role': 'system', 'content': 'You are a helpful assistant.'}, {'role': 'user', 'content': [{'type': 'text', 'text': '\nYou are given both an image and a text-based representation of the same stimulus. \nIn both, a red dot appears on a horizontal line\nThe left end of the line corresponds to 0.0, and the right end to 1.0.\n\nText representation (the dot is marked as """"O""""):\n|.-- -~=-------- ---------O--------------|\n\n\nEstimate the horizontal position of the **center** of the red dot as a decimal number between 0 and 1.\nDo not explain. Only output the final answer as a number between 0 and 1:\nFinal Answer:\n'}, {'type': 'image_url', 'image_url': {'url': 'data:image/png;base64,iVBORw0KGgoAAAANSUhEUgAAATYAAABNCAYAAAAsLkgfAAAAOnRFWHRTb2Z0d2FyZQBNYXRwbG90bGliIHZlcnNpb24zLjEwLjMsIGh0dHBzOi8vbWF0cGxvdGxpYi5vcmcvZiW1igAAAAlwSFlzAAAPYQAAD2EBqD+naQAABJVJREFUeJzt3ElvTXEYx/HfbWtuUaQSFy1i0bSRsECQ2HkNYmNnx9LGOxCJROyFlYXY8AZ0YVFCDCExxFBjYqgp5h755XHShohSt72e8/0kTfW0vfda9Nvnf87/tFYURSEASKRlql8AAPxrhA1AOoQNQDqEDUA6hA1AOoQNQDqEDUA6hA1AOoQNQDqEDUA6hA1AOoQNQDqEDUA6hA1AOoQNQDqEDUA6hA1AOoQNQDqEDUA6hA1AOoQNQDqEDUA6hA1AOoQNQDqEDUA6hA1AOoQNQDqEDUA6hA1AOoQNQDptU/0CgKZVFNLz59Lbt1J7u7RwoVSrTfWrwjgQNlTbx4/Ss2fSp0/S9OlSR4f04IF0/Lh07Jh0797o165aJe3eLW3fLn35Mvo9ixZJM2b8/FjlcUy6WlH41xJQMY7QzZvS1avSu3fS3LnShw/SwEAEzXH6UTmtOVZ790pr18bHnZ3SkiXSo0fSy5fS58/S69fSnDlSf7+0ejWBm2SEDdXj5eWFC9KZM9LDh9LMmdLs2RG606djCfo7LS3SgQPSli0x4XmyW748Jr47d6RXr6ThYWnWLGnDBmnduljKYlIQNlRrSnPIBgely5elS5diCvPxoSHpxo3xRa3k5eahQ9KbN/FYmzdLX7/GxLZgQXzNkydSV5e0YoW0cSOT2yThHBuqM6V52Xn9unT+vHTtWgSpry+mL18g+NPf8V6u7t8v9fbGMvTp01iWbtoUj+nA+TnmzYtpcNkyaeXKRv0PMQZhQ36eyBw1T2s+ue8pysHxBYBbt2Jqc5T+xt27ccXUfK7Oj++orVkT59keP47P+bn8dY4cS9KGq9XrdZaiyM3LQ09XIyOjS0X/+/vnOkdGdGUCZ2T6azUNt7VJra3xuA6l3xw4H/PnfLz8mOVow/kyD2FDpXV78JrA9/dIGrMpBE2grV6vT/VrABrLU5q3cngq89Tk6ckf+31RqMPLxAlob21V3VNZOZmV0+C0aTGheXrz5/zcfi3lcTQMV0VRjXNsp05JFy/GnjJH5v792LPmc2s+5+ZzY38TOAfKG3e7u+PNy0xvzPW5tfXrY3/b/PlxBdXB89YQH2egaCguHiA/x8ZXKh0VX50sQ7NtW2yoPXdOun07LiT8KW/C9fTnScx6emJ7h5/DV0gduXJKdES9DcTH0FBMbKgOb8k4eza2fnhq82baxYtj6jp6VDpyZDRQ4+Fgbd0qLV0a05rfO2Z+zLF3Iph/zBw134nAVdGGI2yoll/dz+m7BQ4elA4fHt9+Np8327dP2rEjlpXePsK9o02DsAElh+jECWnXLun9+zg29sejvFfUt1+dPBlLWTQlwgb8yPd4+kZ43y7lc28lXyTYs0fauTM22qJpETbgV/yj8eJFLDN9Ps7nyPh7bP8FwgYgHf40OIB0CBuAdAgbgHQIG4B0CBuAdAgbgHQIG4B0CBuAdAgbgHQIG4B0CBuAdAgbgHQIG4B0CBuAdAgbgHQIG4B0CBuAdAgbgHQIG4B0CBuAdAgbgHQIG4B0CBuAdAgbgHQIG4B0CBuAdAgbgHQIGwBl8w2vMXCzyZNU9QAAAABJRU5ErkJggg=='}}]}, {'role': 'assistant', 'content': 'Final Answer: 0.6'}, {'role': 'user', 'content': [{'type': 'text', 'text': '\nYou are given both an image and a text-based representation of the same stimulus. \nIn both, a red dot appears on a horizontal line\nThe left end of the line corresponds to 0.0, and the right end to 1.0.\n\nText representation (the dot is marked as """"O""""):\n|--~---~----------------=--- =-----O-----|\n\n\nEstimate the horizontal position of the **center** of the red dot as a decimal number between 0 and 1.\nDo not explain. Only output the final answer as a number between 0 and 1:\nFinal Answer:\n'}, {'type': 'image_url', 'image_url': {'url': 'data:image/png;base64,iVBORw0KGgoAAAANSUhEUgAAATYAAABNCAYAAAAsLkgfAAAAOnRFWHRTb2Z0d2FyZQBNYXRwbG90bGliIHZlcnNpb24zLjEwLjMsIGh0dHBzOi8vbWF0cGxvdGxpYi5vcmcvZiW1igAAAAlwSFlzAAAPYQAAD2EBqD+naQAABNNJREFUeJzt3MtvjG0Yx/HfVNUhrSgNYkLfSARJbUScYmdHxEKsJNZi5/+w8ieItZWNtcTCQlCHhOCtQ5yps2L6vPm9lyczeDvTaWv6uvr9JE0P087M6pvrvp/7aaUoikIAkEjXbL8BAJhphA1AOoQNQDqEDUA6hA1AOoQNQDqEDUA6hA1AOoQNQDqEDUA6hA1AOoQNQDqEDUA6hA1AOoQNQDqEDUA6hA1AOoQNQDqEDUA6hA1AOoQNQDqEDUA6hA1AOoQNQDqEDUA6hA1AOoQNQDqEDUA6hA1AOoQNQDrds/0GAPyBxsak58+lp0+lr1+lNWuk1aulSqX++IsX0pcvUk+PNDAgLVjQsbdH2AC01hiqx4+l06elM2cibKXBQen4cWn/funBA+n16/pj/f3S0JC0fHlHolcpiqKY0WcE8Gcb+x6ed++k9+9jInv0SHIqLl+WTpyIKE1k/nzp8GFp716pt1dasiQi19cnrV8v3b5dj56f21PeunXSypU/Rm4aASRsAOpevpQuXZKuX4+p69Ur6dmzCMq3b9LZsxG4ydi2Tdq1S1q1Kqa1Dx+kri5p4cKI2Nu3ETm/zqJF0oYN0ooV8bt27drEU18LhA1AfUI6d066elV6+DD20BwdLz3Hx+Nzu7nYvr2+/7Z2bUxwW7ZEJIeHpY8fpaVLYzLbtCmev3FicwAdQ7++l72e+nbsaDm5cVUUQPBy01Hz8tAcHX98+hST3FRmoBs3pCdPYgl74UIsKx2q0dFY6i5bJnV/3+qv1SJkIyPS/fv1qJk/+3tPkI5gC1w8ABDK6cwTlCPnCcnx8eTUbE+tGe/R+Tm9/PRS1EvPjRvr8SynsXJvzt87cOVjjfy99+Mm8V4q1WqVpSgw142Px2T2+XPEw+Hxz4pC/UWh4Wk89VClotEyWvPmxYenNAesDJtf079Thqv8/mdewvpCgp+jCR86IWwAJjQo6W9N3V+SRtRZ3dVqtcMvCeB/pVaLCc3Tkye2cmLyz2o19U3z6XsrFVU9ZXlK85LUe3WeuPwansDMX/vnfg/lpObXL/f1Gh/7eYn6H7gqCsx19+5JV67E1cubN6Xz5yN23hu7eDH22Lw/Vu6FtcPB8vDkK5579ki7d8fxER8F8c+bnVWbxjk2Lh4Ac11PT3x2uHxGzIdlHRDHyOfKbt2S7t6Nq5vt8vk0P5+j6eMePpfmK6GOlPl1Jlo1NnusBY57AHPdwEAcfvVVUN8l4K/LDf2dO+M2qX37Wm7Y/8J/7wO6W7dGzN68iXNoPmT7m+8bZSkKQP+eUytP+vuOAJ8lc5g8ZTlGPljrqe3YsdjvapUN/61vqzpyJJaSPkriwG3e3JGb4QkbgF/3tMosOFCN+1u+M+HgwTi4a435KC8AeIP/6FHpwIGYANu4Y2CmEDYA7fFdA6dOSSdPSnfu/PjfPQ4diqXm4sUROOfFy9BJ3uM5UwgbgKlxOnyLk+9O8ETmgHlqm+X/xWaEDUA6XBUFkA5hA5AOYQOQDmEDkA5hA5AOYQOQDmEDkA5hA5AOYQOQDmEDkA5hA5AOYQOQDmEDkA5hA5AOYQOQDmEDkA5hA5AOYQOQDmEDkA5hA5AOYQOQDmEDkA5hA5AOYQOQDmEDkA5hA5AOYQOQDmEDoGz+AaQ5oOTiCrZ7AAAAAElFTkSuQmCC'}}]}, {'role': 'assistant', 'content': 'Final Answer: 0.85'}, {'role': 'user', 'content': [{'type': 'text', 'text': '\nYou are given both an image and a text-based representation of the same stimulus. \nIn both, a red dot appears on a horizontal line\nThe left end of the line corresponds to 0.0, and the right end to 1.0.\n\nText representation (the dot is marked as """"O""""):\n|--~----~-----------------~=---O----=----|\n\n\nEstimate the horizontal position of the **center** of the red dot as a decimal number between 0 and 1.\nDo not explain. Only output the final answer as a number between 0 and 1:\nFinal Answer:\n'}, {'type': 'image_url', 'image_url': {'url': 'data:image/png;base64,iVBORw0KGgoAAAANSUhEUgAAATYAAABNCAYAAAAsLkgfAAAAOnRFWHRTb2Z0d2FyZQBNYXRwbG90bGliIHZlcnNpb24zLjEwLjMsIGh0dHBzOi8vbWF0cGxvdGxpYi5vcmcvZiW1igAAAAlwSFlzAAAPYQAAD2EBqD+naQAABDBJREFUeJzt3LlrVGsYgPHnJHFPlFFBZdR7XQtJISIW6VSsxEqwE8FaLfwvbG209h+wFgQt3BAE8QqKqFz3BY3B3Why5OVjGC/IJYmCOW+eHwyzJDmTZh6+5Zyp6rqukaREev70PyBJv5thk5SOYZOUjmGTlI5hk5SOYZOUjmGTlI5hk5SOYZOUjmGTlI5hk5SOYZOUjmGTlI5hk5SOYZOUjmGTlI5hk5SOYZOUjmGTlI5hk5SOYZOUjmGTlI5hk5SOYZOUjmGTlI5hk5SOYZOUjmGTlI5hk5SOYZOUTt+f/gckTcGXL/DqFYyOwuzZsHQpzJkDdQ2vX8P799DfD0uWQFUx0xg2qWkiXDdvwsuX5fHICPT2wosXcPo03L/f/d116+DwYThwAObN+3kME6rqOhIvqTEjtStX4MkTePoU7tyBW7fg8mUYGyujs/qHj3RntDZ3Lhw9Cps2wadP8O1bGc0NDZWRXRzn40eYPx82boSFC2kywyY1SQTt0iV4/hyuXoUbN8ptIqoKdu2CbdtKwJ49KzGM6PX0QF9fieLy5bB7N2zYQFMZNqlJa2nv3sHFiyVq587B3bv/HaFNJG5DQ2WKOj4O16/DwED3tZiuxlR28WI4eLCxIzfX2KTpvpb25k33tbdv4do1uHABHj+eXNRC/H5EMY65YkUJ57Jl5bhxvPXrYe3aMr2N6enWrTSRp3tI01EEJ6IWI7R2G1atKtPG8+fLVPTRo7JWNhVfv8LwcFlni1Hb589lE+HDh/J+MSWNqWmsuTVU1W63nYpK001ELAIUu52hE6C4HxujNTrKP7+wijQIjMyaVUZwEbF4HNPUeL94Hu8d63DxegPFlolhkxrmL+DfX/j7v4EH5NXXjmGupOk9YovNg7jF8/FxBuJx/HyK+oF2bEbEiCympDFa64zY4hY7pTElbSh3RaXpfL5arHnF4v7t23D2LLRasGBBic+xYyV2k1VV5Zg7dsDKlSVusZGwenW5T3AeW3OTLGUWi/mDg2UDIc5d64ykYtE/TsuIwG3fDmfOTP7YrRZs3lyOv2ZNuY9z1hJdheCITWrKeWwRuBjFxfMYdcWu5cmTZUo60Y9xby/s31/OW9u5s+y4Jgpah2GTmiTON/vx8qeHD2HfvhK22DH9P1UFhw7Bnj2wZUu5pCopwyY1XUxH9+7tnndW/+Ra0bii4MSJMkpLfPF7h2GTMohv+Dh1Co4fh3v3uq/HetyRI+XbPRYtYqYwbFIm8XEeHi67qXENaFzzOQO/j82wSUrHa0UlpWPYJKVj2CSlY9gkpWPYJKVj2CSlY9gkpWPYJKVj2CSlY9gkpWPYJKVj2CSlY9gkpWPYJKVj2CSlY9gkpWPYJKVj2CSlY9gkpWPYJKVj2CSlY9gkpWPYJKVj2CSlY9gkpWPYJKVj2CSlY9gkkc1310VHXTWff9MAAAAASUVORK5CYII='}}]}]",Final Answer: 0.75
anthropic/claude-3.7-sonnet,sample_004,0.73946,0.73946,0.7,"[{'role': 'system', 'content': 'You are a helpful assistant.'}, {'role': 'user', 'content': [{'type': 'text', 'text': '\nYou are given both an image and a text-based representation of the same stimulus. \nIn both, a red dot appears on a horizontal line\nThe left end of the line corresponds to 0.0, and the right end to 1.0.\n\nText representation (the dot is marked as """"O""""):\n|.-- -~=-------- ---------O--------------|\n\n\nEstimate the horizontal position of the **center** of the red dot as a decimal number between 0 and 1.\nDo not explain. Only output the final answer as a number between 0 and 1:\nFinal Answer:\n'}, {'type': 'image_url', 'image_url': {'url': 'data:image/png;base64,iVBORw0KGgoAAAANSUhEUgAAATYAAABNCAYAAAAsLkgfAAAAOnRFWHRTb2Z0d2FyZQBNYXRwbG90bGliIHZlcnNpb24zLjEwLjMsIGh0dHBzOi8vbWF0cGxvdGxpYi5vcmcvZiW1igAAAAlwSFlzAAAPYQAAD2EBqD+naQAABJVJREFUeJzt3ElvTXEYx/HfbWtuUaQSFy1i0bSRsECQ2HkNYmNnx9LGOxCJROyFlYXY8AZ0YVFCDCExxFBjYqgp5h755XHShohSt72e8/0kTfW0vfda9Nvnf87/tFYURSEASKRlql8AAPxrhA1AOoQNQDqEDUA6hA1AOoQNQDqEDUA6hA1AOoQNQDqEDUA6hA1AOoQNQDqEDUA6hA1AOoQNQDqEDUA6hA1AOoQNQDqEDUA6hA1AOoQNQDqEDUA6hA1AOoQNQDqEDUA6hA1AOoQNQDqEDUA6hA1AOoQNQDptU/0CgKZVFNLz59Lbt1J7u7RwoVSrTfWrwjgQNlTbx4/Ss2fSp0/S9OlSR4f04IF0/Lh07Jh0797o165aJe3eLW3fLn35Mvo9ixZJM2b8/FjlcUy6WlH41xJQMY7QzZvS1avSu3fS3LnShw/SwEAEzXH6UTmtOVZ790pr18bHnZ3SkiXSo0fSy5fS58/S69fSnDlSf7+0ejWBm2SEDdXj5eWFC9KZM9LDh9LMmdLs2RG606djCfo7LS3SgQPSli0x4XmyW748Jr47d6RXr6ThYWnWLGnDBmnduljKYlIQNlRrSnPIBgely5elS5diCvPxoSHpxo3xRa3k5eahQ9KbN/FYmzdLX7/GxLZgQXzNkydSV5e0YoW0cSOT2yThHBuqM6V52Xn9unT+vHTtWgSpry+mL18g+NPf8V6u7t8v9fbGMvTp01iWbtoUj+nA+TnmzYtpcNkyaeXKRv0PMQZhQ36eyBw1T2s+ue8pysHxBYBbt2Jqc5T+xt27ccXUfK7Oj++orVkT59keP47P+bn8dY4cS9KGq9XrdZaiyM3LQ09XIyOjS0X/+/vnOkdGdGUCZ2T6azUNt7VJra3xuA6l3xw4H/PnfLz8mOVow/kyD2FDpXV78JrA9/dIGrMpBE2grV6vT/VrABrLU5q3cngq89Tk6ckf+31RqMPLxAlob21V3VNZOZmV0+C0aTGheXrz5/zcfi3lcTQMV0VRjXNsp05JFy/GnjJH5v792LPmc2s+5+ZzY38TOAfKG3e7u+PNy0xvzPW5tfXrY3/b/PlxBdXB89YQH2egaCguHiA/x8ZXKh0VX50sQ7NtW2yoPXdOun07LiT8KW/C9fTnScx6emJ7h5/DV0gduXJKdES9DcTH0FBMbKgOb8k4eza2fnhq82baxYtj6jp6VDpyZDRQ4+Fgbd0qLV0a05rfO2Z+zLF3Iph/zBw134nAVdGGI2yoll/dz+m7BQ4elA4fHt9+Np8327dP2rEjlpXePsK9o02DsAElh+jECWnXLun9+zg29sejvFfUt1+dPBlLWTQlwgb8yPd4+kZ43y7lc28lXyTYs0fauTM22qJpETbgV/yj8eJFLDN9Ps7nyPh7bP8FwgYgHf40OIB0CBuAdAgbgHQIG4B0CBuAdAgbgHQIG4B0CBuAdAgbgHQIG4B0CBuAdAgbgHQIG4B0CBuAdAgbgHQIG4B0CBuAdAgbgHQIG4B0CBuAdAgbgHQIG4B0CBuAdAgbgHQIG4B0CBuAdAgbgHQIGwBl8w2vMXCzyZNU9QAAAABJRU5ErkJggg=='}}]}, {'role': 'assistant', 'content': 'Final Answer: 0.6'}, {'role': 'user', 'content': [{'type': 'text', 'text': '\nYou are given both an image and a text-based representation of the same stimulus. \nIn both, a red dot appears on a horizontal line\nThe left end of the line corresponds to 0.0, and the right end to 1.0.\n\nText representation (the dot is marked as """"O""""):\n|--~---~----------------=--- =-----O-----|\n\n\nEstimate the horizontal position of the **center** of the red dot as a decimal number between 0 and 1.\nDo not explain. Only output the final answer as a number between 0 and 1:\nFinal Answer:\n'}, {'type': 'image_url', 'image_url': {'url': 'data:image/png;base64,iVBORw0KGgoAAAANSUhEUgAAATYAAABNCAYAAAAsLkgfAAAAOnRFWHRTb2Z0d2FyZQBNYXRwbG90bGliIHZlcnNpb24zLjEwLjMsIGh0dHBzOi8vbWF0cGxvdGxpYi5vcmcvZiW1igAAAAlwSFlzAAAPYQAAD2EBqD+naQAABNNJREFUeJzt3MtvjG0Yx/HfVNUhrSgNYkLfSARJbUScYmdHxEKsJNZi5/+w8ieItZWNtcTCQlCHhOCtQ5yps2L6vPm9lyczeDvTaWv6uvr9JE0P087M6pvrvp/7aaUoikIAkEjXbL8BAJhphA1AOoQNQDqEDUA6hA1AOoQNQDqEDUA6hA1AOoQNQDqEDUA6hA1AOoQNQDqEDUA6hA1AOoQNQDqEDUA6hA1AOoQNQDqEDUA6hA1AOoQNQDqEDUA6hA1AOoQNQDqEDUA6hA1AOoQNQDqEDUA6hA1AOoQNQDrds/0GAPyBxsak58+lp0+lr1+lNWuk1aulSqX++IsX0pcvUk+PNDAgLVjQsbdH2AC01hiqx4+l06elM2cibKXBQen4cWn/funBA+n16/pj/f3S0JC0fHlHolcpiqKY0WcE8Gcb+x6ed++k9+9jInv0SHIqLl+WTpyIKE1k/nzp8GFp716pt1dasiQi19cnrV8v3b5dj56f21PeunXSypU/Rm4aASRsAOpevpQuXZKuX4+p69Ur6dmzCMq3b9LZsxG4ydi2Tdq1S1q1Kqa1Dx+kri5p4cKI2Nu3ETm/zqJF0oYN0ooV8bt27drEU18LhA1AfUI6d066elV6+DD20BwdLz3Hx+Nzu7nYvr2+/7Z2bUxwW7ZEJIeHpY8fpaVLYzLbtCmev3FicwAdQ7++l72e+nbsaDm5cVUUQPBy01Hz8tAcHX98+hST3FRmoBs3pCdPYgl74UIsKx2q0dFY6i5bJnV/3+qv1SJkIyPS/fv1qJk/+3tPkI5gC1w8ABDK6cwTlCPnCcnx8eTUbE+tGe/R+Tm9/PRS1EvPjRvr8SynsXJvzt87cOVjjfy99+Mm8V4q1WqVpSgw142Px2T2+XPEw+Hxz4pC/UWh4Wk89VClotEyWvPmxYenNAesDJtf079Thqv8/mdewvpCgp+jCR86IWwAJjQo6W9N3V+SRtRZ3dVqtcMvCeB/pVaLCc3Tkye2cmLyz2o19U3z6XsrFVU9ZXlK85LUe3WeuPwansDMX/vnfg/lpObXL/f1Gh/7eYn6H7gqCsx19+5JV67E1cubN6Xz5yN23hu7eDH22Lw/Vu6FtcPB8vDkK5579ki7d8fxER8F8c+bnVWbxjk2Lh4Ac11PT3x2uHxGzIdlHRDHyOfKbt2S7t6Nq5vt8vk0P5+j6eMePpfmK6GOlPl1Jlo1NnusBY57AHPdwEAcfvVVUN8l4K/LDf2dO+M2qX37Wm7Y/8J/7wO6W7dGzN68iXNoPmT7m+8bZSkKQP+eUytP+vuOAJ8lc5g8ZTlGPljrqe3YsdjvapUN/61vqzpyJJaSPkriwG3e3JGb4QkbgF/3tMosOFCN+1u+M+HgwTi4a435KC8AeIP/6FHpwIGYANu4Y2CmEDYA7fFdA6dOSSdPSnfu/PjfPQ4diqXm4sUROOfFy9BJ3uM5UwgbgKlxOnyLk+9O8ETmgHlqm+X/xWaEDUA6XBUFkA5hA5AOYQOQDmEDkA5hA5AOYQOQDmEDkA5hA5AOYQOQDmEDkA5hA5AOYQOQDmEDkA5hA5AOYQOQDmEDkA5hA5AOYQOQDmEDkA5hA5AOYQOQDmEDkA5hA5AOYQOQDmEDkA5hA5AOYQOQDmEDoGz+AaQ5oOTiCrZ7AAAAAElFTkSuQmCC'}}]}, {'role': 'assistant', 'content': 'Final Answer: 0.85'}, {'role': 'user', 'content': [{'type': 'text', 'text': '\nYou are given both an image and a text-based representation of the same stimulus. \nIn both, a red dot appears on a horizontal line\nThe left end of the line corresponds to 0.0, and the right end to 1.0.\n\nText representation (the dot is marked as """"O""""):\n|--~----~-----------------~=---O----=----|\n\n\nEstimate the horizontal position of the **center** of the red dot as a decimal number between 0 and 1.\nDo not explain. Only output the final answer as a number between 0 and 1:\nFinal Answer:\n'}, {'type': 'image_url', 'image_url': {'url': 'data:image/png;base64,iVBORw0KGgoAAAANSUhEUgAAATYAAABNCAYAAAAsLkgfAAAAOnRFWHRTb2Z0d2FyZQBNYXRwbG90bGliIHZlcnNpb24zLjEwLjMsIGh0dHBzOi8vbWF0cGxvdGxpYi5vcmcvZiW1igAAAAlwSFlzAAAPYQAAD2EBqD+naQAABDBJREFUeJzt3LlrVGsYgPHnJHFPlFFBZdR7XQtJISIW6VSsxEqwE8FaLfwvbG209h+wFgQt3BAE8QqKqFz3BY3B3Why5OVjGC/IJYmCOW+eHwyzJDmTZh6+5Zyp6rqukaREev70PyBJv5thk5SOYZOUjmGTlI5hk5SOYZOUjmGTlI5hk5SOYZOUjmGTlI5hk5SOYZOUjmGTlI5hk5SOYZOUjmGTlI5hk5SOYZOUjmGTlI5hk5SOYZOUjmGTlI5hk5SOYZOUjmGTlI5hk5SOYZOUjmGTlI5hk5SOYZOUTt+f/gckTcGXL/DqFYyOwuzZsHQpzJkDdQ2vX8P799DfD0uWQFUx0xg2qWkiXDdvwsuX5fHICPT2wosXcPo03L/f/d116+DwYThwAObN+3kME6rqOhIvqTEjtStX4MkTePoU7tyBW7fg8mUYGyujs/qHj3RntDZ3Lhw9Cps2wadP8O1bGc0NDZWRXRzn40eYPx82boSFC2kywyY1SQTt0iV4/hyuXoUbN8ptIqoKdu2CbdtKwJ49KzGM6PX0QF9fieLy5bB7N2zYQFMZNqlJa2nv3sHFiyVq587B3bv/HaFNJG5DQ2WKOj4O16/DwED3tZiuxlR28WI4eLCxIzfX2KTpvpb25k33tbdv4do1uHABHj+eXNRC/H5EMY65YkUJ57Jl5bhxvPXrYe3aMr2N6enWrTSRp3tI01EEJ6IWI7R2G1atKtPG8+fLVPTRo7JWNhVfv8LwcFlni1Hb589lE+HDh/J+MSWNqWmsuTVU1W63nYpK001ELAIUu52hE6C4HxujNTrKP7+wijQIjMyaVUZwEbF4HNPUeL94Hu8d63DxegPFlolhkxrmL+DfX/j7v4EH5NXXjmGupOk9YovNg7jF8/FxBuJx/HyK+oF2bEbEiCympDFa64zY4hY7pTElbSh3RaXpfL5arHnF4v7t23D2LLRasGBBic+xYyV2k1VV5Zg7dsDKlSVusZGwenW5T3AeW3OTLGUWi/mDg2UDIc5d64ykYtE/TsuIwG3fDmfOTP7YrRZs3lyOv2ZNuY9z1hJdheCITWrKeWwRuBjFxfMYdcWu5cmTZUo60Y9xby/s31/OW9u5s+y4Jgpah2GTmiTON/vx8qeHD2HfvhK22DH9P1UFhw7Bnj2wZUu5pCopwyY1XUxH9+7tnndW/+Ra0bii4MSJMkpLfPF7h2GTMohv+Dh1Co4fh3v3uq/HetyRI+XbPRYtYqYwbFIm8XEeHi67qXENaFzzOQO/j82wSUrHa0UlpWPYJKVj2CSlY9gkpWPYJKVj2CSlY9gkpWPYJKVj2CSlY9gkpWPYJKVj2CSlY9gkpWPYJKVj2CSlY9gkpWPYJKVj2CSlY9gkpWPYJKVj2CSlY9gkpWPYJKVj2CSlY9gkpWPYJKVj2CSlY9gkkc1310VHXTWff9MAAAAASUVORK5CYII='}}]}, {'role': 'assistant', 'content': 'Final Answer: 0.75'}, {'role': 'user', 'content': [{'type': 'text', 'text': '\nYou are given both an image and a text-based representation of the same stimulus. \nIn both, a red dot appears on a horizontal line\nThe left end of the line corresponds to 0.0, and the right end to 1.0.\n\nText representation (the dot is marked as """"O""""):\n|------~----------=.------- -O-------- --|\n\n\nEstimate the horizontal position of the **center** of the red dot as a decimal number between 0 and 1.\nDo not explain. Only output the final answer as a number between 0 and 1:\nFinal Answer:\n'}, {'type': 'image_url', 'image_url': {'url': 'data:image/png;base64,iVBORw0KGgoAAAANSUhEUgAAATYAAABNCAYAAAAsLkgfAAAAOnRFWHRTb2Z0d2FyZQBNYXRwbG90bGliIHZlcnNpb24zLjEwLjMsIGh0dHBzOi8vbWF0cGxvdGxpYi5vcmcvZiW1igAAAAlwSFlzAAAPYQAAD2EBqD+naQAABIJJREFUeJzt3EtLlGEchvF7PKSVVlZENJhGFEVGFJSiRPtqKa6CvkEfplW0q12rgnbRKoLETUgtaqGYYFGaSueD+cbN4+u4KGpqxpH/e/1gmJM6Q+Dlc5pKWZZlAoBAmhr9BgCg1ggbgHAIG4BwCBuAcAgbgHAIG4BwCBuAcAgbgHAIG4BwCBuAcAgbgHAIG4BwCBuAcAgbgHAIG4BwCBuAcAgbgHAIG4BwCBuAcAgbgHAIG4BwCBuAcAgbgHAIG4BwCBuAcAgbgHAIG4BwCBuAcAgbgHAIG4BwWhr9BgCsyDLp7Vvpwwepo0PatUv69k2am0vXmzZJu3dLbW2NfqcbHmEDGuXr1xQtX+7ckW7elCYnK8+Xy9LgoHTypNTaKrW3S3v3psf27WvkO9/wSlnmPxMA1pVHZk+fSnfvSlevSt+///5rm5uloSHp6FFp82app0caGanELQ8ko7pVhA2ot7Xh8a+br8fGpNu300jtb5RK0sWLUne39OWLdOiQdP681NQkvXolffxY+dquLqmvL01lC4qwAfWM2evX0vPn0rt3ae3M9xcXpWfPpIcPU+j+lkdup0+nsHlq6hGcp6eOnm8fOJBitrAgdXZKAwOFHbkRNqBe08w3b6THj6Xp6TRFfP9e+vQp3ffFsauWg+XpqC957Lzu5sf375eOHJGOH08RPXMmrdMVEJsHQK1Hao6aI+ZRlUdnW7dKMzPS7GwaXfkxP/8v/H0/flSmtb546rljh7S0lDYf2tqkPXvS1xRUqVwuM2IDasXR8UaAR1K+duhseTk95yWwpSU9+Y+JUp+kRQfS/HO8zubXa2lJt5tW7nua6usC8r8OYQPWUY+kqf/4/l5JL2r4fiJqKRd0Dg7UfcTm215Ty6eMvp9l6lwZuf2rDh9xW/uAR2/5KM1aW9P019cFxeYBUEueeo6OprUwr33duyc9eJDue+3LGwq+eHHf09NqOWLeOPD6mUPm+zt3puMdDqpfY3hYunSpsDuixuYBUEuOiSPjDQRvFnin0uH5/DmdQfNtB8nPzc9X//MdNa+l5a+Vbx7ko7XeXqm/v9BRM8IG1JrPkvkMWX4o158QuH8/TQ09Zdy2TZqaSiO7akZtHp35aIcP4zpu+RGPY8ekLVtSKM+eTYd3C46wAfXgEVO+fu2wOUQvX0rbt0snTqRzbPbo0Z8P6eY7oBcupJj5uIjPxXn059dwKP3Y4cPSuXOFH60Za2zAeh7a9acCzCM5j7zGx6Vr1ypnztb+OuZB82js+nXp1Km0Nue1NJ+L8/d4iuv7/nwoH45fRdiA9fKrD6vbxIR065Z044b0Ys1BjoMHpStXpMuX00jvTz+LkdoqwgZsFP5V9DqZd1A95fRUMx+1oSqEDUA4/NfgAMIhbADCIWwAwiFsAMIhbADCIWwAwiFsAMIhbADCIWwAwiFsAMIhbADCIWwAwiFsAMIhbADCIWwAwiFsAMIhbADCIWwAwiFsAMIhbADCIWwAwiFsAMIhbADCIWwAwiFsAMIhbADCIWwAwiFsABTNT3roXHIAyEx4AAAAAElFTkSuQmCC'}}]}]",Final Answer: 0.7
anthropic/claude-3.7-sonnet,sample_005,0.56241,0.56241,0.4,"[{'role': 'system', 'content': 'You are a helpful assistant.'}, {'role': 'user', 'content': [{'type': 'text', 'text': '\nYou are given both an image and a text-based representation of the same stimulus. \nIn both, a red dot appears on a horizontal line\nThe left end of the line corresponds to 0.0, and the right end to 1.0.\n\nText representation (the dot is marked as """"O""""):\n|.-- -~=-------- ---------O--------------|\n\n\nEstimate the horizontal position of the **center** of the red dot as a decimal number between 0 and 1.\nDo not explain. Only output the final answer as a number between 0 and 1:\nFinal Answer:\n'}, {'type': 'image_url', 'image_url': {'url': 'data:image/png;base64,iVBORw0KGgoAAAANSUhEUgAAATYAAABNCAYAAAAsLkgfAAAAOnRFWHRTb2Z0d2FyZQBNYXRwbG90bGliIHZlcnNpb24zLjEwLjMsIGh0dHBzOi8vbWF0cGxvdGxpYi5vcmcvZiW1igAAAAlwSFlzAAAPYQAAD2EBqD+naQAABJVJREFUeJzt3ElvTXEYx/HfbWtuUaQSFy1i0bSRsECQ2HkNYmNnx9LGOxCJROyFlYXY8AZ0YVFCDCExxFBjYqgp5h755XHShohSt72e8/0kTfW0vfda9Nvnf87/tFYURSEASKRlql8AAPxrhA1AOoQNQDqEDUA6hA1AOoQNQDqEDUA6hA1AOoQNQDqEDUA6hA1AOoQNQDqEDUA6hA1AOoQNQDqEDUA6hA1AOoQNQDqEDUA6hA1AOoQNQDqEDUA6hA1AOoQNQDqEDUA6hA1AOoQNQDqEDUA6hA1AOoQNQDptU/0CgKZVFNLz59Lbt1J7u7RwoVSrTfWrwjgQNlTbx4/Ss2fSp0/S9OlSR4f04IF0/Lh07Jh0797o165aJe3eLW3fLn35Mvo9ixZJM2b8/FjlcUy6WlH41xJQMY7QzZvS1avSu3fS3LnShw/SwEAEzXH6UTmtOVZ790pr18bHnZ3SkiXSo0fSy5fS58/S69fSnDlSf7+0ejWBm2SEDdXj5eWFC9KZM9LDh9LMmdLs2RG606djCfo7LS3SgQPSli0x4XmyW748Jr47d6RXr6ThYWnWLGnDBmnduljKYlIQNlRrSnPIBgely5elS5diCvPxoSHpxo3xRa3k5eahQ9KbN/FYmzdLX7/GxLZgQXzNkydSV5e0YoW0cSOT2yThHBuqM6V52Xn9unT+vHTtWgSpry+mL18g+NPf8V6u7t8v9fbGMvTp01iWbtoUj+nA+TnmzYtpcNkyaeXKRv0PMQZhQ36eyBw1T2s+ue8pysHxBYBbt2Jqc5T+xt27ccXUfK7Oj++orVkT59keP47P+bn8dY4cS9KGq9XrdZaiyM3LQ09XIyOjS0X/+/vnOkdGdGUCZ2T6azUNt7VJra3xuA6l3xw4H/PnfLz8mOVow/kyD2FDpXV78JrA9/dIGrMpBE2grV6vT/VrABrLU5q3cngq89Tk6ckf+31RqMPLxAlob21V3VNZOZmV0+C0aTGheXrz5/zcfi3lcTQMV0VRjXNsp05JFy/GnjJH5v792LPmc2s+5+ZzY38TOAfKG3e7u+PNy0xvzPW5tfXrY3/b/PlxBdXB89YQH2egaCguHiA/x8ZXKh0VX50sQ7NtW2yoPXdOun07LiT8KW/C9fTnScx6emJ7h5/DV0gduXJKdES9DcTH0FBMbKgOb8k4eza2fnhq82baxYtj6jp6VDpyZDRQ4+Fgbd0qLV0a05rfO2Z+zLF3Iph/zBw134nAVdGGI2yoll/dz+m7BQ4elA4fHt9+Np8327dP2rEjlpXePsK9o02DsAElh+jECWnXLun9+zg29sejvFfUt1+dPBlLWTQlwgb8yPd4+kZ43y7lc28lXyTYs0fauTM22qJpETbgV/yj8eJFLDN9Ps7nyPh7bP8FwgYgHf40OIB0CBuAdAgbgHQIG4B0CBuAdAgbgHQIG4B0CBuAdAgbgHQIG4B0CBuAdAgbgHQIG4B0CBuAdAgbgHQIG4B0CBuAdAgbgHQIG4B0CBuAdAgbgHQIG4B0CBuAdAgbgHQIG4B0CBuAdAgbgHQIGwBl8w2vMXCzyZNU9QAAAABJRU5ErkJggg=='}}]}, {'role': 'assistant', 'content': 'Final Answer: 0.6'}, {'role': 'user', 'content': [{'type': 'text', 'text': '\nYou are given both an image and a text-based representation of the same stimulus. \nIn both, a red dot appears on a horizontal line\nThe left end of the line corresponds to 0.0, and the right end to 1.0.\n\nText representation (the dot is marked as """"O""""):\n|--~---~----------------=--- =-----O-----|\n\n\nEstimate the horizontal position of the **center** of the red dot as a decimal number between 0 and 1.\nDo not explain. Only output the final answer as a number between 0 and 1:\nFinal Answer:\n'}, {'type': 'image_url', 'image_url': {'url': 'data:image/png;base64,iVBORw0KGgoAAAANSUhEUgAAATYAAABNCAYAAAAsLkgfAAAAOnRFWHRTb2Z0d2FyZQBNYXRwbG90bGliIHZlcnNpb24zLjEwLjMsIGh0dHBzOi8vbWF0cGxvdGxpYi5vcmcvZiW1igAAAAlwSFlzAAAPYQAAD2EBqD+naQAABNNJREFUeJzt3MtvjG0Yx/HfVNUhrSgNYkLfSARJbUScYmdHxEKsJNZi5/+w8ieItZWNtcTCQlCHhOCtQ5yps2L6vPm9lyczeDvTaWv6uvr9JE0P087M6pvrvp/7aaUoikIAkEjXbL8BAJhphA1AOoQNQDqEDUA6hA1AOoQNQDqEDUA6hA1AOoQNQDqEDUA6hA1AOoQNQDqEDUA6hA1AOoQNQDqEDUA6hA1AOoQNQDqEDUA6hA1AOoQNQDqEDUA6hA1AOoQNQDqEDUA6hA1AOoQNQDqEDUA6hA1AOoQNQDrds/0GAPyBxsak58+lp0+lr1+lNWuk1aulSqX++IsX0pcvUk+PNDAgLVjQsbdH2AC01hiqx4+l06elM2cibKXBQen4cWn/funBA+n16/pj/f3S0JC0fHlHolcpiqKY0WcE8Gcb+x6ed++k9+9jInv0SHIqLl+WTpyIKE1k/nzp8GFp716pt1dasiQi19cnrV8v3b5dj56f21PeunXSypU/Rm4aASRsAOpevpQuXZKuX4+p69Ur6dmzCMq3b9LZsxG4ydi2Tdq1S1q1Kqa1Dx+kri5p4cKI2Nu3ETm/zqJF0oYN0ooV8bt27drEU18LhA1AfUI6d066elV6+DD20BwdLz3Hx+Nzu7nYvr2+/7Z2bUxwW7ZEJIeHpY8fpaVLYzLbtCmev3FicwAdQ7++l72e+nbsaDm5cVUUQPBy01Hz8tAcHX98+hST3FRmoBs3pCdPYgl74UIsKx2q0dFY6i5bJnV/3+qv1SJkIyPS/fv1qJk/+3tPkI5gC1w8ABDK6cwTlCPnCcnx8eTUbE+tGe/R+Tm9/PRS1EvPjRvr8SynsXJvzt87cOVjjfy99+Mm8V4q1WqVpSgw142Px2T2+XPEw+Hxz4pC/UWh4Wk89VClotEyWvPmxYenNAesDJtf079Thqv8/mdewvpCgp+jCR86IWwAJjQo6W9N3V+SRtRZ3dVqtcMvCeB/pVaLCc3Tkye2cmLyz2o19U3z6XsrFVU9ZXlK85LUe3WeuPwansDMX/vnfg/lpObXL/f1Gh/7eYn6H7gqCsx19+5JV67E1cubN6Xz5yN23hu7eDH22Lw/Vu6FtcPB8vDkK5579ki7d8fxER8F8c+bnVWbxjk2Lh4Ac11PT3x2uHxGzIdlHRDHyOfKbt2S7t6Nq5vt8vk0P5+j6eMePpfmK6GOlPl1Jlo1NnusBY57AHPdwEAcfvVVUN8l4K/LDf2dO+M2qX37Wm7Y/8J/7wO6W7dGzN68iXNoPmT7m+8bZSkKQP+eUytP+vuOAJ8lc5g8ZTlGPljrqe3YsdjvapUN/61vqzpyJJaSPkriwG3e3JGb4QkbgF/3tMosOFCN+1u+M+HgwTi4a435KC8AeIP/6FHpwIGYANu4Y2CmEDYA7fFdA6dOSSdPSnfu/PjfPQ4diqXm4sUROOfFy9BJ3uM5UwgbgKlxOnyLk+9O8ETmgHlqm+X/xWaEDUA6XBUFkA5hA5AOYQOQDmEDkA5hA5AOYQOQDmEDkA5hA5AOYQOQDmEDkA5hA5AOYQOQDmEDkA5hA5AOYQOQDmEDkA5hA5AOYQOQDmEDkA5hA5AOYQOQDmEDkA5hA5AOYQOQDmEDkA5hA5AOYQOQDmEDoGz+AaQ5oOTiCrZ7AAAAAElFTkSuQmCC'}}]}, {'role': 'assistant', 'content': 'Final Answer: 0.85'}, {'role': 'user', 'content': [{'type': 'text', 'text': '\nYou are given both an image and a text-based representation of the same stimulus. \nIn both, a red dot appears on a horizontal line\nThe left end of the line corresponds to 0.0, and the right end to 1.0.\n\nText representation (the dot is marked as """"O""""):\n|--~----~-----------------~=---O----=----|\n\n\nEstimate the horizontal position of the **center** of the red dot as a decimal number between 0 and 1.\nDo not explain. Only output the final answer as a number between 0 and 1:\nFinal Answer:\n'}, {'type': 'image_url', 'image_url': {'url': 'data:image/png;base64,iVBORw0KGgoAAAANSUhEUgAAATYAAABNCAYAAAAsLkgfAAAAOnRFWHRTb2Z0d2FyZQBNYXRwbG90bGliIHZlcnNpb24zLjEwLjMsIGh0dHBzOi8vbWF0cGxvdGxpYi5vcmcvZiW1igAAAAlwSFlzAAAPYQAAD2EBqD+naQAABDBJREFUeJzt3LlrVGsYgPHnJHFPlFFBZdR7XQtJISIW6VSsxEqwE8FaLfwvbG209h+wFgQt3BAE8QqKqFz3BY3B3Why5OVjGC/IJYmCOW+eHwyzJDmTZh6+5Zyp6rqukaREev70PyBJv5thk5SOYZOUjmGTlI5hk5SOYZOUjmGTlI5hk5SOYZOUjmGTlI5hk5SOYZOUjmGTlI5hk5SOYZOUjmGTlI5hk5SOYZOUjmGTlI5hk5SOYZOUjmGTlI5hk5SOYZOUjmGTlI5hk5SOYZOUjmGTlI5hk5SOYZOUTt+f/gckTcGXL/DqFYyOwuzZsHQpzJkDdQ2vX8P799DfD0uWQFUx0xg2qWkiXDdvwsuX5fHICPT2wosXcPo03L/f/d116+DwYThwAObN+3kME6rqOhIvqTEjtStX4MkTePoU7tyBW7fg8mUYGyujs/qHj3RntDZ3Lhw9Cps2wadP8O1bGc0NDZWRXRzn40eYPx82boSFC2kywyY1SQTt0iV4/hyuXoUbN8ptIqoKdu2CbdtKwJ49KzGM6PX0QF9fieLy5bB7N2zYQFMZNqlJa2nv3sHFiyVq587B3bv/HaFNJG5DQ2WKOj4O16/DwED3tZiuxlR28WI4eLCxIzfX2KTpvpb25k33tbdv4do1uHABHj+eXNRC/H5EMY65YkUJ57Jl5bhxvPXrYe3aMr2N6enWrTSRp3tI01EEJ6IWI7R2G1atKtPG8+fLVPTRo7JWNhVfv8LwcFlni1Hb589lE+HDh/J+MSWNqWmsuTVU1W63nYpK001ELAIUu52hE6C4HxujNTrKP7+wijQIjMyaVUZwEbF4HNPUeL94Hu8d63DxegPFlolhkxrmL+DfX/j7v4EH5NXXjmGupOk9YovNg7jF8/FxBuJx/HyK+oF2bEbEiCympDFa64zY4hY7pTElbSh3RaXpfL5arHnF4v7t23D2LLRasGBBic+xYyV2k1VV5Zg7dsDKlSVusZGwenW5T3AeW3OTLGUWi/mDg2UDIc5d64ykYtE/TsuIwG3fDmfOTP7YrRZs3lyOv2ZNuY9z1hJdheCITWrKeWwRuBjFxfMYdcWu5cmTZUo60Y9xby/s31/OW9u5s+y4Jgpah2GTmiTON/vx8qeHD2HfvhK22DH9P1UFhw7Bnj2wZUu5pCopwyY1XUxH9+7tnndW/+Ra0bii4MSJMkpLfPF7h2GTMohv+Dh1Co4fh3v3uq/HetyRI+XbPRYtYqYwbFIm8XEeHi67qXENaFzzOQO/j82wSUrHa0UlpWPYJKVj2CSlY9gkpWPYJKVj2CSlY9gkpWPYJKVj2CSlY9gkpWPYJKVj2CSlY9gkpWPYJKVj2CSlY9gkpWPYJKVj2CSlY9gkpWPYJKVj2CSlY9gkpWPYJKVj2CSlY9gkpWPYJKVj2CSlY9gkkc1310VHXTWff9MAAAAASUVORK5CYII='}}]}, {'role': 'assistant', 'content': 'Final Answer: 0.75'}, {'role': 'user', 'content': [{'type': 'text', 'text': '\nYou are given both an image and a text-based representation of the same stimulus. \nIn both, a red dot appears on a horizontal line\nThe left end of the line corresponds to 0.0, and the right end to 1.0.\n\nText representation (the dot is marked as """"O""""):\n|------~----------=.------- -O-------- --|\n\n\nEstimate the horizontal position of the **center** of the red dot as a decimal number between 0 and 1.\nDo not explain. Only output the final answer as a number between 0 and 1:\nFinal Answer:\n'}, {'type': 'image_url', 'image_url': {'url': 'data:image/png;base64,iVBORw0KGgoAAAANSUhEUgAAATYAAABNCAYAAAAsLkgfAAAAOnRFWHRTb2Z0d2FyZQBNYXRwbG90bGliIHZlcnNpb24zLjEwLjMsIGh0dHBzOi8vbWF0cGxvdGxpYi5vcmcvZiW1igAAAAlwSFlzAAAPYQAAD2EBqD+naQAABIJJREFUeJzt3EtLlGEchvF7PKSVVlZENJhGFEVGFJSiRPtqKa6CvkEfplW0q12rgnbRKoLETUgtaqGYYFGaSueD+cbN4+u4KGpqxpH/e/1gmJM6Q+Dlc5pKWZZlAoBAmhr9BgCg1ggbgHAIG4BwCBuAcAgbgHAIG4BwCBuAcAgbgHAIG4BwCBuAcAgbgHAIG4BwCBuAcAgbgHAIG4BwCBuAcAgbgHAIG4BwCBuAcAgbgHAIG4BwCBuAcAgbgHAIG4BwCBuAcAgbgHAIG4BwCBuAcAgbgHAIG4BwWhr9BgCsyDLp7Vvpwwepo0PatUv69k2am0vXmzZJu3dLbW2NfqcbHmEDGuXr1xQtX+7ckW7elCYnK8+Xy9LgoHTypNTaKrW3S3v3psf27WvkO9/wSlnmPxMA1pVHZk+fSnfvSlevSt+///5rm5uloSHp6FFp82app0caGanELQ8ko7pVhA2ot7Xh8a+br8fGpNu300jtb5RK0sWLUne39OWLdOiQdP681NQkvXolffxY+dquLqmvL01lC4qwAfWM2evX0vPn0rt3ae3M9xcXpWfPpIcPU+j+lkdup0+nsHlq6hGcp6eOnm8fOJBitrAgdXZKAwOFHbkRNqBe08w3b6THj6Xp6TRFfP9e+vQp3ffFsauWg+XpqC957Lzu5sf375eOHJGOH08RPXMmrdMVEJsHQK1Hao6aI+ZRlUdnW7dKMzPS7GwaXfkxP/8v/H0/flSmtb546rljh7S0lDYf2tqkPXvS1xRUqVwuM2IDasXR8UaAR1K+duhseTk95yWwpSU9+Y+JUp+kRQfS/HO8zubXa2lJt5tW7nua6usC8r8OYQPWUY+kqf/4/l5JL2r4fiJqKRd0Dg7UfcTm215Ty6eMvp9l6lwZuf2rDh9xW/uAR2/5KM1aW9P019cFxeYBUEueeo6OprUwr33duyc9eJDue+3LGwq+eHHf09NqOWLeOPD6mUPm+zt3puMdDqpfY3hYunSpsDuixuYBUEuOiSPjDQRvFnin0uH5/DmdQfNtB8nPzc9X//MdNa+l5a+Vbx7ko7XeXqm/v9BRM8IG1JrPkvkMWX4o158QuH8/TQ09Zdy2TZqaSiO7akZtHp35aIcP4zpu+RGPY8ekLVtSKM+eTYd3C46wAfXgEVO+fu2wOUQvX0rbt0snTqRzbPbo0Z8P6eY7oBcupJj5uIjPxXn059dwKP3Y4cPSuXOFH60Za2zAeh7a9acCzCM5j7zGx6Vr1ypnztb+OuZB82js+nXp1Km0Nue1NJ+L8/d4iuv7/nwoH45fRdiA9fKrD6vbxIR065Z044b0Ys1BjoMHpStXpMuX00jvTz+LkdoqwgZsFP5V9DqZd1A95fRUMx+1oSqEDUA4/NfgAMIhbADCIWwAwiFsAMIhbADCIWwAwiFsAMIhbADCIWwAwiFsAMIhbADCIWwAwiFsAMIhbADCIWwAwiFsAMIhbADCIWwAwiFsAMIhbADCIWwAwiFsAMIhbADCIWwAwiFsAMIhbADCIWwAwiFsABTNT3roXHIAyEx4AAAAAElFTkSuQmCC'}}]}, {'role': 'assistant', 'content': 'Final Answer: 0.7'}, {'role': 'user', 'content': [{'type': 'text', 'text': '\nYou are given both an image and a text-based representation of the same stimulus. \nIn both, a red dot appears on a horizontal line\nThe left end of the line corresponds to 0.0, and the right end to 1.0.\n\nText representation (the dot is marked as """"O""""):\n|-- ------ --=- ----=-O------------------|\n\n\nEstimate the horizontal position of the **center** of the red dot as a decimal number between 0 and 1.\nDo not explain. Only output the final answer as a number between 0 and 1:\nFinal Answer:\n'}, {'type': 'image_url', 'image_url': {'url': 'data:image/png;base64,iVBORw0KGgoAAAANSUhEUgAAATYAAABNCAYAAAAsLkgfAAAAOnRFWHRTb2Z0d2FyZQBNYXRwbG90bGliIHZlcnNpb24zLjEwLjMsIGh0dHBzOi8vbWF0cGxvdGxpYi5vcmcvZiW1igAAAAlwSFlzAAAPYQAAD2EBqD+naQAABHBJREFUeJzt28tvTH8Yx/HP1FCXVhTRMJIiLCTduCysLOxspCthw1L8AeIf8BfY6bJrSwsSKwuREAu6Qht1i1u1LnGvIx+Pk9atVMmZeeb9Sk46nXbOjPx+3p7zPefUiqIoBACJdFT9AQDgXyNsANIhbADSIWwA0iFsANIhbADSIWwA0iFsANIhbADSIWwA0iFsANIhbADSIWwA0iFsANIhbADSIWwA0iFsANIhbADSIWwA0iFsANIhbADSIWwA0iFsANIhbADSIWwA0iFsANIhbADSIWwA0iFsANIhbADSqVf9AYA5eftWunlTmpyUVqyQtmyRFi+u+lOhyRA2NK9376SnT6X376U3b6TTp6VTp6QHD6Z/Z+1a6dAh6eBBafXq2Do7q/zUaAK1oiiKqj8E8EPMHj2SRkcjapcuRdD8+Fccs+PHpT17pP5+adWqb8O4aBHRayNMbGgOjpAPMa9ejYns7t2IkuN25crvX+94nTghTUxIT55IO3ZId+7E96Wenunole9J+FJiYkP1xsdjKjt7Vhobi/Wzhw/j+WfP5ravBQukgQFp69bY+vqkFy8iYs+fS+vWSbt3S69eScPDs4cPLYuwoVoOzrlz0oULMa29fh2HoZ7aZjv0nM3y5RG1XbuklSulDx+kZcsien6/vXsjbC9fSr29UkeH9OlTvG93d7yOya2lcbkHqnX/vnTtWpwc8OZDQsfnb6NmDtaNG9KZM3EY6++9LV0a7+Hp8PHj6aiZv/p7T4g+PEVLqzUaDSY2VKc84+mJyY9rNenjR/UUha7PY7f9kiYdq3o9Ymnetzfz9LZw4Y8vnJqK5/1ztCz/VyZsaDp9km7P4/UbJI39w8+D1lJvNBpVfwa0s/IQ9Ouk9mVimppS9zx32yWp4YnNk9fM6WvJkumpzV9n/szv7edYX2t5nDxAtetrFy/GmdCREenePenWrfjqxf358HqZ70rwYejGjXFCwetqvgxk+/b4mS8vKc+K+q+BTzRwVjQFrmNDdbym5vWsbdtikvLivgPj532blC/78BQ3V47Z5s2x+YyoJzDvy+t4jlYZL29cx5YSExuqndguX5a8HOKAOT6+1sxnLT1N+bnz5yNIf8qHkjt3RrwcKcfK/LirS9q3T9q06b/9kdAcmNhQHUfHF8X6+jEfOq5ZE885ZOvXR4h8GDk4GL//u3+DHbX9++MCXE+C3le5xuZLSDyhsabcFpjYUC3fXTDzDoByrctrYOVhqdfhjhyJi3fL3/meJ7Jjx6SjR+Pxz/bJ+lnbIGyo3p/cs+nD1KEh6eTJONFQ8i1Thw9LBw7EIWb5Ou4DbWuEDa3F/7v67gDfSeDbnzyJlZdvAF8RNgDpcK8ogHQIG4B0CBuAdAgbgHQIG4B0CBuAdAgbgHQIG4B0CBuAdAgbgHQIG4B0CBuAdAgbgHQIG4B0CBuAdAgbgHQIG4B0CBuAdAgbgHQIG4B0CBuAdAgbgHQIG4B0CBuAdAgbgHQIG4B0CBuAdAgbAGXzGahxa5hlk7orAAAAAElFTkSuQmCC'}}]}]",Final Answer: 0.4
anthropic/claude-3.7-sonnet,sample_006,0.5624,0.5624,0.45,"[{'role': 'system', 'content': 'You are a helpful assistant.'}, {'role': 'user', 'content': [{'type': 'text', 'text': '\nYou are given both an image and a text-based representation of the same stimulus. \nIn both, a red dot appears on a horizontal line\nThe left end of the line corresponds to 0.0, and the right end to 1.0.\n\nText representation (the dot is marked as """"O""""):\n|.-- -~=-------- ---------O--------------|\n\n\nEstimate the horizontal position of the **center** of the red dot as a decimal number between 0 and 1.\nDo not explain. Only output the final answer as a number between 0 and 1:\nFinal Answer:\n'}, {'type': 'image_url', 'image_url': {'url': 'data:image/png;base64,iVBORw0KGgoAAAANSUhEUgAAATYAAABNCAYAAAAsLkgfAAAAOnRFWHRTb2Z0d2FyZQBNYXRwbG90bGliIHZlcnNpb24zLjEwLjMsIGh0dHBzOi8vbWF0cGxvdGxpYi5vcmcvZiW1igAAAAlwSFlzAAAPYQAAD2EBqD+naQAABJVJREFUeJzt3ElvTXEYx/HfbWtuUaQSFy1i0bSRsECQ2HkNYmNnx9LGOxCJROyFlYXY8AZ0YVFCDCExxFBjYqgp5h755XHShohSt72e8/0kTfW0vfda9Nvnf87/tFYURSEASKRlql8AAPxrhA1AOoQNQDqEDUA6hA1AOoQNQDqEDUA6hA1AOoQNQDqEDUA6hA1AOoQNQDqEDUA6hA1AOoQNQDqEDUA6hA1AOoQNQDqEDUA6hA1AOoQNQDqEDUA6hA1AOoQNQDqEDUA6hA1AOoQNQDqEDUA6hA1AOoQNQDptU/0CgKZVFNLz59Lbt1J7u7RwoVSrTfWrwjgQNlTbx4/Ss2fSp0/S9OlSR4f04IF0/Lh07Jh0797o165aJe3eLW3fLn35Mvo9ixZJM2b8/FjlcUy6WlH41xJQMY7QzZvS1avSu3fS3LnShw/SwEAEzXH6UTmtOVZ790pr18bHnZ3SkiXSo0fSy5fS58/S69fSnDlSf7+0ejWBm2SEDdXj5eWFC9KZM9LDh9LMmdLs2RG606djCfo7LS3SgQPSli0x4XmyW748Jr47d6RXr6ThYWnWLGnDBmnduljKYlIQNlRrSnPIBgely5elS5diCvPxoSHpxo3xRa3k5eahQ9KbN/FYmzdLX7/GxLZgQXzNkydSV5e0YoW0cSOT2yThHBuqM6V52Xn9unT+vHTtWgSpry+mL18g+NPf8V6u7t8v9fbGMvTp01iWbtoUj+nA+TnmzYtpcNkyaeXKRv0PMQZhQ36eyBw1T2s+ue8pysHxBYBbt2Jqc5T+xt27ccXUfK7Oj++orVkT59keP47P+bn8dY4cS9KGq9XrdZaiyM3LQ09XIyOjS0X/+/vnOkdGdGUCZ2T6azUNt7VJra3xuA6l3xw4H/PnfLz8mOVow/kyD2FDpXV78JrA9/dIGrMpBE2grV6vT/VrABrLU5q3cngq89Tk6ckf+31RqMPLxAlob21V3VNZOZmV0+C0aTGheXrz5/zcfi3lcTQMV0VRjXNsp05JFy/GnjJH5v792LPmc2s+5+ZzY38TOAfKG3e7u+PNy0xvzPW5tfXrY3/b/PlxBdXB89YQH2egaCguHiA/x8ZXKh0VX50sQ7NtW2yoPXdOun07LiT8KW/C9fTnScx6emJ7h5/DV0gduXJKdES9DcTH0FBMbKgOb8k4eza2fnhq82baxYtj6jp6VDpyZDRQ4+Fgbd0qLV0a05rfO2Z+zLF3Iph/zBw134nAVdGGI2yoll/dz+m7BQ4elA4fHt9+Np8327dP2rEjlpXePsK9o02DsAElh+jECWnXLun9+zg29sejvFfUt1+dPBlLWTQlwgb8yPd4+kZ43y7lc28lXyTYs0fauTM22qJpETbgV/yj8eJFLDN9Ps7nyPh7bP8FwgYgHf40OIB0CBuAdAgbgHQIG4B0CBuAdAgbgHQIG4B0CBuAdAgbgHQIG4B0CBuAdAgbgHQIG4B0CBuAdAgbgHQIG4B0CBuAdAgbgHQIG4B0CBuAdAgbgHQIG4B0CBuAdAgbgHQIG4B0CBuAdAgbgHQIGwBl8w2vMXCzyZNU9QAAAABJRU5ErkJggg=='}}]}, {'role': 'assistant', 'content': 'Final Answer: 0.6'}, {'role': 'user', 'content': [{'type': 'text', 'text': '\nYou are given both an image and a text-based representation of the same stimulus. \nIn both, a red dot appears on a horizontal line\nThe left end of the line corresponds to 0.0, and the right end to 1.0.\n\nText representation (the dot is marked as """"O""""):\n|--~---~----------------=--- =-----O-----|\n\n\nEstimate the horizontal position of the **center** of the red dot as a decimal number between 0 and 1.\nDo not explain. Only output the final answer as a number between 0 and 1:\nFinal Answer:\n'}, {'type': 'image_url', 'image_url': {'url': 'data:image/png;base64,iVBORw0KGgoAAAANSUhEUgAAATYAAABNCAYAAAAsLkgfAAAAOnRFWHRTb2Z0d2FyZQBNYXRwbG90bGliIHZlcnNpb24zLjEwLjMsIGh0dHBzOi8vbWF0cGxvdGxpYi5vcmcvZiW1igAAAAlwSFlzAAAPYQAAD2EBqD+naQAABNNJREFUeJzt3MtvjG0Yx/HfVNUhrSgNYkLfSARJbUScYmdHxEKsJNZi5/+w8ieItZWNtcTCQlCHhOCtQ5yps2L6vPm9lyczeDvTaWv6uvr9JE0P087M6pvrvp/7aaUoikIAkEjXbL8BAJhphA1AOoQNQDqEDUA6hA1AOoQNQDqEDUA6hA1AOoQNQDqEDUA6hA1AOoQNQDqEDUA6hA1AOoQNQDqEDUA6hA1AOoQNQDqEDUA6hA1AOoQNQDqEDUA6hA1AOoQNQDqEDUA6hA1AOoQNQDqEDUA6hA1AOoQNQDrds/0GAPyBxsak58+lp0+lr1+lNWuk1aulSqX++IsX0pcvUk+PNDAgLVjQsbdH2AC01hiqx4+l06elM2cibKXBQen4cWn/funBA+n16/pj/f3S0JC0fHlHolcpiqKY0WcE8Gcb+x6ed++k9+9jInv0SHIqLl+WTpyIKE1k/nzp8GFp716pt1dasiQi19cnrV8v3b5dj56f21PeunXSypU/Rm4aASRsAOpevpQuXZKuX4+p69Ur6dmzCMq3b9LZsxG4ydi2Tdq1S1q1Kqa1Dx+kri5p4cKI2Nu3ETm/zqJF0oYN0ooV8bt27drEU18LhA1AfUI6d066elV6+DD20BwdLz3Hx+Nzu7nYvr2+/7Z2bUxwW7ZEJIeHpY8fpaVLYzLbtCmev3FicwAdQ7++l72e+nbsaDm5cVUUQPBy01Hz8tAcHX98+hST3FRmoBs3pCdPYgl74UIsKx2q0dFY6i5bJnV/3+qv1SJkIyPS/fv1qJk/+3tPkI5gC1w8ABDK6cwTlCPnCcnx8eTUbE+tGe/R+Tm9/PRS1EvPjRvr8SynsXJvzt87cOVjjfy99+Mm8V4q1WqVpSgw142Px2T2+XPEw+Hxz4pC/UWh4Wk89VClotEyWvPmxYenNAesDJtf079Thqv8/mdewvpCgp+jCR86IWwAJjQo6W9N3V+SRtRZ3dVqtcMvCeB/pVaLCc3Tkye2cmLyz2o19U3z6XsrFVU9ZXlK85LUe3WeuPwansDMX/vnfg/lpObXL/f1Gh/7eYn6H7gqCsx19+5JV67E1cubN6Xz5yN23hu7eDH22Lw/Vu6FtcPB8vDkK5579ki7d8fxER8F8c+bnVWbxjk2Lh4Ac11PT3x2uHxGzIdlHRDHyOfKbt2S7t6Nq5vt8vk0P5+j6eMePpfmK6GOlPl1Jlo1NnusBY57AHPdwEAcfvVVUN8l4K/LDf2dO+M2qX37Wm7Y/8J/7wO6W7dGzN68iXNoPmT7m+8bZSkKQP+eUytP+vuOAJ8lc5g8ZTlGPljrqe3YsdjvapUN/61vqzpyJJaSPkriwG3e3JGb4QkbgF/3tMosOFCN+1u+M+HgwTi4a435KC8AeIP/6FHpwIGYANu4Y2CmEDYA7fFdA6dOSSdPSnfu/PjfPQ4diqXm4sUROOfFy9BJ3uM5UwgbgKlxOnyLk+9O8ETmgHlqm+X/xWaEDUA6XBUFkA5hA5AOYQOQDmEDkA5hA5AOYQOQDmEDkA5hA5AOYQOQDmEDkA5hA5AOYQOQDmEDkA5hA5AOYQOQDmEDkA5hA5AOYQOQDmEDkA5hA5AOYQOQDmEDkA5hA5AOYQOQDmEDkA5hA5AOYQOQDmEDoGz+AaQ5oOTiCrZ7AAAAAElFTkSuQmCC'}}]}, {'role': 'assistant', 'content': 'Final Answer: 0.85'}, {'role': 'user', 'content': [{'type': 'text', 'text': '\nYou are given both an image and a text-based representation of the same stimulus. \nIn both, a red dot appears on a horizontal line\nThe left end of the line corresponds to 0.0, and the right end to 1.0.\n\nText representation (the dot is marked as """"O""""):\n|--~----~-----------------~=---O----=----|\n\n\nEstimate the horizontal position of the **center** of the red dot as a decimal number between 0 and 1.\nDo not explain. Only output the final answer as a number between 0 and 1:\nFinal Answer:\n'}, {'type': 'image_url', 'image_url': {'url': 'data:image/png;base64,iVBORw0KGgoAAAANSUhEUgAAATYAAABNCAYAAAAsLkgfAAAAOnRFWHRTb2Z0d2FyZQBNYXRwbG90bGliIHZlcnNpb24zLjEwLjMsIGh0dHBzOi8vbWF0cGxvdGxpYi5vcmcvZiW1igAAAAlwSFlzAAAPYQAAD2EBqD+naQAABDBJREFUeJzt3LlrVGsYgPHnJHFPlFFBZdR7XQtJISIW6VSsxEqwE8FaLfwvbG209h+wFgQt3BAE8QqKqFz3BY3B3Why5OVjGC/IJYmCOW+eHwyzJDmTZh6+5Zyp6rqukaREev70PyBJv5thk5SOYZOUjmGTlI5hk5SOYZOUjmGTlI5hk5SOYZOUjmGTlI5hk5SOYZOUjmGTlI5hk5SOYZOUjmGTlI5hk5SOYZOUjmGTlI5hk5SOYZOUjmGTlI5hk5SOYZOUjmGTlI5hk5SOYZOUjmGTlI5hk5SOYZOUTt+f/gckTcGXL/DqFYyOwuzZsHQpzJkDdQ2vX8P799DfD0uWQFUx0xg2qWkiXDdvwsuX5fHICPT2wosXcPo03L/f/d116+DwYThwAObN+3kME6rqOhIvqTEjtStX4MkTePoU7tyBW7fg8mUYGyujs/qHj3RntDZ3Lhw9Cps2wadP8O1bGc0NDZWRXRzn40eYPx82boSFC2kywyY1SQTt0iV4/hyuXoUbN8ptIqoKdu2CbdtKwJ49KzGM6PX0QF9fieLy5bB7N2zYQFMZNqlJa2nv3sHFiyVq587B3bv/HaFNJG5DQ2WKOj4O16/DwED3tZiuxlR28WI4eLCxIzfX2KTpvpb25k33tbdv4do1uHABHj+eXNRC/H5EMY65YkUJ57Jl5bhxvPXrYe3aMr2N6enWrTSRp3tI01EEJ6IWI7R2G1atKtPG8+fLVPTRo7JWNhVfv8LwcFlni1Hb589lE+HDh/J+MSWNqWmsuTVU1W63nYpK001ELAIUu52hE6C4HxujNTrKP7+wijQIjMyaVUZwEbF4HNPUeL94Hu8d63DxegPFlolhkxrmL+DfX/j7v4EH5NXXjmGupOk9YovNg7jF8/FxBuJx/HyK+oF2bEbEiCympDFa64zY4hY7pTElbSh3RaXpfL5arHnF4v7t23D2LLRasGBBic+xYyV2k1VV5Zg7dsDKlSVusZGwenW5T3AeW3OTLGUWi/mDg2UDIc5d64ykYtE/TsuIwG3fDmfOTP7YrRZs3lyOv2ZNuY9z1hJdheCITWrKeWwRuBjFxfMYdcWu5cmTZUo60Y9xby/s31/OW9u5s+y4Jgpah2GTmiTON/vx8qeHD2HfvhK22DH9P1UFhw7Bnj2wZUu5pCopwyY1XUxH9+7tnndW/+Ra0bii4MSJMkpLfPF7h2GTMohv+Dh1Co4fh3v3uq/HetyRI+XbPRYtYqYwbFIm8XEeHi67qXENaFzzOQO/j82wSUrHa0UlpWPYJKVj2CSlY9gkpWPYJKVj2CSlY9gkpWPYJKVj2CSlY9gkpWPYJKVj2CSlY9gkpWPYJKVj2CSlY9gkpWPYJKVj2CSlY9gkpWPYJKVj2CSlY9gkpWPYJKVj2CSlY9gkpWPYJKVj2CSlY9gkkc1310VHXTWff9MAAAAASUVORK5CYII='}}]}, {'role': 'assistant', 'content': 'Final Answer: 0.75'}, {'role': 'user', 'content': [{'type': 'text', 'text': '\nYou are given both an image and a text-based representation of the same stimulus. \nIn both, a red dot appears on a horizontal line\nThe left end of the line corresponds to 0.0, and the right end to 1.0.\n\nText representation (the dot is marked as """"O""""):\n|------~----------=.------- -O-------- --|\n\n\nEstimate the horizontal position of the **center** of the red dot as a decimal number between 0 and 1.\nDo not explain. Only output the final answer as a number between 0 and 1:\nFinal Answer:\n'}, {'type': 'image_url', 'image_url': {'url': 'data:image/png;base64,iVBORw0KGgoAAAANSUhEUgAAATYAAABNCAYAAAAsLkgfAAAAOnRFWHRTb2Z0d2FyZQBNYXRwbG90bGliIHZlcnNpb24zLjEwLjMsIGh0dHBzOi8vbWF0cGxvdGxpYi5vcmcvZiW1igAAAAlwSFlzAAAPYQAAD2EBqD+naQAABIJJREFUeJzt3EtLlGEchvF7PKSVVlZENJhGFEVGFJSiRPtqKa6CvkEfplW0q12rgnbRKoLETUgtaqGYYFGaSueD+cbN4+u4KGpqxpH/e/1gmJM6Q+Dlc5pKWZZlAoBAmhr9BgCg1ggbgHAIG4BwCBuAcAgbgHAIG4BwCBuAcAgbgHAIG4BwCBuAcAgbgHAIG4BwCBuAcAgbgHAIG4BwCBuAcAgbgHAIG4BwCBuAcAgbgHAIG4BwCBuAcAgbgHAIG4BwCBuAcAgbgHAIG4BwCBuAcAgbgHAIG4BwWhr9BgCsyDLp7Vvpwwepo0PatUv69k2am0vXmzZJu3dLbW2NfqcbHmEDGuXr1xQtX+7ckW7elCYnK8+Xy9LgoHTypNTaKrW3S3v3psf27WvkO9/wSlnmPxMA1pVHZk+fSnfvSlevSt+///5rm5uloSHp6FFp82app0caGanELQ8ko7pVhA2ot7Xh8a+br8fGpNu300jtb5RK0sWLUne39OWLdOiQdP681NQkvXolffxY+dquLqmvL01lC4qwAfWM2evX0vPn0rt3ae3M9xcXpWfPpIcPU+j+lkdup0+nsHlq6hGcp6eOnm8fOJBitrAgdXZKAwOFHbkRNqBe08w3b6THj6Xp6TRFfP9e+vQp3ffFsauWg+XpqC957Lzu5sf375eOHJGOH08RPXMmrdMVEJsHQK1Hao6aI+ZRlUdnW7dKMzPS7GwaXfkxP/8v/H0/flSmtb546rljh7S0lDYf2tqkPXvS1xRUqVwuM2IDasXR8UaAR1K+duhseTk95yWwpSU9+Y+JUp+kRQfS/HO8zubXa2lJt5tW7nua6usC8r8OYQPWUY+kqf/4/l5JL2r4fiJqKRd0Dg7UfcTm215Ty6eMvp9l6lwZuf2rDh9xW/uAR2/5KM1aW9P019cFxeYBUEueeo6OprUwr33duyc9eJDue+3LGwq+eHHf09NqOWLeOPD6mUPm+zt3puMdDqpfY3hYunSpsDuixuYBUEuOiSPjDQRvFnin0uH5/DmdQfNtB8nPzc9X//MdNa+l5a+Vbx7ko7XeXqm/v9BRM8IG1JrPkvkMWX4o158QuH8/TQ09Zdy2TZqaSiO7akZtHp35aIcP4zpu+RGPY8ekLVtSKM+eTYd3C46wAfXgEVO+fu2wOUQvX0rbt0snTqRzbPbo0Z8P6eY7oBcupJj5uIjPxXn059dwKP3Y4cPSuXOFH60Za2zAeh7a9acCzCM5j7zGx6Vr1ypnztb+OuZB82js+nXp1Km0Nue1NJ+L8/d4iuv7/nwoH45fRdiA9fKrD6vbxIR065Z044b0Ys1BjoMHpStXpMuX00jvTz+LkdoqwgZsFP5V9DqZd1A95fRUMx+1oSqEDUA4/NfgAMIhbADCIWwAwiFsAMIhbADCIWwAwiFsAMIhbADCIWwAwiFsAMIhbADCIWwAwiFsAMIhbADCIWwAwiFsAMIhbADCIWwAwiFsAMIhbADCIWwAwiFsAMIhbADCIWwAwiFsAMIhbADCIWwAwiFsABTNT3roXHIAyEx4AAAAAElFTkSuQmCC'}}]}, {'role': 'assistant', 'content': 'Final Answer: 0.7'}, {'role': 'user', 'content': [{'type': 'text', 'text': '\nYou are given both an image and a text-based representation of the same stimulus. \nIn both, a red dot appears on a horizontal line\nThe left end of the line corresponds to 0.0, and the right end to 1.0.\n\nText representation (the dot is marked as """"O""""):\n|-- ------ --=- ----=-O------------------|\n\n\nEstimate the horizontal position of the **center** of the red dot as a decimal number between 0 and 1.\nDo not explain. Only output the final answer as a number between 0 and 1:\nFinal Answer:\n'}, {'type': 'image_url', 'image_url': {'url': 'data:image/png;base64,iVBORw0KGgoAAAANSUhEUgAAATYAAABNCAYAAAAsLkgfAAAAOnRFWHRTb2Z0d2FyZQBNYXRwbG90bGliIHZlcnNpb24zLjEwLjMsIGh0dHBzOi8vbWF0cGxvdGxpYi5vcmcvZiW1igAAAAlwSFlzAAAPYQAAD2EBqD+naQAABHBJREFUeJzt28tvTH8Yx/HP1FCXVhTRMJIiLCTduCysLOxspCthw1L8AeIf8BfY6bJrSwsSKwuREAu6Qht1i1u1LnGvIx+Pk9atVMmZeeb9Sk46nXbOjPx+3p7zPefUiqIoBACJdFT9AQDgXyNsANIhbADSIWwA0iFsANIhbADSIWwA0iFsANIhbADSIWwA0iFsANIhbADSIWwA0iFsANIhbADSIWwA0iFsANIhbADSIWwA0iFsANIhbADSIWwA0iFsANIhbADSIWwA0iFsANIhbADSIWwA0iFsANIhbADSqVf9AYA5eftWunlTmpyUVqyQtmyRFi+u+lOhyRA2NK9376SnT6X376U3b6TTp6VTp6QHD6Z/Z+1a6dAh6eBBafXq2Do7q/zUaAK1oiiKqj8E8EPMHj2SRkcjapcuRdD8+Fccs+PHpT17pP5+adWqb8O4aBHRayNMbGgOjpAPMa9ejYns7t2IkuN25crvX+94nTghTUxIT55IO3ZId+7E96Wenunole9J+FJiYkP1xsdjKjt7Vhobi/Wzhw/j+WfP5ravBQukgQFp69bY+vqkFy8iYs+fS+vWSbt3S69eScPDs4cPLYuwoVoOzrlz0oULMa29fh2HoZ7aZjv0nM3y5RG1XbuklSulDx+kZcsien6/vXsjbC9fSr29UkeH9OlTvG93d7yOya2lcbkHqnX/vnTtWpwc8OZDQsfnb6NmDtaNG9KZM3EY6++9LV0a7+Hp8PHj6aiZv/p7T4g+PEVLqzUaDSY2VKc84+mJyY9rNenjR/UUha7PY7f9kiYdq3o9Ymnetzfz9LZw4Y8vnJqK5/1ztCz/VyZsaDp9km7P4/UbJI39w8+D1lJvNBpVfwa0s/IQ9Ouk9mVimppS9zx32yWp4YnNk9fM6WvJkumpzV9n/szv7edYX2t5nDxAtetrFy/GmdCREenePenWrfjqxf358HqZ70rwYejGjXFCwetqvgxk+/b4mS8vKc+K+q+BTzRwVjQFrmNDdbym5vWsbdtikvLivgPj532blC/78BQ3V47Z5s2x+YyoJzDvy+t4jlYZL29cx5YSExuqndguX5a8HOKAOT6+1sxnLT1N+bnz5yNIf8qHkjt3RrwcKcfK/LirS9q3T9q06b/9kdAcmNhQHUfHF8X6+jEfOq5ZE885ZOvXR4h8GDk4GL//u3+DHbX9++MCXE+C3le5xuZLSDyhsabcFpjYUC3fXTDzDoByrctrYOVhqdfhjhyJi3fL3/meJ7Jjx6SjR+Pxz/bJ+lnbIGyo3p/cs+nD1KEh6eTJONFQ8i1Thw9LBw7EIWb5Ou4DbWuEDa3F/7v67gDfSeDbnzyJlZdvAF8RNgDpcK8ogHQIG4B0CBuAdAgbgHQIG4B0CBuAdAgbgHQIG4B0CBuAdAgbgHQIG4B0CBuAdAgbgHQIG4B0CBuAdAgbgHQIG4B0CBuAdAgbgHQIG4B0CBuAdAgbgHQIG4B0CBuAdAgbgHQIG4B0CBuAdAgbAGXzGahxa5hlk7orAAAAAElFTkSuQmCC'}}]}, {'role': 'assistant', 'content': 'Final Answer: 0.4'}, {'role': 'user', 'content': [{'type': 'text', 'text': '\nYou are given both an image and a text-based representation of the same stimulus. \nIn both, a red dot appears on a horizontal line\nThe left end of the line corresponds to 0.0, and the right end to 1.0.\n\nText representation (the dot is marked as """"O""""):\n|---- ---------.------O---------------.-~|\n\n\nEstimate the horizontal position of the **center** of the red dot as a decimal number between 0 and 1.\nDo not explain. Only output the final answer as a number between 0 and 1:\nFinal Answer:\n'}, {'type': 'image_url', 'image_url': {'url': 'data:image/png;base64,iVBORw0KGgoAAAANSUhEUgAAATYAAABNCAYAAAAsLkgfAAAAOnRFWHRTb2Z0d2FyZQBNYXRwbG90bGliIHZlcnNpb24zLjEwLjMsIGh0dHBzOi8vbWF0cGxvdGxpYi5vcmcvZiW1igAAAAlwSFlzAAAPYQAAD2EBqD+naQAABENJREFUeJzt3MlqFG0chfHTMc6J8wSNGhfiFHAAB3ApKrgSxJ14B96KeAm6cqEggmvRhaAoIiiOoEYUnOfZJC3HlyYi36e0Bqpy8vygMF0m3SWGJ/+3qjqNVqvVEgAE6ar6AABgtBE2AHEIG4A4hA1AHMIGIA5hAxCHsAGIQ9gAxCFsAOIQNgBxCBuAOIQNQBzCBiAOYQMQh7ABiEPYAMQhbADiEDYAcQgbgDiEDUAcwgYgDmEDEIewAYhD2ADEIWwA4hA2AHEIG4A4hA1AHMIGIA5hAxCnu+oDADrSakkvXkjv30sTJ5bH375JkyZJ8+ZJkydXfYSoAcKG+vvyRbpxQzp8WDp+XHr0aOTvFi2Stm+Xli+XZs6U1qyRNm6UZsyo8ohRsUar5R95QA29fStdvCgdOSIdPSoNDv7/506YUIK2cKG0erW0a1d5zAQ3LjGxoR4T2fPn0rt3ZYnZ01MenzkjnTghXb785+cYGpLOn5fWrSsfP3kivXkjrV9flqtfv7JcHUeY2FAtny+7dk168EAaGChh82R26VLZd+9eZ8/XaEg7dpS4LVkiTZ1alquOpZ/XE51j56UrgYtF2FDtpOYpy3F7+lT6/LlsJ09KN29KHz+WSatTjpm3adPKlLZggTRrVjkH5/B5avMydcMGAheKpSiq4+Xmq1clLB8+SNOnSxcuSC9flunqd+fUfufTp5Gvd+D8Ov7YU5snudu3peHhMhFu3lwCN3fuaP/rUKFGs9lkYkM1HBnfqmEOjxcPnuKGhjR7cFBX/+Gp+yW99nRm/tNbV1e5yGC+VcT7/NgbU1sU/88TNtTOUkn3/+Hr+yQNjOLxYGzpbjabVR8DxjNPaF4WevPU5glueFi9nua87y/1SGr+PKm1TyV3d5d97QnNj9sTXHuaw5jHxQPU56rorVvSuXPlQoLduTOyVO2Ew+WLBb295eKBA+lzeFOmSCtWSCtXSosXl5t4fUOvX2/TJokf8jEIG+p1H9v169Lp09KVK+X2j4cPO38+x2z+/HJBwFOYr656MvPW1yetXVsitmxZeW0HcMsWzrMFIWyo5zsOPLmdPSsdPNjZ1OZpzdOXJzLf1mG+GurIOXie5Pwt72nNoZszR+rv56poGMKG+vI05feG7t9fYvSnb1VHbc8e6cCBsrz0Mtfx8kTmG3MdsPa7GngnQjTChvo7dUrau7eEzv7rW9Yn//ftk3bvlnbuLPsI2LhF2DA23L0rHTokHTsmPX48st9LyG3bpK1bpVWruNkWPxA2jB2e2J49K8tMT2J+D6iXmvw+NvyCsAGIw68GBxCHsAGIQ9gAxCFsAOIQNgBxCBuAOIQNQBzCBiAOYQMQh7ABiEPYAMQhbADiEDYAcQgbgDiEDUAcwgYgDmEDEIewAYhD2ADEIWwA4hA2AHEIG4A4hA1AHMIGIA5hAxCHsAGIQ9gAxCFsAJTmO2SDQNow6FxCAAAAAElFTkSuQmCC'}}]}]",Final Answer: 0.45
anthropic/claude-3.7-sonnet,sample_007,0.52323,0.52323,0.5,"[{'role': 'system', 'content': 'You are a helpful assistant.'}, {'role': 'user', 'content': [{'type': 'text', 'text': '\nYou are given both an image and a text-based representation of the same stimulus. \nIn both, a red dot appears on a horizontal line\nThe left end of the line corresponds to 0.0, and the right end to 1.0.\n\nText representation (the dot is marked as """"O""""):\n|.-- -~=-------- ---------O--------------|\n\n\nEstimate the horizontal position of the **center** of the red dot as a decimal number between 0 and 1.\nDo not explain. Only output the final answer as a number between 0 and 1:\nFinal Answer:\n'}, {'type': 'image_url', 'image_url': {'url': 'data:image/png;base64,iVBORw0KGgoAAAANSUhEUgAAATYAAABNCAYAAAAsLkgfAAAAOnRFWHRTb2Z0d2FyZQBNYXRwbG90bGliIHZlcnNpb24zLjEwLjMsIGh0dHBzOi8vbWF0cGxvdGxpYi5vcmcvZiW1igAAAAlwSFlzAAAPYQAAD2EBqD+naQAABJVJREFUeJzt3ElvTXEYx/HfbWtuUaQSFy1i0bSRsECQ2HkNYmNnx9LGOxCJROyFlYXY8AZ0YVFCDCExxFBjYqgp5h755XHShohSt72e8/0kTfW0vfda9Nvnf87/tFYURSEASKRlql8AAPxrhA1AOoQNQDqEDUA6hA1AOoQNQDqEDUA6hA1AOoQNQDqEDUA6hA1AOoQNQDqEDUA6hA1AOoQNQDqEDUA6hA1AOoQNQDqEDUA6hA1AOoQNQDqEDUA6hA1AOoQNQDqEDUA6hA1AOoQNQDqEDUA6hA1AOoQNQDptU/0CgKZVFNLz59Lbt1J7u7RwoVSrTfWrwjgQNlTbx4/Ss2fSp0/S9OlSR4f04IF0/Lh07Jh0797o165aJe3eLW3fLn35Mvo9ixZJM2b8/FjlcUy6WlH41xJQMY7QzZvS1avSu3fS3LnShw/SwEAEzXH6UTmtOVZ790pr18bHnZ3SkiXSo0fSy5fS58/S69fSnDlSf7+0ejWBm2SEDdXj5eWFC9KZM9LDh9LMmdLs2RG606djCfo7LS3SgQPSli0x4XmyW748Jr47d6RXr6ThYWnWLGnDBmnduljKYlIQNlRrSnPIBgely5elS5diCvPxoSHpxo3xRa3k5eahQ9KbN/FYmzdLX7/GxLZgQXzNkydSV5e0YoW0cSOT2yThHBuqM6V52Xn9unT+vHTtWgSpry+mL18g+NPf8V6u7t8v9fbGMvTp01iWbtoUj+nA+TnmzYtpcNkyaeXKRv0PMQZhQ36eyBw1T2s+ue8pysHxBYBbt2Jqc5T+xt27ccXUfK7Oj++orVkT59keP47P+bn8dY4cS9KGq9XrdZaiyM3LQ09XIyOjS0X/+/vnOkdGdGUCZ2T6azUNt7VJra3xuA6l3xw4H/PnfLz8mOVow/kyD2FDpXV78JrA9/dIGrMpBE2grV6vT/VrABrLU5q3cngq89Tk6ckf+31RqMPLxAlob21V3VNZOZmV0+C0aTGheXrz5/zcfi3lcTQMV0VRjXNsp05JFy/GnjJH5v792LPmc2s+5+ZzY38TOAfKG3e7u+PNy0xvzPW5tfXrY3/b/PlxBdXB89YQH2egaCguHiA/x8ZXKh0VX50sQ7NtW2yoPXdOun07LiT8KW/C9fTnScx6emJ7h5/DV0gduXJKdES9DcTH0FBMbKgOb8k4eza2fnhq82baxYtj6jp6VDpyZDRQ4+Fgbd0qLV0a05rfO2Z+zLF3Iph/zBw134nAVdGGI2yoll/dz+m7BQ4elA4fHt9+Np8327dP2rEjlpXePsK9o02DsAElh+jECWnXLun9+zg29sejvFfUt1+dPBlLWTQlwgb8yPd4+kZ43y7lc28lXyTYs0fauTM22qJpETbgV/yj8eJFLDN9Ps7nyPh7bP8FwgYgHf40OIB0CBuAdAgbgHQIG4B0CBuAdAgbgHQIG4B0CBuAdAgbgHQIG4B0CBuAdAgbgHQIG4B0CBuAdAgbgHQIG4B0CBuAdAgbgHQIG4B0CBuAdAgbgHQIG4B0CBuAdAgbgHQIG4B0CBuAdAgbgHQIGwBl8w2vMXCzyZNU9QAAAABJRU5ErkJggg=='}}]}, {'role': 'assistant', 'content': 'Final Answer: 0.6'}, {'role': 'user', 'content': [{'type': 'text', 'text': '\nYou are given both an image and a text-based representation of the same stimulus. \nIn both, a red dot appears on a horizontal line\nThe left end of the line corresponds to 0.0, and the right end to 1.0.\n\nText representation (the dot is marked as """"O""""):\n|--~---~----------------=--- =-----O-----|\n\n\nEstimate the horizontal position of the **center** of the red dot as a decimal number between 0 and 1.\nDo not explain. Only output the final answer as a number between 0 and 1:\nFinal Answer:\n'}, {'type': 'image_url', 'image_url': {'url': 'data:image/png;base64,iVBORw0KGgoAAAANSUhEUgAAATYAAABNCAYAAAAsLkgfAAAAOnRFWHRTb2Z0d2FyZQBNYXRwbG90bGliIHZlcnNpb24zLjEwLjMsIGh0dHBzOi8vbWF0cGxvdGxpYi5vcmcvZiW1igAAAAlwSFlzAAAPYQAAD2EBqD+naQAABNNJREFUeJzt3MtvjG0Yx/HfVNUhrSgNYkLfSARJbUScYmdHxEKsJNZi5/+w8ieItZWNtcTCQlCHhOCtQ5yps2L6vPm9lyczeDvTaWv6uvr9JE0P087M6pvrvp/7aaUoikIAkEjXbL8BAJhphA1AOoQNQDqEDUA6hA1AOoQNQDqEDUA6hA1AOoQNQDqEDUA6hA1AOoQNQDqEDUA6hA1AOoQNQDqEDUA6hA1AOoQNQDqEDUA6hA1AOoQNQDqEDUA6hA1AOoQNQDqEDUA6hA1AOoQNQDqEDUA6hA1AOoQNQDrds/0GAPyBxsak58+lp0+lr1+lNWuk1aulSqX++IsX0pcvUk+PNDAgLVjQsbdH2AC01hiqx4+l06elM2cibKXBQen4cWn/funBA+n16/pj/f3S0JC0fHlHolcpiqKY0WcE8Gcb+x6ed++k9+9jInv0SHIqLl+WTpyIKE1k/nzp8GFp716pt1dasiQi19cnrV8v3b5dj56f21PeunXSypU/Rm4aASRsAOpevpQuXZKuX4+p69Ur6dmzCMq3b9LZsxG4ydi2Tdq1S1q1Kqa1Dx+kri5p4cKI2Nu3ETm/zqJF0oYN0ooV8bt27drEU18LhA1AfUI6d066elV6+DD20BwdLz3Hx+Nzu7nYvr2+/7Z2bUxwW7ZEJIeHpY8fpaVLYzLbtCmev3FicwAdQ7++l72e+nbsaDm5cVUUQPBy01Hz8tAcHX98+hST3FRmoBs3pCdPYgl74UIsKx2q0dFY6i5bJnV/3+qv1SJkIyPS/fv1qJk/+3tPkI5gC1w8ABDK6cwTlCPnCcnx8eTUbE+tGe/R+Tm9/PRS1EvPjRvr8SynsXJvzt87cOVjjfy99+Mm8V4q1WqVpSgw142Px2T2+XPEw+Hxz4pC/UWh4Wk89VClotEyWvPmxYenNAesDJtf079Thqv8/mdewvpCgp+jCR86IWwAJjQo6W9N3V+SRtRZ3dVqtcMvCeB/pVaLCc3Tkye2cmLyz2o19U3z6XsrFVU9ZXlK85LUe3WeuPwansDMX/vnfg/lpObXL/f1Gh/7eYn6H7gqCsx19+5JV67E1cubN6Xz5yN23hu7eDH22Lw/Vu6FtcPB8vDkK5579ki7d8fxER8F8c+bnVWbxjk2Lh4Ac11PT3x2uHxGzIdlHRDHyOfKbt2S7t6Nq5vt8vk0P5+j6eMePpfmK6GOlPl1Jlo1NnusBY57AHPdwEAcfvVVUN8l4K/LDf2dO+M2qX37Wm7Y/8J/7wO6W7dGzN68iXNoPmT7m+8bZSkKQP+eUytP+vuOAJ8lc5g8ZTlGPljrqe3YsdjvapUN/61vqzpyJJaSPkriwG3e3JGb4QkbgF/3tMosOFCN+1u+M+HgwTi4a435KC8AeIP/6FHpwIGYANu4Y2CmEDYA7fFdA6dOSSdPSnfu/PjfPQ4diqXm4sUROOfFy9BJ3uM5UwgbgKlxOnyLk+9O8ETmgHlqm+X/xWaEDUA6XBUFkA5hA5AOYQOQDmEDkA5hA5AOYQOQDmEDkA5hA5AOYQOQDmEDkA5hA5AOYQOQDmEDkA5hA5AOYQOQDmEDkA5hA5AOYQOQDmEDkA5hA5AOYQOQDmEDkA5hA5AOYQOQDmEDkA5hA5AOYQOQDmEDoGz+AaQ5oOTiCrZ7AAAAAElFTkSuQmCC'}}]}, {'role': 'assistant', 'content': 'Final Answer: 0.85'}, {'role': 'user', 'content': [{'type': 'text', 'text': '\nYou are given both an image and a text-based representation of the same stimulus. \nIn both, a red dot appears on a horizontal line\nThe left end of the line corresponds to 0.0, and the right end to 1.0.\n\nText representation (the dot is marked as """"O""""):\n|--~----~-----------------~=---O----=----|\n\n\nEstimate the horizontal position of the **center** of the red dot as a decimal number between 0 and 1.\nDo not explain. Only output the final answer as a number between 0 and 1:\nFinal Answer:\n'}, {'type': 'image_url', 'image_url': {'url': 'data:image/png;base64,iVBORw0KGgoAAAANSUhEUgAAATYAAABNCAYAAAAsLkgfAAAAOnRFWHRTb2Z0d2FyZQBNYXRwbG90bGliIHZlcnNpb24zLjEwLjMsIGh0dHBzOi8vbWF0cGxvdGxpYi5vcmcvZiW1igAAAAlwSFlzAAAPYQAAD2EBqD+naQAABDBJREFUeJzt3LlrVGsYgPHnJHFPlFFBZdR7XQtJISIW6VSsxEqwE8FaLfwvbG209h+wFgQt3BAE8QqKqFz3BY3B3Why5OVjGC/IJYmCOW+eHwyzJDmTZh6+5Zyp6rqukaREev70PyBJv5thk5SOYZOUjmGTlI5hk5SOYZOUjmGTlI5hk5SOYZOUjmGTlI5hk5SOYZOUjmGTlI5hk5SOYZOUjmGTlI5hk5SOYZOUjmGTlI5hk5SOYZOUjmGTlI5hk5SOYZOUjmGTlI5hk5SOYZOUjmGTlI5hk5SOYZOUTt+f/gckTcGXL/DqFYyOwuzZsHQpzJkDdQ2vX8P799DfD0uWQFUx0xg2qWkiXDdvwsuX5fHICPT2wosXcPo03L/f/d116+DwYThwAObN+3kME6rqOhIvqTEjtStX4MkTePoU7tyBW7fg8mUYGyujs/qHj3RntDZ3Lhw9Cps2wadP8O1bGc0NDZWRXRzn40eYPx82boSFC2kywyY1SQTt0iV4/hyuXoUbN8ptIqoKdu2CbdtKwJ49KzGM6PX0QF9fieLy5bB7N2zYQFMZNqlJa2nv3sHFiyVq587B3bv/HaFNJG5DQ2WKOj4O16/DwED3tZiuxlR28WI4eLCxIzfX2KTpvpb25k33tbdv4do1uHABHj+eXNRC/H5EMY65YkUJ57Jl5bhxvPXrYe3aMr2N6enWrTSRp3tI01EEJ6IWI7R2G1atKtPG8+fLVPTRo7JWNhVfv8LwcFlni1Hb589lE+HDh/J+MSWNqWmsuTVU1W63nYpK001ELAIUu52hE6C4HxujNTrKP7+wijQIjMyaVUZwEbF4HNPUeL94Hu8d63DxegPFlolhkxrmL+DfX/j7v4EH5NXXjmGupOk9YovNg7jF8/FxBuJx/HyK+oF2bEbEiCympDFa64zY4hY7pTElbSh3RaXpfL5arHnF4v7t23D2LLRasGBBic+xYyV2k1VV5Zg7dsDKlSVusZGwenW5T3AeW3OTLGUWi/mDg2UDIc5d64ykYtE/TsuIwG3fDmfOTP7YrRZs3lyOv2ZNuY9z1hJdheCITWrKeWwRuBjFxfMYdcWu5cmTZUo60Y9xby/s31/OW9u5s+y4Jgpah2GTmiTON/vx8qeHD2HfvhK22DH9P1UFhw7Bnj2wZUu5pCopwyY1XUxH9+7tnndW/+Ra0bii4MSJMkpLfPF7h2GTMohv+Dh1Co4fh3v3uq/HetyRI+XbPRYtYqYwbFIm8XEeHi67qXENaFzzOQO/j82wSUrHa0UlpWPYJKVj2CSlY9gkpWPYJKVj2CSlY9gkpWPYJKVj2CSlY9gkpWPYJKVj2CSlY9gkpWPYJKVj2CSlY9gkpWPYJKVj2CSlY9gkpWPYJKVj2CSlY9gkpWPYJKVj2CSlY9gkpWPYJKVj2CSlY9gkkc1310VHXTWff9MAAAAASUVORK5CYII='}}]}, {'role': 'assistant', 'content': 'Final Answer: 0.75'}, {'role': 'user', 'content': [{'type': 'text', 'text': '\nYou are given both an image and a text-based representation of the same stimulus. \nIn both, a red dot appears on a horizontal line\nThe left end of the line corresponds to 0.0, and the right end to 1.0.\n\nText representation (the dot is marked as """"O""""):\n|------~----------=.------- -O-------- --|\n\n\nEstimate the horizontal position of the **center** of the red dot as a decimal number between 0 and 1.\nDo not explain. Only output the final answer as a number between 0 and 1:\nFinal Answer:\n'}, {'type': 'image_url', 'image_url': {'url': 'data:image/png;base64,iVBORw0KGgoAAAANSUhEUgAAATYAAABNCAYAAAAsLkgfAAAAOnRFWHRTb2Z0d2FyZQBNYXRwbG90bGliIHZlcnNpb24zLjEwLjMsIGh0dHBzOi8vbWF0cGxvdGxpYi5vcmcvZiW1igAAAAlwSFlzAAAPYQAAD2EBqD+naQAABIJJREFUeJzt3EtLlGEchvF7PKSVVlZENJhGFEVGFJSiRPtqKa6CvkEfplW0q12rgnbRKoLETUgtaqGYYFGaSueD+cbN4+u4KGpqxpH/e/1gmJM6Q+Dlc5pKWZZlAoBAmhr9BgCg1ggbgHAIG4BwCBuAcAgbgHAIG4BwCBuAcAgbgHAIG4BwCBuAcAgbgHAIG4BwCBuAcAgbgHAIG4BwCBuAcAgbgHAIG4BwCBuAcAgbgHAIG4BwCBuAcAgbgHAIG4BwCBuAcAgbgHAIG4BwCBuAcAgbgHAIG4BwWhr9BgCsyDLp7Vvpwwepo0PatUv69k2am0vXmzZJu3dLbW2NfqcbHmEDGuXr1xQtX+7ckW7elCYnK8+Xy9LgoHTypNTaKrW3S3v3psf27WvkO9/wSlnmPxMA1pVHZk+fSnfvSlevSt+///5rm5uloSHp6FFp82app0caGanELQ8ko7pVhA2ot7Xh8a+br8fGpNu300jtb5RK0sWLUne39OWLdOiQdP681NQkvXolffxY+dquLqmvL01lC4qwAfWM2evX0vPn0rt3ae3M9xcXpWfPpIcPU+j+lkdup0+nsHlq6hGcp6eOnm8fOJBitrAgdXZKAwOFHbkRNqBe08w3b6THj6Xp6TRFfP9e+vQp3ffFsauWg+XpqC957Lzu5sf375eOHJGOH08RPXMmrdMVEJsHQK1Hao6aI+ZRlUdnW7dKMzPS7GwaXfkxP/8v/H0/flSmtb546rljh7S0lDYf2tqkPXvS1xRUqVwuM2IDasXR8UaAR1K+duhseTk95yWwpSU9+Y+JUp+kRQfS/HO8zubXa2lJt5tW7nua6usC8r8OYQPWUY+kqf/4/l5JL2r4fiJqKRd0Dg7UfcTm215Ty6eMvp9l6lwZuf2rDh9xW/uAR2/5KM1aW9P019cFxeYBUEueeo6OprUwr33duyc9eJDue+3LGwq+eHHf09NqOWLeOPD6mUPm+zt3puMdDqpfY3hYunSpsDuixuYBUEuOiSPjDQRvFnin0uH5/DmdQfNtB8nPzc9X//MdNa+l5a+Vbx7ko7XeXqm/v9BRM8IG1JrPkvkMWX4o158QuH8/TQ09Zdy2TZqaSiO7akZtHp35aIcP4zpu+RGPY8ekLVtSKM+eTYd3C46wAfXgEVO+fu2wOUQvX0rbt0snTqRzbPbo0Z8P6eY7oBcupJj5uIjPxXn059dwKP3Y4cPSuXOFH60Za2zAeh7a9acCzCM5j7zGx6Vr1ypnztb+OuZB82js+nXp1Km0Nue1NJ+L8/d4iuv7/nwoH45fRdiA9fKrD6vbxIR065Z044b0Ys1BjoMHpStXpMuX00jvTz+LkdoqwgZsFP5V9DqZd1A95fRUMx+1oSqEDUA4/NfgAMIhbADCIWwAwiFsAMIhbADCIWwAwiFsAMIhbADCIWwAwiFsAMIhbADCIWwAwiFsAMIhbADCIWwAwiFsAMIhbADCIWwAwiFsAMIhbADCIWwAwiFsAMIhbADCIWwAwiFsAMIhbADCIWwAwiFsABTNT3roXHIAyEx4AAAAAElFTkSuQmCC'}}]}, {'role': 'assistant', 'content': 'Final Answer: 0.7'}, {'role': 'user', 'content': [{'type': 'text', 'text': '\nYou are given both an image and a text-based representation of the same stimulus. \nIn both, a red dot appears on a horizontal line\nThe left end of the line corresponds to 0.0, and the right end to 1.0.\n\nText representation (the dot is marked as """"O""""):\n|-- ------ --=- ----=-O------------------|\n\n\nEstimate the horizontal position of the **center** of the red dot as a decimal number between 0 and 1.\nDo not explain. Only output the final answer as a number between 0 and 1:\nFinal Answer:\n'}, {'type': 'image_url', 'image_url': {'url': 'data:image/png;base64,iVBORw0KGgoAAAANSUhEUgAAATYAAABNCAYAAAAsLkgfAAAAOnRFWHRTb2Z0d2FyZQBNYXRwbG90bGliIHZlcnNpb24zLjEwLjMsIGh0dHBzOi8vbWF0cGxvdGxpYi5vcmcvZiW1igAAAAlwSFlzAAAPYQAAD2EBqD+naQAABHBJREFUeJzt28tvTH8Yx/HP1FCXVhTRMJIiLCTduCysLOxspCthw1L8AeIf8BfY6bJrSwsSKwuREAu6Qht1i1u1LnGvIx+Pk9atVMmZeeb9Sk46nXbOjPx+3p7zPefUiqIoBACJdFT9AQDgXyNsANIhbADSIWwA0iFsANIhbADSIWwA0iFsANIhbADSIWwA0iFsANIhbADSIWwA0iFsANIhbADSIWwA0iFsANIhbADSIWwA0iFsANIhbADSIWwA0iFsANIhbADSIWwA0iFsANIhbADSIWwA0iFsANIhbADSqVf9AYA5eftWunlTmpyUVqyQtmyRFi+u+lOhyRA2NK9376SnT6X376U3b6TTp6VTp6QHD6Z/Z+1a6dAh6eBBafXq2Do7q/zUaAK1oiiKqj8E8EPMHj2SRkcjapcuRdD8+Fccs+PHpT17pP5+adWqb8O4aBHRayNMbGgOjpAPMa9ejYns7t2IkuN25crvX+94nTghTUxIT55IO3ZId+7E96Wenunole9J+FJiYkP1xsdjKjt7Vhobi/Wzhw/j+WfP5ravBQukgQFp69bY+vqkFy8iYs+fS+vWSbt3S69eScPDs4cPLYuwoVoOzrlz0oULMa29fh2HoZ7aZjv0nM3y5RG1XbuklSulDx+kZcsien6/vXsjbC9fSr29UkeH9OlTvG93d7yOya2lcbkHqnX/vnTtWpwc8OZDQsfnb6NmDtaNG9KZM3EY6++9LV0a7+Hp8PHj6aiZv/p7T4g+PEVLqzUaDSY2VKc84+mJyY9rNenjR/UUha7PY7f9kiYdq3o9Ymnetzfz9LZw4Y8vnJqK5/1ztCz/VyZsaDp9km7P4/UbJI39w8+D1lJvNBpVfwa0s/IQ9Ouk9mVimppS9zx32yWp4YnNk9fM6WvJkumpzV9n/szv7edYX2t5nDxAtetrFy/GmdCREenePenWrfjqxf358HqZ70rwYejGjXFCwetqvgxk+/b4mS8vKc+K+q+BTzRwVjQFrmNDdbym5vWsbdtikvLivgPj532blC/78BQ3V47Z5s2x+YyoJzDvy+t4jlYZL29cx5YSExuqndguX5a8HOKAOT6+1sxnLT1N+bnz5yNIf8qHkjt3RrwcKcfK/LirS9q3T9q06b/9kdAcmNhQHUfHF8X6+jEfOq5ZE885ZOvXR4h8GDk4GL//u3+DHbX9++MCXE+C3le5xuZLSDyhsabcFpjYUC3fXTDzDoByrctrYOVhqdfhjhyJi3fL3/meJ7Jjx6SjR+Pxz/bJ+lnbIGyo3p/cs+nD1KEh6eTJONFQ8i1Thw9LBw7EIWb5Ou4DbWuEDa3F/7v67gDfSeDbnzyJlZdvAF8RNgDpcK8ogHQIG4B0CBuAdAgbgHQIG4B0CBuAdAgbgHQIG4B0CBuAdAgbgHQIG4B0CBuAdAgbgHQIG4B0CBuAdAgbgHQIG4B0CBuAdAgbgHQIG4B0CBuAdAgbgHQIG4B0CBuAdAgbgHQIG4B0CBuAdAgbAGXzGahxa5hlk7orAAAAAElFTkSuQmCC'}}]}, {'role': 'assistant', 'content': 'Final Answer: 0.4'}, {'role': 'user', 'content': [{'type': 'text', 'text': '\nYou are given both an image and a text-based representation of the same stimulus. \nIn both, a red dot appears on a horizontal line\nThe left end of the line corresponds to 0.0, and the right end to 1.0.\n\nText representation (the dot is marked as """"O""""):\n|---- ---------.------O---------------.-~|\n\n\nEstimate the horizontal position of the **center** of the red dot as a decimal number between 0 and 1.\nDo not explain. Only output the final answer as a number between 0 and 1:\nFinal Answer:\n'}, {'type': 'image_url', 'image_url': {'url': 'data:image/png;base64,iVBORw0KGgoAAAANSUhEUgAAATYAAABNCAYAAAAsLkgfAAAAOnRFWHRTb2Z0d2FyZQBNYXRwbG90bGliIHZlcnNpb24zLjEwLjMsIGh0dHBzOi8vbWF0cGxvdGxpYi5vcmcvZiW1igAAAAlwSFlzAAAPYQAAD2EBqD+naQAABENJREFUeJzt3MlqFG0chfHTMc6J8wSNGhfiFHAAB3ApKrgSxJ14B96KeAm6cqEggmvRhaAoIiiOoEYUnOfZJC3HlyYi36e0Bqpy8vygMF0m3SWGJ/+3qjqNVqvVEgAE6ar6AABgtBE2AHEIG4A4hA1AHMIGIA5hAxCHsAGIQ9gAxCFsAOIQNgBxCBuAOIQNQBzCBiAOYQMQh7ABiEPYAMQhbADiEDYAcQgbgDiEDUAcwgYgDmEDEIewAYhD2ADEIWwA4hA2AHEIG4A4hA1AHMIGIA5hAxCnu+oDADrSakkvXkjv30sTJ5bH375JkyZJ8+ZJkydXfYSoAcKG+vvyRbpxQzp8WDp+XHr0aOTvFi2Stm+Xli+XZs6U1qyRNm6UZsyo8ohRsUar5R95QA29fStdvCgdOSIdPSoNDv7/506YUIK2cKG0erW0a1d5zAQ3LjGxoR4T2fPn0rt3ZYnZ01MenzkjnTghXb785+cYGpLOn5fWrSsfP3kivXkjrV9flqtfv7JcHUeY2FAtny+7dk168EAaGChh82R26VLZd+9eZ8/XaEg7dpS4LVkiTZ1alquOpZ/XE51j56UrgYtF2FDtpOYpy3F7+lT6/LlsJ09KN29KHz+WSatTjpm3adPKlLZggTRrVjkH5/B5avMydcMGAheKpSiq4+Xmq1clLB8+SNOnSxcuSC9flunqd+fUfufTp5Gvd+D8Ov7YU5snudu3peHhMhFu3lwCN3fuaP/rUKFGs9lkYkM1HBnfqmEOjxcPnuKGhjR7cFBX/+Gp+yW99nRm/tNbV1e5yGC+VcT7/NgbU1sU/88TNtTOUkn3/+Hr+yQNjOLxYGzpbjabVR8DxjNPaF4WevPU5glueFi9nua87y/1SGr+PKm1TyV3d5d97QnNj9sTXHuaw5jHxQPU56rorVvSuXPlQoLduTOyVO2Ew+WLBb295eKBA+lzeFOmSCtWSCtXSosXl5t4fUOvX2/TJokf8jEIG+p1H9v169Lp09KVK+X2j4cPO38+x2z+/HJBwFOYr656MvPW1yetXVsitmxZeW0HcMsWzrMFIWyo5zsOPLmdPSsdPNjZ1OZpzdOXJzLf1mG+GurIOXie5Pwt72nNoZszR+rv56poGMKG+vI05feG7t9fYvSnb1VHbc8e6cCBsrz0Mtfx8kTmG3MdsPa7GngnQjTChvo7dUrau7eEzv7rW9Yn//ftk3bvlnbuLPsI2LhF2DA23L0rHTokHTsmPX48st9LyG3bpK1bpVWruNkWPxA2jB2e2J49K8tMT2J+D6iXmvw+NvyCsAGIw68GBxCHsAGIQ9gAxCFsAOIQNgBxCBuAOIQNQBzCBiAOYQMQh7ABiEPYAMQhbADiEDYAcQgbgDiEDUAcwgYgDmEDEIewAYhD2ADEIWwA4hA2AHEIG4A4hA1AHMIGIA5hAxCHsAGIQ9gAxCFsAJTmO2SDQNow6FxCAAAAAElFTkSuQmCC'}}]}, {'role': 'assistant', 'content': 'Final Answer: 0.45'}, {'role': 'user', 'content': [{'type': 'text', 'text': '\nYou are given both an image and a text-based representation of the same stimulus. \nIn both, a red dot appears on a horizontal line\nThe left end of the line corresponds to 0.0, and the right end to 1.0.\n\nText representation (the dot is marked as """"O""""):\n|--- --- ------------O-------------=-=-- |\n\n\nEstimate the horizontal position of the **center** of the red dot as a decimal number between 0 and 1.\nDo not explain. Only output the final answer as a number between 0 and 1:\nFinal Answer:\n'}, {'type': 'image_url', 'image_url': {'url': 'data:image/png;base64,iVBORw0KGgoAAAANSUhEUgAAATYAAABNCAYAAAAsLkgfAAAAOnRFWHRTb2Z0d2FyZQBNYXRwbG90bGliIHZlcnNpb24zLjEwLjMsIGh0dHBzOi8vbWF0cGxvdGxpYi5vcmcvZiW1igAAAAlwSFlzAAAPYQAAD2EBqD+naQAABFJJREFUeJzt3NuLzH0cwPH3jHVsl9YhMdiNCG1cKHGDCzdKSQ7lyq1S/hM3/gT5FyQJcSERYZVT8jw5n4mcmafP832mpSfPM2ZmTfvp/aqtndm1+5ua3vs9/VTq9XodSUqk2u0LkKROM2yS0jFsktIxbJLSMWyS0jFsktIxbJLSMWyS0jFsktIxbJLSMWyS0jFsktIxbJLSMWyS0jFsktIxbJLSMWyS0jFsktIxbJLSMWyS0jFsktIxbJLSMWyS0jFsktIxbJLSMWyS0jFsktIxbJLSMWyS0unp9gVIP/j4EZ49g0+fYMIEmDkTJk7s9lVpjDFs6m68xo+HSgU+fy6PHzyAV69Gvre/H4aGYMaMbl6xxhjDpt/r+XO4ehXu3YMTJ+DwYXj8eOTrs2bBzp2wfn2J3p07JXjr1jlyU9Mq9Xq93vy3Sy2MzN68gbdvy9Ty5k24fBn274cPH+Bnb7+eHti6FZYsgXHjYMcOWLzYaaqaYtg0uiOz69fhwgV4+rQ8H5GLkVqzb7vVq2FgANauhYUL4datEsRJk2DZMlizxmmq/sWwaXRGaqdPw7lzcPIkPHxY1tEianfvNh+1hgULYP58qNVK0KpV+PatjNo2bIDt2x256QeusanzU8/hYThyBC5dgtu34evXMrWM6Wgrf0cjhrEO9/49bNpUIhY/M9bpjh+HVatg6dLReEUaozzHps5NPc+ehTNn4NixMv2MqL1+De/elZ3O+LwVEcOIZkxDr1wpPy/W3ebNg5cv4caNTr8ajXGVWq3mVFTti/A0RmOxuB+P4whHPFet0l+vM9zGqscQ8PchkAhaTEFjBBjid0yZApMnd+Z1KIVK/D3s9kUovwHgjzb+/SDwZwevR7n11GJBVmpHrHfFyClGU/F5jNgaB25jkb9Soa/NPapeoBYbEPERvyfOuIUYufX2luelf7grqvbdvw/nz5ddyy9fyo7oxYvlLoJr10rc4vlWNw8iZIODZXobsZwzB1asKB9btpTzbdJ33BVV++KgbNz6FDuXs2fDypUldo8ewdy5ZRQXQYuvv3jx6z9/+vRyR0KM0uIM28aNsHlzudVq6tTReEUa4xyxqbMHcmOXsvE47jJ48mTkboEYtZ06VULXrJhiRsCmTStn2OLA7t69JZjSTxg2jd7/zNHXVx7HObQ46hFxitjt2VOmp/+lsWa2a1eZ4sah3OXLy2jNqOl/GDb9fkePwrZt5Txa+P4t2AhaHN84dKiM0Lw3VL/IsKk74sDuwYNw4EA5yNuwaBHs2we7d5cRntQCw6buirdfbCjEfaQxdY2NAo9uqE2GTVI63isqKR3DJikdwyYpHcMmKR3DJikdwyYpHcMmKR3DJikdwyYpHcMmKR3DJikdwyYpHcMmKR3DJikdwyYpHcMmKR3DJikdwyYpHcMmKR3DJikdwyYpHcMmKR3DJikdwyYpHcMmKR3DJikdwyYpHcMmiWz+AoHRW3E6aNocAAAAAElFTkSuQmCC'}}]}]",Final Answer: 0.5
anthropic/claude-3.7-sonnet,sample_008,0.84647,0.84647,0.8,"[{'role': 'system', 'content': 'You are a helpful assistant.'}, {'role': 'user', 'content': [{'type': 'text', 'text': '\nYou are given both an image and a text-based representation of the same stimulus. \nIn both, a red dot appears on a horizontal line\nThe left end of the line corresponds to 0.0, and the right end to 1.0.\n\nText representation (the dot is marked as """"O""""):\n|.-- -~=-------- ---------O--------------|\n\n\nEstimate the horizontal position of the **center** of the red dot as a decimal number between 0 and 1.\nDo not explain. Only output the final answer as a number between 0 and 1:\nFinal Answer:\n'}, {'type': 'image_url', 'image_url': {'url': 'data:image/png;base64,iVBORw0KGgoAAAANSUhEUgAAATYAAABNCAYAAAAsLkgfAAAAOnRFWHRTb2Z0d2FyZQBNYXRwbG90bGliIHZlcnNpb24zLjEwLjMsIGh0dHBzOi8vbWF0cGxvdGxpYi5vcmcvZiW1igAAAAlwSFlzAAAPYQAAD2EBqD+naQAABJVJREFUeJzt3ElvTXEYx/HfbWtuUaQSFy1i0bSRsECQ2HkNYmNnx9LGOxCJROyFlYXY8AZ0YVFCDCExxFBjYqgp5h755XHShohSt72e8/0kTfW0vfda9Nvnf87/tFYURSEASKRlql8AAPxrhA1AOoQNQDqEDUA6hA1AOoQNQDqEDUA6hA1AOoQNQDqEDUA6hA1AOoQNQDqEDUA6hA1AOoQNQDqEDUA6hA1AOoQNQDqEDUA6hA1AOoQNQDqEDUA6hA1AOoQNQDqEDUA6hA1AOoQNQDqEDUA6hA1AOoQNQDptU/0CgKZVFNLz59Lbt1J7u7RwoVSrTfWrwjgQNlTbx4/Ss2fSp0/S9OlSR4f04IF0/Lh07Jh0797o165aJe3eLW3fLn35Mvo9ixZJM2b8/FjlcUy6WlH41xJQMY7QzZvS1avSu3fS3LnShw/SwEAEzXH6UTmtOVZ790pr18bHnZ3SkiXSo0fSy5fS58/S69fSnDlSf7+0ejWBm2SEDdXj5eWFC9KZM9LDh9LMmdLs2RG606djCfo7LS3SgQPSli0x4XmyW748Jr47d6RXr6ThYWnWLGnDBmnduljKYlIQNlRrSnPIBgely5elS5diCvPxoSHpxo3xRa3k5eahQ9KbN/FYmzdLX7/GxLZgQXzNkydSV5e0YoW0cSOT2yThHBuqM6V52Xn9unT+vHTtWgSpry+mL18g+NPf8V6u7t8v9fbGMvTp01iWbtoUj+nA+TnmzYtpcNkyaeXKRv0PMQZhQ36eyBw1T2s+ue8pysHxBYBbt2Jqc5T+xt27ccXUfK7Oj++orVkT59keP47P+bn8dY4cS9KGq9XrdZaiyM3LQ09XIyOjS0X/+/vnOkdGdGUCZ2T6azUNt7VJra3xuA6l3xw4H/PnfLz8mOVow/kyD2FDpXV78JrA9/dIGrMpBE2grV6vT/VrABrLU5q3cngq89Tk6ckf+31RqMPLxAlob21V3VNZOZmV0+C0aTGheXrz5/zcfi3lcTQMV0VRjXNsp05JFy/GnjJH5v792LPmc2s+5+ZzY38TOAfKG3e7u+PNy0xvzPW5tfXrY3/b/PlxBdXB89YQH2egaCguHiA/x8ZXKh0VX50sQ7NtW2yoPXdOun07LiT8KW/C9fTnScx6emJ7h5/DV0gduXJKdES9DcTH0FBMbKgOb8k4eza2fnhq82baxYtj6jp6VDpyZDRQ4+Fgbd0qLV0a05rfO2Z+zLF3Iph/zBw134nAVdGGI2yoll/dz+m7BQ4elA4fHt9+Np8327dP2rEjlpXePsK9o02DsAElh+jECWnXLun9+zg29sejvFfUt1+dPBlLWTQlwgb8yPd4+kZ43y7lc28lXyTYs0fauTM22qJpETbgV/yj8eJFLDN9Ps7nyPh7bP8FwgYgHf40OIB0CBuAdAgbgHQIG4B0CBuAdAgbgHQIG4B0CBuAdAgbgHQIG4B0CBuAdAgbgHQIG4B0CBuAdAgbgHQIG4B0CBuAdAgbgHQIG4B0CBuAdAgbgHQIG4B0CBuAdAgbgHQIG4B0CBuAdAgbgHQIGwBl8w2vMXCzyZNU9QAAAABJRU5ErkJggg=='}}]}, {'role': 'assistant', 'content': 'Final Answer: 0.6'}, {'role': 'user', 'content': [{'type': 'text', 'text': '\nYou are given both an image and a text-based representation of the same stimulus. \nIn both, a red dot appears on a horizontal line\nThe left end of the line corresponds to 0.0, and the right end to 1.0.\n\nText representation (the dot is marked as """"O""""):\n|--~---~----------------=--- =-----O-----|\n\n\nEstimate the horizontal position of the **center** of the red dot as a decimal number between 0 and 1.\nDo not explain. Only output the final answer as a number between 0 and 1:\nFinal Answer:\n'}, {'type': 'image_url', 'image_url': {'url': 'data:image/png;base64,iVBORw0KGgoAAAANSUhEUgAAATYAAABNCAYAAAAsLkgfAAAAOnRFWHRTb2Z0d2FyZQBNYXRwbG90bGliIHZlcnNpb24zLjEwLjMsIGh0dHBzOi8vbWF0cGxvdGxpYi5vcmcvZiW1igAAAAlwSFlzAAAPYQAAD2EBqD+naQAABNNJREFUeJzt3MtvjG0Yx/HfVNUhrSgNYkLfSARJbUScYmdHxEKsJNZi5/+w8ieItZWNtcTCQlCHhOCtQ5yps2L6vPm9lyczeDvTaWv6uvr9JE0P087M6pvrvp/7aaUoikIAkEjXbL8BAJhphA1AOoQNQDqEDUA6hA1AOoQNQDqEDUA6hA1AOoQNQDqEDUA6hA1AOoQNQDqEDUA6hA1AOoQNQDqEDUA6hA1AOoQNQDqEDUA6hA1AOoQNQDqEDUA6hA1AOoQNQDqEDUA6hA1AOoQNQDqEDUA6hA1AOoQNQDrds/0GAPyBxsak58+lp0+lr1+lNWuk1aulSqX++IsX0pcvUk+PNDAgLVjQsbdH2AC01hiqx4+l06elM2cibKXBQen4cWn/funBA+n16/pj/f3S0JC0fHlHolcpiqKY0WcE8Gcb+x6ed++k9+9jInv0SHIqLl+WTpyIKE1k/nzp8GFp716pt1dasiQi19cnrV8v3b5dj56f21PeunXSypU/Rm4aASRsAOpevpQuXZKuX4+p69Ur6dmzCMq3b9LZsxG4ydi2Tdq1S1q1Kqa1Dx+kri5p4cKI2Nu3ETm/zqJF0oYN0ooV8bt27drEU18LhA1AfUI6d066elV6+DD20BwdLz3Hx+Nzu7nYvr2+/7Z2bUxwW7ZEJIeHpY8fpaVLYzLbtCmev3FicwAdQ7++l72e+nbsaDm5cVUUQPBy01Hz8tAcHX98+hST3FRmoBs3pCdPYgl74UIsKx2q0dFY6i5bJnV/3+qv1SJkIyPS/fv1qJk/+3tPkI5gC1w8ABDK6cwTlCPnCcnx8eTUbE+tGe/R+Tm9/PRS1EvPjRvr8SynsXJvzt87cOVjjfy99+Mm8V4q1WqVpSgw142Px2T2+XPEw+Hxz4pC/UWh4Wk89VClotEyWvPmxYenNAesDJtf079Thqv8/mdewvpCgp+jCR86IWwAJjQo6W9N3V+SRtRZ3dVqtcMvCeB/pVaLCc3Tkye2cmLyz2o19U3z6XsrFVU9ZXlK85LUe3WeuPwansDMX/vnfg/lpObXL/f1Gh/7eYn6H7gqCsx19+5JV67E1cubN6Xz5yN23hu7eDH22Lw/Vu6FtcPB8vDkK5579ki7d8fxER8F8c+bnVWbxjk2Lh4Ac11PT3x2uHxGzIdlHRDHyOfKbt2S7t6Nq5vt8vk0P5+j6eMePpfmK6GOlPl1Jlo1NnusBY57AHPdwEAcfvVVUN8l4K/LDf2dO+M2qX37Wm7Y/8J/7wO6W7dGzN68iXNoPmT7m+8bZSkKQP+eUytP+vuOAJ8lc5g8ZTlGPljrqe3YsdjvapUN/61vqzpyJJaSPkriwG3e3JGb4QkbgF/3tMosOFCN+1u+M+HgwTi4a435KC8AeIP/6FHpwIGYANu4Y2CmEDYA7fFdA6dOSSdPSnfu/PjfPQ4diqXm4sUROOfFy9BJ3uM5UwgbgKlxOnyLk+9O8ETmgHlqm+X/xWaEDUA6XBUFkA5hA5AOYQOQDmEDkA5hA5AOYQOQDmEDkA5hA5AOYQOQDmEDkA5hA5AOYQOQDmEDkA5hA5AOYQOQDmEDkA5hA5AOYQOQDmEDkA5hA5AOYQOQDmEDkA5hA5AOYQOQDmEDkA5hA5AOYQOQDmEDoGz+AaQ5oOTiCrZ7AAAAAElFTkSuQmCC'}}]}, {'role': 'assistant', 'content': 'Final Answer: 0.85'}, {'role': 'user', 'content': [{'type': 'text', 'text': '\nYou are given both an image and a text-based representation of the same stimulus. \nIn both, a red dot appears on a horizontal line\nThe left end of the line corresponds to 0.0, and the right end to 1.0.\n\nText representation (the dot is marked as """"O""""):\n|--~----~-----------------~=---O----=----|\n\n\nEstimate the horizontal position of the **center** of the red dot as a decimal number between 0 and 1.\nDo not explain. Only output the final answer as a number between 0 and 1:\nFinal Answer:\n'}, {'type': 'image_url', 'image_url': {'url': 'data:image/png;base64,iVBORw0KGgoAAAANSUhEUgAAATYAAABNCAYAAAAsLkgfAAAAOnRFWHRTb2Z0d2FyZQBNYXRwbG90bGliIHZlcnNpb24zLjEwLjMsIGh0dHBzOi8vbWF0cGxvdGxpYi5vcmcvZiW1igAAAAlwSFlzAAAPYQAAD2EBqD+naQAABDBJREFUeJzt3LlrVGsYgPHnJHFPlFFBZdR7XQtJISIW6VSsxEqwE8FaLfwvbG209h+wFgQt3BAE8QqKqFz3BY3B3Why5OVjGC/IJYmCOW+eHwyzJDmTZh6+5Zyp6rqukaREev70PyBJv5thk5SOYZOUjmGTlI5hk5SOYZOUjmGTlI5hk5SOYZOUjmGTlI5hk5SOYZOUjmGTlI5hk5SOYZOUjmGTlI5hk5SOYZOUjmGTlI5hk5SOYZOUjmGTlI5hk5SOYZOUjmGTlI5hk5SOYZOUjmGTlI5hk5SOYZOUTt+f/gckTcGXL/DqFYyOwuzZsHQpzJkDdQ2vX8P799DfD0uWQFUx0xg2qWkiXDdvwsuX5fHICPT2wosXcPo03L/f/d116+DwYThwAObN+3kME6rqOhIvqTEjtStX4MkTePoU7tyBW7fg8mUYGyujs/qHj3RntDZ3Lhw9Cps2wadP8O1bGc0NDZWRXRzn40eYPx82boSFC2kywyY1SQTt0iV4/hyuXoUbN8ptIqoKdu2CbdtKwJ49KzGM6PX0QF9fieLy5bB7N2zYQFMZNqlJa2nv3sHFiyVq587B3bv/HaFNJG5DQ2WKOj4O16/DwED3tZiuxlR28WI4eLCxIzfX2KTpvpb25k33tbdv4do1uHABHj+eXNRC/H5EMY65YkUJ57Jl5bhxvPXrYe3aMr2N6enWrTSRp3tI01EEJ6IWI7R2G1atKtPG8+fLVPTRo7JWNhVfv8LwcFlni1Hb589lE+HDh/J+MSWNqWmsuTVU1W63nYpK001ELAIUu52hE6C4HxujNTrKP7+wijQIjMyaVUZwEbF4HNPUeL94Hu8d63DxegPFlolhkxrmL+DfX/j7v4EH5NXXjmGupOk9YovNg7jF8/FxBuJx/HyK+oF2bEbEiCympDFa64zY4hY7pTElbSh3RaXpfL5arHnF4v7t23D2LLRasGBBic+xYyV2k1VV5Zg7dsDKlSVusZGwenW5T3AeW3OTLGUWi/mDg2UDIc5d64ykYtE/TsuIwG3fDmfOTP7YrRZs3lyOv2ZNuY9z1hJdheCITWrKeWwRuBjFxfMYdcWu5cmTZUo60Y9xby/s31/OW9u5s+y4Jgpah2GTmiTON/vx8qeHD2HfvhK22DH9P1UFhw7Bnj2wZUu5pCopwyY1XUxH9+7tnndW/+Ra0bii4MSJMkpLfPF7h2GTMohv+Dh1Co4fh3v3uq/HetyRI+XbPRYtYqYwbFIm8XEeHi67qXENaFzzOQO/j82wSUrHa0UlpWPYJKVj2CSlY9gkpWPYJKVj2CSlY9gkpWPYJKVj2CSlY9gkpWPYJKVj2CSlY9gkpWPYJKVj2CSlY9gkpWPYJKVj2CSlY9gkpWPYJKVj2CSlY9gkpWPYJKVj2CSlY9gkpWPYJKVj2CSlY9gkkc1310VHXTWff9MAAAAASUVORK5CYII='}}]}, {'role': 'assistant', 'content': 'Final Answer: 0.75'}, {'role': 'user', 'content': [{'type': 'text', 'text': '\nYou are given both an image and a text-based representation of the same stimulus. \nIn both, a red dot appears on a horizontal line\nThe left end of the line corresponds to 0.0, and the right end to 1.0.\n\nText representation (the dot is marked as """"O""""):\n|------~----------=.------- -O-------- --|\n\n\nEstimate the horizontal position of the **center** of the red dot as a decimal number between 0 and 1.\nDo not explain. Only output the final answer as a number between 0 and 1:\nFinal Answer:\n'}, {'type': 'image_url', 'image_url': {'url': 'data:image/png;base64,iVBORw0KGgoAAAANSUhEUgAAATYAAABNCAYAAAAsLkgfAAAAOnRFWHRTb2Z0d2FyZQBNYXRwbG90bGliIHZlcnNpb24zLjEwLjMsIGh0dHBzOi8vbWF0cGxvdGxpYi5vcmcvZiW1igAAAAlwSFlzAAAPYQAAD2EBqD+naQAABIJJREFUeJzt3EtLlGEchvF7PKSVVlZENJhGFEVGFJSiRPtqKa6CvkEfplW0q12rgnbRKoLETUgtaqGYYFGaSueD+cbN4+u4KGpqxpH/e/1gmJM6Q+Dlc5pKWZZlAoBAmhr9BgCg1ggbgHAIG4BwCBuAcAgbgHAIG4BwCBuAcAgbgHAIG4BwCBuAcAgbgHAIG4BwCBuAcAgbgHAIG4BwCBuAcAgbgHAIG4BwCBuAcAgbgHAIG4BwCBuAcAgbgHAIG4BwCBuAcAgbgHAIG4BwCBuAcAgbgHAIG4BwWhr9BgCsyDLp7Vvpwwepo0PatUv69k2am0vXmzZJu3dLbW2NfqcbHmEDGuXr1xQtX+7ckW7elCYnK8+Xy9LgoHTypNTaKrW3S3v3psf27WvkO9/wSlnmPxMA1pVHZk+fSnfvSlevSt+///5rm5uloSHp6FFp82app0caGanELQ8ko7pVhA2ot7Xh8a+br8fGpNu300jtb5RK0sWLUne39OWLdOiQdP681NQkvXolffxY+dquLqmvL01lC4qwAfWM2evX0vPn0rt3ae3M9xcXpWfPpIcPU+j+lkdup0+nsHlq6hGcp6eOnm8fOJBitrAgdXZKAwOFHbkRNqBe08w3b6THj6Xp6TRFfP9e+vQp3ffFsauWg+XpqC957Lzu5sf375eOHJGOH08RPXMmrdMVEJsHQK1Hao6aI+ZRlUdnW7dKMzPS7GwaXfkxP/8v/H0/flSmtb546rljh7S0lDYf2tqkPXvS1xRUqVwuM2IDasXR8UaAR1K+duhseTk95yWwpSU9+Y+JUp+kRQfS/HO8zubXa2lJt5tW7nua6usC8r8OYQPWUY+kqf/4/l5JL2r4fiJqKRd0Dg7UfcTm215Ty6eMvp9l6lwZuf2rDh9xW/uAR2/5KM1aW9P019cFxeYBUEueeo6OprUwr33duyc9eJDue+3LGwq+eHHf09NqOWLeOPD6mUPm+zt3puMdDqpfY3hYunSpsDuixuYBUEuOiSPjDQRvFnin0uH5/DmdQfNtB8nPzc9X//MdNa+l5a+Vbx7ko7XeXqm/v9BRM8IG1JrPkvkMWX4o158QuH8/TQ09Zdy2TZqaSiO7akZtHp35aIcP4zpu+RGPY8ekLVtSKM+eTYd3C46wAfXgEVO+fu2wOUQvX0rbt0snTqRzbPbo0Z8P6eY7oBcupJj5uIjPxXn059dwKP3Y4cPSuXOFH60Za2zAeh7a9acCzCM5j7zGx6Vr1ypnztb+OuZB82js+nXp1Km0Nue1NJ+L8/d4iuv7/nwoH45fRdiA9fKrD6vbxIR065Z044b0Ys1BjoMHpStXpMuX00jvTz+LkdoqwgZsFP5V9DqZd1A95fRUMx+1oSqEDUA4/NfgAMIhbADCIWwAwiFsAMIhbADCIWwAwiFsAMIhbADCIWwAwiFsAMIhbADCIWwAwiFsAMIhbADCIWwAwiFsAMIhbADCIWwAwiFsAMIhbADCIWwAwiFsAMIhbADCIWwAwiFsAMIhbADCIWwAwiFsABTNT3roXHIAyEx4AAAAAElFTkSuQmCC'}}]}, {'role': 'assistant', 'content': 'Final Answer: 0.7'}, {'role': 'user', 'content': [{'type': 'text', 'text': '\nYou are given both an image and a text-based representation of the same stimulus. \nIn both, a red dot appears on a horizontal line\nThe left end of the line corresponds to 0.0, and the right end to 1.0.\n\nText representation (the dot is marked as """"O""""):\n|-- ------ --=- ----=-O------------------|\n\n\nEstimate the horizontal position of the **center** of the red dot as a decimal number between 0 and 1.\nDo not explain. Only output the final answer as a number between 0 and 1:\nFinal Answer:\n'}, {'type': 'image_url', 'image_url': {'url': 'data:image/png;base64,iVBORw0KGgoAAAANSUhEUgAAATYAAABNCAYAAAAsLkgfAAAAOnRFWHRTb2Z0d2FyZQBNYXRwbG90bGliIHZlcnNpb24zLjEwLjMsIGh0dHBzOi8vbWF0cGxvdGxpYi5vcmcvZiW1igAAAAlwSFlzAAAPYQAAD2EBqD+naQAABHBJREFUeJzt28tvTH8Yx/HP1FCXVhTRMJIiLCTduCysLOxspCthw1L8AeIf8BfY6bJrSwsSKwuREAu6Qht1i1u1LnGvIx+Pk9atVMmZeeb9Sk46nXbOjPx+3p7zPefUiqIoBACJdFT9AQDgXyNsANIhbADSIWwA0iFsANIhbADSIWwA0iFsANIhbADSIWwA0iFsANIhbADSIWwA0iFsANIhbADSIWwA0iFsANIhbADSIWwA0iFsANIhbADSIWwA0iFsANIhbADSIWwA0iFsANIhbADSIWwA0iFsANIhbADSqVf9AYA5eftWunlTmpyUVqyQtmyRFi+u+lOhyRA2NK9376SnT6X376U3b6TTp6VTp6QHD6Z/Z+1a6dAh6eBBafXq2Do7q/zUaAK1oiiKqj8E8EPMHj2SRkcjapcuRdD8+Fccs+PHpT17pP5+adWqb8O4aBHRayNMbGgOjpAPMa9ejYns7t2IkuN25crvX+94nTghTUxIT55IO3ZId+7E96Wenunole9J+FJiYkP1xsdjKjt7Vhobi/Wzhw/j+WfP5ravBQukgQFp69bY+vqkFy8iYs+fS+vWSbt3S69eScPDs4cPLYuwoVoOzrlz0oULMa29fh2HoZ7aZjv0nM3y5RG1XbuklSulDx+kZcsien6/vXsjbC9fSr29UkeH9OlTvG93d7yOya2lcbkHqnX/vnTtWpwc8OZDQsfnb6NmDtaNG9KZM3EY6++9LV0a7+Hp8PHj6aiZv/p7T4g+PEVLqzUaDSY2VKc84+mJyY9rNenjR/UUha7PY7f9kiYdq3o9Ymnetzfz9LZw4Y8vnJqK5/1ztCz/VyZsaDp9km7P4/UbJI39w8+D1lJvNBpVfwa0s/IQ9Ouk9mVimppS9zx32yWp4YnNk9fM6WvJkumpzV9n/szv7edYX2t5nDxAtetrFy/GmdCREenePenWrfjqxf358HqZ70rwYejGjXFCwetqvgxk+/b4mS8vKc+K+q+BTzRwVjQFrmNDdbym5vWsbdtikvLivgPj532blC/78BQ3V47Z5s2x+YyoJzDvy+t4jlYZL29cx5YSExuqndguX5a8HOKAOT6+1sxnLT1N+bnz5yNIf8qHkjt3RrwcKcfK/LirS9q3T9q06b/9kdAcmNhQHUfHF8X6+jEfOq5ZE885ZOvXR4h8GDk4GL//u3+DHbX9++MCXE+C3le5xuZLSDyhsabcFpjYUC3fXTDzDoByrctrYOVhqdfhjhyJi3fL3/meJ7Jjx6SjR+Pxz/bJ+lnbIGyo3p/cs+nD1KEh6eTJONFQ8i1Thw9LBw7EIWb5Ou4DbWuEDa3F/7v67gDfSeDbnzyJlZdvAF8RNgDpcK8ogHQIG4B0CBuAdAgbgHQIG4B0CBuAdAgbgHQIG4B0CBuAdAgbgHQIG4B0CBuAdAgbgHQIG4B0CBuAdAgbgHQIG4B0CBuAdAgbgHQIG4B0CBuAdAgbgHQIG4B0CBuAdAgbgHQIG4B0CBuAdAgbAGXzGahxa5hlk7orAAAAAElFTkSuQmCC'}}]}, {'role': 'assistant', 'content': 'Final Answer: 0.4'}, {'role': 'user', 'content': [{'type': 'text', 'text': '\nYou are given both an image and a text-based representation of the same stimulus. \nIn both, a red dot appears on a horizontal line\nThe left end of the line corresponds to 0.0, and the right end to 1.0.\n\nText representation (the dot is marked as """"O""""):\n|---- ---------.------O---------------.-~|\n\n\nEstimate the horizontal position of the **center** of the red dot as a decimal number between 0 and 1.\nDo not explain. Only output the final answer as a number between 0 and 1:\nFinal Answer:\n'}, {'type': 'image_url', 'image_url': {'url': 'data:image/png;base64,iVBORw0KGgoAAAANSUhEUgAAATYAAABNCAYAAAAsLkgfAAAAOnRFWHRTb2Z0d2FyZQBNYXRwbG90bGliIHZlcnNpb24zLjEwLjMsIGh0dHBzOi8vbWF0cGxvdGxpYi5vcmcvZiW1igAAAAlwSFlzAAAPYQAAD2EBqD+naQAABENJREFUeJzt3MlqFG0chfHTMc6J8wSNGhfiFHAAB3ApKrgSxJ14B96KeAm6cqEggmvRhaAoIiiOoEYUnOfZJC3HlyYi36e0Bqpy8vygMF0m3SWGJ/+3qjqNVqvVEgAE6ar6AABgtBE2AHEIG4A4hA1AHMIGIA5hAxCHsAGIQ9gAxCFsAOIQNgBxCBuAOIQNQBzCBiAOYQMQh7ABiEPYAMQhbADiEDYAcQgbgDiEDUAcwgYgDmEDEIewAYhD2ADEIWwA4hA2AHEIG4A4hA1AHMIGIA5hAxCnu+oDADrSakkvXkjv30sTJ5bH375JkyZJ8+ZJkydXfYSoAcKG+vvyRbpxQzp8WDp+XHr0aOTvFi2Stm+Xli+XZs6U1qyRNm6UZsyo8ohRsUar5R95QA29fStdvCgdOSIdPSoNDv7/506YUIK2cKG0erW0a1d5zAQ3LjGxoR4T2fPn0rt3ZYnZ01MenzkjnTghXb785+cYGpLOn5fWrSsfP3kivXkjrV9flqtfv7JcHUeY2FAtny+7dk168EAaGChh82R26VLZd+9eZ8/XaEg7dpS4LVkiTZ1alquOpZ/XE51j56UrgYtF2FDtpOYpy3F7+lT6/LlsJ09KN29KHz+WSatTjpm3adPKlLZggTRrVjkH5/B5avMydcMGAheKpSiq4+Xmq1clLB8+SNOnSxcuSC9flunqd+fUfufTp5Gvd+D8Ov7YU5snudu3peHhMhFu3lwCN3fuaP/rUKFGs9lkYkM1HBnfqmEOjxcPnuKGhjR7cFBX/+Gp+yW99nRm/tNbV1e5yGC+VcT7/NgbU1sU/88TNtTOUkn3/+Hr+yQNjOLxYGzpbjabVR8DxjNPaF4WevPU5glueFi9nua87y/1SGr+PKm1TyV3d5d97QnNj9sTXHuaw5jHxQPU56rorVvSuXPlQoLduTOyVO2Ew+WLBb295eKBA+lzeFOmSCtWSCtXSosXl5t4fUOvX2/TJokf8jEIG+p1H9v169Lp09KVK+X2j4cPO38+x2z+/HJBwFOYr656MvPW1yetXVsitmxZeW0HcMsWzrMFIWyo5zsOPLmdPSsdPNjZ1OZpzdOXJzLf1mG+GurIOXie5Pwt72nNoZszR+rv56poGMKG+vI05feG7t9fYvSnb1VHbc8e6cCBsrz0Mtfx8kTmG3MdsPa7GngnQjTChvo7dUrau7eEzv7rW9Yn//ftk3bvlnbuLPsI2LhF2DA23L0rHTokHTsmPX48st9LyG3bpK1bpVWruNkWPxA2jB2e2J49K8tMT2J+D6iXmvw+NvyCsAGIw68GBxCHsAGIQ9gAxCFsAOIQNgBxCBuAOIQNQBzCBiAOYQMQh7ABiEPYAMQhbADiEDYAcQgbgDiEDUAcwgYgDmEDEIewAYhD2ADEIWwA4hA2AHEIG4A4hA1AHMIGIA5hAxCHsAGIQ9gAxCFsAJTmO2SDQNow6FxCAAAAAElFTkSuQmCC'}}]}, {'role': 'assistant', 'content': 'Final Answer: 0.45'}, {'role': 'user', 'content': [{'type': 'text', 'text': '\nYou are given both an image and a text-based representation of the same stimulus. \nIn both, a red dot appears on a horizontal line\nThe left end of the line corresponds to 0.0, and the right end to 1.0.\n\nText representation (the dot is marked as """"O""""):\n|--- --- ------------O-------------=-=-- |\n\n\nEstimate the horizontal position of the **center** of the red dot as a decimal number between 0 and 1.\nDo not explain. Only output the final answer as a number between 0 and 1:\nFinal Answer:\n'}, {'type': 'image_url', 'image_url': {'url': 'data:image/png;base64,iVBORw0KGgoAAAANSUhEUgAAATYAAABNCAYAAAAsLkgfAAAAOnRFWHRTb2Z0d2FyZQBNYXRwbG90bGliIHZlcnNpb24zLjEwLjMsIGh0dHBzOi8vbWF0cGxvdGxpYi5vcmcvZiW1igAAAAlwSFlzAAAPYQAAD2EBqD+naQAABFJJREFUeJzt3NuLzH0cwPH3jHVsl9YhMdiNCG1cKHGDCzdKSQ7lyq1S/hM3/gT5FyQJcSERYZVT8jw5n4mcmafP832mpSfPM2ZmTfvp/aqtndm1+5ua3vs9/VTq9XodSUqk2u0LkKROM2yS0jFsktIxbJLSMWyS0jFsktIxbJLSMWyS0jFsktIxbJLSMWyS0jFsktIxbJLSMWyS0jFsktIxbJLSMWyS0jFsktIxbJLSMWyS0jFsktIxbJLSMWyS0jFsktIxbJLSMWyS0jFsktIxbJLSMWyS0unp9gVIP/j4EZ49g0+fYMIEmDkTJk7s9lVpjDFs6m68xo+HSgU+fy6PHzyAV69Gvre/H4aGYMaMbl6xxhjDpt/r+XO4ehXu3YMTJ+DwYXj8eOTrs2bBzp2wfn2J3p07JXjr1jlyU9Mq9Xq93vy3Sy2MzN68gbdvy9Ty5k24fBn274cPH+Bnb7+eHti6FZYsgXHjYMcOWLzYaaqaYtg0uiOz69fhwgV4+rQ8H5GLkVqzb7vVq2FgANauhYUL4datEsRJk2DZMlizxmmq/sWwaXRGaqdPw7lzcPIkPHxY1tEianfvNh+1hgULYP58qNVK0KpV+PatjNo2bIDt2x256QeusanzU8/hYThyBC5dgtu34evXMrWM6Wgrf0cjhrEO9/49bNpUIhY/M9bpjh+HVatg6dLReEUaozzHps5NPc+ehTNn4NixMv2MqL1+De/elZ3O+LwVEcOIZkxDr1wpPy/W3ebNg5cv4caNTr8ajXGVWq3mVFTti/A0RmOxuB+P4whHPFet0l+vM9zGqscQ8PchkAhaTEFjBBjid0yZApMnd+Z1KIVK/D3s9kUovwHgjzb+/SDwZwevR7n11GJBVmpHrHfFyClGU/F5jNgaB25jkb9Soa/NPapeoBYbEPERvyfOuIUYufX2luelf7grqvbdvw/nz5ddyy9fyo7oxYvlLoJr10rc4vlWNw8iZIODZXobsZwzB1asKB9btpTzbdJ33BVV++KgbNz6FDuXs2fDypUldo8ewdy5ZRQXQYuvv3jx6z9/+vRyR0KM0uIM28aNsHlzudVq6tTReEUa4xyxqbMHcmOXsvE47jJ48mTkboEYtZ06VULXrJhiRsCmTStn2OLA7t69JZjSTxg2jd7/zNHXVx7HObQ46hFxitjt2VOmp/+lsWa2a1eZ4sah3OXLy2jNqOl/GDb9fkePwrZt5Txa+P4t2AhaHN84dKiM0Lw3VL/IsKk74sDuwYNw4EA5yNuwaBHs2we7d5cRntQCw6buirdfbCjEfaQxdY2NAo9uqE2GTVI63isqKR3DJikdwyYpHcMmKR3DJikdwyYpHcMmKR3DJikdwyYpHcMmKR3DJikdwyYpHcMmKR3DJikdwyYpHcMmKR3DJikdwyYpHcMmKR3DJikdwyYpHcMmKR3DJikdwyYpHcMmKR3DJikdwyYpHcMmiWz+AoHRW3E6aNocAAAAAElFTkSuQmCC'}}]}, {'role': 'assistant', 'content': 'Final Answer: 0.5'}, {'role': 'user', 'content': [{'type': 'text', 'text': '\nYou are given both an image and a text-based representation of the same stimulus. \nIn both, a red dot appears on a horizontal line\nThe left end of the line corresponds to 0.0, and the right end to 1.0.\n\nText representation (the dot is marked as """"O""""):\n|---.-- ----------- ------------ -O---~--|\n\n\nEstimate the horizontal position of the **center** of the red dot as a decimal number between 0 and 1.\nDo not explain. Only output the final answer as a number between 0 and 1:\nFinal Answer:\n'}, {'type': 'image_url', 'image_url': {'url': 'data:image/png;base64,iVBORw0KGgoAAAANSUhEUgAAATYAAABNCAYAAAAsLkgfAAAAOnRFWHRTb2Z0d2FyZQBNYXRwbG90bGliIHZlcnNpb24zLjEwLjMsIGh0dHBzOi8vbWF0cGxvdGxpYi5vcmcvZiW1igAAAAlwSFlzAAAPYQAAD2EBqD+naQAABDdJREFUeJzt3EtrU2kcgPEnWq2XVqkVL0ToiIqKRUUU3LjyshIU/ACCG3d+F/0I4kYEQRDBhSAiIioVHF0oiFNFvEbrnVabDH9eSqowQ60zSfz3+UFJek5yktXD+57znlQajUYDSUpkVru/gCT91wybpHQMm6R0DJukdAybpHQMm6R0DJukdAybpHQMm6R0DJukdAybpHQMm6R0DJukdAybpHQMm6R0DJukdAybpHQMm6R0DJukdAybpHQMm6R0DJukdAybpHQMm6R0DJukdAybpHQMm6R0DJukdAybpHQMm6R0utr9BSR1kEYDajX4+BF6eqC/H8bG4PVr+PChub23F5Yuhe5uOpFhk2ay0dESradP4fRpOHMGnjxp7l+1Cvbsgc2b4dmzEre5c2Hx4hK2TZtgxw5YtIhOUmk0ItGSZpxaDe7ehfPn4fhx+Pr1n187ezbs2lVCd/9+GdktW1YCt20bHDgA69bRKQybNBNHaLUaXLkCN27AqVMlVFOxejXMnw+zZsHatbByZZmODgzAkSMdM3JzKirNlKDduwfXr8Pz5/DoETx4ALduTT1qId4X8YqwffpUHnfuLNPUON727XQCwyZlV6vB5ctw4UIZrb15A69ewfv3UK///PE+fy5T07ioMDQEGzeWwMX2DuFyDyn7SG1oCG7eLOGJaWNsi/NpL19O75jfvpXH8fESzWvXSiS7uspFiBjVxWN8TptUqtWq59ikrMbHmyGbCFK9Tl+9zp8T/0/DIDBSqUD8xWhtzhxYsOD7F8W+2B77W6wSK1da/qmS2moA+OsX3v8HMEzn6qpWq+3+DpJaMWIbHy/b6nV64/kvjNh6KhWqE6O1WNcWz+fNK+feJovPiP0/bv+fudxDymx0tCzruHQJhofLObZ37+DxY7hzZ/pxW7ECliwpC3fXry93JOzeXda2TRaLfbdsKctEWsirolJm3d1lAW2c3I8roXFFNE7yx2LaOCd29erPH3PhQoiZ3oYNsHVrGanFMX9cwxZXXGPcFCO2FjNsUnb9/bB/fxk1xTq2iFxfXwlOrGOLUd1UJ24RsKNHy/vjlqoYtcXzL1/g7VtYvrxMTyNqL16U/fG6FnMqKs3EOw/GxkrYbt+Ggwebo6t/E8E6dw727v3+GBGumIrG7VkRtxDHiqgNDpawtphhk2a6ixfh0KHmAtvJSYiLAiGmrWfPwr59U49mG3/9w7BJgpEROHkSTpyAhw+b29esgWPH4PDhcsP7b8KwSWqKHMQFhvh5ovjNtZhOTozafiOGTVI63isqKR3DJikdwyYpHcMmKR3DJikdwyYpHcMmKR3DJikdwyYpHcMmKR3DJikdwyYpHcMmKR3DJikdwyYpHcMmKR3DJikdwyYpHcMmKR3DJikdwyYpHcMmKR3DJikdwyYpHcMmKR3DJikdwyYpHcMmiWz+BsBzN7FEbbkEAAAAAElFTkSuQmCC'}}]}]",Final Answer: 0.8
anthropic/claude-3.7-sonnet,sample_009,0.74045,0.74045,0.65,"[{'role': 'system', 'content': 'You are a helpful assistant.'}, {'role': 'user', 'content': [{'type': 'text', 'text': '\nYou are given both an image and a text-based representation of the same stimulus. \nIn both, a red dot appears on a horizontal line\nThe left end of the line corresponds to 0.0, and the right end to 1.0.\n\nText representation (the dot is marked as """"O""""):\n|.-- -~=-------- ---------O--------------|\n\n\nEstimate the horizontal position of the **center** of the red dot as a decimal number between 0 and 1.\nDo not explain. Only output the final answer as a number between 0 and 1:\nFinal Answer:\n'}, {'type': 'image_url', 'image_url': {'url': 'data:image/png;base64,iVBORw0KGgoAAAANSUhEUgAAATYAAABNCAYAAAAsLkgfAAAAOnRFWHRTb2Z0d2FyZQBNYXRwbG90bGliIHZlcnNpb24zLjEwLjMsIGh0dHBzOi8vbWF0cGxvdGxpYi5vcmcvZiW1igAAAAlwSFlzAAAPYQAAD2EBqD+naQAABJVJREFUeJzt3ElvTXEYx/HfbWtuUaQSFy1i0bSRsECQ2HkNYmNnx9LGOxCJROyFlYXY8AZ0YVFCDCExxFBjYqgp5h755XHShohSt72e8/0kTfW0vfda9Nvnf87/tFYURSEASKRlql8AAPxrhA1AOoQNQDqEDUA6hA1AOoQNQDqEDUA6hA1AOoQNQDqEDUA6hA1AOoQNQDqEDUA6hA1AOoQNQDqEDUA6hA1AOoQNQDqEDUA6hA1AOoQNQDqEDUA6hA1AOoQNQDqEDUA6hA1AOoQNQDqEDUA6hA1AOoQNQDptU/0CgKZVFNLz59Lbt1J7u7RwoVSrTfWrwjgQNlTbx4/Ss2fSp0/S9OlSR4f04IF0/Lh07Jh0797o165aJe3eLW3fLn35Mvo9ixZJM2b8/FjlcUy6WlH41xJQMY7QzZvS1avSu3fS3LnShw/SwEAEzXH6UTmtOVZ790pr18bHnZ3SkiXSo0fSy5fS58/S69fSnDlSf7+0ejWBm2SEDdXj5eWFC9KZM9LDh9LMmdLs2RG606djCfo7LS3SgQPSli0x4XmyW748Jr47d6RXr6ThYWnWLGnDBmnduljKYlIQNlRrSnPIBgely5elS5diCvPxoSHpxo3xRa3k5eahQ9KbN/FYmzdLX7/GxLZgQXzNkydSV5e0YoW0cSOT2yThHBuqM6V52Xn9unT+vHTtWgSpry+mL18g+NPf8V6u7t8v9fbGMvTp01iWbtoUj+nA+TnmzYtpcNkyaeXKRv0PMQZhQ36eyBw1T2s+ue8pysHxBYBbt2Jqc5T+xt27ccXUfK7Oj++orVkT59keP47P+bn8dY4cS9KGq9XrdZaiyM3LQ09XIyOjS0X/+/vnOkdGdGUCZ2T6azUNt7VJra3xuA6l3xw4H/PnfLz8mOVow/kyD2FDpXV78JrA9/dIGrMpBE2grV6vT/VrABrLU5q3cngq89Tk6ckf+31RqMPLxAlob21V3VNZOZmV0+C0aTGheXrz5/zcfi3lcTQMV0VRjXNsp05JFy/GnjJH5v792LPmc2s+5+ZzY38TOAfKG3e7u+PNy0xvzPW5tfXrY3/b/PlxBdXB89YQH2egaCguHiA/x8ZXKh0VX50sQ7NtW2yoPXdOun07LiT8KW/C9fTnScx6emJ7h5/DV0gduXJKdES9DcTH0FBMbKgOb8k4eza2fnhq82baxYtj6jp6VDpyZDRQ4+Fgbd0qLV0a05rfO2Z+zLF3Iph/zBw134nAVdGGI2yoll/dz+m7BQ4elA4fHt9+Np8327dP2rEjlpXePsK9o02DsAElh+jECWnXLun9+zg29sejvFfUt1+dPBlLWTQlwgb8yPd4+kZ43y7lc28lXyTYs0fauTM22qJpETbgV/yj8eJFLDN9Ps7nyPh7bP8FwgYgHf40OIB0CBuAdAgbgHQIG4B0CBuAdAgbgHQIG4B0CBuAdAgbgHQIG4B0CBuAdAgbgHQIG4B0CBuAdAgbgHQIG4B0CBuAdAgbgHQIG4B0CBuAdAgbgHQIG4B0CBuAdAgbgHQIG4B0CBuAdAgbgHQIGwBl8w2vMXCzyZNU9QAAAABJRU5ErkJggg=='}}]}, {'role': 'assistant', 'content': 'Final Answer: 0.6'}, {'role': 'user', 'content': [{'type': 'text', 'text': '\nYou are given both an image and a text-based representation of the same stimulus. \nIn both, a red dot appears on a horizontal line\nThe left end of the line corresponds to 0.0, and the right end to 1.0.\n\nText representation (the dot is marked as """"O""""):\n|--~---~----------------=--- =-----O-----|\n\n\nEstimate the horizontal position of the **center** of the red dot as a decimal number between 0 and 1.\nDo not explain. Only output the final answer as a number between 0 and 1:\nFinal Answer:\n'}, {'type': 'image_url', 'image_url': {'url': 'data:image/png;base64,iVBORw0KGgoAAAANSUhEUgAAATYAAABNCAYAAAAsLkgfAAAAOnRFWHRTb2Z0d2FyZQBNYXRwbG90bGliIHZlcnNpb24zLjEwLjMsIGh0dHBzOi8vbWF0cGxvdGxpYi5vcmcvZiW1igAAAAlwSFlzAAAPYQAAD2EBqD+naQAABNNJREFUeJzt3MtvjG0Yx/HfVNUhrSgNYkLfSARJbUScYmdHxEKsJNZi5/+w8ieItZWNtcTCQlCHhOCtQ5yps2L6vPm9lyczeDvTaWv6uvr9JE0P087M6pvrvp/7aaUoikIAkEjXbL8BAJhphA1AOoQNQDqEDUA6hA1AOoQNQDqEDUA6hA1AOoQNQDqEDUA6hA1AOoQNQDqEDUA6hA1AOoQNQDqEDUA6hA1AOoQNQDqEDUA6hA1AOoQNQDqEDUA6hA1AOoQNQDqEDUA6hA1AOoQNQDqEDUA6hA1AOoQNQDrds/0GAPyBxsak58+lp0+lr1+lNWuk1aulSqX++IsX0pcvUk+PNDAgLVjQsbdH2AC01hiqx4+l06elM2cibKXBQen4cWn/funBA+n16/pj/f3S0JC0fHlHolcpiqKY0WcE8Gcb+x6ed++k9+9jInv0SHIqLl+WTpyIKE1k/nzp8GFp716pt1dasiQi19cnrV8v3b5dj56f21PeunXSypU/Rm4aASRsAOpevpQuXZKuX4+p69Ur6dmzCMq3b9LZsxG4ydi2Tdq1S1q1Kqa1Dx+kri5p4cKI2Nu3ETm/zqJF0oYN0ooV8bt27drEU18LhA1AfUI6d066elV6+DD20BwdLz3Hx+Nzu7nYvr2+/7Z2bUxwW7ZEJIeHpY8fpaVLYzLbtCmev3FicwAdQ7++l72e+nbsaDm5cVUUQPBy01Hz8tAcHX98+hST3FRmoBs3pCdPYgl74UIsKx2q0dFY6i5bJnV/3+qv1SJkIyPS/fv1qJk/+3tPkI5gC1w8ABDK6cwTlCPnCcnx8eTUbE+tGe/R+Tm9/PRS1EvPjRvr8SynsXJvzt87cOVjjfy99+Mm8V4q1WqVpSgw142Px2T2+XPEw+Hxz4pC/UWh4Wk89VClotEyWvPmxYenNAesDJtf079Thqv8/mdewvpCgp+jCR86IWwAJjQo6W9N3V+SRtRZ3dVqtcMvCeB/pVaLCc3Tkye2cmLyz2o19U3z6XsrFVU9ZXlK85LUe3WeuPwansDMX/vnfg/lpObXL/f1Gh/7eYn6H7gqCsx19+5JV67E1cubN6Xz5yN23hu7eDH22Lw/Vu6FtcPB8vDkK5579ki7d8fxER8F8c+bnVWbxjk2Lh4Ac11PT3x2uHxGzIdlHRDHyOfKbt2S7t6Nq5vt8vk0P5+j6eMePpfmK6GOlPl1Jlo1NnusBY57AHPdwEAcfvVVUN8l4K/LDf2dO+M2qX37Wm7Y/8J/7wO6W7dGzN68iXNoPmT7m+8bZSkKQP+eUytP+vuOAJ8lc5g8ZTlGPljrqe3YsdjvapUN/61vqzpyJJaSPkriwG3e3JGb4QkbgF/3tMosOFCN+1u+M+HgwTi4a435KC8AeIP/6FHpwIGYANu4Y2CmEDYA7fFdA6dOSSdPSnfu/PjfPQ4diqXm4sUROOfFy9BJ3uM5UwgbgKlxOnyLk+9O8ETmgHlqm+X/xWaEDUA6XBUFkA5hA5AOYQOQDmEDkA5hA5AOYQOQDmEDkA5hA5AOYQOQDmEDkA5hA5AOYQOQDmEDkA5hA5AOYQOQDmEDkA5hA5AOYQOQDmEDkA5hA5AOYQOQDmEDkA5hA5AOYQOQDmEDkA5hA5AOYQOQDmEDoGz+AaQ5oOTiCrZ7AAAAAElFTkSuQmCC'}}]}, {'role': 'assistant', 'content': 'Final Answer: 0.85'}, {'role': 'user', 'content': [{'type': 'text', 'text': '\nYou are given both an image and a text-based representation of the same stimulus. \nIn both, a red dot appears on a horizontal line\nThe left end of the line corresponds to 0.0, and the right end to 1.0.\n\nText representation (the dot is marked as """"O""""):\n|--~----~-----------------~=---O----=----|\n\n\nEstimate the horizontal position of the **center** of the red dot as a decimal number between 0 and 1.\nDo not explain. Only output the final answer as a number between 0 and 1:\nFinal Answer:\n'}, {'type': 'image_url', 'image_url': {'url': 'data:image/png;base64,iVBORw0KGgoAAAANSUhEUgAAATYAAABNCAYAAAAsLkgfAAAAOnRFWHRTb2Z0d2FyZQBNYXRwbG90bGliIHZlcnNpb24zLjEwLjMsIGh0dHBzOi8vbWF0cGxvdGxpYi5vcmcvZiW1igAAAAlwSFlzAAAPYQAAD2EBqD+naQAABDBJREFUeJzt3LlrVGsYgPHnJHFPlFFBZdR7XQtJISIW6VSsxEqwE8FaLfwvbG209h+wFgQt3BAE8QqKqFz3BY3B3Why5OVjGC/IJYmCOW+eHwyzJDmTZh6+5Zyp6rqukaREev70PyBJv5thk5SOYZOUjmGTlI5hk5SOYZOUjmGTlI5hk5SOYZOUjmGTlI5hk5SOYZOUjmGTlI5hk5SOYZOUjmGTlI5hk5SOYZOUjmGTlI5hk5SOYZOUjmGTlI5hk5SOYZOUjmGTlI5hk5SOYZOUjmGTlI5hk5SOYZOUTt+f/gckTcGXL/DqFYyOwuzZsHQpzJkDdQ2vX8P799DfD0uWQFUx0xg2qWkiXDdvwsuX5fHICPT2wosXcPo03L/f/d116+DwYThwAObN+3kME6rqOhIvqTEjtStX4MkTePoU7tyBW7fg8mUYGyujs/qHj3RntDZ3Lhw9Cps2wadP8O1bGc0NDZWRXRzn40eYPx82boSFC2kywyY1SQTt0iV4/hyuXoUbN8ptIqoKdu2CbdtKwJ49KzGM6PX0QF9fieLy5bB7N2zYQFMZNqlJa2nv3sHFiyVq587B3bv/HaFNJG5DQ2WKOj4O16/DwED3tZiuxlR28WI4eLCxIzfX2KTpvpb25k33tbdv4do1uHABHj+eXNRC/H5EMY65YkUJ57Jl5bhxvPXrYe3aMr2N6enWrTSRp3tI01EEJ6IWI7R2G1atKtPG8+fLVPTRo7JWNhVfv8LwcFlni1Hb589lE+HDh/J+MSWNqWmsuTVU1W63nYpK001ELAIUu52hE6C4HxujNTrKP7+wijQIjMyaVUZwEbF4HNPUeL94Hu8d63DxegPFlolhkxrmL+DfX/j7v4EH5NXXjmGupOk9YovNg7jF8/FxBuJx/HyK+oF2bEbEiCympDFa64zY4hY7pTElbSh3RaXpfL5arHnF4v7t23D2LLRasGBBic+xYyV2k1VV5Zg7dsDKlSVusZGwenW5T3AeW3OTLGUWi/mDg2UDIc5d64ykYtE/TsuIwG3fDmfOTP7YrRZs3lyOv2ZNuY9z1hJdheCITWrKeWwRuBjFxfMYdcWu5cmTZUo60Y9xby/s31/OW9u5s+y4Jgpah2GTmiTON/vx8qeHD2HfvhK22DH9P1UFhw7Bnj2wZUu5pCopwyY1XUxH9+7tnndW/+Ra0bii4MSJMkpLfPF7h2GTMohv+Dh1Co4fh3v3uq/HetyRI+XbPRYtYqYwbFIm8XEeHi67qXENaFzzOQO/j82wSUrHa0UlpWPYJKVj2CSlY9gkpWPYJKVj2CSlY9gkpWPYJKVj2CSlY9gkpWPYJKVj2CSlY9gkpWPYJKVj2CSlY9gkpWPYJKVj2CSlY9gkpWPYJKVj2CSlY9gkpWPYJKVj2CSlY9gkpWPYJKVj2CSlY9gkkc1310VHXTWff9MAAAAASUVORK5CYII='}}]}, {'role': 'assistant', 'content': 'Final Answer: 0.75'}, {'role': 'user', 'content': [{'type': 'text', 'text': '\nYou are given both an image and a text-based representation of the same stimulus. \nIn both, a red dot appears on a horizontal line\nThe left end of the line corresponds to 0.0, and the right end to 1.0.\n\nText representation (the dot is marked as """"O""""):\n|------~----------=.------- -O-------- --|\n\n\nEstimate the horizontal position of the **center** of the red dot as a decimal number between 0 and 1.\nDo not explain. Only output the final answer as a number between 0 and 1:\nFinal Answer:\n'}, {'type': 'image_url', 'image_url': {'url': 'data:image/png;base64,iVBORw0KGgoAAAANSUhEUgAAATYAAABNCAYAAAAsLkgfAAAAOnRFWHRTb2Z0d2FyZQBNYXRwbG90bGliIHZlcnNpb24zLjEwLjMsIGh0dHBzOi8vbWF0cGxvdGxpYi5vcmcvZiW1igAAAAlwSFlzAAAPYQAAD2EBqD+naQAABIJJREFUeJzt3EtLlGEchvF7PKSVVlZENJhGFEVGFJSiRPtqKa6CvkEfplW0q12rgnbRKoLETUgtaqGYYFGaSueD+cbN4+u4KGpqxpH/e/1gmJM6Q+Dlc5pKWZZlAoBAmhr9BgCg1ggbgHAIG4BwCBuAcAgbgHAIG4BwCBuAcAgbgHAIG4BwCBuAcAgbgHAIG4BwCBuAcAgbgHAIG4BwCBuAcAgbgHAIG4BwCBuAcAgbgHAIG4BwCBuAcAgbgHAIG4BwCBuAcAgbgHAIG4BwCBuAcAgbgHAIG4BwWhr9BgCsyDLp7Vvpwwepo0PatUv69k2am0vXmzZJu3dLbW2NfqcbHmEDGuXr1xQtX+7ckW7elCYnK8+Xy9LgoHTypNTaKrW3S3v3psf27WvkO9/wSlnmPxMA1pVHZk+fSnfvSlevSt+///5rm5uloSHp6FFp82app0caGanELQ8ko7pVhA2ot7Xh8a+br8fGpNu300jtb5RK0sWLUne39OWLdOiQdP681NQkvXolffxY+dquLqmvL01lC4qwAfWM2evX0vPn0rt3ae3M9xcXpWfPpIcPU+j+lkdup0+nsHlq6hGcp6eOnm8fOJBitrAgdXZKAwOFHbkRNqBe08w3b6THj6Xp6TRFfP9e+vQp3ffFsauWg+XpqC957Lzu5sf375eOHJGOH08RPXMmrdMVEJsHQK1Hao6aI+ZRlUdnW7dKMzPS7GwaXfkxP/8v/H0/flSmtb546rljh7S0lDYf2tqkPXvS1xRUqVwuM2IDasXR8UaAR1K+duhseTk95yWwpSU9+Y+JUp+kRQfS/HO8zubXa2lJt5tW7nua6usC8r8OYQPWUY+kqf/4/l5JL2r4fiJqKRd0Dg7UfcTm215Ty6eMvp9l6lwZuf2rDh9xW/uAR2/5KM1aW9P019cFxeYBUEueeo6OprUwr33duyc9eJDue+3LGwq+eHHf09NqOWLeOPD6mUPm+zt3puMdDqpfY3hYunSpsDuixuYBUEuOiSPjDQRvFnin0uH5/DmdQfNtB8nPzc9X//MdNa+l5a+Vbx7ko7XeXqm/v9BRM8IG1JrPkvkMWX4o158QuH8/TQ09Zdy2TZqaSiO7akZtHp35aIcP4zpu+RGPY8ekLVtSKM+eTYd3C46wAfXgEVO+fu2wOUQvX0rbt0snTqRzbPbo0Z8P6eY7oBcupJj5uIjPxXn059dwKP3Y4cPSuXOFH60Za2zAeh7a9acCzCM5j7zGx6Vr1ypnztb+OuZB82js+nXp1Km0Nue1NJ+L8/d4iuv7/nwoH45fRdiA9fKrD6vbxIR065Z044b0Ys1BjoMHpStXpMuX00jvTz+LkdoqwgZsFP5V9DqZd1A95fRUMx+1oSqEDUA4/NfgAMIhbADCIWwAwiFsAMIhbADCIWwAwiFsAMIhbADCIWwAwiFsAMIhbADCIWwAwiFsAMIhbADCIWwAwiFsAMIhbADCIWwAwiFsAMIhbADCIWwAwiFsAMIhbADCIWwAwiFsAMIhbADCIWwAwiFsABTNT3roXHIAyEx4AAAAAElFTkSuQmCC'}}]}, {'role': 'assistant', 'content': 'Final Answer: 0.7'}, {'role': 'user', 'content': [{'type': 'text', 'text': '\nYou are given both an image and a text-based representation of the same stimulus. \nIn both, a red dot appears on a horizontal line\nThe left end of the line corresponds to 0.0, and the right end to 1.0.\n\nText representation (the dot is marked as """"O""""):\n|-- ------ --=- ----=-O------------------|\n\n\nEstimate the horizontal position of the **center** of the red dot as a decimal number between 0 and 1.\nDo not explain. Only output the final answer as a number between 0 and 1:\nFinal Answer:\n'}, {'type': 'image_url', 'image_url': {'url': 'data:image/png;base64,iVBORw0KGgoAAAANSUhEUgAAATYAAABNCAYAAAAsLkgfAAAAOnRFWHRTb2Z0d2FyZQBNYXRwbG90bGliIHZlcnNpb24zLjEwLjMsIGh0dHBzOi8vbWF0cGxvdGxpYi5vcmcvZiW1igAAAAlwSFlzAAAPYQAAD2EBqD+naQAABHBJREFUeJzt28tvTH8Yx/HP1FCXVhTRMJIiLCTduCysLOxspCthw1L8AeIf8BfY6bJrSwsSKwuREAu6Qht1i1u1LnGvIx+Pk9atVMmZeeb9Sk46nXbOjPx+3p7zPefUiqIoBACJdFT9AQDgXyNsANIhbADSIWwA0iFsANIhbADSIWwA0iFsANIhbADSIWwA0iFsANIhbADSIWwA0iFsANIhbADSIWwA0iFsANIhbADSIWwA0iFsANIhbADSIWwA0iFsANIhbADSIWwA0iFsANIhbADSIWwA0iFsANIhbADSqVf9AYA5eftWunlTmpyUVqyQtmyRFi+u+lOhyRA2NK9376SnT6X376U3b6TTp6VTp6QHD6Z/Z+1a6dAh6eBBafXq2Do7q/zUaAK1oiiKqj8E8EPMHj2SRkcjapcuRdD8+Fccs+PHpT17pP5+adWqb8O4aBHRayNMbGgOjpAPMa9ejYns7t2IkuN25crvX+94nTghTUxIT55IO3ZId+7E96Wenunole9J+FJiYkP1xsdjKjt7Vhobi/Wzhw/j+WfP5ravBQukgQFp69bY+vqkFy8iYs+fS+vWSbt3S69eScPDs4cPLYuwoVoOzrlz0oULMa29fh2HoZ7aZjv0nM3y5RG1XbuklSulDx+kZcsien6/vXsjbC9fSr29UkeH9OlTvG93d7yOya2lcbkHqnX/vnTtWpwc8OZDQsfnb6NmDtaNG9KZM3EY6++9LV0a7+Hp8PHj6aiZv/p7T4g+PEVLqzUaDSY2VKc84+mJyY9rNenjR/UUha7PY7f9kiYdq3o9Ymnetzfz9LZw4Y8vnJqK5/1ztCz/VyZsaDp9km7P4/UbJI39w8+D1lJvNBpVfwa0s/IQ9Ouk9mVimppS9zx32yWp4YnNk9fM6WvJkumpzV9n/szv7edYX2t5nDxAtetrFy/GmdCREenePenWrfjqxf358HqZ70rwYejGjXFCwetqvgxk+/b4mS8vKc+K+q+BTzRwVjQFrmNDdbym5vWsbdtikvLivgPj532blC/78BQ3V47Z5s2x+YyoJzDvy+t4jlYZL29cx5YSExuqndguX5a8HOKAOT6+1sxnLT1N+bnz5yNIf8qHkjt3RrwcKcfK/LirS9q3T9q06b/9kdAcmNhQHUfHF8X6+jEfOq5ZE885ZOvXR4h8GDk4GL//u3+DHbX9++MCXE+C3le5xuZLSDyhsabcFpjYUC3fXTDzDoByrctrYOVhqdfhjhyJi3fL3/meJ7Jjx6SjR+Pxz/bJ+lnbIGyo3p/cs+nD1KEh6eTJONFQ8i1Thw9LBw7EIWb5Ou4DbWuEDa3F/7v67gDfSeDbnzyJlZdvAF8RNgDpcK8ogHQIG4B0CBuAdAgbgHQIG4B0CBuAdAgbgHQIG4B0CBuAdAgbgHQIG4B0CBuAdAgbgHQIG4B0CBuAdAgbgHQIG4B0CBuAdAgbgHQIG4B0CBuAdAgbgHQIG4B0CBuAdAgbgHQIG4B0CBuAdAgbAGXzGahxa5hlk7orAAAAAElFTkSuQmCC'}}]}, {'role': 'assistant', 'content': 'Final Answer: 0.4'}, {'role': 'user', 'content': [{'type': 'text', 'text': '\nYou are given both an image and a text-based representation of the same stimulus. \nIn both, a red dot appears on a horizontal line\nThe left end of the line corresponds to 0.0, and the right end to 1.0.\n\nText representation (the dot is marked as """"O""""):\n|---- ---------.------O---------------.-~|\n\n\nEstimate the horizontal position of the **center** of the red dot as a decimal number between 0 and 1.\nDo not explain. Only output the final answer as a number between 0 and 1:\nFinal Answer:\n'}, {'type': 'image_url', 'image_url': {'url': 'data:image/png;base64,iVBORw0KGgoAAAANSUhEUgAAATYAAABNCAYAAAAsLkgfAAAAOnRFWHRTb2Z0d2FyZQBNYXRwbG90bGliIHZlcnNpb24zLjEwLjMsIGh0dHBzOi8vbWF0cGxvdGxpYi5vcmcvZiW1igAAAAlwSFlzAAAPYQAAD2EBqD+naQAABENJREFUeJzt3MlqFG0chfHTMc6J8wSNGhfiFHAAB3ApKrgSxJ14B96KeAm6cqEggmvRhaAoIiiOoEYUnOfZJC3HlyYi36e0Bqpy8vygMF0m3SWGJ/+3qjqNVqvVEgAE6ar6AABgtBE2AHEIG4A4hA1AHMIGIA5hAxCHsAGIQ9gAxCFsAOIQNgBxCBuAOIQNQBzCBiAOYQMQh7ABiEPYAMQhbADiEDYAcQgbgDiEDUAcwgYgDmEDEIewAYhD2ADEIWwA4hA2AHEIG4A4hA1AHMIGIA5hAxCnu+oDADrSakkvXkjv30sTJ5bH375JkyZJ8+ZJkydXfYSoAcKG+vvyRbpxQzp8WDp+XHr0aOTvFi2Stm+Xli+XZs6U1qyRNm6UZsyo8ohRsUar5R95QA29fStdvCgdOSIdPSoNDv7/506YUIK2cKG0erW0a1d5zAQ3LjGxoR4T2fPn0rt3ZYnZ01MenzkjnTghXb785+cYGpLOn5fWrSsfP3kivXkjrV9flqtfv7JcHUeY2FAtny+7dk168EAaGChh82R26VLZd+9eZ8/XaEg7dpS4LVkiTZ1alquOpZ/XE51j56UrgYtF2FDtpOYpy3F7+lT6/LlsJ09KN29KHz+WSatTjpm3adPKlLZggTRrVjkH5/B5avMydcMGAheKpSiq4+Xmq1clLB8+SNOnSxcuSC9flunqd+fUfufTp5Gvd+D8Ov7YU5snudu3peHhMhFu3lwCN3fuaP/rUKFGs9lkYkM1HBnfqmEOjxcPnuKGhjR7cFBX/+Gp+yW99nRm/tNbV1e5yGC+VcT7/NgbU1sU/88TNtTOUkn3/+Hr+yQNjOLxYGzpbjabVR8DxjNPaF4WevPU5glueFi9nua87y/1SGr+PKm1TyV3d5d97QnNj9sTXHuaw5jHxQPU56rorVvSuXPlQoLduTOyVO2Ew+WLBb295eKBA+lzeFOmSCtWSCtXSosXl5t4fUOvX2/TJokf8jEIG+p1H9v169Lp09KVK+X2j4cPO38+x2z+/HJBwFOYr656MvPW1yetXVsitmxZeW0HcMsWzrMFIWyo5zsOPLmdPSsdPNjZ1OZpzdOXJzLf1mG+GurIOXie5Pwt72nNoZszR+rv56poGMKG+vI05feG7t9fYvSnb1VHbc8e6cCBsrz0Mtfx8kTmG3MdsPa7GngnQjTChvo7dUrau7eEzv7rW9Yn//ftk3bvlnbuLPsI2LhF2DA23L0rHTokHTsmPX48st9LyG3bpK1bpVWruNkWPxA2jB2e2J49K8tMT2J+D6iXmvw+NvyCsAGIw68GBxCHsAGIQ9gAxCFsAOIQNgBxCBuAOIQNQBzCBiAOYQMQh7ABiEPYAMQhbADiEDYAcQgbgDiEDUAcwgYgDmEDEIewAYhD2ADEIWwA4hA2AHEIG4A4hA1AHMIGIA5hAxCHsAGIQ9gAxCFsAJTmO2SDQNow6FxCAAAAAElFTkSuQmCC'}}]}, {'role': 'assistant', 'content': 'Final Answer: 0.45'}, {'role': 'user', 'content': [{'type': 'text', 'text': '\nYou are given both an image and a text-based representation of the same stimulus. \nIn both, a red dot appears on a horizontal line\nThe left end of the line corresponds to 0.0, and the right end to 1.0.\n\nText representation (the dot is marked as """"O""""):\n|--- --- ------------O-------------=-=-- |\n\n\nEstimate the horizontal position of the **center** of the red dot as a decimal number between 0 and 1.\nDo not explain. Only output the final answer as a number between 0 and 1:\nFinal Answer:\n'}, {'type': 'image_url', 'image_url': {'url': 'data:image/png;base64,iVBORw0KGgoAAAANSUhEUgAAATYAAABNCAYAAAAsLkgfAAAAOnRFWHRTb2Z0d2FyZQBNYXRwbG90bGliIHZlcnNpb24zLjEwLjMsIGh0dHBzOi8vbWF0cGxvdGxpYi5vcmcvZiW1igAAAAlwSFlzAAAPYQAAD2EBqD+naQAABFJJREFUeJzt3NuLzH0cwPH3jHVsl9YhMdiNCG1cKHGDCzdKSQ7lyq1S/hM3/gT5FyQJcSERYZVT8jw5n4mcmafP832mpSfPM2ZmTfvp/aqtndm1+5ua3vs9/VTq9XodSUqk2u0LkKROM2yS0jFsktIxbJLSMWyS0jFsktIxbJLSMWyS0jFsktIxbJLSMWyS0jFsktIxbJLSMWyS0jFsktIxbJLSMWyS0jFsktIxbJLSMWyS0jFsktIxbJLSMWyS0jFsktIxbJLSMWyS0jFsktIxbJLSMWyS0unp9gVIP/j4EZ49g0+fYMIEmDkTJk7s9lVpjDFs6m68xo+HSgU+fy6PHzyAV69Gvre/H4aGYMaMbl6xxhjDpt/r+XO4ehXu3YMTJ+DwYXj8eOTrs2bBzp2wfn2J3p07JXjr1jlyU9Mq9Xq93vy3Sy2MzN68gbdvy9Ty5k24fBn274cPH+Bnb7+eHti6FZYsgXHjYMcOWLzYaaqaYtg0uiOz69fhwgV4+rQ8H5GLkVqzb7vVq2FgANauhYUL4datEsRJk2DZMlizxmmq/sWwaXRGaqdPw7lzcPIkPHxY1tEianfvNh+1hgULYP58qNVK0KpV+PatjNo2bIDt2x256QeusanzU8/hYThyBC5dgtu34evXMrWM6Wgrf0cjhrEO9/49bNpUIhY/M9bpjh+HVatg6dLReEUaozzHps5NPc+ehTNn4NixMv2MqL1+De/elZ3O+LwVEcOIZkxDr1wpPy/W3ebNg5cv4caNTr8ajXGVWq3mVFTti/A0RmOxuB+P4whHPFet0l+vM9zGqscQ8PchkAhaTEFjBBjid0yZApMnd+Z1KIVK/D3s9kUovwHgjzb+/SDwZwevR7n11GJBVmpHrHfFyClGU/F5jNgaB25jkb9Soa/NPapeoBYbEPERvyfOuIUYufX2luelf7grqvbdvw/nz5ddyy9fyo7oxYvlLoJr10rc4vlWNw8iZIODZXobsZwzB1asKB9btpTzbdJ33BVV++KgbNz6FDuXs2fDypUldo8ewdy5ZRQXQYuvv3jx6z9/+vRyR0KM0uIM28aNsHlzudVq6tTReEUa4xyxqbMHcmOXsvE47jJ48mTkboEYtZ06VULXrJhiRsCmTStn2OLA7t69JZjSTxg2jd7/zNHXVx7HObQ46hFxitjt2VOmp/+lsWa2a1eZ4sah3OXLy2jNqOl/GDb9fkePwrZt5Txa+P4t2AhaHN84dKiM0Lw3VL/IsKk74sDuwYNw4EA5yNuwaBHs2we7d5cRntQCw6buirdfbCjEfaQxdY2NAo9uqE2GTVI63isqKR3DJikdwyYpHcMmKR3DJikdwyYpHcMmKR3DJikdwyYpHcMmKR3DJikdwyYpHcMmKR3DJikdwyYpHcMmKR3DJikdwyYpHcMmKR3DJikdwyYpHcMmKR3DJikdwyYpHcMmKR3DJikdwyYpHcMmiWz+AoHRW3E6aNocAAAAAElFTkSuQmCC'}}]}, {'role': 'assistant', 'content': 'Final Answer: 0.5'}, {'role': 'user', 'content': [{'type': 'text', 'text': '\nYou are given both an image and a text-based representation of the same stimulus. \nIn both, a red dot appears on a horizontal line\nThe left end of the line corresponds to 0.0, and the right end to 1.0.\n\nText representation (the dot is marked as """"O""""):\n|---.-- ----------- ------------ -O---~--|\n\n\nEstimate the horizontal position of the **center** of the red dot as a decimal number between 0 and 1.\nDo not explain. Only output the final answer as a number between 0 and 1:\nFinal Answer:\n'}, {'type': 'image_url', 'image_url': {'url': 'data:image/png;base64,iVBORw0KGgoAAAANSUhEUgAAATYAAABNCAYAAAAsLkgfAAAAOnRFWHRTb2Z0d2FyZQBNYXRwbG90bGliIHZlcnNpb24zLjEwLjMsIGh0dHBzOi8vbWF0cGxvdGxpYi5vcmcvZiW1igAAAAlwSFlzAAAPYQAAD2EBqD+naQAABDdJREFUeJzt3EtrU2kcgPEnWq2XVqkVL0ToiIqKRUUU3LjyshIU/ACCG3d+F/0I4kYEQRDBhSAiIioVHF0oiFNFvEbrnVabDH9eSqowQ60zSfz3+UFJek5yktXD+57znlQajUYDSUpkVru/gCT91wybpHQMm6R0DJukdAybpHQMm6R0DJukdAybpHQMm6R0DJukdAybpHQMm6R0DJukdAybpHQMm6R0DJukdAybpHQMm6R0DJukdAybpHQMm6R0DJukdAybpHQMm6R0DJukdAybpHQMm6R0DJukdAybpHQMm6R0utr9BSR1kEYDajX4+BF6eqC/H8bG4PVr+PChub23F5Yuhe5uOpFhk2ay0dESradP4fRpOHMGnjxp7l+1Cvbsgc2b4dmzEre5c2Hx4hK2TZtgxw5YtIhOUmk0ItGSZpxaDe7ehfPn4fhx+Pr1n187ezbs2lVCd/9+GdktW1YCt20bHDgA69bRKQybNBNHaLUaXLkCN27AqVMlVFOxejXMnw+zZsHatbByZZmODgzAkSMdM3JzKirNlKDduwfXr8Pz5/DoETx4ALduTT1qId4X8YqwffpUHnfuLNPUON727XQCwyZlV6vB5ctw4UIZrb15A69ewfv3UK///PE+fy5T07ioMDQEGzeWwMX2DuFyDyn7SG1oCG7eLOGJaWNsi/NpL19O75jfvpXH8fESzWvXSiS7uspFiBjVxWN8TptUqtWq59ikrMbHmyGbCFK9Tl+9zp8T/0/DIDBSqUD8xWhtzhxYsOD7F8W+2B77W6wSK1da/qmS2moA+OsX3v8HMEzn6qpWq+3+DpJaMWIbHy/b6nV64/kvjNh6KhWqE6O1WNcWz+fNK+feJovPiP0/bv+fudxDymx0tCzruHQJhofLObZ37+DxY7hzZ/pxW7ECliwpC3fXry93JOzeXda2TRaLfbdsKctEWsirolJm3d1lAW2c3I8roXFFNE7yx2LaOCd29erPH3PhQoiZ3oYNsHVrGanFMX9cwxZXXGPcFCO2FjNsUnb9/bB/fxk1xTq2iFxfXwlOrGOLUd1UJ24RsKNHy/vjlqoYtcXzL1/g7VtYvrxMTyNqL16U/fG6FnMqKs3EOw/GxkrYbt+Ggwebo6t/E8E6dw727v3+GBGumIrG7VkRtxDHiqgNDpawtphhk2a6ixfh0KHmAtvJSYiLAiGmrWfPwr59U49mG3/9w7BJgpEROHkSTpyAhw+b29esgWPH4PDhcsP7b8KwSWqKHMQFhvh5ovjNtZhOTozafiOGTVI63isqKR3DJikdwyYpHcMmKR3DJikdwyYpHcMmKR3DJikdwyYpHcMmKR3DJikdwyYpHcMmKR3DJikdwyYpHcMmKR3DJikdwyYpHcMmKR3DJikdwyYpHcMmKR3DJikdwyYpHcMmKR3DJikdwyYpHcMmiWz+BsBzN7FEbbkEAAAAAElFTkSuQmCC'}}]}, {'role': 'assistant', 'content': 'Final Answer: 0.8'}, {'role': 'user', 'content': [{'type': 'text', 'text': '\nYou are given both an image and a text-based representation of the same stimulus. \nIn both, a red dot appears on a horizontal line\nThe left end of the line corresponds to 0.0, and the right end to 1.0.\n\nText representation (the dot is marked as """"O""""):\n|-~ --~-~-----------------.--O-----------|\n\n\nEstimate the horizontal position of the **center** of the red dot as a decimal number between 0 and 1.\nDo not explain. Only output the final answer as a number between 0 and 1:\nFinal Answer:\n'}, {'type': 'image_url', 'image_url': {'url': 'data:image/png;base64,iVBORw0KGgoAAAANSUhEUgAAATYAAABNCAYAAAAsLkgfAAAAOnRFWHRTb2Z0d2FyZQBNYXRwbG90bGliIHZlcnNpb24zLjEwLjMsIGh0dHBzOi8vbWF0cGxvdGxpYi5vcmcvZiW1igAAAAlwSFlzAAAPYQAAD2EBqD+naQAABERJREFUeJzt3E1vTGEYxvFrpkXQSlFtmASpthstYoGlNBUfwIJvYCGxtbDwBawsLS2b7nRl1x2JkIZEBPEuCNUgXqpm5MqdSUUiOmVm6j7/XzLpdDo5M5v+e5/zPNNSrVarCQASKbf7DQDAv0bYAKRD2ACkQ9gApEPYAKRD2ACkQ9gApEPYAKRD2ACkQ9gApEPYAKRD2ACkQ9gApEPYAKRD2ACkQ9gApEPYAKRD2ACkQ9gApEPYAKRD2ACkQ9gApEPYAKRD2ACkQ9gApEPYAKRD2ACkQ9gApEPYAKRD2ACk09nuNwDgJ7Wa9Pat9PGj1NUlbd4slUrtflf/HcIGtNPXr9KbN3GbnJQuXZKePFn8+dat0qlTcVu7Vnr+XHr1Kn7W3y9VKtKaNW17+ytVqVbznwgALefJ7PZt6coV6fx5aX7+9891vE6elDo7pU+fYrJbv14aGZGOHpW2bWvlO1/xCBvQ6unMAfP9mzel6Wnp4sUI1VLs2bM4pXmCK5cjbkeOSJs2SatXS729hZ/iCBvQyuns3Tvp/fu4f++edPmy9P17Y8dyuHzbtSumtrk5aWBAOnRIWlhYnOSGhgobOK6xAc3m6cwh+/BB2rIlrpN9+RKPNRo189TnxYVnz6S+vrg9fRrH8jW5hQXp/n3p4EFp//5YgCgYtnsAzeYQvX4dq5s3bkjXrkkvXkiPHi3/mNVqBNPHXbcuTmU9Cfo0d2AgJjW/huPp5xVMqVKpcCoKNNO3bzGh1e9Xq9pYreqW7y/TiKS5+jerVsW1Nn+1jo746oUGB8/X3eqPFYQ3yBA2oMV2SPqLeU07JT3+h+8nm86KV1gANIeve/n00KeOvu+v1aq6Pa35WtgydUmq1DfuelKrT20+frkcE5of82sWcWJjVRRooocPpZkZqbtbun5dunMnQueL+97usZy4OWhe+XTAtm+Xjh2TXr6UZmdjy8foqDQ8HNfW/LpeLS3Y6iirokAzeVqyDRsiMObtGf7eF/vv3m38mJ7EHKqeHmlsTNq9O+57S4lXQPv6YtXUkfO2j4JFzZjYgGby1HT1amz18EegHDPvX3PQ/NGoiYnGtnx4Sjt8WNq7VxoclA4ciJg5oJ7O/Drz84XfqEvYgFZuzjWHx4Hy9W1/8uDs2Vi9/NOvok9Bz52TxsfjWAU9zVwKwga0+uNUv05TU1PS8ePS58/x/c+/kvUFAj/3zBlp3774ef00s4Cbb5eCsAErga+7+T97XLggPXiw+Lg/NnX6tHTiROyB4zRzSQgbsJL419Grm75W5lNNT2b8P7aGETYA6fBZUQDpEDYA6RA2AOkQNgDpEDYA6RA2AOkQNgDpEDYA6RA2AOkQNgDpEDYA6RA2AOkQNgDpEDYA6RA2AOkQNgDpEDYA6RA2AOkQNgDpEDYA6RA2AOkQNgDpEDYA6RA2AOkQNgDpEDYA6RA2AOkQNgDK5gcW00CVbCY0GwAAAABJRU5ErkJggg=='}}]}]",Final Answer: 0.65
anthropic/claude-3.7-sonnet,sample_010,0.78323,0.78323,0.7,"[{'role': 'system', 'content': 'You are a helpful assistant.'}, {'role': 'user', 'content': [{'type': 'text', 'text': '\nYou are given both an image and a text-based representation of the same stimulus. \nIn both, a red dot appears on a horizontal line\nThe left end of the line corresponds to 0.0, and the right end to 1.0.\n\nText representation (the dot is marked as """"O""""):\n|.-- -~=-------- ---------O--------------|\n\n\nEstimate the horizontal position of the **center** of the red dot as a decimal number between 0 and 1.\nDo not explain. Only output the final answer as a number between 0 and 1:\nFinal Answer:\n'}, {'type': 'image_url', 'image_url': {'url': 'data:image/png;base64,iVBORw0KGgoAAAANSUhEUgAAATYAAABNCAYAAAAsLkgfAAAAOnRFWHRTb2Z0d2FyZQBNYXRwbG90bGliIHZlcnNpb24zLjEwLjMsIGh0dHBzOi8vbWF0cGxvdGxpYi5vcmcvZiW1igAAAAlwSFlzAAAPYQAAD2EBqD+naQAABJVJREFUeJzt3ElvTXEYx/HfbWtuUaQSFy1i0bSRsECQ2HkNYmNnx9LGOxCJROyFlYXY8AZ0YVFCDCExxFBjYqgp5h755XHShohSt72e8/0kTfW0vfda9Nvnf87/tFYURSEASKRlql8AAPxrhA1AOoQNQDqEDUA6hA1AOoQNQDqEDUA6hA1AOoQNQDqEDUA6hA1AOoQNQDqEDUA6hA1AOoQNQDqEDUA6hA1AOoQNQDqEDUA6hA1AOoQNQDqEDUA6hA1AOoQNQDqEDUA6hA1AOoQNQDqEDUA6hA1AOoQNQDptU/0CgKZVFNLz59Lbt1J7u7RwoVSrTfWrwjgQNlTbx4/Ss2fSp0/S9OlSR4f04IF0/Lh07Jh0797o165aJe3eLW3fLn35Mvo9ixZJM2b8/FjlcUy6WlH41xJQMY7QzZvS1avSu3fS3LnShw/SwEAEzXH6UTmtOVZ790pr18bHnZ3SkiXSo0fSy5fS58/S69fSnDlSf7+0ejWBm2SEDdXj5eWFC9KZM9LDh9LMmdLs2RG606djCfo7LS3SgQPSli0x4XmyW748Jr47d6RXr6ThYWnWLGnDBmnduljKYlIQNlRrSnPIBgely5elS5diCvPxoSHpxo3xRa3k5eahQ9KbN/FYmzdLX7/GxLZgQXzNkydSV5e0YoW0cSOT2yThHBuqM6V52Xn9unT+vHTtWgSpry+mL18g+NPf8V6u7t8v9fbGMvTp01iWbtoUj+nA+TnmzYtpcNkyaeXKRv0PMQZhQ36eyBw1T2s+ue8pysHxBYBbt2Jqc5T+xt27ccXUfK7Oj++orVkT59keP47P+bn8dY4cS9KGq9XrdZaiyM3LQ09XIyOjS0X/+/vnOkdGdGUCZ2T6azUNt7VJra3xuA6l3xw4H/PnfLz8mOVow/kyD2FDpXV78JrA9/dIGrMpBE2grV6vT/VrABrLU5q3cngq89Tk6ckf+31RqMPLxAlob21V3VNZOZmV0+C0aTGheXrz5/zcfi3lcTQMV0VRjXNsp05JFy/GnjJH5v792LPmc2s+5+ZzY38TOAfKG3e7u+PNy0xvzPW5tfXrY3/b/PlxBdXB89YQH2egaCguHiA/x8ZXKh0VX50sQ7NtW2yoPXdOun07LiT8KW/C9fTnScx6emJ7h5/DV0gduXJKdES9DcTH0FBMbKgOb8k4eza2fnhq82baxYtj6jp6VDpyZDRQ4+Fgbd0qLV0a05rfO2Z+zLF3Iph/zBw134nAVdGGI2yoll/dz+m7BQ4elA4fHt9+Np8327dP2rEjlpXePsK9o02DsAElh+jECWnXLun9+zg29sejvFfUt1+dPBlLWTQlwgb8yPd4+kZ43y7lc28lXyTYs0fauTM22qJpETbgV/yj8eJFLDN9Ps7nyPh7bP8FwgYgHf40OIB0CBuAdAgbgHQIG4B0CBuAdAgbgHQIG4B0CBuAdAgbgHQIG4B0CBuAdAgbgHQIG4B0CBuAdAgbgHQIG4B0CBuAdAgbgHQIG4B0CBuAdAgbgHQIG4B0CBuAdAgbgHQIG4B0CBuAdAgbgHQIGwBl8w2vMXCzyZNU9QAAAABJRU5ErkJggg=='}}]}, {'role': 'assistant', 'content': 'Final Answer: 0.6'}, {'role': 'user', 'content': [{'type': 'text', 'text': '\nYou are given both an image and a text-based representation of the same stimulus. \nIn both, a red dot appears on a horizontal line\nThe left end of the line corresponds to 0.0, and the right end to 1.0.\n\nText representation (the dot is marked as """"O""""):\n|--~---~----------------=--- =-----O-----|\n\n\nEstimate the horizontal position of the **center** of the red dot as a decimal number between 0 and 1.\nDo not explain. Only output the final answer as a number between 0 and 1:\nFinal Answer:\n'}, {'type': 'image_url', 'image_url': {'url': 'data:image/png;base64,iVBORw0KGgoAAAANSUhEUgAAATYAAABNCAYAAAAsLkgfAAAAOnRFWHRTb2Z0d2FyZQBNYXRwbG90bGliIHZlcnNpb24zLjEwLjMsIGh0dHBzOi8vbWF0cGxvdGxpYi5vcmcvZiW1igAAAAlwSFlzAAAPYQAAD2EBqD+naQAABNNJREFUeJzt3MtvjG0Yx/HfVNUhrSgNYkLfSARJbUScYmdHxEKsJNZi5/+w8ieItZWNtcTCQlCHhOCtQ5yps2L6vPm9lyczeDvTaWv6uvr9JE0P087M6pvrvp/7aaUoikIAkEjXbL8BAJhphA1AOoQNQDqEDUA6hA1AOoQNQDqEDUA6hA1AOoQNQDqEDUA6hA1AOoQNQDqEDUA6hA1AOoQNQDqEDUA6hA1AOoQNQDqEDUA6hA1AOoQNQDqEDUA6hA1AOoQNQDqEDUA6hA1AOoQNQDqEDUA6hA1AOoQNQDrds/0GAPyBxsak58+lp0+lr1+lNWuk1aulSqX++IsX0pcvUk+PNDAgLVjQsbdH2AC01hiqx4+l06elM2cibKXBQen4cWn/funBA+n16/pj/f3S0JC0fHlHolcpiqKY0WcE8Gcb+x6ed++k9+9jInv0SHIqLl+WTpyIKE1k/nzp8GFp716pt1dasiQi19cnrV8v3b5dj56f21PeunXSypU/Rm4aASRsAOpevpQuXZKuX4+p69Ur6dmzCMq3b9LZsxG4ydi2Tdq1S1q1Kqa1Dx+kri5p4cKI2Nu3ETm/zqJF0oYN0ooV8bt27drEU18LhA1AfUI6d066elV6+DD20BwdLz3Hx+Nzu7nYvr2+/7Z2bUxwW7ZEJIeHpY8fpaVLYzLbtCmev3FicwAdQ7++l72e+nbsaDm5cVUUQPBy01Hz8tAcHX98+hST3FRmoBs3pCdPYgl74UIsKx2q0dFY6i5bJnV/3+qv1SJkIyPS/fv1qJk/+3tPkI5gC1w8ABDK6cwTlCPnCcnx8eTUbE+tGe/R+Tm9/PRS1EvPjRvr8SynsXJvzt87cOVjjfy99+Mm8V4q1WqVpSgw142Px2T2+XPEw+Hxz4pC/UWh4Wk89VClotEyWvPmxYenNAesDJtf079Thqv8/mdewvpCgp+jCR86IWwAJjQo6W9N3V+SRtRZ3dVqtcMvCeB/pVaLCc3Tkye2cmLyz2o19U3z6XsrFVU9ZXlK85LUe3WeuPwansDMX/vnfg/lpObXL/f1Gh/7eYn6H7gqCsx19+5JV67E1cubN6Xz5yN23hu7eDH22Lw/Vu6FtcPB8vDkK5579ki7d8fxER8F8c+bnVWbxjk2Lh4Ac11PT3x2uHxGzIdlHRDHyOfKbt2S7t6Nq5vt8vk0P5+j6eMePpfmK6GOlPl1Jlo1NnusBY57AHPdwEAcfvVVUN8l4K/LDf2dO+M2qX37Wm7Y/8J/7wO6W7dGzN68iXNoPmT7m+8bZSkKQP+eUytP+vuOAJ8lc5g8ZTlGPljrqe3YsdjvapUN/61vqzpyJJaSPkriwG3e3JGb4QkbgF/3tMosOFCN+1u+M+HgwTi4a435KC8AeIP/6FHpwIGYANu4Y2CmEDYA7fFdA6dOSSdPSnfu/PjfPQ4diqXm4sUROOfFy9BJ3uM5UwgbgKlxOnyLk+9O8ETmgHlqm+X/xWaEDUA6XBUFkA5hA5AOYQOQDmEDkA5hA5AOYQOQDmEDkA5hA5AOYQOQDmEDkA5hA5AOYQOQDmEDkA5hA5AOYQOQDmEDkA5hA5AOYQOQDmEDkA5hA5AOYQOQDmEDkA5hA5AOYQOQDmEDkA5hA5AOYQOQDmEDoGz+AaQ5oOTiCrZ7AAAAAElFTkSuQmCC'}}]}, {'role': 'assistant', 'content': 'Final Answer: 0.85'}, {'role': 'user', 'content': [{'type': 'text', 'text': '\nYou are given both an image and a text-based representation of the same stimulus. \nIn both, a red dot appears on a horizontal line\nThe left end of the line corresponds to 0.0, and the right end to 1.0.\n\nText representation (the dot is marked as """"O""""):\n|--~----~-----------------~=---O----=----|\n\n\nEstimate the horizontal position of the **center** of the red dot as a decimal number between 0 and 1.\nDo not explain. Only output the final answer as a number between 0 and 1:\nFinal Answer:\n'}, {'type': 'image_url', 'image_url': {'url': 'data:image/png;base64,iVBORw0KGgoAAAANSUhEUgAAATYAAABNCAYAAAAsLkgfAAAAOnRFWHRTb2Z0d2FyZQBNYXRwbG90bGliIHZlcnNpb24zLjEwLjMsIGh0dHBzOi8vbWF0cGxvdGxpYi5vcmcvZiW1igAAAAlwSFlzAAAPYQAAD2EBqD+naQAABDBJREFUeJzt3LlrVGsYgPHnJHFPlFFBZdR7XQtJISIW6VSsxEqwE8FaLfwvbG209h+wFgQt3BAE8QqKqFz3BY3B3Why5OVjGC/IJYmCOW+eHwyzJDmTZh6+5Zyp6rqukaREev70PyBJv5thk5SOYZOUjmGTlI5hk5SOYZOUjmGTlI5hk5SOYZOUjmGTlI5hk5SOYZOUjmGTlI5hk5SOYZOUjmGTlI5hk5SOYZOUjmGTlI5hk5SOYZOUjmGTlI5hk5SOYZOUjmGTlI5hk5SOYZOUjmGTlI5hk5SOYZOUTt+f/gckTcGXL/DqFYyOwuzZsHQpzJkDdQ2vX8P799DfD0uWQFUx0xg2qWkiXDdvwsuX5fHICPT2wosXcPo03L/f/d116+DwYThwAObN+3kME6rqOhIvqTEjtStX4MkTePoU7tyBW7fg8mUYGyujs/qHj3RntDZ3Lhw9Cps2wadP8O1bGc0NDZWRXRzn40eYPx82boSFC2kywyY1SQTt0iV4/hyuXoUbN8ptIqoKdu2CbdtKwJ49KzGM6PX0QF9fieLy5bB7N2zYQFMZNqlJa2nv3sHFiyVq587B3bv/HaFNJG5DQ2WKOj4O16/DwED3tZiuxlR28WI4eLCxIzfX2KTpvpb25k33tbdv4do1uHABHj+eXNRC/H5EMY65YkUJ57Jl5bhxvPXrYe3aMr2N6enWrTSRp3tI01EEJ6IWI7R2G1atKtPG8+fLVPTRo7JWNhVfv8LwcFlni1Hb589lE+HDh/J+MSWNqWmsuTVU1W63nYpK001ELAIUu52hE6C4HxujNTrKP7+wijQIjMyaVUZwEbF4HNPUeL94Hu8d63DxegPFlolhkxrmL+DfX/j7v4EH5NXXjmGupOk9YovNg7jF8/FxBuJx/HyK+oF2bEbEiCympDFa64zY4hY7pTElbSh3RaXpfL5arHnF4v7t23D2LLRasGBBic+xYyV2k1VV5Zg7dsDKlSVusZGwenW5T3AeW3OTLGUWi/mDg2UDIc5d64ykYtE/TsuIwG3fDmfOTP7YrRZs3lyOv2ZNuY9z1hJdheCITWrKeWwRuBjFxfMYdcWu5cmTZUo60Y9xby/s31/OW9u5s+y4Jgpah2GTmiTON/vx8qeHD2HfvhK22DH9P1UFhw7Bnj2wZUu5pCopwyY1XUxH9+7tnndW/+Ra0bii4MSJMkpLfPF7h2GTMohv+Dh1Co4fh3v3uq/HetyRI+XbPRYtYqYwbFIm8XEeHi67qXENaFzzOQO/j82wSUrHa0UlpWPYJKVj2CSlY9gkpWPYJKVj2CSlY9gkpWPYJKVj2CSlY9gkpWPYJKVj2CSlY9gkpWPYJKVj2CSlY9gkpWPYJKVj2CSlY9gkpWPYJKVj2CSlY9gkpWPYJKVj2CSlY9gkpWPYJKVj2CSlY9gkkc1310VHXTWff9MAAAAASUVORK5CYII='}}]}, {'role': 'assistant', 'content': 'Final Answer: 0.75'}, {'role': 'user', 'content': [{'type': 'text', 'text': '\nYou are given both an image and a text-based representation of the same stimulus. \nIn both, a red dot appears on a horizontal line\nThe left end of the line corresponds to 0.0, and the right end to 1.0.\n\nText representation (the dot is marked as """"O""""):\n|------~----------=.------- -O-------- --|\n\n\nEstimate the horizontal position of the **center** of the red dot as a decimal number between 0 and 1.\nDo not explain. Only output the final answer as a number between 0 and 1:\nFinal Answer:\n'}, {'type': 'image_url', 'image_url': {'url': 'data:image/png;base64,iVBORw0KGgoAAAANSUhEUgAAATYAAABNCAYAAAAsLkgfAAAAOnRFWHRTb2Z0d2FyZQBNYXRwbG90bGliIHZlcnNpb24zLjEwLjMsIGh0dHBzOi8vbWF0cGxvdGxpYi5vcmcvZiW1igAAAAlwSFlzAAAPYQAAD2EBqD+naQAABIJJREFUeJzt3EtLlGEchvF7PKSVVlZENJhGFEVGFJSiRPtqKa6CvkEfplW0q12rgnbRKoLETUgtaqGYYFGaSueD+cbN4+u4KGpqxpH/e/1gmJM6Q+Dlc5pKWZZlAoBAmhr9BgCg1ggbgHAIG4BwCBuAcAgbgHAIG4BwCBuAcAgbgHAIG4BwCBuAcAgbgHAIG4BwCBuAcAgbgHAIG4BwCBuAcAgbgHAIG4BwCBuAcAgbgHAIG4BwCBuAcAgbgHAIG4BwCBuAcAgbgHAIG4BwCBuAcAgbgHAIG4BwWhr9BgCsyDLp7Vvpwwepo0PatUv69k2am0vXmzZJu3dLbW2NfqcbHmEDGuXr1xQtX+7ckW7elCYnK8+Xy9LgoHTypNTaKrW3S3v3psf27WvkO9/wSlnmPxMA1pVHZk+fSnfvSlevSt+///5rm5uloSHp6FFp82app0caGanELQ8ko7pVhA2ot7Xh8a+br8fGpNu300jtb5RK0sWLUne39OWLdOiQdP681NQkvXolffxY+dquLqmvL01lC4qwAfWM2evX0vPn0rt3ae3M9xcXpWfPpIcPU+j+lkdup0+nsHlq6hGcp6eOnm8fOJBitrAgdXZKAwOFHbkRNqBe08w3b6THj6Xp6TRFfP9e+vQp3ffFsauWg+XpqC957Lzu5sf375eOHJGOH08RPXMmrdMVEJsHQK1Hao6aI+ZRlUdnW7dKMzPS7GwaXfkxP/8v/H0/flSmtb546rljh7S0lDYf2tqkPXvS1xRUqVwuM2IDasXR8UaAR1K+duhseTk95yWwpSU9+Y+JUp+kRQfS/HO8zubXa2lJt5tW7nua6usC8r8OYQPWUY+kqf/4/l5JL2r4fiJqKRd0Dg7UfcTm215Ty6eMvp9l6lwZuf2rDh9xW/uAR2/5KM1aW9P019cFxeYBUEueeo6OprUwr33duyc9eJDue+3LGwq+eHHf09NqOWLeOPD6mUPm+zt3puMdDqpfY3hYunSpsDuixuYBUEuOiSPjDQRvFnin0uH5/DmdQfNtB8nPzc9X//MdNa+l5a+Vbx7ko7XeXqm/v9BRM8IG1JrPkvkMWX4o158QuH8/TQ09Zdy2TZqaSiO7akZtHp35aIcP4zpu+RGPY8ekLVtSKM+eTYd3C46wAfXgEVO+fu2wOUQvX0rbt0snTqRzbPbo0Z8P6eY7oBcupJj5uIjPxXn059dwKP3Y4cPSuXOFH60Za2zAeh7a9acCzCM5j7zGx6Vr1ypnztb+OuZB82js+nXp1Km0Nue1NJ+L8/d4iuv7/nwoH45fRdiA9fKrD6vbxIR065Z044b0Ys1BjoMHpStXpMuX00jvTz+LkdoqwgZsFP5V9DqZd1A95fRUMx+1oSqEDUA4/NfgAMIhbADCIWwAwiFsAMIhbADCIWwAwiFsAMIhbADCIWwAwiFsAMIhbADCIWwAwiFsAMIhbADCIWwAwiFsAMIhbADCIWwAwiFsAMIhbADCIWwAwiFsAMIhbADCIWwAwiFsAMIhbADCIWwAwiFsABTNT3roXHIAyEx4AAAAAElFTkSuQmCC'}}]}, {'role': 'assistant', 'content': 'Final Answer: 0.7'}, {'role': 'user', 'content': [{'type': 'text', 'text': '\nYou are given both an image and a text-based representation of the same stimulus. \nIn both, a red dot appears on a horizontal line\nThe left end of the line corresponds to 0.0, and the right end to 1.0.\n\nText representation (the dot is marked as """"O""""):\n|-- ------ --=- ----=-O------------------|\n\n\nEstimate the horizontal position of the **center** of the red dot as a decimal number between 0 and 1.\nDo not explain. Only output the final answer as a number between 0 and 1:\nFinal Answer:\n'}, {'type': 'image_url', 'image_url': {'url': 'data:image/png;base64,iVBORw0KGgoAAAANSUhEUgAAATYAAABNCAYAAAAsLkgfAAAAOnRFWHRTb2Z0d2FyZQBNYXRwbG90bGliIHZlcnNpb24zLjEwLjMsIGh0dHBzOi8vbWF0cGxvdGxpYi5vcmcvZiW1igAAAAlwSFlzAAAPYQAAD2EBqD+naQAABHBJREFUeJzt28tvTH8Yx/HP1FCXVhTRMJIiLCTduCysLOxspCthw1L8AeIf8BfY6bJrSwsSKwuREAu6Qht1i1u1LnGvIx+Pk9atVMmZeeb9Sk46nXbOjPx+3p7zPefUiqIoBACJdFT9AQDgXyNsANIhbADSIWwA0iFsANIhbADSIWwA0iFsANIhbADSIWwA0iFsANIhbADSIWwA0iFsANIhbADSIWwA0iFsANIhbADSIWwA0iFsANIhbADSIWwA0iFsANIhbADSIWwA0iFsANIhbADSIWwA0iFsANIhbADSqVf9AYA5eftWunlTmpyUVqyQtmyRFi+u+lOhyRA2NK9376SnT6X376U3b6TTp6VTp6QHD6Z/Z+1a6dAh6eBBafXq2Do7q/zUaAK1oiiKqj8E8EPMHj2SRkcjapcuRdD8+Fccs+PHpT17pP5+adWqb8O4aBHRayNMbGgOjpAPMa9ejYns7t2IkuN25crvX+94nTghTUxIT55IO3ZId+7E96Wenunole9J+FJiYkP1xsdjKjt7Vhobi/Wzhw/j+WfP5ravBQukgQFp69bY+vqkFy8iYs+fS+vWSbt3S69eScPDs4cPLYuwoVoOzrlz0oULMa29fh2HoZ7aZjv0nM3y5RG1XbuklSulDx+kZcsien6/vXsjbC9fSr29UkeH9OlTvG93d7yOya2lcbkHqnX/vnTtWpwc8OZDQsfnb6NmDtaNG9KZM3EY6++9LV0a7+Hp8PHj6aiZv/p7T4g+PEVLqzUaDSY2VKc84+mJyY9rNenjR/UUha7PY7f9kiYdq3o9Ymnetzfz9LZw4Y8vnJqK5/1ztCz/VyZsaDp9km7P4/UbJI39w8+D1lJvNBpVfwa0s/IQ9Ouk9mVimppS9zx32yWp4YnNk9fM6WvJkumpzV9n/szv7edYX2t5nDxAtetrFy/GmdCREenePenWrfjqxf358HqZ70rwYejGjXFCwetqvgxk+/b4mS8vKc+K+q+BTzRwVjQFrmNDdbym5vWsbdtikvLivgPj532blC/78BQ3V47Z5s2x+YyoJzDvy+t4jlYZL29cx5YSExuqndguX5a8HOKAOT6+1sxnLT1N+bnz5yNIf8qHkjt3RrwcKcfK/LirS9q3T9q06b/9kdAcmNhQHUfHF8X6+jEfOq5ZE885ZOvXR4h8GDk4GL//u3+DHbX9++MCXE+C3le5xuZLSDyhsabcFpjYUC3fXTDzDoByrctrYOVhqdfhjhyJi3fL3/meJ7Jjx6SjR+Pxz/bJ+lnbIGyo3p/cs+nD1KEh6eTJONFQ8i1Thw9LBw7EIWb5Ou4DbWuEDa3F/7v67gDfSeDbnzyJlZdvAF8RNgDpcK8ogHQIG4B0CBuAdAgbgHQIG4B0CBuAdAgbgHQIG4B0CBuAdAgbgHQIG4B0CBuAdAgbgHQIG4B0CBuAdAgbgHQIG4B0CBuAdAgbgHQIG4B0CBuAdAgbgHQIG4B0CBuAdAgbgHQIG4B0CBuAdAgbAGXzGahxa5hlk7orAAAAAElFTkSuQmCC'}}]}, {'role': 'assistant', 'content': 'Final Answer: 0.4'}, {'role': 'user', 'content': [{'type': 'text', 'text': '\nYou are given both an image and a text-based representation of the same stimulus. \nIn both, a red dot appears on a horizontal line\nThe left end of the line corresponds to 0.0, and the right end to 1.0.\n\nText representation (the dot is marked as """"O""""):\n|---- ---------.------O---------------.-~|\n\n\nEstimate the horizontal position of the **center** of the red dot as a decimal number between 0 and 1.\nDo not explain. Only output the final answer as a number between 0 and 1:\nFinal Answer:\n'}, {'type': 'image_url', 'image_url': {'url': 'data:image/png;base64,iVBORw0KGgoAAAANSUhEUgAAATYAAABNCAYAAAAsLkgfAAAAOnRFWHRTb2Z0d2FyZQBNYXRwbG90bGliIHZlcnNpb24zLjEwLjMsIGh0dHBzOi8vbWF0cGxvdGxpYi5vcmcvZiW1igAAAAlwSFlzAAAPYQAAD2EBqD+naQAABENJREFUeJzt3MlqFG0chfHTMc6J8wSNGhfiFHAAB3ApKrgSxJ14B96KeAm6cqEggmvRhaAoIiiOoEYUnOfZJC3HlyYi36e0Bqpy8vygMF0m3SWGJ/+3qjqNVqvVEgAE6ar6AABgtBE2AHEIG4A4hA1AHMIGIA5hAxCHsAGIQ9gAxCFsAOIQNgBxCBuAOIQNQBzCBiAOYQMQh7ABiEPYAMQhbADiEDYAcQgbgDiEDUAcwgYgDmEDEIewAYhD2ADEIWwA4hA2AHEIG4A4hA1AHMIGIA5hAxCnu+oDADrSakkvXkjv30sTJ5bH375JkyZJ8+ZJkydXfYSoAcKG+vvyRbpxQzp8WDp+XHr0aOTvFi2Stm+Xli+XZs6U1qyRNm6UZsyo8ohRsUar5R95QA29fStdvCgdOSIdPSoNDv7/506YUIK2cKG0erW0a1d5zAQ3LjGxoR4T2fPn0rt3ZYnZ01MenzkjnTghXb785+cYGpLOn5fWrSsfP3kivXkjrV9flqtfv7JcHUeY2FAtny+7dk168EAaGChh82R26VLZd+9eZ8/XaEg7dpS4LVkiTZ1alquOpZ/XE51j56UrgYtF2FDtpOYpy3F7+lT6/LlsJ09KN29KHz+WSatTjpm3adPKlLZggTRrVjkH5/B5avMydcMGAheKpSiq4+Xmq1clLB8+SNOnSxcuSC9flunqd+fUfufTp5Gvd+D8Ov7YU5snudu3peHhMhFu3lwCN3fuaP/rUKFGs9lkYkM1HBnfqmEOjxcPnuKGhjR7cFBX/+Gp+yW99nRm/tNbV1e5yGC+VcT7/NgbU1sU/88TNtTOUkn3/+Hr+yQNjOLxYGzpbjabVR8DxjNPaF4WevPU5glueFi9nua87y/1SGr+PKm1TyV3d5d97QnNj9sTXHuaw5jHxQPU56rorVvSuXPlQoLduTOyVO2Ew+WLBb295eKBA+lzeFOmSCtWSCtXSosXl5t4fUOvX2/TJokf8jEIG+p1H9v169Lp09KVK+X2j4cPO38+x2z+/HJBwFOYr656MvPW1yetXVsitmxZeW0HcMsWzrMFIWyo5zsOPLmdPSsdPNjZ1OZpzdOXJzLf1mG+GurIOXie5Pwt72nNoZszR+rv56poGMKG+vI05feG7t9fYvSnb1VHbc8e6cCBsrz0Mtfx8kTmG3MdsPa7GngnQjTChvo7dUrau7eEzv7rW9Yn//ftk3bvlnbuLPsI2LhF2DA23L0rHTokHTsmPX48st9LyG3bpK1bpVWruNkWPxA2jB2e2J49K8tMT2J+D6iXmvw+NvyCsAGIw68GBxCHsAGIQ9gAxCFsAOIQNgBxCBuAOIQNQBzCBiAOYQMQh7ABiEPYAMQhbADiEDYAcQgbgDiEDUAcwgYgDmEDEIewAYhD2ADEIWwA4hA2AHEIG4A4hA1AHMIGIA5hAxCHsAGIQ9gAxCFsAJTmO2SDQNow6FxCAAAAAElFTkSuQmCC'}}]}, {'role': 'assistant', 'content': 'Final Answer: 0.45'}, {'role': 'user', 'content': [{'type': 'text', 'text': '\nYou are given both an image and a text-based representation of the same stimulus. \nIn both, a red dot appears on a horizontal line\nThe left end of the line corresponds to 0.0, and the right end to 1.0.\n\nText representation (the dot is marked as """"O""""):\n|--- --- ------------O-------------=-=-- |\n\n\nEstimate the horizontal position of the **center** of the red dot as a decimal number between 0 and 1.\nDo not explain. Only output the final answer as a number between 0 and 1:\nFinal Answer:\n'}, {'type': 'image_url', 'image_url': {'url': 'data:image/png;base64,iVBORw0KGgoAAAANSUhEUgAAATYAAABNCAYAAAAsLkgfAAAAOnRFWHRTb2Z0d2FyZQBNYXRwbG90bGliIHZlcnNpb24zLjEwLjMsIGh0dHBzOi8vbWF0cGxvdGxpYi5vcmcvZiW1igAAAAlwSFlzAAAPYQAAD2EBqD+naQAABFJJREFUeJzt3NuLzH0cwPH3jHVsl9YhMdiNCG1cKHGDCzdKSQ7lyq1S/hM3/gT5FyQJcSERYZVT8jw5n4mcmafP832mpSfPM2ZmTfvp/aqtndm1+5ua3vs9/VTq9XodSUqk2u0LkKROM2yS0jFsktIxbJLSMWyS0jFsktIxbJLSMWyS0jFsktIxbJLSMWyS0jFsktIxbJLSMWyS0jFsktIxbJLSMWyS0jFsktIxbJLSMWyS0jFsktIxbJLSMWyS0jFsktIxbJLSMWyS0jFsktIxbJLSMWyS0unp9gVIP/j4EZ49g0+fYMIEmDkTJk7s9lVpjDFs6m68xo+HSgU+fy6PHzyAV69Gvre/H4aGYMaMbl6xxhjDpt/r+XO4ehXu3YMTJ+DwYXj8eOTrs2bBzp2wfn2J3p07JXjr1jlyU9Mq9Xq93vy3Sy2MzN68gbdvy9Ty5k24fBn274cPH+Bnb7+eHti6FZYsgXHjYMcOWLzYaaqaYtg0uiOz69fhwgV4+rQ8H5GLkVqzb7vVq2FgANauhYUL4datEsRJk2DZMlizxmmq/sWwaXRGaqdPw7lzcPIkPHxY1tEianfvNh+1hgULYP58qNVK0KpV+PatjNo2bIDt2x256QeusanzU8/hYThyBC5dgtu34evXMrWM6Wgrf0cjhrEO9/49bNpUIhY/M9bpjh+HVatg6dLReEUaozzHps5NPc+ehTNn4NixMv2MqL1+De/elZ3O+LwVEcOIZkxDr1wpPy/W3ebNg5cv4caNTr8ajXGVWq3mVFTti/A0RmOxuB+P4whHPFet0l+vM9zGqscQ8PchkAhaTEFjBBjid0yZApMnd+Z1KIVK/D3s9kUovwHgjzb+/SDwZwevR7n11GJBVmpHrHfFyClGU/F5jNgaB25jkb9Soa/NPapeoBYbEPERvyfOuIUYufX2luelf7grqvbdvw/nz5ddyy9fyo7oxYvlLoJr10rc4vlWNw8iZIODZXobsZwzB1asKB9btpTzbdJ33BVV++KgbNz6FDuXs2fDypUldo8ewdy5ZRQXQYuvv3jx6z9/+vRyR0KM0uIM28aNsHlzudVq6tTReEUa4xyxqbMHcmOXsvE47jJ48mTkboEYtZ06VULXrJhiRsCmTStn2OLA7t69JZjSTxg2jd7/zNHXVx7HObQ46hFxitjt2VOmp/+lsWa2a1eZ4sah3OXLy2jNqOl/GDb9fkePwrZt5Txa+P4t2AhaHN84dKiM0Lw3VL/IsKk74sDuwYNw4EA5yNuwaBHs2we7d5cRntQCw6buirdfbCjEfaQxdY2NAo9uqE2GTVI63isqKR3DJikdwyYpHcMmKR3DJikdwyYpHcMmKR3DJikdwyYpHcMmKR3DJikdwyYpHcMmKR3DJikdwyYpHcMmKR3DJikdwyYpHcMmKR3DJikdwyYpHcMmKR3DJikdwyYpHcMmKR3DJikdwyYpHcMmiWz+AoHRW3E6aNocAAAAAElFTkSuQmCC'}}]}, {'role': 'assistant', 'content': 'Final Answer: 0.5'}, {'role': 'user', 'content': [{'type': 'text', 'text': '\nYou are given both an image and a text-based representation of the same stimulus. \nIn both, a red dot appears on a horizontal line\nThe left end of the line corresponds to 0.0, and the right end to 1.0.\n\nText representation (the dot is marked as """"O""""):\n|---.-- ----------- ------------ -O---~--|\n\n\nEstimate the horizontal position of the **center** of the red dot as a decimal number between 0 and 1.\nDo not explain. Only output the final answer as a number between 0 and 1:\nFinal Answer:\n'}, {'type': 'image_url', 'image_url': {'url': 'data:image/png;base64,iVBORw0KGgoAAAANSUhEUgAAATYAAABNCAYAAAAsLkgfAAAAOnRFWHRTb2Z0d2FyZQBNYXRwbG90bGliIHZlcnNpb24zLjEwLjMsIGh0dHBzOi8vbWF0cGxvdGxpYi5vcmcvZiW1igAAAAlwSFlzAAAPYQAAD2EBqD+naQAABDdJREFUeJzt3EtrU2kcgPEnWq2XVqkVL0ToiIqKRUUU3LjyshIU/ACCG3d+F/0I4kYEQRDBhSAiIioVHF0oiFNFvEbrnVabDH9eSqowQ60zSfz3+UFJek5yktXD+57znlQajUYDSUpkVru/gCT91wybpHQMm6R0DJukdAybpHQMm6R0DJukdAybpHQMm6R0DJukdAybpHQMm6R0DJukdAybpHQMm6R0DJukdAybpHQMm6R0DJukdAybpHQMm6R0DJukdAybpHQMm6R0DJukdAybpHQMm6R0DJukdAybpHQMm6R0utr9BSR1kEYDajX4+BF6eqC/H8bG4PVr+PChub23F5Yuhe5uOpFhk2ay0dESradP4fRpOHMGnjxp7l+1Cvbsgc2b4dmzEre5c2Hx4hK2TZtgxw5YtIhOUmk0ItGSZpxaDe7ehfPn4fhx+Pr1n187ezbs2lVCd/9+GdktW1YCt20bHDgA69bRKQybNBNHaLUaXLkCN27AqVMlVFOxejXMnw+zZsHatbByZZmODgzAkSMdM3JzKirNlKDduwfXr8Pz5/DoETx4ALduTT1qId4X8YqwffpUHnfuLNPUON727XQCwyZlV6vB5ctw4UIZrb15A69ewfv3UK///PE+fy5T07ioMDQEGzeWwMX2DuFyDyn7SG1oCG7eLOGJaWNsi/NpL19O75jfvpXH8fESzWvXSiS7uspFiBjVxWN8TptUqtWq59ikrMbHmyGbCFK9Tl+9zp8T/0/DIDBSqUD8xWhtzhxYsOD7F8W+2B77W6wSK1da/qmS2moA+OsX3v8HMEzn6qpWq+3+DpJaMWIbHy/b6nV64/kvjNh6KhWqE6O1WNcWz+fNK+feJovPiP0/bv+fudxDymx0tCzruHQJhofLObZ37+DxY7hzZ/pxW7ECliwpC3fXry93JOzeXda2TRaLfbdsKctEWsirolJm3d1lAW2c3I8roXFFNE7yx2LaOCd29erPH3PhQoiZ3oYNsHVrGanFMX9cwxZXXGPcFCO2FjNsUnb9/bB/fxk1xTq2iFxfXwlOrGOLUd1UJ24RsKNHy/vjlqoYtcXzL1/g7VtYvrxMTyNqL16U/fG6FnMqKs3EOw/GxkrYbt+Ggwebo6t/E8E6dw727v3+GBGumIrG7VkRtxDHiqgNDpawtphhk2a6ixfh0KHmAtvJSYiLAiGmrWfPwr59U49mG3/9w7BJgpEROHkSTpyAhw+b29esgWPH4PDhcsP7b8KwSWqKHMQFhvh5ovjNtZhOTozafiOGTVI63isqKR3DJikdwyYpHcMmKR3DJikdwyYpHcMmKR3DJikdwyYpHcMmKR3DJikdwyYpHcMmKR3DJikdwyYpHcMmKR3DJikdwyYpHcMmKR3DJikdwyYpHcMmKR3DJikdwyYpHcMmKR3DJikdwyYpHcMmiWz+BsBzN7FEbbkEAAAAAElFTkSuQmCC'}}]}, {'role': 'assistant', 'content': 'Final Answer: 0.8'}, {'role': 'user', 'content': [{'type': 'text', 'text': '\nYou are given both an image and a text-based representation of the same stimulus. \nIn both, a red dot appears on a horizontal line\nThe left end of the line corresponds to 0.0, and the right end to 1.0.\n\nText representation (the dot is marked as """"O""""):\n|-~ --~-~-----------------.--O-----------|\n\n\nEstimate the horizontal position of the **center** of the red dot as a decimal number between 0 and 1.\nDo not explain. Only output the final answer as a number between 0 and 1:\nFinal Answer:\n'}, {'type': 'image_url', 'image_url': {'url': 'data:image/png;base64,iVBORw0KGgoAAAANSUhEUgAAATYAAABNCAYAAAAsLkgfAAAAOnRFWHRTb2Z0d2FyZQBNYXRwbG90bGliIHZlcnNpb24zLjEwLjMsIGh0dHBzOi8vbWF0cGxvdGxpYi5vcmcvZiW1igAAAAlwSFlzAAAPYQAAD2EBqD+naQAABERJREFUeJzt3E1vTGEYxvFrpkXQSlFtmASpthstYoGlNBUfwIJvYCGxtbDwBawsLS2b7nRl1x2JkIZEBPEuCNUgXqpm5MqdSUUiOmVm6j7/XzLpdDo5M5v+e5/zPNNSrVarCQASKbf7DQDAv0bYAKRD2ACkQ9gApEPYAKRD2ACkQ9gApEPYAKRD2ACkQ9gApEPYAKRD2ACkQ9gApEPYAKRD2ACkQ9gApEPYAKRD2ACkQ9gApEPYAKRD2ACkQ9gApEPYAKRD2ACkQ9gApEPYAKRD2ACkQ9gApEPYAKRD2ACk09nuNwDgJ7Wa9Pat9PGj1NUlbd4slUrtflf/HcIGtNPXr9KbN3GbnJQuXZKePFn8+dat0qlTcVu7Vnr+XHr1Kn7W3y9VKtKaNW17+ytVqVbznwgALefJ7PZt6coV6fx5aX7+9891vE6elDo7pU+fYrJbv14aGZGOHpW2bWvlO1/xCBvQ6unMAfP9mzel6Wnp4sUI1VLs2bM4pXmCK5cjbkeOSJs2SatXS729hZ/iCBvQyuns3Tvp/fu4f++edPmy9P17Y8dyuHzbtSumtrk5aWBAOnRIWlhYnOSGhgobOK6xAc3m6cwh+/BB2rIlrpN9+RKPNRo189TnxYVnz6S+vrg9fRrH8jW5hQXp/n3p4EFp//5YgCgYtnsAzeYQvX4dq5s3bkjXrkkvXkiPHi3/mNVqBNPHXbcuTmU9Cfo0d2AgJjW/huPp5xVMqVKpcCoKNNO3bzGh1e9Xq9pYreqW7y/TiKS5+jerVsW1Nn+1jo746oUGB8/X3eqPFYQ3yBA2oMV2SPqLeU07JT3+h+8nm86KV1gANIeve/n00KeOvu+v1aq6Pa35WtgydUmq1DfuelKrT20+frkcE5of82sWcWJjVRRooocPpZkZqbtbun5dunMnQueL+97usZy4OWhe+XTAtm+Xjh2TXr6UZmdjy8foqDQ8HNfW/LpeLS3Y6iirokAzeVqyDRsiMObtGf7eF/vv3m38mJ7EHKqeHmlsTNq9O+57S4lXQPv6YtXUkfO2j4JFzZjYgGby1HT1amz18EegHDPvX3PQ/NGoiYnGtnx4Sjt8WNq7VxoclA4ciJg5oJ7O/Drz84XfqEvYgFZuzjWHx4Hy9W1/8uDs2Vi9/NOvok9Bz52TxsfjWAU9zVwKwga0+uNUv05TU1PS8ePS58/x/c+/kvUFAj/3zBlp3774ef00s4Cbb5eCsAErga+7+T97XLggPXiw+Lg/NnX6tHTiROyB4zRzSQgbsJL419Grm75W5lNNT2b8P7aGETYA6fBZUQDpEDYA6RA2AOkQNgDpEDYA6RA2AOkQNgDpEDYA6RA2AOkQNgDpEDYA6RA2AOkQNgDpEDYA6RA2AOkQNgDpEDYA6RA2AOkQNgDpEDYA6RA2AOkQNgDpEDYA6RA2AOkQNgDpEDYA6RA2AOkQNgDK5gcW00CVbCY0GwAAAABJRU5ErkJggg=='}}]}, {'role': 'assistant', 'content': 'Final Answer: 0.65'}, {'role': 'user', 'content': [{'type': 'text', 'text': '\nYou are given both an image and a text-based representation of the same stimulus. \nIn both, a red dot appears on a horizontal line\nThe left end of the line corresponds to 0.0, and the right end to 1.0.\n\nText representation (the dot is marked as """"O""""):\n| ---------------.---------~---O-.-----=-|\n\n\nEstimate the horizontal position of the **center** of the red dot as a decimal number between 0 and 1.\nDo not explain. Only output the final answer as a number between 0 and 1:\nFinal Answer:\n'}, {'type': 'image_url', 'image_url': {'url': 'data:image/png;base64,iVBORw0KGgoAAAANSUhEUgAAATYAAABNCAYAAAAsLkgfAAAAOnRFWHRTb2Z0d2FyZQBNYXRwbG90bGliIHZlcnNpb24zLjEwLjMsIGh0dHBzOi8vbWF0cGxvdGxpYi5vcmcvZiW1igAAAAlwSFlzAAAPYQAAD2EBqD+naQAABHxJREFUeJzt3LlrVGEUhvH3jnEZTdS4hMi4xBXEURDBpbHwT1DstBLsLexsre0t02phYWkpohYibqiIRlFEcIn7mlx5OQwj4pJEYXLPPD8Ik0kmmSjk4Xzf/SZFWZalACCRWqd/AAD43wgbgHQIG4B0CBuAdAgbgHQIG4B0CBuAdAgbgHQIG4B0CBuAdAgbgHQIG4B0CBuAdAgbgHQIG4B0CBuAdAgbgHQIG4B0CBuAdAgbgHQIG4B0CBuAdAgbgHQIG4B0CBuAdAgbgHQIG4B0CBuAdAgbgHQIG4B0ejr9AwD4R2UpvXghvXsn9fZKixdLRaFuRtiAKvj8WXr+XPryJUJmb99KZ85Iw8PS/fvtxy5fLh08KB04IK1dK82erW5TlGXrfwnAtORp7MYN6dUr6c0b6dEj6fZt6dSpCN3vzJolHT0qHToU7/uxnz7F9/nwIe47gp7wlixJFUDCBky3icwRcmjsyRPp8uUI0rJl0tWr0vnz0tmzE/u+RSHt2iXt2SMtXCjduiW9fi2Nj8fn+/ulbdukTZukZjMilwBhA6bTRPb1a0xlDk9PTwRvZCSmqcePpTt3pAsX2svRicat2ZTmzImQ+f6MGdKaNdL79xG8HTukwUFp584Ukxt7bEAnOVyOmvfL5s2THjyI0N28GZ9ft06aOTOmrLt3Y2Kb7CxSltK9exG2ej2eZ8EC6du3uNjgSdET28uX8X6joaojbEAnOSSe1JYujZh578vx8ZLQU5unt2fP4uNjY3E7FR8/xtc7cg6a73ty8xLXz+G4bt365z27CikajQZLUaBTHBsvP83BqdUiaP64+b5jMz6u/rLU9dZjp6ApadQxax0F8XLUb34uT4Ve+s6dGx+rOP8LCRtQAaskjfzD1w9Jeqju0NNIsJ4GKr/P5qnJk5onNGstCT1JeZIbG1OfpzW/P0W9kho/Tmy+9fN5QvOVWN/6wkGGiY2rokCH+WLBlSvSpUux9+WNfS8LHTrvvzlu3lu7dk06d669TJ2sel3auDFu/eaIrVghDQ1J27dLo6Nxm2DY4eIB0Gm+ULB7d5xT8ya+j2DMnx8b/Y6Oj2V4orp4Ma6a+uroZNXr8SqE9esjkp7UfLzDx0A2bIjnXLSofX6u4ggbMB14enJkHJ6fD+q2zpWtXBnL1iNH2hccJqJWiyuePtKxZUv7SqiDOjAQrzF11Pz8Cc6wGUtRoGrL1pMnpWPHYqL7269vUUj79kl790qbN8cZNgezry/Ozv0qoAkQNqBqPLWdPi0dPhx7cvbjr3FRxH0H6/jxiJr3zRKF628IG1BV3uz3X/Y4cSJedtUyOCjt3x9L1tWr1Y0IG1B1/hV++jT+6oentIGBeCVDF01oPyNsANLhT4MDSIewAUiHsAFIh7ABSIewAUiHsAFIh7ABSIewAUiHsAFIh7ABSIewAUiHsAFIh7ABSIewAUiHsAFIh7ABSIewAUiHsAFIh7ABSIewAUiHsAFIh7ABSIewAUiHsAFIh7ABSIewAUiHsAFIh7ABUDbfAV+OWd7xBF6nAAAAAElFTkSuQmCC'}}]}]",Final Answer: 0.7
anthropic/claude-3.7-sonnet,sample_001,0.64982,0.64982,0.65,"[{'role': 'system', 'content': 'You are a helpful assistant.'}, {'role': 'user', 'content': [{'type': 'text', 'text': '\nYou are given both an image and a text-based representation of the same stimulus. \nIn both, a red dot appears on a horizontal line\nThe left end of the line corresponds to 0.0, and the right end to 1.0.\n\nText representation (the dot is marked as """"O""""):\n|.-- -~=-------- ---------O--------------|\n\n\nEstimate the horizontal position of the **center** of the red dot as a decimal number between 0 and 1.\nDo not explain. Only output the final answer as a number between 0 and 1:\nFinal Answer:\n'}, {'type': 'image_url', 'image_url': {'url': 'data:image/png;base64,iVBORw0KGgoAAAANSUhEUgAAATYAAABNCAYAAAAsLkgfAAAAOnRFWHRTb2Z0d2FyZQBNYXRwbG90bGliIHZlcnNpb24zLjEwLjMsIGh0dHBzOi8vbWF0cGxvdGxpYi5vcmcvZiW1igAAAAlwSFlzAAAPYQAAD2EBqD+naQAABJVJREFUeJzt3ElvTXEYx/HfbWtuUaQSFy1i0bSRsECQ2HkNYmNnx9LGOxCJROyFlYXY8AZ0YVFCDCExxFBjYqgp5h755XHShohSt72e8/0kTfW0vfda9Nvnf87/tFYURSEASKRlql8AAPxrhA1AOoQNQDqEDUA6hA1AOoQNQDqEDUA6hA1AOoQNQDqEDUA6hA1AOoQNQDqEDUA6hA1AOoQNQDqEDUA6hA1AOoQNQDqEDUA6hA1AOoQNQDqEDUA6hA1AOoQNQDqEDUA6hA1AOoQNQDqEDUA6hA1AOoQNQDptU/0CgKZVFNLz59Lbt1J7u7RwoVSrTfWrwjgQNlTbx4/Ss2fSp0/S9OlSR4f04IF0/Lh07Jh0797o165aJe3eLW3fLn35Mvo9ixZJM2b8/FjlcUy6WlH41xJQMY7QzZvS1avSu3fS3LnShw/SwEAEzXH6UTmtOVZ790pr18bHnZ3SkiXSo0fSy5fS58/S69fSnDlSf7+0ejWBm2SEDdXj5eWFC9KZM9LDh9LMmdLs2RG606djCfo7LS3SgQPSli0x4XmyW748Jr47d6RXr6ThYWnWLGnDBmnduljKYlIQNlRrSnPIBgely5elS5diCvPxoSHpxo3xRa3k5eahQ9KbN/FYmzdLX7/GxLZgQXzNkydSV5e0YoW0cSOT2yThHBuqM6V52Xn9unT+vHTtWgSpry+mL18g+NPf8V6u7t8v9fbGMvTp01iWbtoUj+nA+TnmzYtpcNkyaeXKRv0PMQZhQ36eyBw1T2s+ue8pysHxBYBbt2Jqc5T+xt27ccXUfK7Oj++orVkT59keP47P+bn8dY4cS9KGq9XrdZaiyM3LQ09XIyOjS0X/+/vnOkdGdGUCZ2T6azUNt7VJra3xuA6l3xw4H/PnfLz8mOVow/kyD2FDpXV78JrA9/dIGrMpBE2grV6vT/VrABrLU5q3cngq89Tk6ckf+31RqMPLxAlob21V3VNZOZmV0+C0aTGheXrz5/zcfi3lcTQMV0VRjXNsp05JFy/GnjJH5v792LPmc2s+5+ZzY38TOAfKG3e7u+PNy0xvzPW5tfXrY3/b/PlxBdXB89YQH2egaCguHiA/x8ZXKh0VX50sQ7NtW2yoPXdOun07LiT8KW/C9fTnScx6emJ7h5/DV0gduXJKdES9DcTH0FBMbKgOb8k4eza2fnhq82baxYtj6jp6VDpyZDRQ4+Fgbd0qLV0a05rfO2Z+zLF3Iph/zBw134nAVdGGI2yoll/dz+m7BQ4elA4fHt9+Np8327dP2rEjlpXePsK9o02DsAElh+jECWnXLun9+zg29sejvFfUt1+dPBlLWTQlwgb8yPd4+kZ43y7lc28lXyTYs0fauTM22qJpETbgV/yj8eJFLDN9Ps7nyPh7bP8FwgYgHf40OIB0CBuAdAgbgHQIG4B0CBuAdAgbgHQIG4B0CBuAdAgbgHQIG4B0CBuAdAgbgHQIG4B0CBuAdAgbgHQIG4B0CBuAdAgbgHQIG4B0CBuAdAgbgHQIG4B0CBuAdAgbgHQIG4B0CBuAdAgbgHQIGwBl8w2vMXCzyZNU9QAAAABJRU5ErkJggg=='}}]}]",Final Answer: 0.65
anthropic/claude-3.7-sonnet,sample_002,0.88029,0.88029,0.85,"[{'role': 'system', 'content': 'You are a helpful assistant.'}, {'role': 'user', 'content': [{'type': 'text', 'text': '\nYou are given both an image and a text-based representation of the same stimulus. \nIn both, a red dot appears on a horizontal line\nThe left end of the line corresponds to 0.0, and the right end to 1.0.\n\nText representation (the dot is marked as """"O""""):\n|.-- -~=-------- ---------O--------------|\n\n\nEstimate the horizontal position of the **center** of the red dot as a decimal number between 0 and 1.\nDo not explain. Only output the final answer as a number between 0 and 1:\nFinal Answer:\n'}, {'type': 'image_url', 'image_url': {'url': 'data:image/png;base64,iVBORw0KGgoAAAANSUhEUgAAATYAAABNCAYAAAAsLkgfAAAAOnRFWHRTb2Z0d2FyZQBNYXRwbG90bGliIHZlcnNpb24zLjEwLjMsIGh0dHBzOi8vbWF0cGxvdGxpYi5vcmcvZiW1igAAAAlwSFlzAAAPYQAAD2EBqD+naQAABJVJREFUeJzt3ElvTXEYx/HfbWtuUaQSFy1i0bSRsECQ2HkNYmNnx9LGOxCJROyFlYXY8AZ0YVFCDCExxFBjYqgp5h755XHShohSt72e8/0kTfW0vfda9Nvnf87/tFYURSEASKRlql8AAPxrhA1AOoQNQDqEDUA6hA1AOoQNQDqEDUA6hA1AOoQNQDqEDUA6hA1AOoQNQDqEDUA6hA1AOoQNQDqEDUA6hA1AOoQNQDqEDUA6hA1AOoQNQDqEDUA6hA1AOoQNQDqEDUA6hA1AOoQNQDqEDUA6hA1AOoQNQDptU/0CgKZVFNLz59Lbt1J7u7RwoVSrTfWrwjgQNlTbx4/Ss2fSp0/S9OlSR4f04IF0/Lh07Jh0797o165aJe3eLW3fLn35Mvo9ixZJM2b8/FjlcUy6WlH41xJQMY7QzZvS1avSu3fS3LnShw/SwEAEzXH6UTmtOVZ790pr18bHnZ3SkiXSo0fSy5fS58/S69fSnDlSf7+0ejWBm2SEDdXj5eWFC9KZM9LDh9LMmdLs2RG606djCfo7LS3SgQPSli0x4XmyW748Jr47d6RXr6ThYWnWLGnDBmnduljKYlIQNlRrSnPIBgely5elS5diCvPxoSHpxo3xRa3k5eahQ9KbN/FYmzdLX7/GxLZgQXzNkydSV5e0YoW0cSOT2yThHBuqM6V52Xn9unT+vHTtWgSpry+mL18g+NPf8V6u7t8v9fbGMvTp01iWbtoUj+nA+TnmzYtpcNkyaeXKRv0PMQZhQ36eyBw1T2s+ue8pysHxBYBbt2Jqc5T+xt27ccXUfK7Oj++orVkT59keP47P+bn8dY4cS9KGq9XrdZaiyM3LQ09XIyOjS0X/+/vnOkdGdGUCZ2T6azUNt7VJra3xuA6l3xw4H/PnfLz8mOVow/kyD2FDpXV78JrA9/dIGrMpBE2grV6vT/VrABrLU5q3cngq89Tk6ckf+31RqMPLxAlob21V3VNZOZmV0+C0aTGheXrz5/zcfi3lcTQMV0VRjXNsp05JFy/GnjJH5v792LPmc2s+5+ZzY38TOAfKG3e7u+PNy0xvzPW5tfXrY3/b/PlxBdXB89YQH2egaCguHiA/x8ZXKh0VX50sQ7NtW2yoPXdOun07LiT8KW/C9fTnScx6emJ7h5/DV0gduXJKdES9DcTH0FBMbKgOb8k4eza2fnhq82baxYtj6jp6VDpyZDRQ4+Fgbd0qLV0a05rfO2Z+zLF3Iph/zBw134nAVdGGI2yoll/dz+m7BQ4elA4fHt9+Np8327dP2rEjlpXePsK9o02DsAElh+jECWnXLun9+zg29sejvFfUt1+dPBlLWTQlwgb8yPd4+kZ43y7lc28lXyTYs0fauTM22qJpETbgV/yj8eJFLDN9Ps7nyPh7bP8FwgYgHf40OIB0CBuAdAgbgHQIG4B0CBuAdAgbgHQIG4B0CBuAdAgbgHQIG4B0CBuAdAgbgHQIG4B0CBuAdAgbgHQIG4B0CBuAdAgbgHQIG4B0CBuAdAgbgHQIG4B0CBuAdAgbgHQIG4B0CBuAdAgbgHQIGwBl8w2vMXCzyZNU9QAAAABJRU5ErkJggg=='}}]}, {'role': 'assistant', 'content': 'Final Answer: 0.65'}, {'role': 'user', 'content': [{'type': 'text', 'text': '\nYou are given both an image and a text-based representation of the same stimulus. \nIn both, a red dot appears on a horizontal line\nThe left end of the line corresponds to 0.0, and the right end to 1.0.\n\nText representation (the dot is marked as """"O""""):\n|--~---~----------------=--- =-----O-----|\n\n\nEstimate the horizontal position of the **center** of the red dot as a decimal number between 0 and 1.\nDo not explain. Only output the final answer as a number between 0 and 1:\nFinal Answer:\n'}, {'type': 'image_url', 'image_url': {'url': 'data:image/png;base64,iVBORw0KGgoAAAANSUhEUgAAATYAAABNCAYAAAAsLkgfAAAAOnRFWHRTb2Z0d2FyZQBNYXRwbG90bGliIHZlcnNpb24zLjEwLjMsIGh0dHBzOi8vbWF0cGxvdGxpYi5vcmcvZiW1igAAAAlwSFlzAAAPYQAAD2EBqD+naQAABNNJREFUeJzt3MtvjG0Yx/HfVNUhrSgNYkLfSARJbUScYmdHxEKsJNZi5/+w8ieItZWNtcTCQlCHhOCtQ5yps2L6vPm9lyczeDvTaWv6uvr9JE0P087M6pvrvp/7aaUoikIAkEjXbL8BAJhphA1AOoQNQDqEDUA6hA1AOoQNQDqEDUA6hA1AOoQNQDqEDUA6hA1AOoQNQDqEDUA6hA1AOoQNQDqEDUA6hA1AOoQNQDqEDUA6hA1AOoQNQDqEDUA6hA1AOoQNQDqEDUA6hA1AOoQNQDqEDUA6hA1AOoQNQDrds/0GAPyBxsak58+lp0+lr1+lNWuk1aulSqX++IsX0pcvUk+PNDAgLVjQsbdH2AC01hiqx4+l06elM2cibKXBQen4cWn/funBA+n16/pj/f3S0JC0fHlHolcpiqKY0WcE8Gcb+x6ed++k9+9jInv0SHIqLl+WTpyIKE1k/nzp8GFp716pt1dasiQi19cnrV8v3b5dj56f21PeunXSypU/Rm4aASRsAOpevpQuXZKuX4+p69Ur6dmzCMq3b9LZsxG4ydi2Tdq1S1q1Kqa1Dx+kri5p4cKI2Nu3ETm/zqJF0oYN0ooV8bt27drEU18LhA1AfUI6d066elV6+DD20BwdLz3Hx+Nzu7nYvr2+/7Z2bUxwW7ZEJIeHpY8fpaVLYzLbtCmev3FicwAdQ7++l72e+nbsaDm5cVUUQPBy01Hz8tAcHX98+hST3FRmoBs3pCdPYgl74UIsKx2q0dFY6i5bJnV/3+qv1SJkIyPS/fv1qJk/+3tPkI5gC1w8ABDK6cwTlCPnCcnx8eTUbE+tGe/R+Tm9/PRS1EvPjRvr8SynsXJvzt87cOVjjfy99+Mm8V4q1WqVpSgw142Px2T2+XPEw+Hxz4pC/UWh4Wk89VClotEyWvPmxYenNAesDJtf079Thqv8/mdewvpCgp+jCR86IWwAJjQo6W9N3V+SRtRZ3dVqtcMvCeB/pVaLCc3Tkye2cmLyz2o19U3z6XsrFVU9ZXlK85LUe3WeuPwansDMX/vnfg/lpObXL/f1Gh/7eYn6H7gqCsx19+5JV67E1cubN6Xz5yN23hu7eDH22Lw/Vu6FtcPB8vDkK5579ki7d8fxER8F8c+bnVWbxjk2Lh4Ac11PT3x2uHxGzIdlHRDHyOfKbt2S7t6Nq5vt8vk0P5+j6eMePpfmK6GOlPl1Jlo1NnusBY57AHPdwEAcfvVVUN8l4K/LDf2dO+M2qX37Wm7Y/8J/7wO6W7dGzN68iXNoPmT7m+8bZSkKQP+eUytP+vuOAJ8lc5g8ZTlGPljrqe3YsdjvapUN/61vqzpyJJaSPkriwG3e3JGb4QkbgF/3tMosOFCN+1u+M+HgwTi4a435KC8AeIP/6FHpwIGYANu4Y2CmEDYA7fFdA6dOSSdPSnfu/PjfPQ4diqXm4sUROOfFy9BJ3uM5UwgbgKlxOnyLk+9O8ETmgHlqm+X/xWaEDUA6XBUFkA5hA5AOYQOQDmEDkA5hA5AOYQOQDmEDkA5hA5AOYQOQDmEDkA5hA5AOYQOQDmEDkA5hA5AOYQOQDmEDkA5hA5AOYQOQDmEDkA5hA5AOYQOQDmEDkA5hA5AOYQOQDmEDkA5hA5AOYQOQDmEDoGz+AaQ5oOTiCrZ7AAAAAElFTkSuQmCC'}}]}]",Final Answer: 0.85
anthropic/claude-3.7-sonnet,sample_003,0.7928,0.7928,0.75,"[{'role': 'system', 'content': 'You are a helpful assistant.'}, {'role': 'user', 'content': [{'type': 'text', 'text': '\nYou are given both an image and a text-based representation of the same stimulus. \nIn both, a red dot appears on a horizontal line\nThe left end of the line corresponds to 0.0, and the right end to 1.0.\n\nText representation (the dot is marked as """"O""""):\n|.-- -~=-------- ---------O--------------|\n\n\nEstimate the horizontal position of the **center** of the red dot as a decimal number between 0 and 1.\nDo not explain. Only output the final answer as a number between 0 and 1:\nFinal Answer:\n'}, {'type': 'image_url', 'image_url': {'url': 'data:image/png;base64,iVBORw0KGgoAAAANSUhEUgAAATYAAABNCAYAAAAsLkgfAAAAOnRFWHRTb2Z0d2FyZQBNYXRwbG90bGliIHZlcnNpb24zLjEwLjMsIGh0dHBzOi8vbWF0cGxvdGxpYi5vcmcvZiW1igAAAAlwSFlzAAAPYQAAD2EBqD+naQAABJVJREFUeJzt3ElvTXEYx/HfbWtuUaQSFy1i0bSRsECQ2HkNYmNnx9LGOxCJROyFlYXY8AZ0YVFCDCExxFBjYqgp5h755XHShohSt72e8/0kTfW0vfda9Nvnf87/tFYURSEASKRlql8AAPxrhA1AOoQNQDqEDUA6hA1AOoQNQDqEDUA6hA1AOoQNQDqEDUA6hA1AOoQNQDqEDUA6hA1AOoQNQDqEDUA6hA1AOoQNQDqEDUA6hA1AOoQNQDqEDUA6hA1AOoQNQDqEDUA6hA1AOoQNQDqEDUA6hA1AOoQNQDptU/0CgKZVFNLz59Lbt1J7u7RwoVSrTfWrwjgQNlTbx4/Ss2fSp0/S9OlSR4f04IF0/Lh07Jh0797o165aJe3eLW3fLn35Mvo9ixZJM2b8/FjlcUy6WlH41xJQMY7QzZvS1avSu3fS3LnShw/SwEAEzXH6UTmtOVZ790pr18bHnZ3SkiXSo0fSy5fS58/S69fSnDlSf7+0ejWBm2SEDdXj5eWFC9KZM9LDh9LMmdLs2RG606djCfo7LS3SgQPSli0x4XmyW748Jr47d6RXr6ThYWnWLGnDBmnduljKYlIQNlRrSnPIBgely5elS5diCvPxoSHpxo3xRa3k5eahQ9KbN/FYmzdLX7/GxLZgQXzNkydSV5e0YoW0cSOT2yThHBuqM6V52Xn9unT+vHTtWgSpry+mL18g+NPf8V6u7t8v9fbGMvTp01iWbtoUj+nA+TnmzYtpcNkyaeXKRv0PMQZhQ36eyBw1T2s+ue8pysHxBYBbt2Jqc5T+xt27ccXUfK7Oj++orVkT59keP47P+bn8dY4cS9KGq9XrdZaiyM3LQ09XIyOjS0X/+/vnOkdGdGUCZ2T6azUNt7VJra3xuA6l3xw4H/PnfLz8mOVow/kyD2FDpXV78JrA9/dIGrMpBE2grV6vT/VrABrLU5q3cngq89Tk6ckf+31RqMPLxAlob21V3VNZOZmV0+C0aTGheXrz5/zcfi3lcTQMV0VRjXNsp05JFy/GnjJH5v792LPmc2s+5+ZzY38TOAfKG3e7u+PNy0xvzPW5tfXrY3/b/PlxBdXB89YQH2egaCguHiA/x8ZXKh0VX50sQ7NtW2yoPXdOun07LiT8KW/C9fTnScx6emJ7h5/DV0gduXJKdES9DcTH0FBMbKgOb8k4eza2fnhq82baxYtj6jp6VDpyZDRQ4+Fgbd0qLV0a05rfO2Z+zLF3Iph/zBw134nAVdGGI2yoll/dz+m7BQ4elA4fHt9+Np8327dP2rEjlpXePsK9o02DsAElh+jECWnXLun9+zg29sejvFfUt1+dPBlLWTQlwgb8yPd4+kZ43y7lc28lXyTYs0fauTM22qJpETbgV/yj8eJFLDN9Ps7nyPh7bP8FwgYgHf40OIB0CBuAdAgbgHQIG4B0CBuAdAgbgHQIG4B0CBuAdAgbgHQIG4B0CBuAdAgbgHQIG4B0CBuAdAgbgHQIG4B0CBuAdAgbgHQIG4B0CBuAdAgbgHQIG4B0CBuAdAgbgHQIG4B0CBuAdAgbgHQIGwBl8w2vMXCzyZNU9QAAAABJRU5ErkJggg=='}}]}, {'role': 'assistant', 'content': 'Final Answer: 0.65'}, {'role': 'user', 'content': [{'type': 'text', 'text': '\nYou are given both an image and a text-based representation of the same stimulus. \nIn both, a red dot appears on a horizontal line\nThe left end of the line corresponds to 0.0, and the right end to 1.0.\n\nText representation (the dot is marked as """"O""""):\n|--~---~----------------=--- =-----O-----|\n\n\nEstimate the horizontal position of the **center** of the red dot as a decimal number between 0 and 1.\nDo not explain. Only output the final answer as a number between 0 and 1:\nFinal Answer:\n'}, {'type': 'image_url', 'image_url': {'url': 'data:image/png;base64,iVBORw0KGgoAAAANSUhEUgAAATYAAABNCAYAAAAsLkgfAAAAOnRFWHRTb2Z0d2FyZQBNYXRwbG90bGliIHZlcnNpb24zLjEwLjMsIGh0dHBzOi8vbWF0cGxvdGxpYi5vcmcvZiW1igAAAAlwSFlzAAAPYQAAD2EBqD+naQAABNNJREFUeJzt3MtvjG0Yx/HfVNUhrSgNYkLfSARJbUScYmdHxEKsJNZi5/+w8ieItZWNtcTCQlCHhOCtQ5yps2L6vPm9lyczeDvTaWv6uvr9JE0P087M6pvrvp/7aaUoikIAkEjXbL8BAJhphA1AOoQNQDqEDUA6hA1AOoQNQDqEDUA6hA1AOoQNQDqEDUA6hA1AOoQNQDqEDUA6hA1AOoQNQDqEDUA6hA1AOoQNQDqEDUA6hA1AOoQNQDqEDUA6hA1AOoQNQDqEDUA6hA1AOoQNQDqEDUA6hA1AOoQNQDrds/0GAPyBxsak58+lp0+lr1+lNWuk1aulSqX++IsX0pcvUk+PNDAgLVjQsbdH2AC01hiqx4+l06elM2cibKXBQen4cWn/funBA+n16/pj/f3S0JC0fHlHolcpiqKY0WcE8Gcb+x6ed++k9+9jInv0SHIqLl+WTpyIKE1k/nzp8GFp716pt1dasiQi19cnrV8v3b5dj56f21PeunXSypU/Rm4aASRsAOpevpQuXZKuX4+p69Ur6dmzCMq3b9LZsxG4ydi2Tdq1S1q1Kqa1Dx+kri5p4cKI2Nu3ETm/zqJF0oYN0ooV8bt27drEU18LhA1AfUI6d066elV6+DD20BwdLz3Hx+Nzu7nYvr2+/7Z2bUxwW7ZEJIeHpY8fpaVLYzLbtCmev3FicwAdQ7++l72e+nbsaDm5cVUUQPBy01Hz8tAcHX98+hST3FRmoBs3pCdPYgl74UIsKx2q0dFY6i5bJnV/3+qv1SJkIyPS/fv1qJk/+3tPkI5gC1w8ABDK6cwTlCPnCcnx8eTUbE+tGe/R+Tm9/PRS1EvPjRvr8SynsXJvzt87cOVjjfy99+Mm8V4q1WqVpSgw142Px2T2+XPEw+Hxz4pC/UWh4Wk89VClotEyWvPmxYenNAesDJtf079Thqv8/mdewvpCgp+jCR86IWwAJjQo6W9N3V+SRtRZ3dVqtcMvCeB/pVaLCc3Tkye2cmLyz2o19U3z6XsrFVU9ZXlK85LUe3WeuPwansDMX/vnfg/lpObXL/f1Gh/7eYn6H7gqCsx19+5JV67E1cubN6Xz5yN23hu7eDH22Lw/Vu6FtcPB8vDkK5579ki7d8fxER8F8c+bnVWbxjk2Lh4Ac11PT3x2uHxGzIdlHRDHyOfKbt2S7t6Nq5vt8vk0P5+j6eMePpfmK6GOlPl1Jlo1NnusBY57AHPdwEAcfvVVUN8l4K/LDf2dO+M2qX37Wm7Y/8J/7wO6W7dGzN68iXNoPmT7m+8bZSkKQP+eUytP+vuOAJ8lc5g8ZTlGPljrqe3YsdjvapUN/61vqzpyJJaSPkriwG3e3JGb4QkbgF/3tMosOFCN+1u+M+HgwTi4a435KC8AeIP/6FHpwIGYANu4Y2CmEDYA7fFdA6dOSSdPSnfu/PjfPQ4diqXm4sUROOfFy9BJ3uM5UwgbgKlxOnyLk+9O8ETmgHlqm+X/xWaEDUA6XBUFkA5hA5AOYQOQDmEDkA5hA5AOYQOQDmEDkA5hA5AOYQOQDmEDkA5hA5AOYQOQDmEDkA5hA5AOYQOQDmEDkA5hA5AOYQOQDmEDkA5hA5AOYQOQDmEDkA5hA5AOYQOQDmEDkA5hA5AOYQOQDmEDoGz+AaQ5oOTiCrZ7AAAAAElFTkSuQmCC'}}]}, {'role': 'assistant', 'content': 'Final Answer: 0.85'}, {'role': 'user', 'content': [{'type': 'text', 'text': '\nYou are given both an image and a text-based representation of the same stimulus. \nIn both, a red dot appears on a horizontal line\nThe left end of the line corresponds to 0.0, and the right end to 1.0.\n\nText representation (the dot is marked as """"O""""):\n|--~----~-----------------~=---O----=----|\n\n\nEstimate the horizontal position of the **center** of the red dot as a decimal number between 0 and 1.\nDo not explain. Only output the final answer as a number between 0 and 1:\nFinal Answer:\n'}, {'type': 'image_url', 'image_url': {'url': 'data:image/png;base64,iVBORw0KGgoAAAANSUhEUgAAATYAAABNCAYAAAAsLkgfAAAAOnRFWHRTb2Z0d2FyZQBNYXRwbG90bGliIHZlcnNpb24zLjEwLjMsIGh0dHBzOi8vbWF0cGxvdGxpYi5vcmcvZiW1igAAAAlwSFlzAAAPYQAAD2EBqD+naQAABDBJREFUeJzt3LlrVGsYgPHnJHFPlFFBZdR7XQtJISIW6VSsxEqwE8FaLfwvbG209h+wFgQt3BAE8QqKqFz3BY3B3Why5OVjGC/IJYmCOW+eHwyzJDmTZh6+5Zyp6rqukaREev70PyBJv5thk5SOYZOUjmGTlI5hk5SOYZOUjmGTlI5hk5SOYZOUjmGTlI5hk5SOYZOUjmGTlI5hk5SOYZOUjmGTlI5hk5SOYZOUjmGTlI5hk5SOYZOUjmGTlI5hk5SOYZOUjmGTlI5hk5SOYZOUjmGTlI5hk5SOYZOUTt+f/gckTcGXL/DqFYyOwuzZsHQpzJkDdQ2vX8P799DfD0uWQFUx0xg2qWkiXDdvwsuX5fHICPT2wosXcPo03L/f/d116+DwYThwAObN+3kME6rqOhIvqTEjtStX4MkTePoU7tyBW7fg8mUYGyujs/qHj3RntDZ3Lhw9Cps2wadP8O1bGc0NDZWRXRzn40eYPx82boSFC2kywyY1SQTt0iV4/hyuXoUbN8ptIqoKdu2CbdtKwJ49KzGM6PX0QF9fieLy5bB7N2zYQFMZNqlJa2nv3sHFiyVq587B3bv/HaFNJG5DQ2WKOj4O16/DwED3tZiuxlR28WI4eLCxIzfX2KTpvpb25k33tbdv4do1uHABHj+eXNRC/H5EMY65YkUJ57Jl5bhxvPXrYe3aMr2N6enWrTSRp3tI01EEJ6IWI7R2G1atKtPG8+fLVPTRo7JWNhVfv8LwcFlni1Hb589lE+HDh/J+MSWNqWmsuTVU1W63nYpK001ELAIUu52hE6C4HxujNTrKP7+wijQIjMyaVUZwEbF4HNPUeL94Hu8d63DxegPFlolhkxrmL+DfX/j7v4EH5NXXjmGupOk9YovNg7jF8/FxBuJx/HyK+oF2bEbEiCympDFa64zY4hY7pTElbSh3RaXpfL5arHnF4v7t23D2LLRasGBBic+xYyV2k1VV5Zg7dsDKlSVusZGwenW5T3AeW3OTLGUWi/mDg2UDIc5d64ykYtE/TsuIwG3fDmfOTP7YrRZs3lyOv2ZNuY9z1hJdheCITWrKeWwRuBjFxfMYdcWu5cmTZUo60Y9xby/s31/OW9u5s+y4Jgpah2GTmiTON/vx8qeHD2HfvhK22DH9P1UFhw7Bnj2wZUu5pCopwyY1XUxH9+7tnndW/+Ra0bii4MSJMkpLfPF7h2GTMohv+Dh1Co4fh3v3uq/HetyRI+XbPRYtYqYwbFIm8XEeHi67qXENaFzzOQO/j82wSUrHa0UlpWPYJKVj2CSlY9gkpWPYJKVj2CSlY9gkpWPYJKVj2CSlY9gkpWPYJKVj2CSlY9gkpWPYJKVj2CSlY9gkpWPYJKVj2CSlY9gkpWPYJKVj2CSlY9gkpWPYJKVj2CSlY9gkpWPYJKVj2CSlY9gkkc1310VHXTWff9MAAAAASUVORK5CYII='}}]}]",Final Answer: 0.75
anthropic/claude-3.7-sonnet,sample_004,0.73946,0.73946,0.65,"[{'role': 'system', 'content': 'You are a helpful assistant.'}, {'role': 'user', 'content': [{'type': 'text', 'text': '\nYou are given both an image and a text-based representation of the same stimulus. \nIn both, a red dot appears on a horizontal line\nThe left end of the line corresponds to 0.0, and the right end to 1.0.\n\nText representation (the dot is marked as """"O""""):\n|.-- -~=-------- ---------O--------------|\n\n\nEstimate the horizontal position of the **center** of the red dot as a decimal number between 0 and 1.\nDo not explain. Only output the final answer as a number between 0 and 1:\nFinal Answer:\n'}, {'type': 'image_url', 'image_url': {'url': 'data:image/png;base64,iVBORw0KGgoAAAANSUhEUgAAATYAAABNCAYAAAAsLkgfAAAAOnRFWHRTb2Z0d2FyZQBNYXRwbG90bGliIHZlcnNpb24zLjEwLjMsIGh0dHBzOi8vbWF0cGxvdGxpYi5vcmcvZiW1igAAAAlwSFlzAAAPYQAAD2EBqD+naQAABJVJREFUeJzt3ElvTXEYx/HfbWtuUaQSFy1i0bSRsECQ2HkNYmNnx9LGOxCJROyFlYXY8AZ0YVFCDCExxFBjYqgp5h755XHShohSt72e8/0kTfW0vfda9Nvnf87/tFYURSEASKRlql8AAPxrhA1AOoQNQDqEDUA6hA1AOoQNQDqEDUA6hA1AOoQNQDqEDUA6hA1AOoQNQDqEDUA6hA1AOoQNQDqEDUA6hA1AOoQNQDqEDUA6hA1AOoQNQDqEDUA6hA1AOoQNQDqEDUA6hA1AOoQNQDqEDUA6hA1AOoQNQDptU/0CgKZVFNLz59Lbt1J7u7RwoVSrTfWrwjgQNlTbx4/Ss2fSp0/S9OlSR4f04IF0/Lh07Jh0797o165aJe3eLW3fLn35Mvo9ixZJM2b8/FjlcUy6WlH41xJQMY7QzZvS1avSu3fS3LnShw/SwEAEzXH6UTmtOVZ790pr18bHnZ3SkiXSo0fSy5fS58/S69fSnDlSf7+0ejWBm2SEDdXj5eWFC9KZM9LDh9LMmdLs2RG606djCfo7LS3SgQPSli0x4XmyW748Jr47d6RXr6ThYWnWLGnDBmnduljKYlIQNlRrSnPIBgely5elS5diCvPxoSHpxo3xRa3k5eahQ9KbN/FYmzdLX7/GxLZgQXzNkydSV5e0YoW0cSOT2yThHBuqM6V52Xn9unT+vHTtWgSpry+mL18g+NPf8V6u7t8v9fbGMvTp01iWbtoUj+nA+TnmzYtpcNkyaeXKRv0PMQZhQ36eyBw1T2s+ue8pysHxBYBbt2Jqc5T+xt27ccXUfK7Oj++orVkT59keP47P+bn8dY4cS9KGq9XrdZaiyM3LQ09XIyOjS0X/+/vnOkdGdGUCZ2T6azUNt7VJra3xuA6l3xw4H/PnfLz8mOVow/kyD2FDpXV78JrA9/dIGrMpBE2grV6vT/VrABrLU5q3cngq89Tk6ckf+31RqMPLxAlob21V3VNZOZmV0+C0aTGheXrz5/zcfi3lcTQMV0VRjXNsp05JFy/GnjJH5v792LPmc2s+5+ZzY38TOAfKG3e7u+PNy0xvzPW5tfXrY3/b/PlxBdXB89YQH2egaCguHiA/x8ZXKh0VX50sQ7NtW2yoPXdOun07LiT8KW/C9fTnScx6emJ7h5/DV0gduXJKdES9DcTH0FBMbKgOb8k4eza2fnhq82baxYtj6jp6VDpyZDRQ4+Fgbd0qLV0a05rfO2Z+zLF3Iph/zBw134nAVdGGI2yoll/dz+m7BQ4elA4fHt9+Np8327dP2rEjlpXePsK9o02DsAElh+jECWnXLun9+zg29sejvFfUt1+dPBlLWTQlwgb8yPd4+kZ43y7lc28lXyTYs0fauTM22qJpETbgV/yj8eJFLDN9Ps7nyPh7bP8FwgYgHf40OIB0CBuAdAgbgHQIG4B0CBuAdAgbgHQIG4B0CBuAdAgbgHQIG4B0CBuAdAgbgHQIG4B0CBuAdAgbgHQIG4B0CBuAdAgbgHQIG4B0CBuAdAgbgHQIG4B0CBuAdAgbgHQIG4B0CBuAdAgbgHQIGwBl8w2vMXCzyZNU9QAAAABJRU5ErkJggg=='}}]}, {'role': 'assistant', 'content': 'Final Answer: 0.65'}, {'role': 'user', 'content': [{'type': 'text', 'text': '\nYou are given both an image and a text-based representation of the same stimulus. \nIn both, a red dot appears on a horizontal line\nThe left end of the line corresponds to 0.0, and the right end to 1.0.\n\nText representation (the dot is marked as """"O""""):\n|--~---~----------------=--- =-----O-----|\n\n\nEstimate the horizontal position of the **center** of the red dot as a decimal number between 0 and 1.\nDo not explain. Only output the final answer as a number between 0 and 1:\nFinal Answer:\n'}, {'type': 'image_url', 'image_url': {'url': 'data:image/png;base64,iVBORw0KGgoAAAANSUhEUgAAATYAAABNCAYAAAAsLkgfAAAAOnRFWHRTb2Z0d2FyZQBNYXRwbG90bGliIHZlcnNpb24zLjEwLjMsIGh0dHBzOi8vbWF0cGxvdGxpYi5vcmcvZiW1igAAAAlwSFlzAAAPYQAAD2EBqD+naQAABNNJREFUeJzt3MtvjG0Yx/HfVNUhrSgNYkLfSARJbUScYmdHxEKsJNZi5/+w8ieItZWNtcTCQlCHhOCtQ5yps2L6vPm9lyczeDvTaWv6uvr9JE0P087M6pvrvp/7aaUoikIAkEjXbL8BAJhphA1AOoQNQDqEDUA6hA1AOoQNQDqEDUA6hA1AOoQNQDqEDUA6hA1AOoQNQDqEDUA6hA1AOoQNQDqEDUA6hA1AOoQNQDqEDUA6hA1AOoQNQDqEDUA6hA1AOoQNQDqEDUA6hA1AOoQNQDqEDUA6hA1AOoQNQDrds/0GAPyBxsak58+lp0+lr1+lNWuk1aulSqX++IsX0pcvUk+PNDAgLVjQsbdH2AC01hiqx4+l06elM2cibKXBQen4cWn/funBA+n16/pj/f3S0JC0fHlHolcpiqKY0WcE8Gcb+x6ed++k9+9jInv0SHIqLl+WTpyIKE1k/nzp8GFp716pt1dasiQi19cnrV8v3b5dj56f21PeunXSypU/Rm4aASRsAOpevpQuXZKuX4+p69Ur6dmzCMq3b9LZsxG4ydi2Tdq1S1q1Kqa1Dx+kri5p4cKI2Nu3ETm/zqJF0oYN0ooV8bt27drEU18LhA1AfUI6d066elV6+DD20BwdLz3Hx+Nzu7nYvr2+/7Z2bUxwW7ZEJIeHpY8fpaVLYzLbtCmev3FicwAdQ7++l72e+nbsaDm5cVUUQPBy01Hz8tAcHX98+hST3FRmoBs3pCdPYgl74UIsKx2q0dFY6i5bJnV/3+qv1SJkIyPS/fv1qJk/+3tPkI5gC1w8ABDK6cwTlCPnCcnx8eTUbE+tGe/R+Tm9/PRS1EvPjRvr8SynsXJvzt87cOVjjfy99+Mm8V4q1WqVpSgw142Px2T2+XPEw+Hxz4pC/UWh4Wk89VClotEyWvPmxYenNAesDJtf079Thqv8/mdewvpCgp+jCR86IWwAJjQo6W9N3V+SRtRZ3dVqtcMvCeB/pVaLCc3Tkye2cmLyz2o19U3z6XsrFVU9ZXlK85LUe3WeuPwansDMX/vnfg/lpObXL/f1Gh/7eYn6H7gqCsx19+5JV67E1cubN6Xz5yN23hu7eDH22Lw/Vu6FtcPB8vDkK5579ki7d8fxER8F8c+bnVWbxjk2Lh4Ac11PT3x2uHxGzIdlHRDHyOfKbt2S7t6Nq5vt8vk0P5+j6eMePpfmK6GOlPl1Jlo1NnusBY57AHPdwEAcfvVVUN8l4K/LDf2dO+M2qX37Wm7Y/8J/7wO6W7dGzN68iXNoPmT7m+8bZSkKQP+eUytP+vuOAJ8lc5g8ZTlGPljrqe3YsdjvapUN/61vqzpyJJaSPkriwG3e3JGb4QkbgF/3tMosOFCN+1u+M+HgwTi4a435KC8AeIP/6FHpwIGYANu4Y2CmEDYA7fFdA6dOSSdPSnfu/PjfPQ4diqXm4sUROOfFy9BJ3uM5UwgbgKlxOnyLk+9O8ETmgHlqm+X/xWaEDUA6XBUFkA5hA5AOYQOQDmEDkA5hA5AOYQOQDmEDkA5hA5AOYQOQDmEDkA5hA5AOYQOQDmEDkA5hA5AOYQOQDmEDkA5hA5AOYQOQDmEDkA5hA5AOYQOQDmEDkA5hA5AOYQOQDmEDkA5hA5AOYQOQDmEDoGz+AaQ5oOTiCrZ7AAAAAElFTkSuQmCC'}}]}, {'role': 'assistant', 'content': 'Final Answer: 0.85'}, {'role': 'user', 'content': [{'type': 'text', 'text': '\nYou are given both an image and a text-based representation of the same stimulus. \nIn both, a red dot appears on a horizontal line\nThe left end of the line corresponds to 0.0, and the right end to 1.0.\n\nText representation (the dot is marked as """"O""""):\n|--~----~-----------------~=---O----=----|\n\n\nEstimate the horizontal position of the **center** of the red dot as a decimal number between 0 and 1.\nDo not explain. Only output the final answer as a number between 0 and 1:\nFinal Answer:\n'}, {'type': 'image_url', 'image_url': {'url': 'data:image/png;base64,iVBORw0KGgoAAAANSUhEUgAAATYAAABNCAYAAAAsLkgfAAAAOnRFWHRTb2Z0d2FyZQBNYXRwbG90bGliIHZlcnNpb24zLjEwLjMsIGh0dHBzOi8vbWF0cGxvdGxpYi5vcmcvZiW1igAAAAlwSFlzAAAPYQAAD2EBqD+naQAABDBJREFUeJzt3LlrVGsYgPHnJHFPlFFBZdR7XQtJISIW6VSsxEqwE8FaLfwvbG209h+wFgQt3BAE8QqKqFz3BY3B3Why5OVjGC/IJYmCOW+eHwyzJDmTZh6+5Zyp6rqukaREev70PyBJv5thk5SOYZOUjmGTlI5hk5SOYZOUjmGTlI5hk5SOYZOUjmGTlI5hk5SOYZOUjmGTlI5hk5SOYZOUjmGTlI5hk5SOYZOUjmGTlI5hk5SOYZOUjmGTlI5hk5SOYZOUjmGTlI5hk5SOYZOUjmGTlI5hk5SOYZOUTt+f/gckTcGXL/DqFYyOwuzZsHQpzJkDdQ2vX8P799DfD0uWQFUx0xg2qWkiXDdvwsuX5fHICPT2wosXcPo03L/f/d116+DwYThwAObN+3kME6rqOhIvqTEjtStX4MkTePoU7tyBW7fg8mUYGyujs/qHj3RntDZ3Lhw9Cps2wadP8O1bGc0NDZWRXRzn40eYPx82boSFC2kywyY1SQTt0iV4/hyuXoUbN8ptIqoKdu2CbdtKwJ49KzGM6PX0QF9fieLy5bB7N2zYQFMZNqlJa2nv3sHFiyVq587B3bv/HaFNJG5DQ2WKOj4O16/DwED3tZiuxlR28WI4eLCxIzfX2KTpvpb25k33tbdv4do1uHABHj+eXNRC/H5EMY65YkUJ57Jl5bhxvPXrYe3aMr2N6enWrTSRp3tI01EEJ6IWI7R2G1atKtPG8+fLVPTRo7JWNhVfv8LwcFlni1Hb589lE+HDh/J+MSWNqWmsuTVU1W63nYpK001ELAIUu52hE6C4HxujNTrKP7+wijQIjMyaVUZwEbF4HNPUeL94Hu8d63DxegPFlolhkxrmL+DfX/j7v4EH5NXXjmGupOk9YovNg7jF8/FxBuJx/HyK+oF2bEbEiCympDFa64zY4hY7pTElbSh3RaXpfL5arHnF4v7t23D2LLRasGBBic+xYyV2k1VV5Zg7dsDKlSVusZGwenW5T3AeW3OTLGUWi/mDg2UDIc5d64ykYtE/TsuIwG3fDmfOTP7YrRZs3lyOv2ZNuY9z1hJdheCITWrKeWwRuBjFxfMYdcWu5cmTZUo60Y9xby/s31/OW9u5s+y4Jgpah2GTmiTON/vx8qeHD2HfvhK22DH9P1UFhw7Bnj2wZUu5pCopwyY1XUxH9+7tnndW/+Ra0bii4MSJMkpLfPF7h2GTMohv+Dh1Co4fh3v3uq/HetyRI+XbPRYtYqYwbFIm8XEeHi67qXENaFzzOQO/j82wSUrHa0UlpWPYJKVj2CSlY9gkpWPYJKVj2CSlY9gkpWPYJKVj2CSlY9gkpWPYJKVj2CSlY9gkpWPYJKVj2CSlY9gkpWPYJKVj2CSlY9gkpWPYJKVj2CSlY9gkpWPYJKVj2CSlY9gkpWPYJKVj2CSlY9gkkc1310VHXTWff9MAAAAASUVORK5CYII='}}]}, {'role': 'assistant', 'content': 'Final Answer: 0.75'}, {'role': 'user', 'content': [{'type': 'text', 'text': '\nYou are given both an image and a text-based representation of the same stimulus. \nIn both, a red dot appears on a horizontal line\nThe left end of the line corresponds to 0.0, and the right end to 1.0.\n\nText representation (the dot is marked as """"O""""):\n|------~----------=.------- -O-------- --|\n\n\nEstimate the horizontal position of the **center** of the red dot as a decimal number between 0 and 1.\nDo not explain. Only output the final answer as a number between 0 and 1:\nFinal Answer:\n'}, {'type': 'image_url', 'image_url': {'url': 'data:image/png;base64,iVBORw0KGgoAAAANSUhEUgAAATYAAABNCAYAAAAsLkgfAAAAOnRFWHRTb2Z0d2FyZQBNYXRwbG90bGliIHZlcnNpb24zLjEwLjMsIGh0dHBzOi8vbWF0cGxvdGxpYi5vcmcvZiW1igAAAAlwSFlzAAAPYQAAD2EBqD+naQAABIJJREFUeJzt3EtLlGEchvF7PKSVVlZENJhGFEVGFJSiRPtqKa6CvkEfplW0q12rgnbRKoLETUgtaqGYYFGaSueD+cbN4+u4KGpqxpH/e/1gmJM6Q+Dlc5pKWZZlAoBAmhr9BgCg1ggbgHAIG4BwCBuAcAgbgHAIG4BwCBuAcAgbgHAIG4BwCBuAcAgbgHAIG4BwCBuAcAgbgHAIG4BwCBuAcAgbgHAIG4BwCBuAcAgbgHAIG4BwCBuAcAgbgHAIG4BwCBuAcAgbgHAIG4BwCBuAcAgbgHAIG4BwWhr9BgCsyDLp7Vvpwwepo0PatUv69k2am0vXmzZJu3dLbW2NfqcbHmEDGuXr1xQtX+7ckW7elCYnK8+Xy9LgoHTypNTaKrW3S3v3psf27WvkO9/wSlnmPxMA1pVHZk+fSnfvSlevSt+///5rm5uloSHp6FFp82app0caGanELQ8ko7pVhA2ot7Xh8a+br8fGpNu300jtb5RK0sWLUne39OWLdOiQdP681NQkvXolffxY+dquLqmvL01lC4qwAfWM2evX0vPn0rt3ae3M9xcXpWfPpIcPU+j+lkdup0+nsHlq6hGcp6eOnm8fOJBitrAgdXZKAwOFHbkRNqBe08w3b6THj6Xp6TRFfP9e+vQp3ffFsauWg+XpqC957Lzu5sf375eOHJGOH08RPXMmrdMVEJsHQK1Hao6aI+ZRlUdnW7dKMzPS7GwaXfkxP/8v/H0/flSmtb546rljh7S0lDYf2tqkPXvS1xRUqVwuM2IDasXR8UaAR1K+duhseTk95yWwpSU9+Y+JUp+kRQfS/HO8zubXa2lJt5tW7nua6usC8r8OYQPWUY+kqf/4/l5JL2r4fiJqKRd0Dg7UfcTm215Ty6eMvp9l6lwZuf2rDh9xW/uAR2/5KM1aW9P019cFxeYBUEueeo6OprUwr33duyc9eJDue+3LGwq+eHHf09NqOWLeOPD6mUPm+zt3puMdDqpfY3hYunSpsDuixuYBUEuOiSPjDQRvFnin0uH5/DmdQfNtB8nPzc9X//MdNa+l5a+Vbx7ko7XeXqm/v9BRM8IG1JrPkvkMWX4o158QuH8/TQ09Zdy2TZqaSiO7akZtHp35aIcP4zpu+RGPY8ekLVtSKM+eTYd3C46wAfXgEVO+fu2wOUQvX0rbt0snTqRzbPbo0Z8P6eY7oBcupJj5uIjPxXn059dwKP3Y4cPSuXOFH60Za2zAeh7a9acCzCM5j7zGx6Vr1ypnztb+OuZB82js+nXp1Km0Nue1NJ+L8/d4iuv7/nwoH45fRdiA9fKrD6vbxIR065Z044b0Ys1BjoMHpStXpMuX00jvTz+LkdoqwgZsFP5V9DqZd1A95fRUMx+1oSqEDUA4/NfgAMIhbADCIWwAwiFsAMIhbADCIWwAwiFsAMIhbADCIWwAwiFsAMIhbADCIWwAwiFsAMIhbADCIWwAwiFsAMIhbADCIWwAwiFsAMIhbADCIWwAwiFsAMIhbADCIWwAwiFsAMIhbADCIWwAwiFsABTNT3roXHIAyEx4AAAAAElFTkSuQmCC'}}]}]",Final Answer: 0.65
anthropic/claude-3.7-sonnet,sample_005,0.56241,0.56241,0.4,"[{'role': 'system', 'content': 'You are a helpful assistant.'}, {'role': 'user', 'content': [{'type': 'text', 'text': '\nYou are given both an image and a text-based representation of the same stimulus. \nIn both, a red dot appears on a horizontal line\nThe left end of the line corresponds to 0.0, and the right end to 1.0.\n\nText representation (the dot is marked as """"O""""):\n|.-- -~=-------- ---------O--------------|\n\n\nEstimate the horizontal position of the **center** of the red dot as a decimal number between 0 and 1.\nDo not explain. Only output the final answer as a number between 0 and 1:\nFinal Answer:\n'}, {'type': 'image_url', 'image_url': {'url': 'data:image/png;base64,iVBORw0KGgoAAAANSUhEUgAAATYAAABNCAYAAAAsLkgfAAAAOnRFWHRTb2Z0d2FyZQBNYXRwbG90bGliIHZlcnNpb24zLjEwLjMsIGh0dHBzOi8vbWF0cGxvdGxpYi5vcmcvZiW1igAAAAlwSFlzAAAPYQAAD2EBqD+naQAABJVJREFUeJzt3ElvTXEYx/HfbWtuUaQSFy1i0bSRsECQ2HkNYmNnx9LGOxCJROyFlYXY8AZ0YVFCDCExxFBjYqgp5h755XHShohSt72e8/0kTfW0vfda9Nvnf87/tFYURSEASKRlql8AAPxrhA1AOoQNQDqEDUA6hA1AOoQNQDqEDUA6hA1AOoQNQDqEDUA6hA1AOoQNQDqEDUA6hA1AOoQNQDqEDUA6hA1AOoQNQDqEDUA6hA1AOoQNQDqEDUA6hA1AOoQNQDqEDUA6hA1AOoQNQDqEDUA6hA1AOoQNQDptU/0CgKZVFNLz59Lbt1J7u7RwoVSrTfWrwjgQNlTbx4/Ss2fSp0/S9OlSR4f04IF0/Lh07Jh0797o165aJe3eLW3fLn35Mvo9ixZJM2b8/FjlcUy6WlH41xJQMY7QzZvS1avSu3fS3LnShw/SwEAEzXH6UTmtOVZ790pr18bHnZ3SkiXSo0fSy5fS58/S69fSnDlSf7+0ejWBm2SEDdXj5eWFC9KZM9LDh9LMmdLs2RG606djCfo7LS3SgQPSli0x4XmyW748Jr47d6RXr6ThYWnWLGnDBmnduljKYlIQNlRrSnPIBgely5elS5diCvPxoSHpxo3xRa3k5eahQ9KbN/FYmzdLX7/GxLZgQXzNkydSV5e0YoW0cSOT2yThHBuqM6V52Xn9unT+vHTtWgSpry+mL18g+NPf8V6u7t8v9fbGMvTp01iWbtoUj+nA+TnmzYtpcNkyaeXKRv0PMQZhQ36eyBw1T2s+ue8pysHxBYBbt2Jqc5T+xt27ccXUfK7Oj++orVkT59keP47P+bn8dY4cS9KGq9XrdZaiyM3LQ09XIyOjS0X/+/vnOkdGdGUCZ2T6azUNt7VJra3xuA6l3xw4H/PnfLz8mOVow/kyD2FDpXV78JrA9/dIGrMpBE2grV6vT/VrABrLU5q3cngq89Tk6ckf+31RqMPLxAlob21V3VNZOZmV0+C0aTGheXrz5/zcfi3lcTQMV0VRjXNsp05JFy/GnjJH5v792LPmc2s+5+ZzY38TOAfKG3e7u+PNy0xvzPW5tfXrY3/b/PlxBdXB89YQH2egaCguHiA/x8ZXKh0VX50sQ7NtW2yoPXdOun07LiT8KW/C9fTnScx6emJ7h5/DV0gduXJKdES9DcTH0FBMbKgOb8k4eza2fnhq82baxYtj6jp6VDpyZDRQ4+Fgbd0qLV0a05rfO2Z+zLF3Iph/zBw134nAVdGGI2yoll/dz+m7BQ4elA4fHt9+Np8327dP2rEjlpXePsK9o02DsAElh+jECWnXLun9+zg29sejvFfUt1+dPBlLWTQlwgb8yPd4+kZ43y7lc28lXyTYs0fauTM22qJpETbgV/yj8eJFLDN9Ps7nyPh7bP8FwgYgHf40OIB0CBuAdAgbgHQIG4B0CBuAdAgbgHQIG4B0CBuAdAgbgHQIG4B0CBuAdAgbgHQIG4B0CBuAdAgbgHQIG4B0CBuAdAgbgHQIG4B0CBuAdAgbgHQIG4B0CBuAdAgbgHQIG4B0CBuAdAgbgHQIGwBl8w2vMXCzyZNU9QAAAABJRU5ErkJggg=='}}]}, {'role': 'assistant', 'content': 'Final Answer: 0.65'}, {'role': 'user', 'content': [{'type': 'text', 'text': '\nYou are given both an image and a text-based representation of the same stimulus. \nIn both, a red dot appears on a horizontal line\nThe left end of the line corresponds to 0.0, and the right end to 1.0.\n\nText representation (the dot is marked as """"O""""):\n|--~---~----------------=--- =-----O-----|\n\n\nEstimate the horizontal position of the **center** of the red dot as a decimal number between 0 and 1.\nDo not explain. Only output the final answer as a number between 0 and 1:\nFinal Answer:\n'}, {'type': 'image_url', 'image_url': {'url': 'data:image/png;base64,iVBORw0KGgoAAAANSUhEUgAAATYAAABNCAYAAAAsLkgfAAAAOnRFWHRTb2Z0d2FyZQBNYXRwbG90bGliIHZlcnNpb24zLjEwLjMsIGh0dHBzOi8vbWF0cGxvdGxpYi5vcmcvZiW1igAAAAlwSFlzAAAPYQAAD2EBqD+naQAABNNJREFUeJzt3MtvjG0Yx/HfVNUhrSgNYkLfSARJbUScYmdHxEKsJNZi5/+w8ieItZWNtcTCQlCHhOCtQ5yps2L6vPm9lyczeDvTaWv6uvr9JE0P087M6pvrvp/7aaUoikIAkEjXbL8BAJhphA1AOoQNQDqEDUA6hA1AOoQNQDqEDUA6hA1AOoQNQDqEDUA6hA1AOoQNQDqEDUA6hA1AOoQNQDqEDUA6hA1AOoQNQDqEDUA6hA1AOoQNQDqEDUA6hA1AOoQNQDqEDUA6hA1AOoQNQDqEDUA6hA1AOoQNQDrds/0GAPyBxsak58+lp0+lr1+lNWuk1aulSqX++IsX0pcvUk+PNDAgLVjQsbdH2AC01hiqx4+l06elM2cibKXBQen4cWn/funBA+n16/pj/f3S0JC0fHlHolcpiqKY0WcE8Gcb+x6ed++k9+9jInv0SHIqLl+WTpyIKE1k/nzp8GFp716pt1dasiQi19cnrV8v3b5dj56f21PeunXSypU/Rm4aASRsAOpevpQuXZKuX4+p69Ur6dmzCMq3b9LZsxG4ydi2Tdq1S1q1Kqa1Dx+kri5p4cKI2Nu3ETm/zqJF0oYN0ooV8bt27drEU18LhA1AfUI6d066elV6+DD20BwdLz3Hx+Nzu7nYvr2+/7Z2bUxwW7ZEJIeHpY8fpaVLYzLbtCmev3FicwAdQ7++l72e+nbsaDm5cVUUQPBy01Hz8tAcHX98+hST3FRmoBs3pCdPYgl74UIsKx2q0dFY6i5bJnV/3+qv1SJkIyPS/fv1qJk/+3tPkI5gC1w8ABDK6cwTlCPnCcnx8eTUbE+tGe/R+Tm9/PRS1EvPjRvr8SynsXJvzt87cOVjjfy99+Mm8V4q1WqVpSgw142Px2T2+XPEw+Hxz4pC/UWh4Wk89VClotEyWvPmxYenNAesDJtf079Thqv8/mdewvpCgp+jCR86IWwAJjQo6W9N3V+SRtRZ3dVqtcMvCeB/pVaLCc3Tkye2cmLyz2o19U3z6XsrFVU9ZXlK85LUe3WeuPwansDMX/vnfg/lpObXL/f1Gh/7eYn6H7gqCsx19+5JV67E1cubN6Xz5yN23hu7eDH22Lw/Vu6FtcPB8vDkK5579ki7d8fxER8F8c+bnVWbxjk2Lh4Ac11PT3x2uHxGzIdlHRDHyOfKbt2S7t6Nq5vt8vk0P5+j6eMePpfmK6GOlPl1Jlo1NnusBY57AHPdwEAcfvVVUN8l4K/LDf2dO+M2qX37Wm7Y/8J/7wO6W7dGzN68iXNoPmT7m+8bZSkKQP+eUytP+vuOAJ8lc5g8ZTlGPljrqe3YsdjvapUN/61vqzpyJJaSPkriwG3e3JGb4QkbgF/3tMosOFCN+1u+M+HgwTi4a435KC8AeIP/6FHpwIGYANu4Y2CmEDYA7fFdA6dOSSdPSnfu/PjfPQ4diqXm4sUROOfFy9BJ3uM5UwgbgKlxOnyLk+9O8ETmgHlqm+X/xWaEDUA6XBUFkA5hA5AOYQOQDmEDkA5hA5AOYQOQDmEDkA5hA5AOYQOQDmEDkA5hA5AOYQOQDmEDkA5hA5AOYQOQDmEDkA5hA5AOYQOQDmEDkA5hA5AOYQOQDmEDkA5hA5AOYQOQDmEDkA5hA5AOYQOQDmEDoGz+AaQ5oOTiCrZ7AAAAAElFTkSuQmCC'}}]}, {'role': 'assistant', 'content': 'Final Answer: 0.85'}, {'role': 'user', 'content': [{'type': 'text', 'text': '\nYou are given both an image and a text-based representation of the same stimulus. \nIn both, a red dot appears on a horizontal line\nThe left end of the line corresponds to 0.0, and the right end to 1.0.\n\nText representation (the dot is marked as """"O""""):\n|--~----~-----------------~=---O----=----|\n\n\nEstimate the horizontal position of the **center** of the red dot as a decimal number between 0 and 1.\nDo not explain. Only output the final answer as a number between 0 and 1:\nFinal Answer:\n'}, {'type': 'image_url', 'image_url': {'url': 'data:image/png;base64,iVBORw0KGgoAAAANSUhEUgAAATYAAABNCAYAAAAsLkgfAAAAOnRFWHRTb2Z0d2FyZQBNYXRwbG90bGliIHZlcnNpb24zLjEwLjMsIGh0dHBzOi8vbWF0cGxvdGxpYi5vcmcvZiW1igAAAAlwSFlzAAAPYQAAD2EBqD+naQAABDBJREFUeJzt3LlrVGsYgPHnJHFPlFFBZdR7XQtJISIW6VSsxEqwE8FaLfwvbG209h+wFgQt3BAE8QqKqFz3BY3B3Why5OVjGC/IJYmCOW+eHwyzJDmTZh6+5Zyp6rqukaREev70PyBJv5thk5SOYZOUjmGTlI5hk5SOYZOUjmGTlI5hk5SOYZOUjmGTlI5hk5SOYZOUjmGTlI5hk5SOYZOUjmGTlI5hk5SOYZOUjmGTlI5hk5SOYZOUjmGTlI5hk5SOYZOUjmGTlI5hk5SOYZOUjmGTlI5hk5SOYZOUTt+f/gckTcGXL/DqFYyOwuzZsHQpzJkDdQ2vX8P799DfD0uWQFUx0xg2qWkiXDdvwsuX5fHICPT2wosXcPo03L/f/d116+DwYThwAObN+3kME6rqOhIvqTEjtStX4MkTePoU7tyBW7fg8mUYGyujs/qHj3RntDZ3Lhw9Cps2wadP8O1bGc0NDZWRXRzn40eYPx82boSFC2kywyY1SQTt0iV4/hyuXoUbN8ptIqoKdu2CbdtKwJ49KzGM6PX0QF9fieLy5bB7N2zYQFMZNqlJa2nv3sHFiyVq587B3bv/HaFNJG5DQ2WKOj4O16/DwED3tZiuxlR28WI4eLCxIzfX2KTpvpb25k33tbdv4do1uHABHj+eXNRC/H5EMY65YkUJ57Jl5bhxvPXrYe3aMr2N6enWrTSRp3tI01EEJ6IWI7R2G1atKtPG8+fLVPTRo7JWNhVfv8LwcFlni1Hb589lE+HDh/J+MSWNqWmsuTVU1W63nYpK001ELAIUu52hE6C4HxujNTrKP7+wijQIjMyaVUZwEbF4HNPUeL94Hu8d63DxegPFlolhkxrmL+DfX/j7v4EH5NXXjmGupOk9YovNg7jF8/FxBuJx/HyK+oF2bEbEiCympDFa64zY4hY7pTElbSh3RaXpfL5arHnF4v7t23D2LLRasGBBic+xYyV2k1VV5Zg7dsDKlSVusZGwenW5T3AeW3OTLGUWi/mDg2UDIc5d64ykYtE/TsuIwG3fDmfOTP7YrRZs3lyOv2ZNuY9z1hJdheCITWrKeWwRuBjFxfMYdcWu5cmTZUo60Y9xby/s31/OW9u5s+y4Jgpah2GTmiTON/vx8qeHD2HfvhK22DH9P1UFhw7Bnj2wZUu5pCopwyY1XUxH9+7tnndW/+Ra0bii4MSJMkpLfPF7h2GTMohv+Dh1Co4fh3v3uq/HetyRI+XbPRYtYqYwbFIm8XEeHi67qXENaFzzOQO/j82wSUrHa0UlpWPYJKVj2CSlY9gkpWPYJKVj2CSlY9gkpWPYJKVj2CSlY9gkpWPYJKVj2CSlY9gkpWPYJKVj2CSlY9gkpWPYJKVj2CSlY9gkpWPYJKVj2CSlY9gkpWPYJKVj2CSlY9gkpWPYJKVj2CSlY9gkkc1310VHXTWff9MAAAAASUVORK5CYII='}}]}, {'role': 'assistant', 'content': 'Final Answer: 0.75'}, {'role': 'user', 'content': [{'type': 'text', 'text': '\nYou are given both an image and a text-based representation of the same stimulus. \nIn both, a red dot appears on a horizontal line\nThe left end of the line corresponds to 0.0, and the right end to 1.0.\n\nText representation (the dot is marked as """"O""""):\n|------~----------=.------- -O-------- --|\n\n\nEstimate the horizontal position of the **center** of the red dot as a decimal number between 0 and 1.\nDo not explain. Only output the final answer as a number between 0 and 1:\nFinal Answer:\n'}, {'type': 'image_url', 'image_url': {'url': 'data:image/png;base64,iVBORw0KGgoAAAANSUhEUgAAATYAAABNCAYAAAAsLkgfAAAAOnRFWHRTb2Z0d2FyZQBNYXRwbG90bGliIHZlcnNpb24zLjEwLjMsIGh0dHBzOi8vbWF0cGxvdGxpYi5vcmcvZiW1igAAAAlwSFlzAAAPYQAAD2EBqD+naQAABIJJREFUeJzt3EtLlGEchvF7PKSVVlZENJhGFEVGFJSiRPtqKa6CvkEfplW0q12rgnbRKoLETUgtaqGYYFGaSueD+cbN4+u4KGpqxpH/e/1gmJM6Q+Dlc5pKWZZlAoBAmhr9BgCg1ggbgHAIG4BwCBuAcAgbgHAIG4BwCBuAcAgbgHAIG4BwCBuAcAgbgHAIG4BwCBuAcAgbgHAIG4BwCBuAcAgbgHAIG4BwCBuAcAgbgHAIG4BwCBuAcAgbgHAIG4BwCBuAcAgbgHAIG4BwCBuAcAgbgHAIG4BwWhr9BgCsyDLp7Vvpwwepo0PatUv69k2am0vXmzZJu3dLbW2NfqcbHmEDGuXr1xQtX+7ckW7elCYnK8+Xy9LgoHTypNTaKrW3S3v3psf27WvkO9/wSlnmPxMA1pVHZk+fSnfvSlevSt+///5rm5uloSHp6FFp82app0caGanELQ8ko7pVhA2ot7Xh8a+br8fGpNu300jtb5RK0sWLUne39OWLdOiQdP681NQkvXolffxY+dquLqmvL01lC4qwAfWM2evX0vPn0rt3ae3M9xcXpWfPpIcPU+j+lkdup0+nsHlq6hGcp6eOnm8fOJBitrAgdXZKAwOFHbkRNqBe08w3b6THj6Xp6TRFfP9e+vQp3ffFsauWg+XpqC957Lzu5sf375eOHJGOH08RPXMmrdMVEJsHQK1Hao6aI+ZRlUdnW7dKMzPS7GwaXfkxP/8v/H0/flSmtb546rljh7S0lDYf2tqkPXvS1xRUqVwuM2IDasXR8UaAR1K+duhseTk95yWwpSU9+Y+JUp+kRQfS/HO8zubXa2lJt5tW7nua6usC8r8OYQPWUY+kqf/4/l5JL2r4fiJqKRd0Dg7UfcTm215Ty6eMvp9l6lwZuf2rDh9xW/uAR2/5KM1aW9P019cFxeYBUEueeo6OprUwr33duyc9eJDue+3LGwq+eHHf09NqOWLeOPD6mUPm+zt3puMdDqpfY3hYunSpsDuixuYBUEuOiSPjDQRvFnin0uH5/DmdQfNtB8nPzc9X//MdNa+l5a+Vbx7ko7XeXqm/v9BRM8IG1JrPkvkMWX4o158QuH8/TQ09Zdy2TZqaSiO7akZtHp35aIcP4zpu+RGPY8ekLVtSKM+eTYd3C46wAfXgEVO+fu2wOUQvX0rbt0snTqRzbPbo0Z8P6eY7oBcupJj5uIjPxXn059dwKP3Y4cPSuXOFH60Za2zAeh7a9acCzCM5j7zGx6Vr1ypnztb+OuZB82js+nXp1Km0Nue1NJ+L8/d4iuv7/nwoH45fRdiA9fKrD6vbxIR065Z044b0Ys1BjoMHpStXpMuX00jvTz+LkdoqwgZsFP5V9DqZd1A95fRUMx+1oSqEDUA4/NfgAMIhbADCIWwAwiFsAMIhbADCIWwAwiFsAMIhbADCIWwAwiFsAMIhbADCIWwAwiFsAMIhbADCIWwAwiFsAMIhbADCIWwAwiFsAMIhbADCIWwAwiFsAMIhbADCIWwAwiFsAMIhbADCIWwAwiFsABTNT3roXHIAyEx4AAAAAElFTkSuQmCC'}}]}, {'role': 'assistant', 'content': 'Final Answer: 0.65'}, {'role': 'user', 'content': [{'type': 'text', 'text': '\nYou are given both an image and a text-based representation of the same stimulus. \nIn both, a red dot appears on a horizontal line\nThe left end of the line corresponds to 0.0, and the right end to 1.0.\n\nText representation (the dot is marked as """"O""""):\n|-- ------ --=- ----=-O------------------|\n\n\nEstimate the horizontal position of the **center** of the red dot as a decimal number between 0 and 1.\nDo not explain. Only output the final answer as a number between 0 and 1:\nFinal Answer:\n'}, {'type': 'image_url', 'image_url': {'url': 'data:image/png;base64,iVBORw0KGgoAAAANSUhEUgAAATYAAABNCAYAAAAsLkgfAAAAOnRFWHRTb2Z0d2FyZQBNYXRwbG90bGliIHZlcnNpb24zLjEwLjMsIGh0dHBzOi8vbWF0cGxvdGxpYi5vcmcvZiW1igAAAAlwSFlzAAAPYQAAD2EBqD+naQAABHBJREFUeJzt28tvTH8Yx/HP1FCXVhTRMJIiLCTduCysLOxspCthw1L8AeIf8BfY6bJrSwsSKwuREAu6Qht1i1u1LnGvIx+Pk9atVMmZeeb9Sk46nXbOjPx+3p7zPefUiqIoBACJdFT9AQDgXyNsANIhbADSIWwA0iFsANIhbADSIWwA0iFsANIhbADSIWwA0iFsANIhbADSIWwA0iFsANIhbADSIWwA0iFsANIhbADSIWwA0iFsANIhbADSIWwA0iFsANIhbADSIWwA0iFsANIhbADSIWwA0iFsANIhbADSqVf9AYA5eftWunlTmpyUVqyQtmyRFi+u+lOhyRA2NK9376SnT6X376U3b6TTp6VTp6QHD6Z/Z+1a6dAh6eBBafXq2Do7q/zUaAK1oiiKqj8E8EPMHj2SRkcjapcuRdD8+Fccs+PHpT17pP5+adWqb8O4aBHRayNMbGgOjpAPMa9ejYns7t2IkuN25crvX+94nTghTUxIT55IO3ZId+7E96Wenunole9J+FJiYkP1xsdjKjt7Vhobi/Wzhw/j+WfP5ravBQukgQFp69bY+vqkFy8iYs+fS+vWSbt3S69eScPDs4cPLYuwoVoOzrlz0oULMa29fh2HoZ7aZjv0nM3y5RG1XbuklSulDx+kZcsien6/vXsjbC9fSr29UkeH9OlTvG93d7yOya2lcbkHqnX/vnTtWpwc8OZDQsfnb6NmDtaNG9KZM3EY6++9LV0a7+Hp8PHj6aiZv/p7T4g+PEVLqzUaDSY2VKc84+mJyY9rNenjR/UUha7PY7f9kiYdq3o9Ymnetzfz9LZw4Y8vnJqK5/1ztCz/VyZsaDp9km7P4/UbJI39w8+D1lJvNBpVfwa0s/IQ9Ouk9mVimppS9zx32yWp4YnNk9fM6WvJkumpzV9n/szv7edYX2t5nDxAtetrFy/GmdCREenePenWrfjqxf358HqZ70rwYejGjXFCwetqvgxk+/b4mS8vKc+K+q+BTzRwVjQFrmNDdbym5vWsbdtikvLivgPj532blC/78BQ3V47Z5s2x+YyoJzDvy+t4jlYZL29cx5YSExuqndguX5a8HOKAOT6+1sxnLT1N+bnz5yNIf8qHkjt3RrwcKcfK/LirS9q3T9q06b/9kdAcmNhQHUfHF8X6+jEfOq5ZE885ZOvXR4h8GDk4GL//u3+DHbX9++MCXE+C3le5xuZLSDyhsabcFpjYUC3fXTDzDoByrctrYOVhqdfhjhyJi3fL3/meJ7Jjx6SjR+Pxz/bJ+lnbIGyo3p/cs+nD1KEh6eTJONFQ8i1Thw9LBw7EIWb5Ou4DbWuEDa3F/7v67gDfSeDbnzyJlZdvAF8RNgDpcK8ogHQIG4B0CBuAdAgbgHQIG4B0CBuAdAgbgHQIG4B0CBuAdAgbgHQIG4B0CBuAdAgbgHQIG4B0CBuAdAgbgHQIG4B0CBuAdAgbgHQIG4B0CBuAdAgbgHQIG4B0CBuAdAgbgHQIG4B0CBuAdAgbAGXzGahxa5hlk7orAAAAAElFTkSuQmCC'}}]}]",Final Answer: 0.4
anthropic/claude-3.7-sonnet,sample_006,0.5624,0.5624,0.5,"[{'role': 'system', 'content': 'You are a helpful assistant.'}, {'role': 'user', 'content': [{'type': 'text', 'text': '\nYou are given both an image and a text-based representation of the same stimulus. \nIn both, a red dot appears on a horizontal line\nThe left end of the line corresponds to 0.0, and the right end to 1.0.\n\nText representation (the dot is marked as """"O""""):\n|.-- -~=-------- ---------O--------------|\n\n\nEstimate the horizontal position of the **center** of the red dot as a decimal number between 0 and 1.\nDo not explain. Only output the final answer as a number between 0 and 1:\nFinal Answer:\n'}, {'type': 'image_url', 'image_url': {'url': 'data:image/png;base64,iVBORw0KGgoAAAANSUhEUgAAATYAAABNCAYAAAAsLkgfAAAAOnRFWHRTb2Z0d2FyZQBNYXRwbG90bGliIHZlcnNpb24zLjEwLjMsIGh0dHBzOi8vbWF0cGxvdGxpYi5vcmcvZiW1igAAAAlwSFlzAAAPYQAAD2EBqD+naQAABJVJREFUeJzt3ElvTXEYx/HfbWtuUaQSFy1i0bSRsECQ2HkNYmNnx9LGOxCJROyFlYXY8AZ0YVFCDCExxFBjYqgp5h755XHShohSt72e8/0kTfW0vfda9Nvnf87/tFYURSEASKRlql8AAPxrhA1AOoQNQDqEDUA6hA1AOoQNQDqEDUA6hA1AOoQNQDqEDUA6hA1AOoQNQDqEDUA6hA1AOoQNQDqEDUA6hA1AOoQNQDqEDUA6hA1AOoQNQDqEDUA6hA1AOoQNQDqEDUA6hA1AOoQNQDqEDUA6hA1AOoQNQDptU/0CgKZVFNLz59Lbt1J7u7RwoVSrTfWrwjgQNlTbx4/Ss2fSp0/S9OlSR4f04IF0/Lh07Jh0797o165aJe3eLW3fLn35Mvo9ixZJM2b8/FjlcUy6WlH41xJQMY7QzZvS1avSu3fS3LnShw/SwEAEzXH6UTmtOVZ790pr18bHnZ3SkiXSo0fSy5fS58/S69fSnDlSf7+0ejWBm2SEDdXj5eWFC9KZM9LDh9LMmdLs2RG606djCfo7LS3SgQPSli0x4XmyW748Jr47d6RXr6ThYWnWLGnDBmnduljKYlIQNlRrSnPIBgely5elS5diCvPxoSHpxo3xRa3k5eahQ9KbN/FYmzdLX7/GxLZgQXzNkydSV5e0YoW0cSOT2yThHBuqM6V52Xn9unT+vHTtWgSpry+mL18g+NPf8V6u7t8v9fbGMvTp01iWbtoUj+nA+TnmzYtpcNkyaeXKRv0PMQZhQ36eyBw1T2s+ue8pysHxBYBbt2Jqc5T+xt27ccXUfK7Oj++orVkT59keP47P+bn8dY4cS9KGq9XrdZaiyM3LQ09XIyOjS0X/+/vnOkdGdGUCZ2T6azUNt7VJra3xuA6l3xw4H/PnfLz8mOVow/kyD2FDpXV78JrA9/dIGrMpBE2grV6vT/VrABrLU5q3cngq89Tk6ckf+31RqMPLxAlob21V3VNZOZmV0+C0aTGheXrz5/zcfi3lcTQMV0VRjXNsp05JFy/GnjJH5v792LPmc2s+5+ZzY38TOAfKG3e7u+PNy0xvzPW5tfXrY3/b/PlxBdXB89YQH2egaCguHiA/x8ZXKh0VX50sQ7NtW2yoPXdOun07LiT8KW/C9fTnScx6emJ7h5/DV0gduXJKdES9DcTH0FBMbKgOb8k4eza2fnhq82baxYtj6jp6VDpyZDRQ4+Fgbd0qLV0a05rfO2Z+zLF3Iph/zBw134nAVdGGI2yoll/dz+m7BQ4elA4fHt9+Np8327dP2rEjlpXePsK9o02DsAElh+jECWnXLun9+zg29sejvFfUt1+dPBlLWTQlwgb8yPd4+kZ43y7lc28lXyTYs0fauTM22qJpETbgV/yj8eJFLDN9Ps7nyPh7bP8FwgYgHf40OIB0CBuAdAgbgHQIG4B0CBuAdAgbgHQIG4B0CBuAdAgbgHQIG4B0CBuAdAgbgHQIG4B0CBuAdAgbgHQIG4B0CBuAdAgbgHQIG4B0CBuAdAgbgHQIG4B0CBuAdAgbgHQIG4B0CBuAdAgbgHQIGwBl8w2vMXCzyZNU9QAAAABJRU5ErkJggg=='}}]}, {'role': 'assistant', 'content': 'Final Answer: 0.65'}, {'role': 'user', 'content': [{'type': 'text', 'text': '\nYou are given both an image and a text-based representation of the same stimulus. \nIn both, a red dot appears on a horizontal line\nThe left end of the line corresponds to 0.0, and the right end to 1.0.\n\nText representation (the dot is marked as """"O""""):\n|--~---~----------------=--- =-----O-----|\n\n\nEstimate the horizontal position of the **center** of the red dot as a decimal number between 0 and 1.\nDo not explain. Only output the final answer as a number between 0 and 1:\nFinal Answer:\n'}, {'type': 'image_url', 'image_url': {'url': 'data:image/png;base64,iVBORw0KGgoAAAANSUhEUgAAATYAAABNCAYAAAAsLkgfAAAAOnRFWHRTb2Z0d2FyZQBNYXRwbG90bGliIHZlcnNpb24zLjEwLjMsIGh0dHBzOi8vbWF0cGxvdGxpYi5vcmcvZiW1igAAAAlwSFlzAAAPYQAAD2EBqD+naQAABNNJREFUeJzt3MtvjG0Yx/HfVNUhrSgNYkLfSARJbUScYmdHxEKsJNZi5/+w8ieItZWNtcTCQlCHhOCtQ5yps2L6vPm9lyczeDvTaWv6uvr9JE0P087M6pvrvp/7aaUoikIAkEjXbL8BAJhphA1AOoQNQDqEDUA6hA1AOoQNQDqEDUA6hA1AOoQNQDqEDUA6hA1AOoQNQDqEDUA6hA1AOoQNQDqEDUA6hA1AOoQNQDqEDUA6hA1AOoQNQDqEDUA6hA1AOoQNQDqEDUA6hA1AOoQNQDqEDUA6hA1AOoQNQDrds/0GAPyBxsak58+lp0+lr1+lNWuk1aulSqX++IsX0pcvUk+PNDAgLVjQsbdH2AC01hiqx4+l06elM2cibKXBQen4cWn/funBA+n16/pj/f3S0JC0fHlHolcpiqKY0WcE8Gcb+x6ed++k9+9jInv0SHIqLl+WTpyIKE1k/nzp8GFp716pt1dasiQi19cnrV8v3b5dj56f21PeunXSypU/Rm4aASRsAOpevpQuXZKuX4+p69Ur6dmzCMq3b9LZsxG4ydi2Tdq1S1q1Kqa1Dx+kri5p4cKI2Nu3ETm/zqJF0oYN0ooV8bt27drEU18LhA1AfUI6d066elV6+DD20BwdLz3Hx+Nzu7nYvr2+/7Z2bUxwW7ZEJIeHpY8fpaVLYzLbtCmev3FicwAdQ7++l72e+nbsaDm5cVUUQPBy01Hz8tAcHX98+hST3FRmoBs3pCdPYgl74UIsKx2q0dFY6i5bJnV/3+qv1SJkIyPS/fv1qJk/+3tPkI5gC1w8ABDK6cwTlCPnCcnx8eTUbE+tGe/R+Tm9/PRS1EvPjRvr8SynsXJvzt87cOVjjfy99+Mm8V4q1WqVpSgw142Px2T2+XPEw+Hxz4pC/UWh4Wk89VClotEyWvPmxYenNAesDJtf079Thqv8/mdewvpCgp+jCR86IWwAJjQo6W9N3V+SRtRZ3dVqtcMvCeB/pVaLCc3Tkye2cmLyz2o19U3z6XsrFVU9ZXlK85LUe3WeuPwansDMX/vnfg/lpObXL/f1Gh/7eYn6H7gqCsx19+5JV67E1cubN6Xz5yN23hu7eDH22Lw/Vu6FtcPB8vDkK5579ki7d8fxER8F8c+bnVWbxjk2Lh4Ac11PT3x2uHxGzIdlHRDHyOfKbt2S7t6Nq5vt8vk0P5+j6eMePpfmK6GOlPl1Jlo1NnusBY57AHPdwEAcfvVVUN8l4K/LDf2dO+M2qX37Wm7Y/8J/7wO6W7dGzN68iXNoPmT7m+8bZSkKQP+eUytP+vuOAJ8lc5g8ZTlGPljrqe3YsdjvapUN/61vqzpyJJaSPkriwG3e3JGb4QkbgF/3tMosOFCN+1u+M+HgwTi4a435KC8AeIP/6FHpwIGYANu4Y2CmEDYA7fFdA6dOSSdPSnfu/PjfPQ4diqXm4sUROOfFy9BJ3uM5UwgbgKlxOnyLk+9O8ETmgHlqm+X/xWaEDUA6XBUFkA5hA5AOYQOQDmEDkA5hA5AOYQOQDmEDkA5hA5AOYQOQDmEDkA5hA5AOYQOQDmEDkA5hA5AOYQOQDmEDkA5hA5AOYQOQDmEDkA5hA5AOYQOQDmEDkA5hA5AOYQOQDmEDkA5hA5AOYQOQDmEDoGz+AaQ5oOTiCrZ7AAAAAElFTkSuQmCC'}}]}, {'role': 'assistant', 'content': 'Final Answer: 0.85'}, {'role': 'user', 'content': [{'type': 'text', 'text': '\nYou are given both an image and a text-based representation of the same stimulus. \nIn both, a red dot appears on a horizontal line\nThe left end of the line corresponds to 0.0, and the right end to 1.0.\n\nText representation (the dot is marked as """"O""""):\n|--~----~-----------------~=---O----=----|\n\n\nEstimate the horizontal position of the **center** of the red dot as a decimal number between 0 and 1.\nDo not explain. Only output the final answer as a number between 0 and 1:\nFinal Answer:\n'}, {'type': 'image_url', 'image_url': {'url': 'data:image/png;base64,iVBORw0KGgoAAAANSUhEUgAAATYAAABNCAYAAAAsLkgfAAAAOnRFWHRTb2Z0d2FyZQBNYXRwbG90bGliIHZlcnNpb24zLjEwLjMsIGh0dHBzOi8vbWF0cGxvdGxpYi5vcmcvZiW1igAAAAlwSFlzAAAPYQAAD2EBqD+naQAABDBJREFUeJzt3LlrVGsYgPHnJHFPlFFBZdR7XQtJISIW6VSsxEqwE8FaLfwvbG209h+wFgQt3BAE8QqKqFz3BY3B3Why5OVjGC/IJYmCOW+eHwyzJDmTZh6+5Zyp6rqukaREev70PyBJv5thk5SOYZOUjmGTlI5hk5SOYZOUjmGTlI5hk5SOYZOUjmGTlI5hk5SOYZOUjmGTlI5hk5SOYZOUjmGTlI5hk5SOYZOUjmGTlI5hk5SOYZOUjmGTlI5hk5SOYZOUjmGTlI5hk5SOYZOUjmGTlI5hk5SOYZOUTt+f/gckTcGXL/DqFYyOwuzZsHQpzJkDdQ2vX8P799DfD0uWQFUx0xg2qWkiXDdvwsuX5fHICPT2wosXcPo03L/f/d116+DwYThwAObN+3kME6rqOhIvqTEjtStX4MkTePoU7tyBW7fg8mUYGyujs/qHj3RntDZ3Lhw9Cps2wadP8O1bGc0NDZWRXRzn40eYPx82boSFC2kywyY1SQTt0iV4/hyuXoUbN8ptIqoKdu2CbdtKwJ49KzGM6PX0QF9fieLy5bB7N2zYQFMZNqlJa2nv3sHFiyVq587B3bv/HaFNJG5DQ2WKOj4O16/DwED3tZiuxlR28WI4eLCxIzfX2KTpvpb25k33tbdv4do1uHABHj+eXNRC/H5EMY65YkUJ57Jl5bhxvPXrYe3aMr2N6enWrTSRp3tI01EEJ6IWI7R2G1atKtPG8+fLVPTRo7JWNhVfv8LwcFlni1Hb589lE+HDh/J+MSWNqWmsuTVU1W63nYpK001ELAIUu52hE6C4HxujNTrKP7+wijQIjMyaVUZwEbF4HNPUeL94Hu8d63DxegPFlolhkxrmL+DfX/j7v4EH5NXXjmGupOk9YovNg7jF8/FxBuJx/HyK+oF2bEbEiCympDFa64zY4hY7pTElbSh3RaXpfL5arHnF4v7t23D2LLRasGBBic+xYyV2k1VV5Zg7dsDKlSVusZGwenW5T3AeW3OTLGUWi/mDg2UDIc5d64ykYtE/TsuIwG3fDmfOTP7YrRZs3lyOv2ZNuY9z1hJdheCITWrKeWwRuBjFxfMYdcWu5cmTZUo60Y9xby/s31/OW9u5s+y4Jgpah2GTmiTON/vx8qeHD2HfvhK22DH9P1UFhw7Bnj2wZUu5pCopwyY1XUxH9+7tnndW/+Ra0bii4MSJMkpLfPF7h2GTMohv+Dh1Co4fh3v3uq/HetyRI+XbPRYtYqYwbFIm8XEeHi67qXENaFzzOQO/j82wSUrHa0UlpWPYJKVj2CSlY9gkpWPYJKVj2CSlY9gkpWPYJKVj2CSlY9gkpWPYJKVj2CSlY9gkpWPYJKVj2CSlY9gkpWPYJKVj2CSlY9gkpWPYJKVj2CSlY9gkpWPYJKVj2CSlY9gkpWPYJKVj2CSlY9gkkc1310VHXTWff9MAAAAASUVORK5CYII='}}]}, {'role': 'assistant', 'content': 'Final Answer: 0.75'}, {'role': 'user', 'content': [{'type': 'text', 'text': '\nYou are given both an image and a text-based representation of the same stimulus. \nIn both, a red dot appears on a horizontal line\nThe left end of the line corresponds to 0.0, and the right end to 1.0.\n\nText representation (the dot is marked as """"O""""):\n|------~----------=.------- -O-------- --|\n\n\nEstimate the horizontal position of the **center** of the red dot as a decimal number between 0 and 1.\nDo not explain. Only output the final answer as a number between 0 and 1:\nFinal Answer:\n'}, {'type': 'image_url', 'image_url': {'url': 'data:image/png;base64,iVBORw0KGgoAAAANSUhEUgAAATYAAABNCAYAAAAsLkgfAAAAOnRFWHRTb2Z0d2FyZQBNYXRwbG90bGliIHZlcnNpb24zLjEwLjMsIGh0dHBzOi8vbWF0cGxvdGxpYi5vcmcvZiW1igAAAAlwSFlzAAAPYQAAD2EBqD+naQAABIJJREFUeJzt3EtLlGEchvF7PKSVVlZENJhGFEVGFJSiRPtqKa6CvkEfplW0q12rgnbRKoLETUgtaqGYYFGaSueD+cbN4+u4KGpqxpH/e/1gmJM6Q+Dlc5pKWZZlAoBAmhr9BgCg1ggbgHAIG4BwCBuAcAgbgHAIG4BwCBuAcAgbgHAIG4BwCBuAcAgbgHAIG4BwCBuAcAgbgHAIG4BwCBuAcAgbgHAIG4BwCBuAcAgbgHAIG4BwCBuAcAgbgHAIG4BwCBuAcAgbgHAIG4BwCBuAcAgbgHAIG4BwWhr9BgCsyDLp7Vvpwwepo0PatUv69k2am0vXmzZJu3dLbW2NfqcbHmEDGuXr1xQtX+7ckW7elCYnK8+Xy9LgoHTypNTaKrW3S3v3psf27WvkO9/wSlnmPxMA1pVHZk+fSnfvSlevSt+///5rm5uloSHp6FFp82app0caGanELQ8ko7pVhA2ot7Xh8a+br8fGpNu300jtb5RK0sWLUne39OWLdOiQdP681NQkvXolffxY+dquLqmvL01lC4qwAfWM2evX0vPn0rt3ae3M9xcXpWfPpIcPU+j+lkdup0+nsHlq6hGcp6eOnm8fOJBitrAgdXZKAwOFHbkRNqBe08w3b6THj6Xp6TRFfP9e+vQp3ffFsauWg+XpqC957Lzu5sf375eOHJGOH08RPXMmrdMVEJsHQK1Hao6aI+ZRlUdnW7dKMzPS7GwaXfkxP/8v/H0/flSmtb546rljh7S0lDYf2tqkPXvS1xRUqVwuM2IDasXR8UaAR1K+duhseTk95yWwpSU9+Y+JUp+kRQfS/HO8zubXa2lJt5tW7nua6usC8r8OYQPWUY+kqf/4/l5JL2r4fiJqKRd0Dg7UfcTm215Ty6eMvp9l6lwZuf2rDh9xW/uAR2/5KM1aW9P019cFxeYBUEueeo6OprUwr33duyc9eJDue+3LGwq+eHHf09NqOWLeOPD6mUPm+zt3puMdDqpfY3hYunSpsDuixuYBUEuOiSPjDQRvFnin0uH5/DmdQfNtB8nPzc9X//MdNa+l5a+Vbx7ko7XeXqm/v9BRM8IG1JrPkvkMWX4o158QuH8/TQ09Zdy2TZqaSiO7akZtHp35aIcP4zpu+RGPY8ekLVtSKM+eTYd3C46wAfXgEVO+fu2wOUQvX0rbt0snTqRzbPbo0Z8P6eY7oBcupJj5uIjPxXn059dwKP3Y4cPSuXOFH60Za2zAeh7a9acCzCM5j7zGx6Vr1ypnztb+OuZB82js+nXp1Km0Nue1NJ+L8/d4iuv7/nwoH45fRdiA9fKrD6vbxIR065Z044b0Ys1BjoMHpStXpMuX00jvTz+LkdoqwgZsFP5V9DqZd1A95fRUMx+1oSqEDUA4/NfgAMIhbADCIWwAwiFsAMIhbADCIWwAwiFsAMIhbADCIWwAwiFsAMIhbADCIWwAwiFsAMIhbADCIWwAwiFsAMIhbADCIWwAwiFsAMIhbADCIWwAwiFsAMIhbADCIWwAwiFsAMIhbADCIWwAwiFsABTNT3roXHIAyEx4AAAAAElFTkSuQmCC'}}]}, {'role': 'assistant', 'content': 'Final Answer: 0.65'}, {'role': 'user', 'content': [{'type': 'text', 'text': '\nYou are given both an image and a text-based representation of the same stimulus. \nIn both, a red dot appears on a horizontal line\nThe left end of the line corresponds to 0.0, and the right end to 1.0.\n\nText representation (the dot is marked as """"O""""):\n|-- ------ --=- ----=-O------------------|\n\n\nEstimate the horizontal position of the **center** of the red dot as a decimal number between 0 and 1.\nDo not explain. Only output the final answer as a number between 0 and 1:\nFinal Answer:\n'}, {'type': 'image_url', 'image_url': {'url': 'data:image/png;base64,iVBORw0KGgoAAAANSUhEUgAAATYAAABNCAYAAAAsLkgfAAAAOnRFWHRTb2Z0d2FyZQBNYXRwbG90bGliIHZlcnNpb24zLjEwLjMsIGh0dHBzOi8vbWF0cGxvdGxpYi5vcmcvZiW1igAAAAlwSFlzAAAPYQAAD2EBqD+naQAABHBJREFUeJzt28tvTH8Yx/HP1FCXVhTRMJIiLCTduCysLOxspCthw1L8AeIf8BfY6bJrSwsSKwuREAu6Qht1i1u1LnGvIx+Pk9atVMmZeeb9Sk46nXbOjPx+3p7zPefUiqIoBACJdFT9AQDgXyNsANIhbADSIWwA0iFsANIhbADSIWwA0iFsANIhbADSIWwA0iFsANIhbADSIWwA0iFsANIhbADSIWwA0iFsANIhbADSIWwA0iFsANIhbADSIWwA0iFsANIhbADSIWwA0iFsANIhbADSIWwA0iFsANIhbADSqVf9AYA5eftWunlTmpyUVqyQtmyRFi+u+lOhyRA2NK9376SnT6X376U3b6TTp6VTp6QHD6Z/Z+1a6dAh6eBBafXq2Do7q/zUaAK1oiiKqj8E8EPMHj2SRkcjapcuRdD8+Fccs+PHpT17pP5+adWqb8O4aBHRayNMbGgOjpAPMa9ejYns7t2IkuN25crvX+94nTghTUxIT55IO3ZId+7E96Wenunole9J+FJiYkP1xsdjKjt7Vhobi/Wzhw/j+WfP5ravBQukgQFp69bY+vqkFy8iYs+fS+vWSbt3S69eScPDs4cPLYuwoVoOzrlz0oULMa29fh2HoZ7aZjv0nM3y5RG1XbuklSulDx+kZcsien6/vXsjbC9fSr29UkeH9OlTvG93d7yOya2lcbkHqnX/vnTtWpwc8OZDQsfnb6NmDtaNG9KZM3EY6++9LV0a7+Hp8PHj6aiZv/p7T4g+PEVLqzUaDSY2VKc84+mJyY9rNenjR/UUha7PY7f9kiYdq3o9Ymnetzfz9LZw4Y8vnJqK5/1ztCz/VyZsaDp9km7P4/UbJI39w8+D1lJvNBpVfwa0s/IQ9Ouk9mVimppS9zx32yWp4YnNk9fM6WvJkumpzV9n/szv7edYX2t5nDxAtetrFy/GmdCREenePenWrfjqxf358HqZ70rwYejGjXFCwetqvgxk+/b4mS8vKc+K+q+BTzRwVjQFrmNDdbym5vWsbdtikvLivgPj532blC/78BQ3V47Z5s2x+YyoJzDvy+t4jlYZL29cx5YSExuqndguX5a8HOKAOT6+1sxnLT1N+bnz5yNIf8qHkjt3RrwcKcfK/LirS9q3T9q06b/9kdAcmNhQHUfHF8X6+jEfOq5ZE885ZOvXR4h8GDk4GL//u3+DHbX9++MCXE+C3le5xuZLSDyhsabcFpjYUC3fXTDzDoByrctrYOVhqdfhjhyJi3fL3/meJ7Jjx6SjR+Pxz/bJ+lnbIGyo3p/cs+nD1KEh6eTJONFQ8i1Thw9LBw7EIWb5Ou4DbWuEDa3F/7v67gDfSeDbnzyJlZdvAF8RNgDpcK8ogHQIG4B0CBuAdAgbgHQIG4B0CBuAdAgbgHQIG4B0CBuAdAgbgHQIG4B0CBuAdAgbgHQIG4B0CBuAdAgbgHQIG4B0CBuAdAgbgHQIG4B0CBuAdAgbgHQIG4B0CBuAdAgbgHQIG4B0CBuAdAgbAGXzGahxa5hlk7orAAAAAElFTkSuQmCC'}}]}, {'role': 'assistant', 'content': 'Final Answer: 0.4'}, {'role': 'user', 'content': [{'type': 'text', 'text': '\nYou are given both an image and a text-based representation of the same stimulus. \nIn both, a red dot appears on a horizontal line\nThe left end of the line corresponds to 0.0, and the right end to 1.0.\n\nText representation (the dot is marked as """"O""""):\n|---- ---------.------O---------------.-~|\n\n\nEstimate the horizontal position of the **center** of the red dot as a decimal number between 0 and 1.\nDo not explain. Only output the final answer as a number between 0 and 1:\nFinal Answer:\n'}, {'type': 'image_url', 'image_url': {'url': 'data:image/png;base64,iVBORw0KGgoAAAANSUhEUgAAATYAAABNCAYAAAAsLkgfAAAAOnRFWHRTb2Z0d2FyZQBNYXRwbG90bGliIHZlcnNpb24zLjEwLjMsIGh0dHBzOi8vbWF0cGxvdGxpYi5vcmcvZiW1igAAAAlwSFlzAAAPYQAAD2EBqD+naQAABENJREFUeJzt3MlqFG0chfHTMc6J8wSNGhfiFHAAB3ApKrgSxJ14B96KeAm6cqEggmvRhaAoIiiOoEYUnOfZJC3HlyYi36e0Bqpy8vygMF0m3SWGJ/+3qjqNVqvVEgAE6ar6AABgtBE2AHEIG4A4hA1AHMIGIA5hAxCHsAGIQ9gAxCFsAOIQNgBxCBuAOIQNQBzCBiAOYQMQh7ABiEPYAMQhbADiEDYAcQgbgDiEDUAcwgYgDmEDEIewAYhD2ADEIWwA4hA2AHEIG4A4hA1AHMIGIA5hAxCnu+oDADrSakkvXkjv30sTJ5bH375JkyZJ8+ZJkydXfYSoAcKG+vvyRbpxQzp8WDp+XHr0aOTvFi2Stm+Xli+XZs6U1qyRNm6UZsyo8ohRsUar5R95QA29fStdvCgdOSIdPSoNDv7/506YUIK2cKG0erW0a1d5zAQ3LjGxoR4T2fPn0rt3ZYnZ01MenzkjnTghXb785+cYGpLOn5fWrSsfP3kivXkjrV9flqtfv7JcHUeY2FAtny+7dk168EAaGChh82R26VLZd+9eZ8/XaEg7dpS4LVkiTZ1alquOpZ/XE51j56UrgYtF2FDtpOYpy3F7+lT6/LlsJ09KN29KHz+WSatTjpm3adPKlLZggTRrVjkH5/B5avMydcMGAheKpSiq4+Xmq1clLB8+SNOnSxcuSC9flunqd+fUfufTp5Gvd+D8Ov7YU5snudu3peHhMhFu3lwCN3fuaP/rUKFGs9lkYkM1HBnfqmEOjxcPnuKGhjR7cFBX/+Gp+yW99nRm/tNbV1e5yGC+VcT7/NgbU1sU/88TNtTOUkn3/+Hr+yQNjOLxYGzpbjabVR8DxjNPaF4WevPU5glueFi9nua87y/1SGr+PKm1TyV3d5d97QnNj9sTXHuaw5jHxQPU56rorVvSuXPlQoLduTOyVO2Ew+WLBb295eKBA+lzeFOmSCtWSCtXSosXl5t4fUOvX2/TJokf8jEIG+p1H9v169Lp09KVK+X2j4cPO38+x2z+/HJBwFOYr656MvPW1yetXVsitmxZeW0HcMsWzrMFIWyo5zsOPLmdPSsdPNjZ1OZpzdOXJzLf1mG+GurIOXie5Pwt72nNoZszR+rv56poGMKG+vI05feG7t9fYvSnb1VHbc8e6cCBsrz0Mtfx8kTmG3MdsPa7GngnQjTChvo7dUrau7eEzv7rW9Yn//ftk3bvlnbuLPsI2LhF2DA23L0rHTokHTsmPX48st9LyG3bpK1bpVWruNkWPxA2jB2e2J49K8tMT2J+D6iXmvw+NvyCsAGIw68GBxCHsAGIQ9gAxCFsAOIQNgBxCBuAOIQNQBzCBiAOYQMQh7ABiEPYAMQhbADiEDYAcQgbgDiEDUAcwgYgDmEDEIewAYhD2ADEIWwA4hA2AHEIG4A4hA1AHMIGIA5hAxCHsAGIQ9gAxCFsAJTmO2SDQNow6FxCAAAAAElFTkSuQmCC'}}]}]",Final Answer: 0.5
anthropic/claude-3.7-sonnet,sample_007,0.52323,0.52323,0.55,"[{'role': 'system', 'content': 'You are a helpful assistant.'}, {'role': 'user', 'content': [{'type': 'text', 'text': '\nYou are given both an image and a text-based representation of the same stimulus. \nIn both, a red dot appears on a horizontal line\nThe left end of the line corresponds to 0.0, and the right end to 1.0.\n\nText representation (the dot is marked as """"O""""):\n|.-- -~=-------- ---------O--------------|\n\n\nEstimate the horizontal position of the **center** of the red dot as a decimal number between 0 and 1.\nDo not explain. Only output the final answer as a number between 0 and 1:\nFinal Answer:\n'}, {'type': 'image_url', 'image_url': {'url': 'data:image/png;base64,iVBORw0KGgoAAAANSUhEUgAAATYAAABNCAYAAAAsLkgfAAAAOnRFWHRTb2Z0d2FyZQBNYXRwbG90bGliIHZlcnNpb24zLjEwLjMsIGh0dHBzOi8vbWF0cGxvdGxpYi5vcmcvZiW1igAAAAlwSFlzAAAPYQAAD2EBqD+naQAABJVJREFUeJzt3ElvTXEYx/HfbWtuUaQSFy1i0bSRsECQ2HkNYmNnx9LGOxCJROyFlYXY8AZ0YVFCDCExxFBjYqgp5h755XHShohSt72e8/0kTfW0vfda9Nvnf87/tFYURSEASKRlql8AAPxrhA1AOoQNQDqEDUA6hA1AOoQNQDqEDUA6hA1AOoQNQDqEDUA6hA1AOoQNQDqEDUA6hA1AOoQNQDqEDUA6hA1AOoQNQDqEDUA6hA1AOoQNQDqEDUA6hA1AOoQNQDqEDUA6hA1AOoQNQDqEDUA6hA1AOoQNQDptU/0CgKZVFNLz59Lbt1J7u7RwoVSrTfWrwjgQNlTbx4/Ss2fSp0/S9OlSR4f04IF0/Lh07Jh0797o165aJe3eLW3fLn35Mvo9ixZJM2b8/FjlcUy6WlH41xJQMY7QzZvS1avSu3fS3LnShw/SwEAEzXH6UTmtOVZ790pr18bHnZ3SkiXSo0fSy5fS58/S69fSnDlSf7+0ejWBm2SEDdXj5eWFC9KZM9LDh9LMmdLs2RG606djCfo7LS3SgQPSli0x4XmyW748Jr47d6RXr6ThYWnWLGnDBmnduljKYlIQNlRrSnPIBgely5elS5diCvPxoSHpxo3xRa3k5eahQ9KbN/FYmzdLX7/GxLZgQXzNkydSV5e0YoW0cSOT2yThHBuqM6V52Xn9unT+vHTtWgSpry+mL18g+NPf8V6u7t8v9fbGMvTp01iWbtoUj+nA+TnmzYtpcNkyaeXKRv0PMQZhQ36eyBw1T2s+ue8pysHxBYBbt2Jqc5T+xt27ccXUfK7Oj++orVkT59keP47P+bn8dY4cS9KGq9XrdZaiyM3LQ09XIyOjS0X/+/vnOkdGdGUCZ2T6azUNt7VJra3xuA6l3xw4H/PnfLz8mOVow/kyD2FDpXV78JrA9/dIGrMpBE2grV6vT/VrABrLU5q3cngq89Tk6ckf+31RqMPLxAlob21V3VNZOZmV0+C0aTGheXrz5/zcfi3lcTQMV0VRjXNsp05JFy/GnjJH5v792LPmc2s+5+ZzY38TOAfKG3e7u+PNy0xvzPW5tfXrY3/b/PlxBdXB89YQH2egaCguHiA/x8ZXKh0VX50sQ7NtW2yoPXdOun07LiT8KW/C9fTnScx6emJ7h5/DV0gduXJKdES9DcTH0FBMbKgOb8k4eza2fnhq82baxYtj6jp6VDpyZDRQ4+Fgbd0qLV0a05rfO2Z+zLF3Iph/zBw134nAVdGGI2yoll/dz+m7BQ4elA4fHt9+Np8327dP2rEjlpXePsK9o02DsAElh+jECWnXLun9+zg29sejvFfUt1+dPBlLWTQlwgb8yPd4+kZ43y7lc28lXyTYs0fauTM22qJpETbgV/yj8eJFLDN9Ps7nyPh7bP8FwgYgHf40OIB0CBuAdAgbgHQIG4B0CBuAdAgbgHQIG4B0CBuAdAgbgHQIG4B0CBuAdAgbgHQIG4B0CBuAdAgbgHQIG4B0CBuAdAgbgHQIG4B0CBuAdAgbgHQIG4B0CBuAdAgbgHQIG4B0CBuAdAgbgHQIGwBl8w2vMXCzyZNU9QAAAABJRU5ErkJggg=='}}]}, {'role': 'assistant', 'content': 'Final Answer: 0.65'}, {'role': 'user', 'content': [{'type': 'text', 'text': '\nYou are given both an image and a text-based representation of the same stimulus. \nIn both, a red dot appears on a horizontal line\nThe left end of the line corresponds to 0.0, and the right end to 1.0.\n\nText representation (the dot is marked as """"O""""):\n|--~---~----------------=--- =-----O-----|\n\n\nEstimate the horizontal position of the **center** of the red dot as a decimal number between 0 and 1.\nDo not explain. Only output the final answer as a number between 0 and 1:\nFinal Answer:\n'}, {'type': 'image_url', 'image_url': {'url': 'data:image/png;base64,iVBORw0KGgoAAAANSUhEUgAAATYAAABNCAYAAAAsLkgfAAAAOnRFWHRTb2Z0d2FyZQBNYXRwbG90bGliIHZlcnNpb24zLjEwLjMsIGh0dHBzOi8vbWF0cGxvdGxpYi5vcmcvZiW1igAAAAlwSFlzAAAPYQAAD2EBqD+naQAABNNJREFUeJzt3MtvjG0Yx/HfVNUhrSgNYkLfSARJbUScYmdHxEKsJNZi5/+w8ieItZWNtcTCQlCHhOCtQ5yps2L6vPm9lyczeDvTaWv6uvr9JE0P087M6pvrvp/7aaUoikIAkEjXbL8BAJhphA1AOoQNQDqEDUA6hA1AOoQNQDqEDUA6hA1AOoQNQDqEDUA6hA1AOoQNQDqEDUA6hA1AOoQNQDqEDUA6hA1AOoQNQDqEDUA6hA1AOoQNQDqEDUA6hA1AOoQNQDqEDUA6hA1AOoQNQDqEDUA6hA1AOoQNQDrds/0GAPyBxsak58+lp0+lr1+lNWuk1aulSqX++IsX0pcvUk+PNDAgLVjQsbdH2AC01hiqx4+l06elM2cibKXBQen4cWn/funBA+n16/pj/f3S0JC0fHlHolcpiqKY0WcE8Gcb+x6ed++k9+9jInv0SHIqLl+WTpyIKE1k/nzp8GFp716pt1dasiQi19cnrV8v3b5dj56f21PeunXSypU/Rm4aASRsAOpevpQuXZKuX4+p69Ur6dmzCMq3b9LZsxG4ydi2Tdq1S1q1Kqa1Dx+kri5p4cKI2Nu3ETm/zqJF0oYN0ooV8bt27drEU18LhA1AfUI6d066elV6+DD20BwdLz3Hx+Nzu7nYvr2+/7Z2bUxwW7ZEJIeHpY8fpaVLYzLbtCmev3FicwAdQ7++l72e+nbsaDm5cVUUQPBy01Hz8tAcHX98+hST3FRmoBs3pCdPYgl74UIsKx2q0dFY6i5bJnV/3+qv1SJkIyPS/fv1qJk/+3tPkI5gC1w8ABDK6cwTlCPnCcnx8eTUbE+tGe/R+Tm9/PRS1EvPjRvr8SynsXJvzt87cOVjjfy99+Mm8V4q1WqVpSgw142Px2T2+XPEw+Hxz4pC/UWh4Wk89VClotEyWvPmxYenNAesDJtf079Thqv8/mdewvpCgp+jCR86IWwAJjQo6W9N3V+SRtRZ3dVqtcMvCeB/pVaLCc3Tkye2cmLyz2o19U3z6XsrFVU9ZXlK85LUe3WeuPwansDMX/vnfg/lpObXL/f1Gh/7eYn6H7gqCsx19+5JV67E1cubN6Xz5yN23hu7eDH22Lw/Vu6FtcPB8vDkK5579ki7d8fxER8F8c+bnVWbxjk2Lh4Ac11PT3x2uHxGzIdlHRDHyOfKbt2S7t6Nq5vt8vk0P5+j6eMePpfmK6GOlPl1Jlo1NnusBY57AHPdwEAcfvVVUN8l4K/LDf2dO+M2qX37Wm7Y/8J/7wO6W7dGzN68iXNoPmT7m+8bZSkKQP+eUytP+vuOAJ8lc5g8ZTlGPljrqe3YsdjvapUN/61vqzpyJJaSPkriwG3e3JGb4QkbgF/3tMosOFCN+1u+M+HgwTi4a435KC8AeIP/6FHpwIGYANu4Y2CmEDYA7fFdA6dOSSdPSnfu/PjfPQ4diqXm4sUROOfFy9BJ3uM5UwgbgKlxOnyLk+9O8ETmgHlqm+X/xWaEDUA6XBUFkA5hA5AOYQOQDmEDkA5hA5AOYQOQDmEDkA5hA5AOYQOQDmEDkA5hA5AOYQOQDmEDkA5hA5AOYQOQDmEDkA5hA5AOYQOQDmEDkA5hA5AOYQOQDmEDkA5hA5AOYQOQDmEDkA5hA5AOYQOQDmEDoGz+AaQ5oOTiCrZ7AAAAAElFTkSuQmCC'}}]}, {'role': 'assistant', 'content': 'Final Answer: 0.85'}, {'role': 'user', 'content': [{'type': 'text', 'text': '\nYou are given both an image and a text-based representation of the same stimulus. \nIn both, a red dot appears on a horizontal line\nThe left end of the line corresponds to 0.0, and the right end to 1.0.\n\nText representation (the dot is marked as """"O""""):\n|--~----~-----------------~=---O----=----|\n\n\nEstimate the horizontal position of the **center** of the red dot as a decimal number between 0 and 1.\nDo not explain. Only output the final answer as a number between 0 and 1:\nFinal Answer:\n'}, {'type': 'image_url', 'image_url': {'url': 'data:image/png;base64,iVBORw0KGgoAAAANSUhEUgAAATYAAABNCAYAAAAsLkgfAAAAOnRFWHRTb2Z0d2FyZQBNYXRwbG90bGliIHZlcnNpb24zLjEwLjMsIGh0dHBzOi8vbWF0cGxvdGxpYi5vcmcvZiW1igAAAAlwSFlzAAAPYQAAD2EBqD+naQAABDBJREFUeJzt3LlrVGsYgPHnJHFPlFFBZdR7XQtJISIW6VSsxEqwE8FaLfwvbG209h+wFgQt3BAE8QqKqFz3BY3B3Why5OVjGC/IJYmCOW+eHwyzJDmTZh6+5Zyp6rqukaREev70PyBJv5thk5SOYZOUjmGTlI5hk5SOYZOUjmGTlI5hk5SOYZOUjmGTlI5hk5SOYZOUjmGTlI5hk5SOYZOUjmGTlI5hk5SOYZOUjmGTlI5hk5SOYZOUjmGTlI5hk5SOYZOUjmGTlI5hk5SOYZOUjmGTlI5hk5SOYZOUTt+f/gckTcGXL/DqFYyOwuzZsHQpzJkDdQ2vX8P799DfD0uWQFUx0xg2qWkiXDdvwsuX5fHICPT2wosXcPo03L/f/d116+DwYThwAObN+3kME6rqOhIvqTEjtStX4MkTePoU7tyBW7fg8mUYGyujs/qHj3RntDZ3Lhw9Cps2wadP8O1bGc0NDZWRXRzn40eYPx82boSFC2kywyY1SQTt0iV4/hyuXoUbN8ptIqoKdu2CbdtKwJ49KzGM6PX0QF9fieLy5bB7N2zYQFMZNqlJa2nv3sHFiyVq587B3bv/HaFNJG5DQ2WKOj4O16/DwED3tZiuxlR28WI4eLCxIzfX2KTpvpb25k33tbdv4do1uHABHj+eXNRC/H5EMY65YkUJ57Jl5bhxvPXrYe3aMr2N6enWrTSRp3tI01EEJ6IWI7R2G1atKtPG8+fLVPTRo7JWNhVfv8LwcFlni1Hb589lE+HDh/J+MSWNqWmsuTVU1W63nYpK001ELAIUu52hE6C4HxujNTrKP7+wijQIjMyaVUZwEbF4HNPUeL94Hu8d63DxegPFlolhkxrmL+DfX/j7v4EH5NXXjmGupOk9YovNg7jF8/FxBuJx/HyK+oF2bEbEiCympDFa64zY4hY7pTElbSh3RaXpfL5arHnF4v7t23D2LLRasGBBic+xYyV2k1VV5Zg7dsDKlSVusZGwenW5T3AeW3OTLGUWi/mDg2UDIc5d64ykYtE/TsuIwG3fDmfOTP7YrRZs3lyOv2ZNuY9z1hJdheCITWrKeWwRuBjFxfMYdcWu5cmTZUo60Y9xby/s31/OW9u5s+y4Jgpah2GTmiTON/vx8qeHD2HfvhK22DH9P1UFhw7Bnj2wZUu5pCopwyY1XUxH9+7tnndW/+Ra0bii4MSJMkpLfPF7h2GTMohv+Dh1Co4fh3v3uq/HetyRI+XbPRYtYqYwbFIm8XEeHi67qXENaFzzOQO/j82wSUrHa0UlpWPYJKVj2CSlY9gkpWPYJKVj2CSlY9gkpWPYJKVj2CSlY9gkpWPYJKVj2CSlY9gkpWPYJKVj2CSlY9gkpWPYJKVj2CSlY9gkpWPYJKVj2CSlY9gkpWPYJKVj2CSlY9gkpWPYJKVj2CSlY9gkkc1310VHXTWff9MAAAAASUVORK5CYII='}}]}, {'role': 'assistant', 'content': 'Final Answer: 0.75'}, {'role': 'user', 'content': [{'type': 'text', 'text': '\nYou are given both an image and a text-based representation of the same stimulus. \nIn both, a red dot appears on a horizontal line\nThe left end of the line corresponds to 0.0, and the right end to 1.0.\n\nText representation (the dot is marked as """"O""""):\n|------~----------=.------- -O-------- --|\n\n\nEstimate the horizontal position of the **center** of the red dot as a decimal number between 0 and 1.\nDo not explain. Only output the final answer as a number between 0 and 1:\nFinal Answer:\n'}, {'type': 'image_url', 'image_url': {'url': 'data:image/png;base64,iVBORw0KGgoAAAANSUhEUgAAATYAAABNCAYAAAAsLkgfAAAAOnRFWHRTb2Z0d2FyZQBNYXRwbG90bGliIHZlcnNpb24zLjEwLjMsIGh0dHBzOi8vbWF0cGxvdGxpYi5vcmcvZiW1igAAAAlwSFlzAAAPYQAAD2EBqD+naQAABIJJREFUeJzt3EtLlGEchvF7PKSVVlZENJhGFEVGFJSiRPtqKa6CvkEfplW0q12rgnbRKoLETUgtaqGYYFGaSueD+cbN4+u4KGpqxpH/e/1gmJM6Q+Dlc5pKWZZlAoBAmhr9BgCg1ggbgHAIG4BwCBuAcAgbgHAIG4BwCBuAcAgbgHAIG4BwCBuAcAgbgHAIG4BwCBuAcAgbgHAIG4BwCBuAcAgbgHAIG4BwCBuAcAgbgHAIG4BwCBuAcAgbgHAIG4BwCBuAcAgbgHAIG4BwCBuAcAgbgHAIG4BwWhr9BgCsyDLp7Vvpwwepo0PatUv69k2am0vXmzZJu3dLbW2NfqcbHmEDGuXr1xQtX+7ckW7elCYnK8+Xy9LgoHTypNTaKrW3S3v3psf27WvkO9/wSlnmPxMA1pVHZk+fSnfvSlevSt+///5rm5uloSHp6FFp82app0caGanELQ8ko7pVhA2ot7Xh8a+br8fGpNu300jtb5RK0sWLUne39OWLdOiQdP681NQkvXolffxY+dquLqmvL01lC4qwAfWM2evX0vPn0rt3ae3M9xcXpWfPpIcPU+j+lkdup0+nsHlq6hGcp6eOnm8fOJBitrAgdXZKAwOFHbkRNqBe08w3b6THj6Xp6TRFfP9e+vQp3ffFsauWg+XpqC957Lzu5sf375eOHJGOH08RPXMmrdMVEJsHQK1Hao6aI+ZRlUdnW7dKMzPS7GwaXfkxP/8v/H0/flSmtb546rljh7S0lDYf2tqkPXvS1xRUqVwuM2IDasXR8UaAR1K+duhseTk95yWwpSU9+Y+JUp+kRQfS/HO8zubXa2lJt5tW7nua6usC8r8OYQPWUY+kqf/4/l5JL2r4fiJqKRd0Dg7UfcTm215Ty6eMvp9l6lwZuf2rDh9xW/uAR2/5KM1aW9P019cFxeYBUEueeo6OprUwr33duyc9eJDue+3LGwq+eHHf09NqOWLeOPD6mUPm+zt3puMdDqpfY3hYunSpsDuixuYBUEuOiSPjDQRvFnin0uH5/DmdQfNtB8nPzc9X//MdNa+l5a+Vbx7ko7XeXqm/v9BRM8IG1JrPkvkMWX4o158QuH8/TQ09Zdy2TZqaSiO7akZtHp35aIcP4zpu+RGPY8ekLVtSKM+eTYd3C46wAfXgEVO+fu2wOUQvX0rbt0snTqRzbPbo0Z8P6eY7oBcupJj5uIjPxXn059dwKP3Y4cPSuXOFH60Za2zAeh7a9acCzCM5j7zGx6Vr1ypnztb+OuZB82js+nXp1Km0Nue1NJ+L8/d4iuv7/nwoH45fRdiA9fKrD6vbxIR065Z044b0Ys1BjoMHpStXpMuX00jvTz+LkdoqwgZsFP5V9DqZd1A95fRUMx+1oSqEDUA4/NfgAMIhbADCIWwAwiFsAMIhbADCIWwAwiFsAMIhbADCIWwAwiFsAMIhbADCIWwAwiFsAMIhbADCIWwAwiFsAMIhbADCIWwAwiFsAMIhbADCIWwAwiFsAMIhbADCIWwAwiFsAMIhbADCIWwAwiFsABTNT3roXHIAyEx4AAAAAElFTkSuQmCC'}}]}, {'role': 'assistant', 'content': 'Final Answer: 0.65'}, {'role': 'user', 'content': [{'type': 'text', 'text': '\nYou are given both an image and a text-based representation of the same stimulus. \nIn both, a red dot appears on a horizontal line\nThe left end of the line corresponds to 0.0, and the right end to 1.0.\n\nText representation (the dot is marked as """"O""""):\n|-- ------ --=- ----=-O------------------|\n\n\nEstimate the horizontal position of the **center** of the red dot as a decimal number between 0 and 1.\nDo not explain. Only output the final answer as a number between 0 and 1:\nFinal Answer:\n'}, {'type': 'image_url', 'image_url': {'url': 'data:image/png;base64,iVBORw0KGgoAAAANSUhEUgAAATYAAABNCAYAAAAsLkgfAAAAOnRFWHRTb2Z0d2FyZQBNYXRwbG90bGliIHZlcnNpb24zLjEwLjMsIGh0dHBzOi8vbWF0cGxvdGxpYi5vcmcvZiW1igAAAAlwSFlzAAAPYQAAD2EBqD+naQAABHBJREFUeJzt28tvTH8Yx/HP1FCXVhTRMJIiLCTduCysLOxspCthw1L8AeIf8BfY6bJrSwsSKwuREAu6Qht1i1u1LnGvIx+Pk9atVMmZeeb9Sk46nXbOjPx+3p7zPefUiqIoBACJdFT9AQDgXyNsANIhbADSIWwA0iFsANIhbADSIWwA0iFsANIhbADSIWwA0iFsANIhbADSIWwA0iFsANIhbADSIWwA0iFsANIhbADSIWwA0iFsANIhbADSIWwA0iFsANIhbADSIWwA0iFsANIhbADSIWwA0iFsANIhbADSqVf9AYA5eftWunlTmpyUVqyQtmyRFi+u+lOhyRA2NK9376SnT6X376U3b6TTp6VTp6QHD6Z/Z+1a6dAh6eBBafXq2Do7q/zUaAK1oiiKqj8E8EPMHj2SRkcjapcuRdD8+Fccs+PHpT17pP5+adWqb8O4aBHRayNMbGgOjpAPMa9ejYns7t2IkuN25crvX+94nTghTUxIT55IO3ZId+7E96Wenunole9J+FJiYkP1xsdjKjt7Vhobi/Wzhw/j+WfP5ravBQukgQFp69bY+vqkFy8iYs+fS+vWSbt3S69eScPDs4cPLYuwoVoOzrlz0oULMa29fh2HoZ7aZjv0nM3y5RG1XbuklSulDx+kZcsien6/vXsjbC9fSr29UkeH9OlTvG93d7yOya2lcbkHqnX/vnTtWpwc8OZDQsfnb6NmDtaNG9KZM3EY6++9LV0a7+Hp8PHj6aiZv/p7T4g+PEVLqzUaDSY2VKc84+mJyY9rNenjR/UUha7PY7f9kiYdq3o9Ymnetzfz9LZw4Y8vnJqK5/1ztCz/VyZsaDp9km7P4/UbJI39w8+D1lJvNBpVfwa0s/IQ9Ouk9mVimppS9zx32yWp4YnNk9fM6WvJkumpzV9n/szv7edYX2t5nDxAtetrFy/GmdCREenePenWrfjqxf358HqZ70rwYejGjXFCwetqvgxk+/b4mS8vKc+K+q+BTzRwVjQFrmNDdbym5vWsbdtikvLivgPj532blC/78BQ3V47Z5s2x+YyoJzDvy+t4jlYZL29cx5YSExuqndguX5a8HOKAOT6+1sxnLT1N+bnz5yNIf8qHkjt3RrwcKcfK/LirS9q3T9q06b/9kdAcmNhQHUfHF8X6+jEfOq5ZE885ZOvXR4h8GDk4GL//u3+DHbX9++MCXE+C3le5xuZLSDyhsabcFpjYUC3fXTDzDoByrctrYOVhqdfhjhyJi3fL3/meJ7Jjx6SjR+Pxz/bJ+lnbIGyo3p/cs+nD1KEh6eTJONFQ8i1Thw9LBw7EIWb5Ou4DbWuEDa3F/7v67gDfSeDbnzyJlZdvAF8RNgDpcK8ogHQIG4B0CBuAdAgbgHQIG4B0CBuAdAgbgHQIG4B0CBuAdAgbgHQIG4B0CBuAdAgbgHQIG4B0CBuAdAgbgHQIG4B0CBuAdAgbgHQIG4B0CBuAdAgbgHQIG4B0CBuAdAgbgHQIG4B0CBuAdAgbAGXzGahxa5hlk7orAAAAAElFTkSuQmCC'}}]}, {'role': 'assistant', 'content': 'Final Answer: 0.4'}, {'role': 'user', 'content': [{'type': 'text', 'text': '\nYou are given both an image and a text-based representation of the same stimulus. \nIn both, a red dot appears on a horizontal line\nThe left end of the line corresponds to 0.0, and the right end to 1.0.\n\nText representation (the dot is marked as """"O""""):\n|---- ---------.------O---------------.-~|\n\n\nEstimate the horizontal position of the **center** of the red dot as a decimal number between 0 and 1.\nDo not explain. Only output the final answer as a number between 0 and 1:\nFinal Answer:\n'}, {'type': 'image_url', 'image_url': {'url': 'data:image/png;base64,iVBORw0KGgoAAAANSUhEUgAAATYAAABNCAYAAAAsLkgfAAAAOnRFWHRTb2Z0d2FyZQBNYXRwbG90bGliIHZlcnNpb24zLjEwLjMsIGh0dHBzOi8vbWF0cGxvdGxpYi5vcmcvZiW1igAAAAlwSFlzAAAPYQAAD2EBqD+naQAABENJREFUeJzt3MlqFG0chfHTMc6J8wSNGhfiFHAAB3ApKrgSxJ14B96KeAm6cqEggmvRhaAoIiiOoEYUnOfZJC3HlyYi36e0Bqpy8vygMF0m3SWGJ/+3qjqNVqvVEgAE6ar6AABgtBE2AHEIG4A4hA1AHMIGIA5hAxCHsAGIQ9gAxCFsAOIQNgBxCBuAOIQNQBzCBiAOYQMQh7ABiEPYAMQhbADiEDYAcQgbgDiEDUAcwgYgDmEDEIewAYhD2ADEIWwA4hA2AHEIG4A4hA1AHMIGIA5hAxCnu+oDADrSakkvXkjv30sTJ5bH375JkyZJ8+ZJkydXfYSoAcKG+vvyRbpxQzp8WDp+XHr0aOTvFi2Stm+Xli+XZs6U1qyRNm6UZsyo8ohRsUar5R95QA29fStdvCgdOSIdPSoNDv7/506YUIK2cKG0erW0a1d5zAQ3LjGxoR4T2fPn0rt3ZYnZ01MenzkjnTghXb785+cYGpLOn5fWrSsfP3kivXkjrV9flqtfv7JcHUeY2FAtny+7dk168EAaGChh82R26VLZd+9eZ8/XaEg7dpS4LVkiTZ1alquOpZ/XE51j56UrgYtF2FDtpOYpy3F7+lT6/LlsJ09KN29KHz+WSatTjpm3adPKlLZggTRrVjkH5/B5avMydcMGAheKpSiq4+Xmq1clLB8+SNOnSxcuSC9flunqd+fUfufTp5Gvd+D8Ov7YU5snudu3peHhMhFu3lwCN3fuaP/rUKFGs9lkYkM1HBnfqmEOjxcPnuKGhjR7cFBX/+Gp+yW99nRm/tNbV1e5yGC+VcT7/NgbU1sU/88TNtTOUkn3/+Hr+yQNjOLxYGzpbjabVR8DxjNPaF4WevPU5glueFi9nua87y/1SGr+PKm1TyV3d5d97QnNj9sTXHuaw5jHxQPU56rorVvSuXPlQoLduTOyVO2Ew+WLBb295eKBA+lzeFOmSCtWSCtXSosXl5t4fUOvX2/TJokf8jEIG+p1H9v169Lp09KVK+X2j4cPO38+x2z+/HJBwFOYr656MvPW1yetXVsitmxZeW0HcMsWzrMFIWyo5zsOPLmdPSsdPNjZ1OZpzdOXJzLf1mG+GurIOXie5Pwt72nNoZszR+rv56poGMKG+vI05feG7t9fYvSnb1VHbc8e6cCBsrz0Mtfx8kTmG3MdsPa7GngnQjTChvo7dUrau7eEzv7rW9Yn//ftk3bvlnbuLPsI2LhF2DA23L0rHTokHTsmPX48st9LyG3bpK1bpVWruNkWPxA2jB2e2J49K8tMT2J+D6iXmvw+NvyCsAGIw68GBxCHsAGIQ9gAxCFsAOIQNgBxCBuAOIQNQBzCBiAOYQMQh7ABiEPYAMQhbADiEDYAcQgbgDiEDUAcwgYgDmEDEIewAYhD2ADEIWwA4hA2AHEIG4A4hA1AHMIGIA5hAxCHsAGIQ9gAxCFsAJTmO2SDQNow6FxCAAAAAElFTkSuQmCC'}}]}, {'role': 'assistant', 'content': 'Final Answer: 0.5'}, {'role': 'user', 'content': [{'type': 'text', 'text': '\nYou are given both an image and a text-based representation of the same stimulus. \nIn both, a red dot appears on a horizontal line\nThe left end of the line corresponds to 0.0, and the right end to 1.0.\n\nText representation (the dot is marked as """"O""""):\n|--- --- ------------O-------------=-=-- |\n\n\nEstimate the horizontal position of the **center** of the red dot as a decimal number between 0 and 1.\nDo not explain. Only output the final answer as a number between 0 and 1:\nFinal Answer:\n'}, {'type': 'image_url', 'image_url': {'url': 'data:image/png;base64,iVBORw0KGgoAAAANSUhEUgAAATYAAABNCAYAAAAsLkgfAAAAOnRFWHRTb2Z0d2FyZQBNYXRwbG90bGliIHZlcnNpb24zLjEwLjMsIGh0dHBzOi8vbWF0cGxvdGxpYi5vcmcvZiW1igAAAAlwSFlzAAAPYQAAD2EBqD+naQAABFJJREFUeJzt3NuLzH0cwPH3jHVsl9YhMdiNCG1cKHGDCzdKSQ7lyq1S/hM3/gT5FyQJcSERYZVT8jw5n4mcmafP832mpSfPM2ZmTfvp/aqtndm1+5ua3vs9/VTq9XodSUqk2u0LkKROM2yS0jFsktIxbJLSMWyS0jFsktIxbJLSMWyS0jFsktIxbJLSMWyS0jFsktIxbJLSMWyS0jFsktIxbJLSMWyS0jFsktIxbJLSMWyS0jFsktIxbJLSMWyS0jFsktIxbJLSMWyS0jFsktIxbJLSMWyS0unp9gVIP/j4EZ49g0+fYMIEmDkTJk7s9lVpjDFs6m68xo+HSgU+fy6PHzyAV69Gvre/H4aGYMaMbl6xxhjDpt/r+XO4ehXu3YMTJ+DwYXj8eOTrs2bBzp2wfn2J3p07JXjr1jlyU9Mq9Xq93vy3Sy2MzN68gbdvy9Ty5k24fBn274cPH+Bnb7+eHti6FZYsgXHjYMcOWLzYaaqaYtg0uiOz69fhwgV4+rQ8H5GLkVqzb7vVq2FgANauhYUL4datEsRJk2DZMlizxmmq/sWwaXRGaqdPw7lzcPIkPHxY1tEianfvNh+1hgULYP58qNVK0KpV+PatjNo2bIDt2x256QeusanzU8/hYThyBC5dgtu34evXMrWM6Wgrf0cjhrEO9/49bNpUIhY/M9bpjh+HVatg6dLReEUaozzHps5NPc+ehTNn4NixMv2MqL1+De/elZ3O+LwVEcOIZkxDr1wpPy/W3ebNg5cv4caNTr8ajXGVWq3mVFTti/A0RmOxuB+P4whHPFet0l+vM9zGqscQ8PchkAhaTEFjBBjid0yZApMnd+Z1KIVK/D3s9kUovwHgjzb+/SDwZwevR7n11GJBVmpHrHfFyClGU/F5jNgaB25jkb9Soa/NPapeoBYbEPERvyfOuIUYufX2luelf7grqvbdvw/nz5ddyy9fyo7oxYvlLoJr10rc4vlWNw8iZIODZXobsZwzB1asKB9btpTzbdJ33BVV++KgbNz6FDuXs2fDypUldo8ewdy5ZRQXQYuvv3jx6z9/+vRyR0KM0uIM28aNsHlzudVq6tTReEUa4xyxqbMHcmOXsvE47jJ48mTkboEYtZ06VULXrJhiRsCmTStn2OLA7t69JZjSTxg2jd7/zNHXVx7HObQ46hFxitjt2VOmp/+lsWa2a1eZ4sah3OXLy2jNqOl/GDb9fkePwrZt5Txa+P4t2AhaHN84dKiM0Lw3VL/IsKk74sDuwYNw4EA5yNuwaBHs2we7d5cRntQCw6buirdfbCjEfaQxdY2NAo9uqE2GTVI63isqKR3DJikdwyYpHcMmKR3DJikdwyYpHcMmKR3DJikdwyYpHcMmKR3DJikdwyYpHcMmKR3DJikdwyYpHcMmKR3DJikdwyYpHcMmKR3DJikdwyYpHcMmKR3DJikdwyYpHcMmKR3DJikdwyYpHcMmiWz+AoHRW3E6aNocAAAAAElFTkSuQmCC'}}]}]",Final Answer: 0.55
anthropic/claude-3.7-sonnet,sample_008,0.84647,0.84647,0.8,"[{'role': 'system', 'content': 'You are a helpful assistant.'}, {'role': 'user', 'content': [{'type': 'text', 'text': '\nYou are given both an image and a text-based representation of the same stimulus. \nIn both, a red dot appears on a horizontal line\nThe left end of the line corresponds to 0.0, and the right end to 1.0.\n\nText representation (the dot is marked as """"O""""):\n|.-- -~=-------- ---------O--------------|\n\n\nEstimate the horizontal position of the **center** of the red dot as a decimal number between 0 and 1.\nDo not explain. Only output the final answer as a number between 0 and 1:\nFinal Answer:\n'}, {'type': 'image_url', 'image_url': {'url': 'data:image/png;base64,iVBORw0KGgoAAAANSUhEUgAAATYAAABNCAYAAAAsLkgfAAAAOnRFWHRTb2Z0d2FyZQBNYXRwbG90bGliIHZlcnNpb24zLjEwLjMsIGh0dHBzOi8vbWF0cGxvdGxpYi5vcmcvZiW1igAAAAlwSFlzAAAPYQAAD2EBqD+naQAABJVJREFUeJzt3ElvTXEYx/HfbWtuUaQSFy1i0bSRsECQ2HkNYmNnx9LGOxCJROyFlYXY8AZ0YVFCDCExxFBjYqgp5h755XHShohSt72e8/0kTfW0vfda9Nvnf87/tFYURSEASKRlql8AAPxrhA1AOoQNQDqEDUA6hA1AOoQNQDqEDUA6hA1AOoQNQDqEDUA6hA1AOoQNQDqEDUA6hA1AOoQNQDqEDUA6hA1AOoQNQDqEDUA6hA1AOoQNQDqEDUA6hA1AOoQNQDqEDUA6hA1AOoQNQDqEDUA6hA1AOoQNQDptU/0CgKZVFNLz59Lbt1J7u7RwoVSrTfWrwjgQNlTbx4/Ss2fSp0/S9OlSR4f04IF0/Lh07Jh0797o165aJe3eLW3fLn35Mvo9ixZJM2b8/FjlcUy6WlH41xJQMY7QzZvS1avSu3fS3LnShw/SwEAEzXH6UTmtOVZ790pr18bHnZ3SkiXSo0fSy5fS58/S69fSnDlSf7+0ejWBm2SEDdXj5eWFC9KZM9LDh9LMmdLs2RG606djCfo7LS3SgQPSli0x4XmyW748Jr47d6RXr6ThYWnWLGnDBmnduljKYlIQNlRrSnPIBgely5elS5diCvPxoSHpxo3xRa3k5eahQ9KbN/FYmzdLX7/GxLZgQXzNkydSV5e0YoW0cSOT2yThHBuqM6V52Xn9unT+vHTtWgSpry+mL18g+NPf8V6u7t8v9fbGMvTp01iWbtoUj+nA+TnmzYtpcNkyaeXKRv0PMQZhQ36eyBw1T2s+ue8pysHxBYBbt2Jqc5T+xt27ccXUfK7Oj++orVkT59keP47P+bn8dY4cS9KGq9XrdZaiyM3LQ09XIyOjS0X/+/vnOkdGdGUCZ2T6azUNt7VJra3xuA6l3xw4H/PnfLz8mOVow/kyD2FDpXV78JrA9/dIGrMpBE2grV6vT/VrABrLU5q3cngq89Tk6ckf+31RqMPLxAlob21V3VNZOZmV0+C0aTGheXrz5/zcfi3lcTQMV0VRjXNsp05JFy/GnjJH5v792LPmc2s+5+ZzY38TOAfKG3e7u+PNy0xvzPW5tfXrY3/b/PlxBdXB89YQH2egaCguHiA/x8ZXKh0VX50sQ7NtW2yoPXdOun07LiT8KW/C9fTnScx6emJ7h5/DV0gduXJKdES9DcTH0FBMbKgOb8k4eza2fnhq82baxYtj6jp6VDpyZDRQ4+Fgbd0qLV0a05rfO2Z+zLF3Iph/zBw134nAVdGGI2yoll/dz+m7BQ4elA4fHt9+Np8327dP2rEjlpXePsK9o02DsAElh+jECWnXLun9+zg29sejvFfUt1+dPBlLWTQlwgb8yPd4+kZ43y7lc28lXyTYs0fauTM22qJpETbgV/yj8eJFLDN9Ps7nyPh7bP8FwgYgHf40OIB0CBuAdAgbgHQIG4B0CBuAdAgbgHQIG4B0CBuAdAgbgHQIG4B0CBuAdAgbgHQIG4B0CBuAdAgbgHQIG4B0CBuAdAgbgHQIG4B0CBuAdAgbgHQIG4B0CBuAdAgbgHQIG4B0CBuAdAgbgHQIGwBl8w2vMXCzyZNU9QAAAABJRU5ErkJggg=='}}]}, {'role': 'assistant', 'content': 'Final Answer: 0.65'}, {'role': 'user', 'content': [{'type': 'text', 'text': '\nYou are given both an image and a text-based representation of the same stimulus. \nIn both, a red dot appears on a horizontal line\nThe left end of the line corresponds to 0.0, and the right end to 1.0.\n\nText representation (the dot is marked as """"O""""):\n|--~---~----------------=--- =-----O-----|\n\n\nEstimate the horizontal position of the **center** of the red dot as a decimal number between 0 and 1.\nDo not explain. Only output the final answer as a number between 0 and 1:\nFinal Answer:\n'}, {'type': 'image_url', 'image_url': {'url': 'data:image/png;base64,iVBORw0KGgoAAAANSUhEUgAAATYAAABNCAYAAAAsLkgfAAAAOnRFWHRTb2Z0d2FyZQBNYXRwbG90bGliIHZlcnNpb24zLjEwLjMsIGh0dHBzOi8vbWF0cGxvdGxpYi5vcmcvZiW1igAAAAlwSFlzAAAPYQAAD2EBqD+naQAABNNJREFUeJzt3MtvjG0Yx/HfVNUhrSgNYkLfSARJbUScYmdHxEKsJNZi5/+w8ieItZWNtcTCQlCHhOCtQ5yps2L6vPm9lyczeDvTaWv6uvr9JE0P087M6pvrvp/7aaUoikIAkEjXbL8BAJhphA1AOoQNQDqEDUA6hA1AOoQNQDqEDUA6hA1AOoQNQDqEDUA6hA1AOoQNQDqEDUA6hA1AOoQNQDqEDUA6hA1AOoQNQDqEDUA6hA1AOoQNQDqEDUA6hA1AOoQNQDqEDUA6hA1AOoQNQDqEDUA6hA1AOoQNQDrds/0GAPyBxsak58+lp0+lr1+lNWuk1aulSqX++IsX0pcvUk+PNDAgLVjQsbdH2AC01hiqx4+l06elM2cibKXBQen4cWn/funBA+n16/pj/f3S0JC0fHlHolcpiqKY0WcE8Gcb+x6ed++k9+9jInv0SHIqLl+WTpyIKE1k/nzp8GFp716pt1dasiQi19cnrV8v3b5dj56f21PeunXSypU/Rm4aASRsAOpevpQuXZKuX4+p69Ur6dmzCMq3b9LZsxG4ydi2Tdq1S1q1Kqa1Dx+kri5p4cKI2Nu3ETm/zqJF0oYN0ooV8bt27drEU18LhA1AfUI6d066elV6+DD20BwdLz3Hx+Nzu7nYvr2+/7Z2bUxwW7ZEJIeHpY8fpaVLYzLbtCmev3FicwAdQ7++l72e+nbsaDm5cVUUQPBy01Hz8tAcHX98+hST3FRmoBs3pCdPYgl74UIsKx2q0dFY6i5bJnV/3+qv1SJkIyPS/fv1qJk/+3tPkI5gC1w8ABDK6cwTlCPnCcnx8eTUbE+tGe/R+Tm9/PRS1EvPjRvr8SynsXJvzt87cOVjjfy99+Mm8V4q1WqVpSgw142Px2T2+XPEw+Hxz4pC/UWh4Wk89VClotEyWvPmxYenNAesDJtf079Thqv8/mdewvpCgp+jCR86IWwAJjQo6W9N3V+SRtRZ3dVqtcMvCeB/pVaLCc3Tkye2cmLyz2o19U3z6XsrFVU9ZXlK85LUe3WeuPwansDMX/vnfg/lpObXL/f1Gh/7eYn6H7gqCsx19+5JV67E1cubN6Xz5yN23hu7eDH22Lw/Vu6FtcPB8vDkK5579ki7d8fxER8F8c+bnVWbxjk2Lh4Ac11PT3x2uHxGzIdlHRDHyOfKbt2S7t6Nq5vt8vk0P5+j6eMePpfmK6GOlPl1Jlo1NnusBY57AHPdwEAcfvVVUN8l4K/LDf2dO+M2qX37Wm7Y/8J/7wO6W7dGzN68iXNoPmT7m+8bZSkKQP+eUytP+vuOAJ8lc5g8ZTlGPljrqe3YsdjvapUN/61vqzpyJJaSPkriwG3e3JGb4QkbgF/3tMosOFCN+1u+M+HgwTi4a435KC8AeIP/6FHpwIGYANu4Y2CmEDYA7fFdA6dOSSdPSnfu/PjfPQ4diqXm4sUROOfFy9BJ3uM5UwgbgKlxOnyLk+9O8ETmgHlqm+X/xWaEDUA6XBUFkA5hA5AOYQOQDmEDkA5hA5AOYQOQDmEDkA5hA5AOYQOQDmEDkA5hA5AOYQOQDmEDkA5hA5AOYQOQDmEDkA5hA5AOYQOQDmEDkA5hA5AOYQOQDmEDkA5hA5AOYQOQDmEDkA5hA5AOYQOQDmEDoGz+AaQ5oOTiCrZ7AAAAAElFTkSuQmCC'}}]}, {'role': 'assistant', 'content': 'Final Answer: 0.85'}, {'role': 'user', 'content': [{'type': 'text', 'text': '\nYou are given both an image and a text-based representation of the same stimulus. \nIn both, a red dot appears on a horizontal line\nThe left end of the line corresponds to 0.0, and the right end to 1.0.\n\nText representation (the dot is marked as """"O""""):\n|--~----~-----------------~=---O----=----|\n\n\nEstimate the horizontal position of the **center** of the red dot as a decimal number between 0 and 1.\nDo not explain. Only output the final answer as a number between 0 and 1:\nFinal Answer:\n'}, {'type': 'image_url', 'image_url': {'url': 'data:image/png;base64,iVBORw0KGgoAAAANSUhEUgAAATYAAABNCAYAAAAsLkgfAAAAOnRFWHRTb2Z0d2FyZQBNYXRwbG90bGliIHZlcnNpb24zLjEwLjMsIGh0dHBzOi8vbWF0cGxvdGxpYi5vcmcvZiW1igAAAAlwSFlzAAAPYQAAD2EBqD+naQAABDBJREFUeJzt3LlrVGsYgPHnJHFPlFFBZdR7XQtJISIW6VSsxEqwE8FaLfwvbG209h+wFgQt3BAE8QqKqFz3BY3B3Why5OVjGC/IJYmCOW+eHwyzJDmTZh6+5Zyp6rqukaREev70PyBJv5thk5SOYZOUjmGTlI5hk5SOYZOUjmGTlI5hk5SOYZOUjmGTlI5hk5SOYZOUjmGTlI5hk5SOYZOUjmGTlI5hk5SOYZOUjmGTlI5hk5SOYZOUjmGTlI5hk5SOYZOUjmGTlI5hk5SOYZOUjmGTlI5hk5SOYZOUTt+f/gckTcGXL/DqFYyOwuzZsHQpzJkDdQ2vX8P799DfD0uWQFUx0xg2qWkiXDdvwsuX5fHICPT2wosXcPo03L/f/d116+DwYThwAObN+3kME6rqOhIvqTEjtStX4MkTePoU7tyBW7fg8mUYGyujs/qHj3RntDZ3Lhw9Cps2wadP8O1bGc0NDZWRXRzn40eYPx82boSFC2kywyY1SQTt0iV4/hyuXoUbN8ptIqoKdu2CbdtKwJ49KzGM6PX0QF9fieLy5bB7N2zYQFMZNqlJa2nv3sHFiyVq587B3bv/HaFNJG5DQ2WKOj4O16/DwED3tZiuxlR28WI4eLCxIzfX2KTpvpb25k33tbdv4do1uHABHj+eXNRC/H5EMY65YkUJ57Jl5bhxvPXrYe3aMr2N6enWrTSRp3tI01EEJ6IWI7R2G1atKtPG8+fLVPTRo7JWNhVfv8LwcFlni1Hb589lE+HDh/J+MSWNqWmsuTVU1W63nYpK001ELAIUu52hE6C4HxujNTrKP7+wijQIjMyaVUZwEbF4HNPUeL94Hu8d63DxegPFlolhkxrmL+DfX/j7v4EH5NXXjmGupOk9YovNg7jF8/FxBuJx/HyK+oF2bEbEiCympDFa64zY4hY7pTElbSh3RaXpfL5arHnF4v7t23D2LLRasGBBic+xYyV2k1VV5Zg7dsDKlSVusZGwenW5T3AeW3OTLGUWi/mDg2UDIc5d64ykYtE/TsuIwG3fDmfOTP7YrRZs3lyOv2ZNuY9z1hJdheCITWrKeWwRuBjFxfMYdcWu5cmTZUo60Y9xby/s31/OW9u5s+y4Jgpah2GTmiTON/vx8qeHD2HfvhK22DH9P1UFhw7Bnj2wZUu5pCopwyY1XUxH9+7tnndW/+Ra0bii4MSJMkpLfPF7h2GTMohv+Dh1Co4fh3v3uq/HetyRI+XbPRYtYqYwbFIm8XEeHi67qXENaFzzOQO/j82wSUrHa0UlpWPYJKVj2CSlY9gkpWPYJKVj2CSlY9gkpWPYJKVj2CSlY9gkpWPYJKVj2CSlY9gkpWPYJKVj2CSlY9gkpWPYJKVj2CSlY9gkpWPYJKVj2CSlY9gkpWPYJKVj2CSlY9gkpWPYJKVj2CSlY9gkkc1310VHXTWff9MAAAAASUVORK5CYII='}}]}, {'role': 'assistant', 'content': 'Final Answer: 0.75'}, {'role': 'user', 'content': [{'type': 'text', 'text': '\nYou are given both an image and a text-based representation of the same stimulus. \nIn both, a red dot appears on a horizontal line\nThe left end of the line corresponds to 0.0, and the right end to 1.0.\n\nText representation (the dot is marked as """"O""""):\n|------~----------=.------- -O-------- --|\n\n\nEstimate the horizontal position of the **center** of the red dot as a decimal number between 0 and 1.\nDo not explain. Only output the final answer as a number between 0 and 1:\nFinal Answer:\n'}, {'type': 'image_url', 'image_url': {'url': 'data:image/png;base64,iVBORw0KGgoAAAANSUhEUgAAATYAAABNCAYAAAAsLkgfAAAAOnRFWHRTb2Z0d2FyZQBNYXRwbG90bGliIHZlcnNpb24zLjEwLjMsIGh0dHBzOi8vbWF0cGxvdGxpYi5vcmcvZiW1igAAAAlwSFlzAAAPYQAAD2EBqD+naQAABIJJREFUeJzt3EtLlGEchvF7PKSVVlZENJhGFEVGFJSiRPtqKa6CvkEfplW0q12rgnbRKoLETUgtaqGYYFGaSueD+cbN4+u4KGpqxpH/e/1gmJM6Q+Dlc5pKWZZlAoBAmhr9BgCg1ggbgHAIG4BwCBuAcAgbgHAIG4BwCBuAcAgbgHAIG4BwCBuAcAgbgHAIG4BwCBuAcAgbgHAIG4BwCBuAcAgbgHAIG4BwCBuAcAgbgHAIG4BwCBuAcAgbgHAIG4BwCBuAcAgbgHAIG4BwCBuAcAgbgHAIG4BwWhr9BgCsyDLp7Vvpwwepo0PatUv69k2am0vXmzZJu3dLbW2NfqcbHmEDGuXr1xQtX+7ckW7elCYnK8+Xy9LgoHTypNTaKrW3S3v3psf27WvkO9/wSlnmPxMA1pVHZk+fSnfvSlevSt+///5rm5uloSHp6FFp82app0caGanELQ8ko7pVhA2ot7Xh8a+br8fGpNu300jtb5RK0sWLUne39OWLdOiQdP681NQkvXolffxY+dquLqmvL01lC4qwAfWM2evX0vPn0rt3ae3M9xcXpWfPpIcPU+j+lkdup0+nsHlq6hGcp6eOnm8fOJBitrAgdXZKAwOFHbkRNqBe08w3b6THj6Xp6TRFfP9e+vQp3ffFsauWg+XpqC957Lzu5sf375eOHJGOH08RPXMmrdMVEJsHQK1Hao6aI+ZRlUdnW7dKMzPS7GwaXfkxP/8v/H0/flSmtb546rljh7S0lDYf2tqkPXvS1xRUqVwuM2IDasXR8UaAR1K+duhseTk95yWwpSU9+Y+JUp+kRQfS/HO8zubXa2lJt5tW7nua6usC8r8OYQPWUY+kqf/4/l5JL2r4fiJqKRd0Dg7UfcTm215Ty6eMvp9l6lwZuf2rDh9xW/uAR2/5KM1aW9P019cFxeYBUEueeo6OprUwr33duyc9eJDue+3LGwq+eHHf09NqOWLeOPD6mUPm+zt3puMdDqpfY3hYunSpsDuixuYBUEuOiSPjDQRvFnin0uH5/DmdQfNtB8nPzc9X//MdNa+l5a+Vbx7ko7XeXqm/v9BRM8IG1JrPkvkMWX4o158QuH8/TQ09Zdy2TZqaSiO7akZtHp35aIcP4zpu+RGPY8ekLVtSKM+eTYd3C46wAfXgEVO+fu2wOUQvX0rbt0snTqRzbPbo0Z8P6eY7oBcupJj5uIjPxXn059dwKP3Y4cPSuXOFH60Za2zAeh7a9acCzCM5j7zGx6Vr1ypnztb+OuZB82js+nXp1Km0Nue1NJ+L8/d4iuv7/nwoH45fRdiA9fKrD6vbxIR065Z044b0Ys1BjoMHpStXpMuX00jvTz+LkdoqwgZsFP5V9DqZd1A95fRUMx+1oSqEDUA4/NfgAMIhbADCIWwAwiFsAMIhbADCIWwAwiFsAMIhbADCIWwAwiFsAMIhbADCIWwAwiFsAMIhbADCIWwAwiFsAMIhbADCIWwAwiFsAMIhbADCIWwAwiFsAMIhbADCIWwAwiFsAMIhbADCIWwAwiFsABTNT3roXHIAyEx4AAAAAElFTkSuQmCC'}}]}, {'role': 'assistant', 'content': 'Final Answer: 0.65'}, {'role': 'user', 'content': [{'type': 'text', 'text': '\nYou are given both an image and a text-based representation of the same stimulus. \nIn both, a red dot appears on a horizontal line\nThe left end of the line corresponds to 0.0, and the right end to 1.0.\n\nText representation (the dot is marked as """"O""""):\n|-- ------ --=- ----=-O------------------|\n\n\nEstimate the horizontal position of the **center** of the red dot as a decimal number between 0 and 1.\nDo not explain. Only output the final answer as a number between 0 and 1:\nFinal Answer:\n'}, {'type': 'image_url', 'image_url': {'url': 'data:image/png;base64,iVBORw0KGgoAAAANSUhEUgAAATYAAABNCAYAAAAsLkgfAAAAOnRFWHRTb2Z0d2FyZQBNYXRwbG90bGliIHZlcnNpb24zLjEwLjMsIGh0dHBzOi8vbWF0cGxvdGxpYi5vcmcvZiW1igAAAAlwSFlzAAAPYQAAD2EBqD+naQAABHBJREFUeJzt28tvTH8Yx/HP1FCXVhTRMJIiLCTduCysLOxspCthw1L8AeIf8BfY6bJrSwsSKwuREAu6Qht1i1u1LnGvIx+Pk9atVMmZeeb9Sk46nXbOjPx+3p7zPefUiqIoBACJdFT9AQDgXyNsANIhbADSIWwA0iFsANIhbADSIWwA0iFsANIhbADSIWwA0iFsANIhbADSIWwA0iFsANIhbADSIWwA0iFsANIhbADSIWwA0iFsANIhbADSIWwA0iFsANIhbADSIWwA0iFsANIhbADSIWwA0iFsANIhbADSqVf9AYA5eftWunlTmpyUVqyQtmyRFi+u+lOhyRA2NK9376SnT6X376U3b6TTp6VTp6QHD6Z/Z+1a6dAh6eBBafXq2Do7q/zUaAK1oiiKqj8E8EPMHj2SRkcjapcuRdD8+Fccs+PHpT17pP5+adWqb8O4aBHRayNMbGgOjpAPMa9ejYns7t2IkuN25crvX+94nTghTUxIT55IO3ZId+7E96Wenunole9J+FJiYkP1xsdjKjt7Vhobi/Wzhw/j+WfP5ravBQukgQFp69bY+vqkFy8iYs+fS+vWSbt3S69eScPDs4cPLYuwoVoOzrlz0oULMa29fh2HoZ7aZjv0nM3y5RG1XbuklSulDx+kZcsien6/vXsjbC9fSr29UkeH9OlTvG93d7yOya2lcbkHqnX/vnTtWpwc8OZDQsfnb6NmDtaNG9KZM3EY6++9LV0a7+Hp8PHj6aiZv/p7T4g+PEVLqzUaDSY2VKc84+mJyY9rNenjR/UUha7PY7f9kiYdq3o9Ymnetzfz9LZw4Y8vnJqK5/1ztCz/VyZsaDp9km7P4/UbJI39w8+D1lJvNBpVfwa0s/IQ9Ouk9mVimppS9zx32yWp4YnNk9fM6WvJkumpzV9n/szv7edYX2t5nDxAtetrFy/GmdCREenePenWrfjqxf358HqZ70rwYejGjXFCwetqvgxk+/b4mS8vKc+K+q+BTzRwVjQFrmNDdbym5vWsbdtikvLivgPj532blC/78BQ3V47Z5s2x+YyoJzDvy+t4jlYZL29cx5YSExuqndguX5a8HOKAOT6+1sxnLT1N+bnz5yNIf8qHkjt3RrwcKcfK/LirS9q3T9q06b/9kdAcmNhQHUfHF8X6+jEfOq5ZE885ZOvXR4h8GDk4GL//u3+DHbX9++MCXE+C3le5xuZLSDyhsabcFpjYUC3fXTDzDoByrctrYOVhqdfhjhyJi3fL3/meJ7Jjx6SjR+Pxz/bJ+lnbIGyo3p/cs+nD1KEh6eTJONFQ8i1Thw9LBw7EIWb5Ou4DbWuEDa3F/7v67gDfSeDbnzyJlZdvAF8RNgDpcK8ogHQIG4B0CBuAdAgbgHQIG4B0CBuAdAgbgHQIG4B0CBuAdAgbgHQIG4B0CBuAdAgbgHQIG4B0CBuAdAgbgHQIG4B0CBuAdAgbgHQIG4B0CBuAdAgbgHQIG4B0CBuAdAgbgHQIG4B0CBuAdAgbAGXzGahxa5hlk7orAAAAAElFTkSuQmCC'}}]}, {'role': 'assistant', 'content': 'Final Answer: 0.4'}, {'role': 'user', 'content': [{'type': 'text', 'text': '\nYou are given both an image and a text-based representation of the same stimulus. \nIn both, a red dot appears on a horizontal line\nThe left end of the line corresponds to 0.0, and the right end to 1.0.\n\nText representation (the dot is marked as """"O""""):\n|---- ---------.------O---------------.-~|\n\n\nEstimate the horizontal position of the **center** of the red dot as a decimal number between 0 and 1.\nDo not explain. Only output the final answer as a number between 0 and 1:\nFinal Answer:\n'}, {'type': 'image_url', 'image_url': {'url': 'data:image/png;base64,iVBORw0KGgoAAAANSUhEUgAAATYAAABNCAYAAAAsLkgfAAAAOnRFWHRTb2Z0d2FyZQBNYXRwbG90bGliIHZlcnNpb24zLjEwLjMsIGh0dHBzOi8vbWF0cGxvdGxpYi5vcmcvZiW1igAAAAlwSFlzAAAPYQAAD2EBqD+naQAABENJREFUeJzt3MlqFG0chfHTMc6J8wSNGhfiFHAAB3ApKrgSxJ14B96KeAm6cqEggmvRhaAoIiiOoEYUnOfZJC3HlyYi36e0Bqpy8vygMF0m3SWGJ/+3qjqNVqvVEgAE6ar6AABgtBE2AHEIG4A4hA1AHMIGIA5hAxCHsAGIQ9gAxCFsAOIQNgBxCBuAOIQNQBzCBiAOYQMQh7ABiEPYAMQhbADiEDYAcQgbgDiEDUAcwgYgDmEDEIewAYhD2ADEIWwA4hA2AHEIG4A4hA1AHMIGIA5hAxCnu+oDADrSakkvXkjv30sTJ5bH375JkyZJ8+ZJkydXfYSoAcKG+vvyRbpxQzp8WDp+XHr0aOTvFi2Stm+Xli+XZs6U1qyRNm6UZsyo8ohRsUar5R95QA29fStdvCgdOSIdPSoNDv7/506YUIK2cKG0erW0a1d5zAQ3LjGxoR4T2fPn0rt3ZYnZ01MenzkjnTghXb785+cYGpLOn5fWrSsfP3kivXkjrV9flqtfv7JcHUeY2FAtny+7dk168EAaGChh82R26VLZd+9eZ8/XaEg7dpS4LVkiTZ1alquOpZ/XE51j56UrgYtF2FDtpOYpy3F7+lT6/LlsJ09KN29KHz+WSatTjpm3adPKlLZggTRrVjkH5/B5avMydcMGAheKpSiq4+Xmq1clLB8+SNOnSxcuSC9flunqd+fUfufTp5Gvd+D8Ov7YU5snudu3peHhMhFu3lwCN3fuaP/rUKFGs9lkYkM1HBnfqmEOjxcPnuKGhjR7cFBX/+Gp+yW99nRm/tNbV1e5yGC+VcT7/NgbU1sU/88TNtTOUkn3/+Hr+yQNjOLxYGzpbjabVR8DxjNPaF4WevPU5glueFi9nua87y/1SGr+PKm1TyV3d5d97QnNj9sTXHuaw5jHxQPU56rorVvSuXPlQoLduTOyVO2Ew+WLBb295eKBA+lzeFOmSCtWSCtXSosXl5t4fUOvX2/TJokf8jEIG+p1H9v169Lp09KVK+X2j4cPO38+x2z+/HJBwFOYr656MvPW1yetXVsitmxZeW0HcMsWzrMFIWyo5zsOPLmdPSsdPNjZ1OZpzdOXJzLf1mG+GurIOXie5Pwt72nNoZszR+rv56poGMKG+vI05feG7t9fYvSnb1VHbc8e6cCBsrz0Mtfx8kTmG3MdsPa7GngnQjTChvo7dUrau7eEzv7rW9Yn//ftk3bvlnbuLPsI2LhF2DA23L0rHTokHTsmPX48st9LyG3bpK1bpVWruNkWPxA2jB2e2J49K8tMT2J+D6iXmvw+NvyCsAGIw68GBxCHsAGIQ9gAxCFsAOIQNgBxCBuAOIQNQBzCBiAOYQMQh7ABiEPYAMQhbADiEDYAcQgbgDiEDUAcwgYgDmEDEIewAYhD2ADEIWwA4hA2AHEIG4A4hA1AHMIGIA5hAxCHsAGIQ9gAxCFsAJTmO2SDQNow6FxCAAAAAElFTkSuQmCC'}}]}, {'role': 'assistant', 'content': 'Final Answer: 0.5'}, {'role': 'user', 'content': [{'type': 'text', 'text': '\nYou are given both an image and a text-based representation of the same stimulus. \nIn both, a red dot appears on a horizontal line\nThe left end of the line corresponds to 0.0, and the right end to 1.0.\n\nText representation (the dot is marked as """"O""""):\n|--- --- ------------O-------------=-=-- |\n\n\nEstimate the horizontal position of the **center** of the red dot as a decimal number between 0 and 1.\nDo not explain. Only output the final answer as a number between 0 and 1:\nFinal Answer:\n'}, {'type': 'image_url', 'image_url': {'url': 'data:image/png;base64,iVBORw0KGgoAAAANSUhEUgAAATYAAABNCAYAAAAsLkgfAAAAOnRFWHRTb2Z0d2FyZQBNYXRwbG90bGliIHZlcnNpb24zLjEwLjMsIGh0dHBzOi8vbWF0cGxvdGxpYi5vcmcvZiW1igAAAAlwSFlzAAAPYQAAD2EBqD+naQAABFJJREFUeJzt3NuLzH0cwPH3jHVsl9YhMdiNCG1cKHGDCzdKSQ7lyq1S/hM3/gT5FyQJcSERYZVT8jw5n4mcmafP832mpSfPM2ZmTfvp/aqtndm1+5ua3vs9/VTq9XodSUqk2u0LkKROM2yS0jFsktIxbJLSMWyS0jFsktIxbJLSMWyS0jFsktIxbJLSMWyS0jFsktIxbJLSMWyS0jFsktIxbJLSMWyS0jFsktIxbJLSMWyS0jFsktIxbJLSMWyS0jFsktIxbJLSMWyS0jFsktIxbJLSMWyS0unp9gVIP/j4EZ49g0+fYMIEmDkTJk7s9lVpjDFs6m68xo+HSgU+fy6PHzyAV69Gvre/H4aGYMaMbl6xxhjDpt/r+XO4ehXu3YMTJ+DwYXj8eOTrs2bBzp2wfn2J3p07JXjr1jlyU9Mq9Xq93vy3Sy2MzN68gbdvy9Ty5k24fBn274cPH+Bnb7+eHti6FZYsgXHjYMcOWLzYaaqaYtg0uiOz69fhwgV4+rQ8H5GLkVqzb7vVq2FgANauhYUL4datEsRJk2DZMlizxmmq/sWwaXRGaqdPw7lzcPIkPHxY1tEianfvNh+1hgULYP58qNVK0KpV+PatjNo2bIDt2x256QeusanzU8/hYThyBC5dgtu34evXMrWM6Wgrf0cjhrEO9/49bNpUIhY/M9bpjh+HVatg6dLReEUaozzHps5NPc+ehTNn4NixMv2MqL1+De/elZ3O+LwVEcOIZkxDr1wpPy/W3ebNg5cv4caNTr8ajXGVWq3mVFTti/A0RmOxuB+P4whHPFet0l+vM9zGqscQ8PchkAhaTEFjBBjid0yZApMnd+Z1KIVK/D3s9kUovwHgjzb+/SDwZwevR7n11GJBVmpHrHfFyClGU/F5jNgaB25jkb9Soa/NPapeoBYbEPERvyfOuIUYufX2luelf7grqvbdvw/nz5ddyy9fyo7oxYvlLoJr10rc4vlWNw8iZIODZXobsZwzB1asKB9btpTzbdJ33BVV++KgbNz6FDuXs2fDypUldo8ewdy5ZRQXQYuvv3jx6z9/+vRyR0KM0uIM28aNsHlzudVq6tTReEUa4xyxqbMHcmOXsvE47jJ48mTkboEYtZ06VULXrJhiRsCmTStn2OLA7t69JZjSTxg2jd7/zNHXVx7HObQ46hFxitjt2VOmp/+lsWa2a1eZ4sah3OXLy2jNqOl/GDb9fkePwrZt5Txa+P4t2AhaHN84dKiM0Lw3VL/IsKk74sDuwYNw4EA5yNuwaBHs2we7d5cRntQCw6buirdfbCjEfaQxdY2NAo9uqE2GTVI63isqKR3DJikdwyYpHcMmKR3DJikdwyYpHcMmKR3DJikdwyYpHcMmKR3DJikdwyYpHcMmKR3DJikdwyYpHcMmKR3DJikdwyYpHcMmKR3DJikdwyYpHcMmKR3DJikdwyYpHcMmKR3DJikdwyYpHcMmiWz+AoHRW3E6aNocAAAAAElFTkSuQmCC'}}]}, {'role': 'assistant', 'content': 'Final Answer: 0.55'}, {'role': 'user', 'content': [{'type': 'text', 'text': '\nYou are given both an image and a text-based representation of the same stimulus. \nIn both, a red dot appears on a horizontal line\nThe left end of the line corresponds to 0.0, and the right end to 1.0.\n\nText representation (the dot is marked as """"O""""):\n|---.-- ----------- ------------ -O---~--|\n\n\nEstimate the horizontal position of the **center** of the red dot as a decimal number between 0 and 1.\nDo not explain. Only output the final answer as a number between 0 and 1:\nFinal Answer:\n'}, {'type': 'image_url', 'image_url': {'url': 'data:image/png;base64,iVBORw0KGgoAAAANSUhEUgAAATYAAABNCAYAAAAsLkgfAAAAOnRFWHRTb2Z0d2FyZQBNYXRwbG90bGliIHZlcnNpb24zLjEwLjMsIGh0dHBzOi8vbWF0cGxvdGxpYi5vcmcvZiW1igAAAAlwSFlzAAAPYQAAD2EBqD+naQAABDdJREFUeJzt3EtrU2kcgPEnWq2XVqkVL0ToiIqKRUUU3LjyshIU/ACCG3d+F/0I4kYEQRDBhSAiIioVHF0oiFNFvEbrnVabDH9eSqowQ60zSfz3+UFJek5yktXD+57znlQajUYDSUpkVru/gCT91wybpHQMm6R0DJukdAybpHQMm6R0DJukdAybpHQMm6R0DJukdAybpHQMm6R0DJukdAybpHQMm6R0DJukdAybpHQMm6R0DJukdAybpHQMm6R0DJukdAybpHQMm6R0DJukdAybpHQMm6R0DJukdAybpHQMm6R0utr9BSR1kEYDajX4+BF6eqC/H8bG4PVr+PChub23F5Yuhe5uOpFhk2ay0dESradP4fRpOHMGnjxp7l+1Cvbsgc2b4dmzEre5c2Hx4hK2TZtgxw5YtIhOUmk0ItGSZpxaDe7ehfPn4fhx+Pr1n187ezbs2lVCd/9+GdktW1YCt20bHDgA69bRKQybNBNHaLUaXLkCN27AqVMlVFOxejXMnw+zZsHatbByZZmODgzAkSMdM3JzKirNlKDduwfXr8Pz5/DoETx4ALduTT1qId4X8YqwffpUHnfuLNPUON727XQCwyZlV6vB5ctw4UIZrb15A69ewfv3UK///PE+fy5T07ioMDQEGzeWwMX2DuFyDyn7SG1oCG7eLOGJaWNsi/NpL19O75jfvpXH8fESzWvXSiS7uspFiBjVxWN8TptUqtWq59ikrMbHmyGbCFK9Tl+9zp8T/0/DIDBSqUD8xWhtzhxYsOD7F8W+2B77W6wSK1da/qmS2moA+OsX3v8HMEzn6qpWq+3+DpJaMWIbHy/b6nV64/kvjNh6KhWqE6O1WNcWz+fNK+feJovPiP0/bv+fudxDymx0tCzruHQJhofLObZ37+DxY7hzZ/pxW7ECliwpC3fXry93JOzeXda2TRaLfbdsKctEWsirolJm3d1lAW2c3I8roXFFNE7yx2LaOCd29erPH3PhQoiZ3oYNsHVrGanFMX9cwxZXXGPcFCO2FjNsUnb9/bB/fxk1xTq2iFxfXwlOrGOLUd1UJ24RsKNHy/vjlqoYtcXzL1/g7VtYvrxMTyNqL16U/fG6FnMqKs3EOw/GxkrYbt+Ggwebo6t/E8E6dw727v3+GBGumIrG7VkRtxDHiqgNDpawtphhk2a6ixfh0KHmAtvJSYiLAiGmrWfPwr59U49mG3/9w7BJgpEROHkSTpyAhw+b29esgWPH4PDhcsP7b8KwSWqKHMQFhvh5ovjNtZhOTozafiOGTVI63isqKR3DJikdwyYpHcMmKR3DJikdwyYpHcMmKR3DJikdwyYpHcMmKR3DJikdwyYpHcMmKR3DJikdwyYpHcMmKR3DJikdwyYpHcMmKR3DJikdwyYpHcMmKR3DJikdwyYpHcMmKR3DJikdwyYpHcMmiWz+BsBzN7FEbbkEAAAAAElFTkSuQmCC'}}]}]",Final Answer: 0.8
anthropic/claude-3.7-sonnet,sample_009,0.74045,0.74045,0.7,"[{'role': 'system', 'content': 'You are a helpful assistant.'}, {'role': 'user', 'content': [{'type': 'text', 'text': '\nYou are given both an image and a text-based representation of the same stimulus. \nIn both, a red dot appears on a horizontal line\nThe left end of the line corresponds to 0.0, and the right end to 1.0.\n\nText representation (the dot is marked as """"O""""):\n|.-- -~=-------- ---------O--------------|\n\n\nEstimate the horizontal position of the **center** of the red dot as a decimal number between 0 and 1.\nDo not explain. Only output the final answer as a number between 0 and 1:\nFinal Answer:\n'}, {'type': 'image_url', 'image_url': {'url': 'data:image/png;base64,iVBORw0KGgoAAAANSUhEUgAAATYAAABNCAYAAAAsLkgfAAAAOnRFWHRTb2Z0d2FyZQBNYXRwbG90bGliIHZlcnNpb24zLjEwLjMsIGh0dHBzOi8vbWF0cGxvdGxpYi5vcmcvZiW1igAAAAlwSFlzAAAPYQAAD2EBqD+naQAABJVJREFUeJzt3ElvTXEYx/HfbWtuUaQSFy1i0bSRsECQ2HkNYmNnx9LGOxCJROyFlYXY8AZ0YVFCDCExxFBjYqgp5h755XHShohSt72e8/0kTfW0vfda9Nvnf87/tFYURSEASKRlql8AAPxrhA1AOoQNQDqEDUA6hA1AOoQNQDqEDUA6hA1AOoQNQDqEDUA6hA1AOoQNQDqEDUA6hA1AOoQNQDqEDUA6hA1AOoQNQDqEDUA6hA1AOoQNQDqEDUA6hA1AOoQNQDqEDUA6hA1AOoQNQDqEDUA6hA1AOoQNQDptU/0CgKZVFNLz59Lbt1J7u7RwoVSrTfWrwjgQNlTbx4/Ss2fSp0/S9OlSR4f04IF0/Lh07Jh0797o165aJe3eLW3fLn35Mvo9ixZJM2b8/FjlcUy6WlH41xJQMY7QzZvS1avSu3fS3LnShw/SwEAEzXH6UTmtOVZ790pr18bHnZ3SkiXSo0fSy5fS58/S69fSnDlSf7+0ejWBm2SEDdXj5eWFC9KZM9LDh9LMmdLs2RG606djCfo7LS3SgQPSli0x4XmyW748Jr47d6RXr6ThYWnWLGnDBmnduljKYlIQNlRrSnPIBgely5elS5diCvPxoSHpxo3xRa3k5eahQ9KbN/FYmzdLX7/GxLZgQXzNkydSV5e0YoW0cSOT2yThHBuqM6V52Xn9unT+vHTtWgSpry+mL18g+NPf8V6u7t8v9fbGMvTp01iWbtoUj+nA+TnmzYtpcNkyaeXKRv0PMQZhQ36eyBw1T2s+ue8pysHxBYBbt2Jqc5T+xt27ccXUfK7Oj++orVkT59keP47P+bn8dY4cS9KGq9XrdZaiyM3LQ09XIyOjS0X/+/vnOkdGdGUCZ2T6azUNt7VJra3xuA6l3xw4H/PnfLz8mOVow/kyD2FDpXV78JrA9/dIGrMpBE2grV6vT/VrABrLU5q3cngq89Tk6ckf+31RqMPLxAlob21V3VNZOZmV0+C0aTGheXrz5/zcfi3lcTQMV0VRjXNsp05JFy/GnjJH5v792LPmc2s+5+ZzY38TOAfKG3e7u+PNy0xvzPW5tfXrY3/b/PlxBdXB89YQH2egaCguHiA/x8ZXKh0VX50sQ7NtW2yoPXdOun07LiT8KW/C9fTnScx6emJ7h5/DV0gduXJKdES9DcTH0FBMbKgOb8k4eza2fnhq82baxYtj6jp6VDpyZDRQ4+Fgbd0qLV0a05rfO2Z+zLF3Iph/zBw134nAVdGGI2yoll/dz+m7BQ4elA4fHt9+Np8327dP2rEjlpXePsK9o02DsAElh+jECWnXLun9+zg29sejvFfUt1+dPBlLWTQlwgb8yPd4+kZ43y7lc28lXyTYs0fauTM22qJpETbgV/yj8eJFLDN9Ps7nyPh7bP8FwgYgHf40OIB0CBuAdAgbgHQIG4B0CBuAdAgbgHQIG4B0CBuAdAgbgHQIG4B0CBuAdAgbgHQIG4B0CBuAdAgbgHQIG4B0CBuAdAgbgHQIG4B0CBuAdAgbgHQIG4B0CBuAdAgbgHQIG4B0CBuAdAgbgHQIGwBl8w2vMXCzyZNU9QAAAABJRU5ErkJggg=='}}]}, {'role': 'assistant', 'content': 'Final Answer: 0.65'}, {'role': 'user', 'content': [{'type': 'text', 'text': '\nYou are given both an image and a text-based representation of the same stimulus. \nIn both, a red dot appears on a horizontal line\nThe left end of the line corresponds to 0.0, and the right end to 1.0.\n\nText representation (the dot is marked as """"O""""):\n|--~---~----------------=--- =-----O-----|\n\n\nEstimate the horizontal position of the **center** of the red dot as a decimal number between 0 and 1.\nDo not explain. Only output the final answer as a number between 0 and 1:\nFinal Answer:\n'}, {'type': 'image_url', 'image_url': {'url': 'data:image/png;base64,iVBORw0KGgoAAAANSUhEUgAAATYAAABNCAYAAAAsLkgfAAAAOnRFWHRTb2Z0d2FyZQBNYXRwbG90bGliIHZlcnNpb24zLjEwLjMsIGh0dHBzOi8vbWF0cGxvdGxpYi5vcmcvZiW1igAAAAlwSFlzAAAPYQAAD2EBqD+naQAABNNJREFUeJzt3MtvjG0Yx/HfVNUhrSgNYkLfSARJbUScYmdHxEKsJNZi5/+w8ieItZWNtcTCQlCHhOCtQ5yps2L6vPm9lyczeDvTaWv6uvr9JE0P087M6pvrvp/7aaUoikIAkEjXbL8BAJhphA1AOoQNQDqEDUA6hA1AOoQNQDqEDUA6hA1AOoQNQDqEDUA6hA1AOoQNQDqEDUA6hA1AOoQNQDqEDUA6hA1AOoQNQDqEDUA6hA1AOoQNQDqEDUA6hA1AOoQNQDqEDUA6hA1AOoQNQDqEDUA6hA1AOoQNQDrds/0GAPyBxsak58+lp0+lr1+lNWuk1aulSqX++IsX0pcvUk+PNDAgLVjQsbdH2AC01hiqx4+l06elM2cibKXBQen4cWn/funBA+n16/pj/f3S0JC0fHlHolcpiqKY0WcE8Gcb+x6ed++k9+9jInv0SHIqLl+WTpyIKE1k/nzp8GFp716pt1dasiQi19cnrV8v3b5dj56f21PeunXSypU/Rm4aASRsAOpevpQuXZKuX4+p69Ur6dmzCMq3b9LZsxG4ydi2Tdq1S1q1Kqa1Dx+kri5p4cKI2Nu3ETm/zqJF0oYN0ooV8bt27drEU18LhA1AfUI6d066elV6+DD20BwdLz3Hx+Nzu7nYvr2+/7Z2bUxwW7ZEJIeHpY8fpaVLYzLbtCmev3FicwAdQ7++l72e+nbsaDm5cVUUQPBy01Hz8tAcHX98+hST3FRmoBs3pCdPYgl74UIsKx2q0dFY6i5bJnV/3+qv1SJkIyPS/fv1qJk/+3tPkI5gC1w8ABDK6cwTlCPnCcnx8eTUbE+tGe/R+Tm9/PRS1EvPjRvr8SynsXJvzt87cOVjjfy99+Mm8V4q1WqVpSgw142Px2T2+XPEw+Hxz4pC/UWh4Wk89VClotEyWvPmxYenNAesDJtf079Thqv8/mdewvpCgp+jCR86IWwAJjQo6W9N3V+SRtRZ3dVqtcMvCeB/pVaLCc3Tkye2cmLyz2o19U3z6XsrFVU9ZXlK85LUe3WeuPwansDMX/vnfg/lpObXL/f1Gh/7eYn6H7gqCsx19+5JV67E1cubN6Xz5yN23hu7eDH22Lw/Vu6FtcPB8vDkK5579ki7d8fxER8F8c+bnVWbxjk2Lh4Ac11PT3x2uHxGzIdlHRDHyOfKbt2S7t6Nq5vt8vk0P5+j6eMePpfmK6GOlPl1Jlo1NnusBY57AHPdwEAcfvVVUN8l4K/LDf2dO+M2qX37Wm7Y/8J/7wO6W7dGzN68iXNoPmT7m+8bZSkKQP+eUytP+vuOAJ8lc5g8ZTlGPljrqe3YsdjvapUN/61vqzpyJJaSPkriwG3e3JGb4QkbgF/3tMosOFCN+1u+M+HgwTi4a435KC8AeIP/6FHpwIGYANu4Y2CmEDYA7fFdA6dOSSdPSnfu/PjfPQ4diqXm4sUROOfFy9BJ3uM5UwgbgKlxOnyLk+9O8ETmgHlqm+X/xWaEDUA6XBUFkA5hA5AOYQOQDmEDkA5hA5AOYQOQDmEDkA5hA5AOYQOQDmEDkA5hA5AOYQOQDmEDkA5hA5AOYQOQDmEDkA5hA5AOYQOQDmEDkA5hA5AOYQOQDmEDkA5hA5AOYQOQDmEDkA5hA5AOYQOQDmEDoGz+AaQ5oOTiCrZ7AAAAAElFTkSuQmCC'}}]}, {'role': 'assistant', 'content': 'Final Answer: 0.85'}, {'role': 'user', 'content': [{'type': 'text', 'text': '\nYou are given both an image and a text-based representation of the same stimulus. \nIn both, a red dot appears on a horizontal line\nThe left end of the line corresponds to 0.0, and the right end to 1.0.\n\nText representation (the dot is marked as """"O""""):\n|--~----~-----------------~=---O----=----|\n\n\nEstimate the horizontal position of the **center** of the red dot as a decimal number between 0 and 1.\nDo not explain. Only output the final answer as a number between 0 and 1:\nFinal Answer:\n'}, {'type': 'image_url', 'image_url': {'url': 'data:image/png;base64,iVBORw0KGgoAAAANSUhEUgAAATYAAABNCAYAAAAsLkgfAAAAOnRFWHRTb2Z0d2FyZQBNYXRwbG90bGliIHZlcnNpb24zLjEwLjMsIGh0dHBzOi8vbWF0cGxvdGxpYi5vcmcvZiW1igAAAAlwSFlzAAAPYQAAD2EBqD+naQAABDBJREFUeJzt3LlrVGsYgPHnJHFPlFFBZdR7XQtJISIW6VSsxEqwE8FaLfwvbG209h+wFgQt3BAE8QqKqFz3BY3B3Why5OVjGC/IJYmCOW+eHwyzJDmTZh6+5Zyp6rqukaREev70PyBJv5thk5SOYZOUjmGTlI5hk5SOYZOUjmGTlI5hk5SOYZOUjmGTlI5hk5SOYZOUjmGTlI5hk5SOYZOUjmGTlI5hk5SOYZOUjmGTlI5hk5SOYZOUjmGTlI5hk5SOYZOUjmGTlI5hk5SOYZOUjmGTlI5hk5SOYZOUTt+f/gckTcGXL/DqFYyOwuzZsHQpzJkDdQ2vX8P799DfD0uWQFUx0xg2qWkiXDdvwsuX5fHICPT2wosXcPo03L/f/d116+DwYThwAObN+3kME6rqOhIvqTEjtStX4MkTePoU7tyBW7fg8mUYGyujs/qHj3RntDZ3Lhw9Cps2wadP8O1bGc0NDZWRXRzn40eYPx82boSFC2kywyY1SQTt0iV4/hyuXoUbN8ptIqoKdu2CbdtKwJ49KzGM6PX0QF9fieLy5bB7N2zYQFMZNqlJa2nv3sHFiyVq587B3bv/HaFNJG5DQ2WKOj4O16/DwED3tZiuxlR28WI4eLCxIzfX2KTpvpb25k33tbdv4do1uHABHj+eXNRC/H5EMY65YkUJ57Jl5bhxvPXrYe3aMr2N6enWrTSRp3tI01EEJ6IWI7R2G1atKtPG8+fLVPTRo7JWNhVfv8LwcFlni1Hb589lE+HDh/J+MSWNqWmsuTVU1W63nYpK001ELAIUu52hE6C4HxujNTrKP7+wijQIjMyaVUZwEbF4HNPUeL94Hu8d63DxegPFlolhkxrmL+DfX/j7v4EH5NXXjmGupOk9YovNg7jF8/FxBuJx/HyK+oF2bEbEiCympDFa64zY4hY7pTElbSh3RaXpfL5arHnF4v7t23D2LLRasGBBic+xYyV2k1VV5Zg7dsDKlSVusZGwenW5T3AeW3OTLGUWi/mDg2UDIc5d64ykYtE/TsuIwG3fDmfOTP7YrRZs3lyOv2ZNuY9z1hJdheCITWrKeWwRuBjFxfMYdcWu5cmTZUo60Y9xby/s31/OW9u5s+y4Jgpah2GTmiTON/vx8qeHD2HfvhK22DH9P1UFhw7Bnj2wZUu5pCopwyY1XUxH9+7tnndW/+Ra0bii4MSJMkpLfPF7h2GTMohv+Dh1Co4fh3v3uq/HetyRI+XbPRYtYqYwbFIm8XEeHi67qXENaFzzOQO/j82wSUrHa0UlpWPYJKVj2CSlY9gkpWPYJKVj2CSlY9gkpWPYJKVj2CSlY9gkpWPYJKVj2CSlY9gkpWPYJKVj2CSlY9gkpWPYJKVj2CSlY9gkpWPYJKVj2CSlY9gkpWPYJKVj2CSlY9gkpWPYJKVj2CSlY9gkkc1310VHXTWff9MAAAAASUVORK5CYII='}}]}, {'role': 'assistant', 'content': 'Final Answer: 0.75'}, {'role': 'user', 'content': [{'type': 'text', 'text': '\nYou are given both an image and a text-based representation of the same stimulus. \nIn both, a red dot appears on a horizontal line\nThe left end of the line corresponds to 0.0, and the right end to 1.0.\n\nText representation (the dot is marked as """"O""""):\n|------~----------=.------- -O-------- --|\n\n\nEstimate the horizontal position of the **center** of the red dot as a decimal number between 0 and 1.\nDo not explain. Only output the final answer as a number between 0 and 1:\nFinal Answer:\n'}, {'type': 'image_url', 'image_url': {'url': 'data:image/png;base64,iVBORw0KGgoAAAANSUhEUgAAATYAAABNCAYAAAAsLkgfAAAAOnRFWHRTb2Z0d2FyZQBNYXRwbG90bGliIHZlcnNpb24zLjEwLjMsIGh0dHBzOi8vbWF0cGxvdGxpYi5vcmcvZiW1igAAAAlwSFlzAAAPYQAAD2EBqD+naQAABIJJREFUeJzt3EtLlGEchvF7PKSVVlZENJhGFEVGFJSiRPtqKa6CvkEfplW0q12rgnbRKoLETUgtaqGYYFGaSueD+cbN4+u4KGpqxpH/e/1gmJM6Q+Dlc5pKWZZlAoBAmhr9BgCg1ggbgHAIG4BwCBuAcAgbgHAIG4BwCBuAcAgbgHAIG4BwCBuAcAgbgHAIG4BwCBuAcAgbgHAIG4BwCBuAcAgbgHAIG4BwCBuAcAgbgHAIG4BwCBuAcAgbgHAIG4BwCBuAcAgbgHAIG4BwCBuAcAgbgHAIG4BwWhr9BgCsyDLp7Vvpwwepo0PatUv69k2am0vXmzZJu3dLbW2NfqcbHmEDGuXr1xQtX+7ckW7elCYnK8+Xy9LgoHTypNTaKrW3S3v3psf27WvkO9/wSlnmPxMA1pVHZk+fSnfvSlevSt+///5rm5uloSHp6FFp82app0caGanELQ8ko7pVhA2ot7Xh8a+br8fGpNu300jtb5RK0sWLUne39OWLdOiQdP681NQkvXolffxY+dquLqmvL01lC4qwAfWM2evX0vPn0rt3ae3M9xcXpWfPpIcPU+j+lkdup0+nsHlq6hGcp6eOnm8fOJBitrAgdXZKAwOFHbkRNqBe08w3b6THj6Xp6TRFfP9e+vQp3ffFsauWg+XpqC957Lzu5sf375eOHJGOH08RPXMmrdMVEJsHQK1Hao6aI+ZRlUdnW7dKMzPS7GwaXfkxP/8v/H0/flSmtb546rljh7S0lDYf2tqkPXvS1xRUqVwuM2IDasXR8UaAR1K+duhseTk95yWwpSU9+Y+JUp+kRQfS/HO8zubXa2lJt5tW7nua6usC8r8OYQPWUY+kqf/4/l5JL2r4fiJqKRd0Dg7UfcTm215Ty6eMvp9l6lwZuf2rDh9xW/uAR2/5KM1aW9P019cFxeYBUEueeo6OprUwr33duyc9eJDue+3LGwq+eHHf09NqOWLeOPD6mUPm+zt3puMdDqpfY3hYunSpsDuixuYBUEuOiSPjDQRvFnin0uH5/DmdQfNtB8nPzc9X//MdNa+l5a+Vbx7ko7XeXqm/v9BRM8IG1JrPkvkMWX4o158QuH8/TQ09Zdy2TZqaSiO7akZtHp35aIcP4zpu+RGPY8ekLVtSKM+eTYd3C46wAfXgEVO+fu2wOUQvX0rbt0snTqRzbPbo0Z8P6eY7oBcupJj5uIjPxXn059dwKP3Y4cPSuXOFH60Za2zAeh7a9acCzCM5j7zGx6Vr1ypnztb+OuZB82js+nXp1Km0Nue1NJ+L8/d4iuv7/nwoH45fRdiA9fKrD6vbxIR065Z044b0Ys1BjoMHpStXpMuX00jvTz+LkdoqwgZsFP5V9DqZd1A95fRUMx+1oSqEDUA4/NfgAMIhbADCIWwAwiFsAMIhbADCIWwAwiFsAMIhbADCIWwAwiFsAMIhbADCIWwAwiFsAMIhbADCIWwAwiFsAMIhbADCIWwAwiFsAMIhbADCIWwAwiFsAMIhbADCIWwAwiFsAMIhbADCIWwAwiFsABTNT3roXHIAyEx4AAAAAElFTkSuQmCC'}}]}, {'role': 'assistant', 'content': 'Final Answer: 0.65'}, {'role': 'user', 'content': [{'type': 'text', 'text': '\nYou are given both an image and a text-based representation of the same stimulus. \nIn both, a red dot appears on a horizontal line\nThe left end of the line corresponds to 0.0, and the right end to 1.0.\n\nText representation (the dot is marked as """"O""""):\n|-- ------ --=- ----=-O------------------|\n\n\nEstimate the horizontal position of the **center** of the red dot as a decimal number between 0 and 1.\nDo not explain. Only output the final answer as a number between 0 and 1:\nFinal Answer:\n'}, {'type': 'image_url', 'image_url': {'url': 'data:image/png;base64,iVBORw0KGgoAAAANSUhEUgAAATYAAABNCAYAAAAsLkgfAAAAOnRFWHRTb2Z0d2FyZQBNYXRwbG90bGliIHZlcnNpb24zLjEwLjMsIGh0dHBzOi8vbWF0cGxvdGxpYi5vcmcvZiW1igAAAAlwSFlzAAAPYQAAD2EBqD+naQAABHBJREFUeJzt28tvTH8Yx/HP1FCXVhTRMJIiLCTduCysLOxspCthw1L8AeIf8BfY6bJrSwsSKwuREAu6Qht1i1u1LnGvIx+Pk9atVMmZeeb9Sk46nXbOjPx+3p7zPefUiqIoBACJdFT9AQDgXyNsANIhbADSIWwA0iFsANIhbADSIWwA0iFsANIhbADSIWwA0iFsANIhbADSIWwA0iFsANIhbADSIWwA0iFsANIhbADSIWwA0iFsANIhbADSIWwA0iFsANIhbADSIWwA0iFsANIhbADSIWwA0iFsANIhbADSqVf9AYA5eftWunlTmpyUVqyQtmyRFi+u+lOhyRA2NK9376SnT6X376U3b6TTp6VTp6QHD6Z/Z+1a6dAh6eBBafXq2Do7q/zUaAK1oiiKqj8E8EPMHj2SRkcjapcuRdD8+Fccs+PHpT17pP5+adWqb8O4aBHRayNMbGgOjpAPMa9ejYns7t2IkuN25crvX+94nTghTUxIT55IO3ZId+7E96Wenunole9J+FJiYkP1xsdjKjt7Vhobi/Wzhw/j+WfP5ravBQukgQFp69bY+vqkFy8iYs+fS+vWSbt3S69eScPDs4cPLYuwoVoOzrlz0oULMa29fh2HoZ7aZjv0nM3y5RG1XbuklSulDx+kZcsien6/vXsjbC9fSr29UkeH9OlTvG93d7yOya2lcbkHqnX/vnTtWpwc8OZDQsfnb6NmDtaNG9KZM3EY6++9LV0a7+Hp8PHj6aiZv/p7T4g+PEVLqzUaDSY2VKc84+mJyY9rNenjR/UUha7PY7f9kiYdq3o9Ymnetzfz9LZw4Y8vnJqK5/1ztCz/VyZsaDp9km7P4/UbJI39w8+D1lJvNBpVfwa0s/IQ9Ouk9mVimppS9zx32yWp4YnNk9fM6WvJkumpzV9n/szv7edYX2t5nDxAtetrFy/GmdCREenePenWrfjqxf358HqZ70rwYejGjXFCwetqvgxk+/b4mS8vKc+K+q+BTzRwVjQFrmNDdbym5vWsbdtikvLivgPj532blC/78BQ3V47Z5s2x+YyoJzDvy+t4jlYZL29cx5YSExuqndguX5a8HOKAOT6+1sxnLT1N+bnz5yNIf8qHkjt3RrwcKcfK/LirS9q3T9q06b/9kdAcmNhQHUfHF8X6+jEfOq5ZE885ZOvXR4h8GDk4GL//u3+DHbX9++MCXE+C3le5xuZLSDyhsabcFpjYUC3fXTDzDoByrctrYOVhqdfhjhyJi3fL3/meJ7Jjx6SjR+Pxz/bJ+lnbIGyo3p/cs+nD1KEh6eTJONFQ8i1Thw9LBw7EIWb5Ou4DbWuEDa3F/7v67gDfSeDbnzyJlZdvAF8RNgDpcK8ogHQIG4B0CBuAdAgbgHQIG4B0CBuAdAgbgHQIG4B0CBuAdAgbgHQIG4B0CBuAdAgbgHQIG4B0CBuAdAgbgHQIG4B0CBuAdAgbgHQIG4B0CBuAdAgbgHQIG4B0CBuAdAgbgHQIG4B0CBuAdAgbAGXzGahxa5hlk7orAAAAAElFTkSuQmCC'}}]}, {'role': 'assistant', 'content': 'Final Answer: 0.4'}, {'role': 'user', 'content': [{'type': 'text', 'text': '\nYou are given both an image and a text-based representation of the same stimulus. \nIn both, a red dot appears on a horizontal line\nThe left end of the line corresponds to 0.0, and the right end to 1.0.\n\nText representation (the dot is marked as """"O""""):\n|---- ---------.------O---------------.-~|\n\n\nEstimate the horizontal position of the **center** of the red dot as a decimal number between 0 and 1.\nDo not explain. Only output the final answer as a number between 0 and 1:\nFinal Answer:\n'}, {'type': 'image_url', 'image_url': {'url': 'data:image/png;base64,iVBORw0KGgoAAAANSUhEUgAAATYAAABNCAYAAAAsLkgfAAAAOnRFWHRTb2Z0d2FyZQBNYXRwbG90bGliIHZlcnNpb24zLjEwLjMsIGh0dHBzOi8vbWF0cGxvdGxpYi5vcmcvZiW1igAAAAlwSFlzAAAPYQAAD2EBqD+naQAABENJREFUeJzt3MlqFG0chfHTMc6J8wSNGhfiFHAAB3ApKrgSxJ14B96KeAm6cqEggmvRhaAoIiiOoEYUnOfZJC3HlyYi36e0Bqpy8vygMF0m3SWGJ/+3qjqNVqvVEgAE6ar6AABgtBE2AHEIG4A4hA1AHMIGIA5hAxCHsAGIQ9gAxCFsAOIQNgBxCBuAOIQNQBzCBiAOYQMQh7ABiEPYAMQhbADiEDYAcQgbgDiEDUAcwgYgDmEDEIewAYhD2ADEIWwA4hA2AHEIG4A4hA1AHMIGIA5hAxCnu+oDADrSakkvXkjv30sTJ5bH375JkyZJ8+ZJkydXfYSoAcKG+vvyRbpxQzp8WDp+XHr0aOTvFi2Stm+Xli+XZs6U1qyRNm6UZsyo8ohRsUar5R95QA29fStdvCgdOSIdPSoNDv7/506YUIK2cKG0erW0a1d5zAQ3LjGxoR4T2fPn0rt3ZYnZ01MenzkjnTghXb785+cYGpLOn5fWrSsfP3kivXkjrV9flqtfv7JcHUeY2FAtny+7dk168EAaGChh82R26VLZd+9eZ8/XaEg7dpS4LVkiTZ1alquOpZ/XE51j56UrgYtF2FDtpOYpy3F7+lT6/LlsJ09KN29KHz+WSatTjpm3adPKlLZggTRrVjkH5/B5avMydcMGAheKpSiq4+Xmq1clLB8+SNOnSxcuSC9flunqd+fUfufTp5Gvd+D8Ov7YU5snudu3peHhMhFu3lwCN3fuaP/rUKFGs9lkYkM1HBnfqmEOjxcPnuKGhjR7cFBX/+Gp+yW99nRm/tNbV1e5yGC+VcT7/NgbU1sU/88TNtTOUkn3/+Hr+yQNjOLxYGzpbjabVR8DxjNPaF4WevPU5glueFi9nua87y/1SGr+PKm1TyV3d5d97QnNj9sTXHuaw5jHxQPU56rorVvSuXPlQoLduTOyVO2Ew+WLBb295eKBA+lzeFOmSCtWSCtXSosXl5t4fUOvX2/TJokf8jEIG+p1H9v169Lp09KVK+X2j4cPO38+x2z+/HJBwFOYr656MvPW1yetXVsitmxZeW0HcMsWzrMFIWyo5zsOPLmdPSsdPNjZ1OZpzdOXJzLf1mG+GurIOXie5Pwt72nNoZszR+rv56poGMKG+vI05feG7t9fYvSnb1VHbc8e6cCBsrz0Mtfx8kTmG3MdsPa7GngnQjTChvo7dUrau7eEzv7rW9Yn//ftk3bvlnbuLPsI2LhF2DA23L0rHTokHTsmPX48st9LyG3bpK1bpVWruNkWPxA2jB2e2J49K8tMT2J+D6iXmvw+NvyCsAGIw68GBxCHsAGIQ9gAxCFsAOIQNgBxCBuAOIQNQBzCBiAOYQMQh7ABiEPYAMQhbADiEDYAcQgbgDiEDUAcwgYgDmEDEIewAYhD2ADEIWwA4hA2AHEIG4A4hA1AHMIGIA5hAxCHsAGIQ9gAxCFsAJTmO2SDQNow6FxCAAAAAElFTkSuQmCC'}}]}, {'role': 'assistant', 'content': 'Final Answer: 0.5'}, {'role': 'user', 'content': [{'type': 'text', 'text': '\nYou are given both an image and a text-based representation of the same stimulus. \nIn both, a red dot appears on a horizontal line\nThe left end of the line corresponds to 0.0, and the right end to 1.0.\n\nText representation (the dot is marked as """"O""""):\n|--- --- ------------O-------------=-=-- |\n\n\nEstimate the horizontal position of the **center** of the red dot as a decimal number between 0 and 1.\nDo not explain. Only output the final answer as a number between 0 and 1:\nFinal Answer:\n'}, {'type': 'image_url', 'image_url': {'url': 'data:image/png;base64,iVBORw0KGgoAAAANSUhEUgAAATYAAABNCAYAAAAsLkgfAAAAOnRFWHRTb2Z0d2FyZQBNYXRwbG90bGliIHZlcnNpb24zLjEwLjMsIGh0dHBzOi8vbWF0cGxvdGxpYi5vcmcvZiW1igAAAAlwSFlzAAAPYQAAD2EBqD+naQAABFJJREFUeJzt3NuLzH0cwPH3jHVsl9YhMdiNCG1cKHGDCzdKSQ7lyq1S/hM3/gT5FyQJcSERYZVT8jw5n4mcmafP832mpSfPM2ZmTfvp/aqtndm1+5ua3vs9/VTq9XodSUqk2u0LkKROM2yS0jFsktIxbJLSMWyS0jFsktIxbJLSMWyS0jFsktIxbJLSMWyS0jFsktIxbJLSMWyS0jFsktIxbJLSMWyS0jFsktIxbJLSMWyS0jFsktIxbJLSMWyS0jFsktIxbJLSMWyS0jFsktIxbJLSMWyS0unp9gVIP/j4EZ49g0+fYMIEmDkTJk7s9lVpjDFs6m68xo+HSgU+fy6PHzyAV69Gvre/H4aGYMaMbl6xxhjDpt/r+XO4ehXu3YMTJ+DwYXj8eOTrs2bBzp2wfn2J3p07JXjr1jlyU9Mq9Xq93vy3Sy2MzN68gbdvy9Ty5k24fBn274cPH+Bnb7+eHti6FZYsgXHjYMcOWLzYaaqaYtg0uiOz69fhwgV4+rQ8H5GLkVqzb7vVq2FgANauhYUL4datEsRJk2DZMlizxmmq/sWwaXRGaqdPw7lzcPIkPHxY1tEianfvNh+1hgULYP58qNVK0KpV+PatjNo2bIDt2x256QeusanzU8/hYThyBC5dgtu34evXMrWM6Wgrf0cjhrEO9/49bNpUIhY/M9bpjh+HVatg6dLReEUaozzHps5NPc+ehTNn4NixMv2MqL1+De/elZ3O+LwVEcOIZkxDr1wpPy/W3ebNg5cv4caNTr8ajXGVWq3mVFTti/A0RmOxuB+P4whHPFet0l+vM9zGqscQ8PchkAhaTEFjBBjid0yZApMnd+Z1KIVK/D3s9kUovwHgjzb+/SDwZwevR7n11GJBVmpHrHfFyClGU/F5jNgaB25jkb9Soa/NPapeoBYbEPERvyfOuIUYufX2luelf7grqvbdvw/nz5ddyy9fyo7oxYvlLoJr10rc4vlWNw8iZIODZXobsZwzB1asKB9btpTzbdJ33BVV++KgbNz6FDuXs2fDypUldo8ewdy5ZRQXQYuvv3jx6z9/+vRyR0KM0uIM28aNsHlzudVq6tTReEUa4xyxqbMHcmOXsvE47jJ48mTkboEYtZ06VULXrJhiRsCmTStn2OLA7t69JZjSTxg2jd7/zNHXVx7HObQ46hFxitjt2VOmp/+lsWa2a1eZ4sah3OXLy2jNqOl/GDb9fkePwrZt5Txa+P4t2AhaHN84dKiM0Lw3VL/IsKk74sDuwYNw4EA5yNuwaBHs2we7d5cRntQCw6buirdfbCjEfaQxdY2NAo9uqE2GTVI63isqKR3DJikdwyYpHcMmKR3DJikdwyYpHcMmKR3DJikdwyYpHcMmKR3DJikdwyYpHcMmKR3DJikdwyYpHcMmKR3DJikdwyYpHcMmKR3DJikdwyYpHcMmKR3DJikdwyYpHcMmKR3DJikdwyYpHcMmiWz+AoHRW3E6aNocAAAAAElFTkSuQmCC'}}]}, {'role': 'assistant', 'content': 'Final Answer: 0.55'}, {'role': 'user', 'content': [{'type': 'text', 'text': '\nYou are given both an image and a text-based representation of the same stimulus. \nIn both, a red dot appears on a horizontal line\nThe left end of the line corresponds to 0.0, and the right end to 1.0.\n\nText representation (the dot is marked as """"O""""):\n|---.-- ----------- ------------ -O---~--|\n\n\nEstimate the horizontal position of the **center** of the red dot as a decimal number between 0 and 1.\nDo not explain. Only output the final answer as a number between 0 and 1:\nFinal Answer:\n'}, {'type': 'image_url', 'image_url': {'url': 'data:image/png;base64,iVBORw0KGgoAAAANSUhEUgAAATYAAABNCAYAAAAsLkgfAAAAOnRFWHRTb2Z0d2FyZQBNYXRwbG90bGliIHZlcnNpb24zLjEwLjMsIGh0dHBzOi8vbWF0cGxvdGxpYi5vcmcvZiW1igAAAAlwSFlzAAAPYQAAD2EBqD+naQAABDdJREFUeJzt3EtrU2kcgPEnWq2XVqkVL0ToiIqKRUUU3LjyshIU/ACCG3d+F/0I4kYEQRDBhSAiIioVHF0oiFNFvEbrnVabDH9eSqowQ60zSfz3+UFJek5yktXD+57znlQajUYDSUpkVru/gCT91wybpHQMm6R0DJukdAybpHQMm6R0DJukdAybpHQMm6R0DJukdAybpHQMm6R0DJukdAybpHQMm6R0DJukdAybpHQMm6R0DJukdAybpHQMm6R0DJukdAybpHQMm6R0DJukdAybpHQMm6R0DJukdAybpHQMm6R0utr9BSR1kEYDajX4+BF6eqC/H8bG4PVr+PChub23F5Yuhe5uOpFhk2ay0dESradP4fRpOHMGnjxp7l+1Cvbsgc2b4dmzEre5c2Hx4hK2TZtgxw5YtIhOUmk0ItGSZpxaDe7ehfPn4fhx+Pr1n187ezbs2lVCd/9+GdktW1YCt20bHDgA69bRKQybNBNHaLUaXLkCN27AqVMlVFOxejXMnw+zZsHatbByZZmODgzAkSMdM3JzKirNlKDduwfXr8Pz5/DoETx4ALduTT1qId4X8YqwffpUHnfuLNPUON727XQCwyZlV6vB5ctw4UIZrb15A69ewfv3UK///PE+fy5T07ioMDQEGzeWwMX2DuFyDyn7SG1oCG7eLOGJaWNsi/NpL19O75jfvpXH8fESzWvXSiS7uspFiBjVxWN8TptUqtWq59ikrMbHmyGbCFK9Tl+9zp8T/0/DIDBSqUD8xWhtzhxYsOD7F8W+2B77W6wSK1da/qmS2moA+OsX3v8HMEzn6qpWq+3+DpJaMWIbHy/b6nV64/kvjNh6KhWqE6O1WNcWz+fNK+feJovPiP0/bv+fudxDymx0tCzruHQJhofLObZ37+DxY7hzZ/pxW7ECliwpC3fXry93JOzeXda2TRaLfbdsKctEWsirolJm3d1lAW2c3I8roXFFNE7yx2LaOCd29erPH3PhQoiZ3oYNsHVrGanFMX9cwxZXXGPcFCO2FjNsUnb9/bB/fxk1xTq2iFxfXwlOrGOLUd1UJ24RsKNHy/vjlqoYtcXzL1/g7VtYvrxMTyNqL16U/fG6FnMqKs3EOw/GxkrYbt+Ggwebo6t/E8E6dw727v3+GBGumIrG7VkRtxDHiqgNDpawtphhk2a6ixfh0KHmAtvJSYiLAiGmrWfPwr59U49mG3/9w7BJgpEROHkSTpyAhw+b29esgWPH4PDhcsP7b8KwSWqKHMQFhvh5ovjNtZhOTozafiOGTVI63isqKR3DJikdwyYpHcMmKR3DJikdwyYpHcMmKR3DJikdwyYpHcMmKR3DJikdwyYpHcMmKR3DJikdwyYpHcMmKR3DJikdwyYpHcMmKR3DJikdwyYpHcMmKR3DJikdwyYpHcMmKR3DJikdwyYpHcMmiWz+BsBzN7FEbbkEAAAAAElFTkSuQmCC'}}]}, {'role': 'assistant', 'content': 'Final Answer: 0.8'}, {'role': 'user', 'content': [{'type': 'text', 'text': '\nYou are given both an image and a text-based representation of the same stimulus. \nIn both, a red dot appears on a horizontal line\nThe left end of the line corresponds to 0.0, and the right end to 1.0.\n\nText representation (the dot is marked as """"O""""):\n|-~ --~-~-----------------.--O-----------|\n\n\nEstimate the horizontal position of the **center** of the red dot as a decimal number between 0 and 1.\nDo not explain. Only output the final answer as a number between 0 and 1:\nFinal Answer:\n'}, {'type': 'image_url', 'image_url': {'url': 'data:image/png;base64,iVBORw0KGgoAAAANSUhEUgAAATYAAABNCAYAAAAsLkgfAAAAOnRFWHRTb2Z0d2FyZQBNYXRwbG90bGliIHZlcnNpb24zLjEwLjMsIGh0dHBzOi8vbWF0cGxvdGxpYi5vcmcvZiW1igAAAAlwSFlzAAAPYQAAD2EBqD+naQAABERJREFUeJzt3E1vTGEYxvFrpkXQSlFtmASpthstYoGlNBUfwIJvYCGxtbDwBawsLS2b7nRl1x2JkIZEBPEuCNUgXqpm5MqdSUUiOmVm6j7/XzLpdDo5M5v+e5/zPNNSrVarCQASKbf7DQDAv0bYAKRD2ACkQ9gApEPYAKRD2ACkQ9gApEPYAKRD2ACkQ9gApEPYAKRD2ACkQ9gApEPYAKRD2ACkQ9gApEPYAKRD2ACkQ9gApEPYAKRD2ACkQ9gApEPYAKRD2ACkQ9gApEPYAKRD2ACkQ9gApEPYAKRD2ACk09nuNwDgJ7Wa9Pat9PGj1NUlbd4slUrtflf/HcIGtNPXr9KbN3GbnJQuXZKePFn8+dat0qlTcVu7Vnr+XHr1Kn7W3y9VKtKaNW17+ytVqVbznwgALefJ7PZt6coV6fx5aX7+9891vE6elDo7pU+fYrJbv14aGZGOHpW2bWvlO1/xCBvQ6unMAfP9mzel6Wnp4sUI1VLs2bM4pXmCK5cjbkeOSJs2SatXS729hZ/iCBvQyuns3Tvp/fu4f++edPmy9P17Y8dyuHzbtSumtrk5aWBAOnRIWlhYnOSGhgobOK6xAc3m6cwh+/BB2rIlrpN9+RKPNRo189TnxYVnz6S+vrg9fRrH8jW5hQXp/n3p4EFp//5YgCgYtnsAzeYQvX4dq5s3bkjXrkkvXkiPHi3/mNVqBNPHXbcuTmU9Cfo0d2AgJjW/huPp5xVMqVKpcCoKNNO3bzGh1e9Xq9pYreqW7y/TiKS5+jerVsW1Nn+1jo746oUGB8/X3eqPFYQ3yBA2oMV2SPqLeU07JT3+h+8nm86KV1gANIeve/n00KeOvu+v1aq6Pa35WtgydUmq1DfuelKrT20+frkcE5of82sWcWJjVRRooocPpZkZqbtbun5dunMnQueL+97usZy4OWhe+XTAtm+Xjh2TXr6UZmdjy8foqDQ8HNfW/LpeLS3Y6iirokAzeVqyDRsiMObtGf7eF/vv3m38mJ7EHKqeHmlsTNq9O+57S4lXQPv6YtXUkfO2j4JFzZjYgGby1HT1amz18EegHDPvX3PQ/NGoiYnGtnx4Sjt8WNq7VxoclA4ciJg5oJ7O/Drz84XfqEvYgFZuzjWHx4Hy9W1/8uDs2Vi9/NOvok9Bz52TxsfjWAU9zVwKwga0+uNUv05TU1PS8ePS58/x/c+/kvUFAj/3zBlp3774ef00s4Cbb5eCsAErga+7+T97XLggPXiw+Lg/NnX6tHTiROyB4zRzSQgbsJL419Grm75W5lNNT2b8P7aGETYA6fBZUQDpEDYA6RA2AOkQNgDpEDYA6RA2AOkQNgDpEDYA6RA2AOkQNgDpEDYA6RA2AOkQNgDpEDYA6RA2AOkQNgDpEDYA6RA2AOkQNgDpEDYA6RA2AOkQNgDpEDYA6RA2AOkQNgDpEDYA6RA2AOkQNgDK5gcW00CVbCY0GwAAAABJRU5ErkJggg=='}}]}]",Final Answer: 0.7
anthropic/claude-3.7-sonnet,sample_010,0.78323,0.78323,0.75,"[{'role': 'system', 'content': 'You are a helpful assistant.'}, {'role': 'user', 'content': [{'type': 'text', 'text': '\nYou are given both an image and a text-based representation of the same stimulus. \nIn both, a red dot appears on a horizontal line\nThe left end of the line corresponds to 0.0, and the right end to 1.0.\n\nText representation (the dot is marked as """"O""""):\n|.-- -~=-------- ---------O--------------|\n\n\nEstimate the horizontal position of the **center** of the red dot as a decimal number between 0 and 1.\nDo not explain. Only output the final answer as a number between 0 and 1:\nFinal Answer:\n'}, {'type': 'image_url', 'image_url': {'url': 'data:image/png;base64,iVBORw0KGgoAAAANSUhEUgAAATYAAABNCAYAAAAsLkgfAAAAOnRFWHRTb2Z0d2FyZQBNYXRwbG90bGliIHZlcnNpb24zLjEwLjMsIGh0dHBzOi8vbWF0cGxvdGxpYi5vcmcvZiW1igAAAAlwSFlzAAAPYQAAD2EBqD+naQAABJVJREFUeJzt3ElvTXEYx/HfbWtuUaQSFy1i0bSRsECQ2HkNYmNnx9LGOxCJROyFlYXY8AZ0YVFCDCExxFBjYqgp5h755XHShohSt72e8/0kTfW0vfda9Nvnf87/tFYURSEASKRlql8AAPxrhA1AOoQNQDqEDUA6hA1AOoQNQDqEDUA6hA1AOoQNQDqEDUA6hA1AOoQNQDqEDUA6hA1AOoQNQDqEDUA6hA1AOoQNQDqEDUA6hA1AOoQNQDqEDUA6hA1AOoQNQDqEDUA6hA1AOoQNQDqEDUA6hA1AOoQNQDptU/0CgKZVFNLz59Lbt1J7u7RwoVSrTfWrwjgQNlTbx4/Ss2fSp0/S9OlSR4f04IF0/Lh07Jh0797o165aJe3eLW3fLn35Mvo9ixZJM2b8/FjlcUy6WlH41xJQMY7QzZvS1avSu3fS3LnShw/SwEAEzXH6UTmtOVZ790pr18bHnZ3SkiXSo0fSy5fS58/S69fSnDlSf7+0ejWBm2SEDdXj5eWFC9KZM9LDh9LMmdLs2RG606djCfo7LS3SgQPSli0x4XmyW748Jr47d6RXr6ThYWnWLGnDBmnduljKYlIQNlRrSnPIBgely5elS5diCvPxoSHpxo3xRa3k5eahQ9KbN/FYmzdLX7/GxLZgQXzNkydSV5e0YoW0cSOT2yThHBuqM6V52Xn9unT+vHTtWgSpry+mL18g+NPf8V6u7t8v9fbGMvTp01iWbtoUj+nA+TnmzYtpcNkyaeXKRv0PMQZhQ36eyBw1T2s+ue8pysHxBYBbt2Jqc5T+xt27ccXUfK7Oj++orVkT59keP47P+bn8dY4cS9KGq9XrdZaiyM3LQ09XIyOjS0X/+/vnOkdGdGUCZ2T6azUNt7VJra3xuA6l3xw4H/PnfLz8mOVow/kyD2FDpXV78JrA9/dIGrMpBE2grV6vT/VrABrLU5q3cngq89Tk6ckf+31RqMPLxAlob21V3VNZOZmV0+C0aTGheXrz5/zcfi3lcTQMV0VRjXNsp05JFy/GnjJH5v792LPmc2s+5+ZzY38TOAfKG3e7u+PNy0xvzPW5tfXrY3/b/PlxBdXB89YQH2egaCguHiA/x8ZXKh0VX50sQ7NtW2yoPXdOun07LiT8KW/C9fTnScx6emJ7h5/DV0gduXJKdES9DcTH0FBMbKgOb8k4eza2fnhq82baxYtj6jp6VDpyZDRQ4+Fgbd0qLV0a05rfO2Z+zLF3Iph/zBw134nAVdGGI2yoll/dz+m7BQ4elA4fHt9+Np8327dP2rEjlpXePsK9o02DsAElh+jECWnXLun9+zg29sejvFfUt1+dPBlLWTQlwgb8yPd4+kZ43y7lc28lXyTYs0fauTM22qJpETbgV/yj8eJFLDN9Ps7nyPh7bP8FwgYgHf40OIB0CBuAdAgbgHQIG4B0CBuAdAgbgHQIG4B0CBuAdAgbgHQIG4B0CBuAdAgbgHQIG4B0CBuAdAgbgHQIG4B0CBuAdAgbgHQIG4B0CBuAdAgbgHQIG4B0CBuAdAgbgHQIG4B0CBuAdAgbgHQIGwBl8w2vMXCzyZNU9QAAAABJRU5ErkJggg=='}}]}, {'role': 'assistant', 'content': 'Final Answer: 0.65'}, {'role': 'user', 'content': [{'type': 'text', 'text': '\nYou are given both an image and a text-based representation of the same stimulus. \nIn both, a red dot appears on a horizontal line\nThe left end of the line corresponds to 0.0, and the right end to 1.0.\n\nText representation (the dot is marked as """"O""""):\n|--~---~----------------=--- =-----O-----|\n\n\nEstimate the horizontal position of the **center** of the red dot as a decimal number between 0 and 1.\nDo not explain. Only output the final answer as a number between 0 and 1:\nFinal Answer:\n'}, {'type': 'image_url', 'image_url': {'url': 'data:image/png;base64,iVBORw0KGgoAAAANSUhEUgAAATYAAABNCAYAAAAsLkgfAAAAOnRFWHRTb2Z0d2FyZQBNYXRwbG90bGliIHZlcnNpb24zLjEwLjMsIGh0dHBzOi8vbWF0cGxvdGxpYi5vcmcvZiW1igAAAAlwSFlzAAAPYQAAD2EBqD+naQAABNNJREFUeJzt3MtvjG0Yx/HfVNUhrSgNYkLfSARJbUScYmdHxEKsJNZi5/+w8ieItZWNtcTCQlCHhOCtQ5yps2L6vPm9lyczeDvTaWv6uvr9JE0P087M6pvrvp/7aaUoikIAkEjXbL8BAJhphA1AOoQNQDqEDUA6hA1AOoQNQDqEDUA6hA1AOoQNQDqEDUA6hA1AOoQNQDqEDUA6hA1AOoQNQDqEDUA6hA1AOoQNQDqEDUA6hA1AOoQNQDqEDUA6hA1AOoQNQDqEDUA6hA1AOoQNQDqEDUA6hA1AOoQNQDrds/0GAPyBxsak58+lp0+lr1+lNWuk1aulSqX++IsX0pcvUk+PNDAgLVjQsbdH2AC01hiqx4+l06elM2cibKXBQen4cWn/funBA+n16/pj/f3S0JC0fHlHolcpiqKY0WcE8Gcb+x6ed++k9+9jInv0SHIqLl+WTpyIKE1k/nzp8GFp716pt1dasiQi19cnrV8v3b5dj56f21PeunXSypU/Rm4aASRsAOpevpQuXZKuX4+p69Ur6dmzCMq3b9LZsxG4ydi2Tdq1S1q1Kqa1Dx+kri5p4cKI2Nu3ETm/zqJF0oYN0ooV8bt27drEU18LhA1AfUI6d066elV6+DD20BwdLz3Hx+Nzu7nYvr2+/7Z2bUxwW7ZEJIeHpY8fpaVLYzLbtCmev3FicwAdQ7++l72e+nbsaDm5cVUUQPBy01Hz8tAcHX98+hST3FRmoBs3pCdPYgl74UIsKx2q0dFY6i5bJnV/3+qv1SJkIyPS/fv1qJk/+3tPkI5gC1w8ABDK6cwTlCPnCcnx8eTUbE+tGe/R+Tm9/PRS1EvPjRvr8SynsXJvzt87cOVjjfy99+Mm8V4q1WqVpSgw142Px2T2+XPEw+Hxz4pC/UWh4Wk89VClotEyWvPmxYenNAesDJtf079Thqv8/mdewvpCgp+jCR86IWwAJjQo6W9N3V+SRtRZ3dVqtcMvCeB/pVaLCc3Tkye2cmLyz2o19U3z6XsrFVU9ZXlK85LUe3WeuPwansDMX/vnfg/lpObXL/f1Gh/7eYn6H7gqCsx19+5JV67E1cubN6Xz5yN23hu7eDH22Lw/Vu6FtcPB8vDkK5579ki7d8fxER8F8c+bnVWbxjk2Lh4Ac11PT3x2uHxGzIdlHRDHyOfKbt2S7t6Nq5vt8vk0P5+j6eMePpfmK6GOlPl1Jlo1NnusBY57AHPdwEAcfvVVUN8l4K/LDf2dO+M2qX37Wm7Y/8J/7wO6W7dGzN68iXNoPmT7m+8bZSkKQP+eUytP+vuOAJ8lc5g8ZTlGPljrqe3YsdjvapUN/61vqzpyJJaSPkriwG3e3JGb4QkbgF/3tMosOFCN+1u+M+HgwTi4a435KC8AeIP/6FHpwIGYANu4Y2CmEDYA7fFdA6dOSSdPSnfu/PjfPQ4diqXm4sUROOfFy9BJ3uM5UwgbgKlxOnyLk+9O8ETmgHlqm+X/xWaEDUA6XBUFkA5hA5AOYQOQDmEDkA5hA5AOYQOQDmEDkA5hA5AOYQOQDmEDkA5hA5AOYQOQDmEDkA5hA5AOYQOQDmEDkA5hA5AOYQOQDmEDkA5hA5AOYQOQDmEDkA5hA5AOYQOQDmEDkA5hA5AOYQOQDmEDoGz+AaQ5oOTiCrZ7AAAAAElFTkSuQmCC'}}]}, {'role': 'assistant', 'content': 'Final Answer: 0.85'}, {'role': 'user', 'content': [{'type': 'text', 'text': '\nYou are given both an image and a text-based representation of the same stimulus. \nIn both, a red dot appears on a horizontal line\nThe left end of the line corresponds to 0.0, and the right end to 1.0.\n\nText representation (the dot is marked as """"O""""):\n|--~----~-----------------~=---O----=----|\n\n\nEstimate the horizontal position of the **center** of the red dot as a decimal number between 0 and 1.\nDo not explain. Only output the final answer as a number between 0 and 1:\nFinal Answer:\n'}, {'type': 'image_url', 'image_url': {'url': 'data:image/png;base64,iVBORw0KGgoAAAANSUhEUgAAATYAAABNCAYAAAAsLkgfAAAAOnRFWHRTb2Z0d2FyZQBNYXRwbG90bGliIHZlcnNpb24zLjEwLjMsIGh0dHBzOi8vbWF0cGxvdGxpYi5vcmcvZiW1igAAAAlwSFlzAAAPYQAAD2EBqD+naQAABDBJREFUeJzt3LlrVGsYgPHnJHFPlFFBZdR7XQtJISIW6VSsxEqwE8FaLfwvbG209h+wFgQt3BAE8QqKqFz3BY3B3Why5OVjGC/IJYmCOW+eHwyzJDmTZh6+5Zyp6rqukaREev70PyBJv5thk5SOYZOUjmGTlI5hk5SOYZOUjmGTlI5hk5SOYZOUjmGTlI5hk5SOYZOUjmGTlI5hk5SOYZOUjmGTlI5hk5SOYZOUjmGTlI5hk5SOYZOUjmGTlI5hk5SOYZOUjmGTlI5hk5SOYZOUjmGTlI5hk5SOYZOUTt+f/gckTcGXL/DqFYyOwuzZsHQpzJkDdQ2vX8P799DfD0uWQFUx0xg2qWkiXDdvwsuX5fHICPT2wosXcPo03L/f/d116+DwYThwAObN+3kME6rqOhIvqTEjtStX4MkTePoU7tyBW7fg8mUYGyujs/qHj3RntDZ3Lhw9Cps2wadP8O1bGc0NDZWRXRzn40eYPx82boSFC2kywyY1SQTt0iV4/hyuXoUbN8ptIqoKdu2CbdtKwJ49KzGM6PX0QF9fieLy5bB7N2zYQFMZNqlJa2nv3sHFiyVq587B3bv/HaFNJG5DQ2WKOj4O16/DwED3tZiuxlR28WI4eLCxIzfX2KTpvpb25k33tbdv4do1uHABHj+eXNRC/H5EMY65YkUJ57Jl5bhxvPXrYe3aMr2N6enWrTSRp3tI01EEJ6IWI7R2G1atKtPG8+fLVPTRo7JWNhVfv8LwcFlni1Hb589lE+HDh/J+MSWNqWmsuTVU1W63nYpK001ELAIUu52hE6C4HxujNTrKP7+wijQIjMyaVUZwEbF4HNPUeL94Hu8d63DxegPFlolhkxrmL+DfX/j7v4EH5NXXjmGupOk9YovNg7jF8/FxBuJx/HyK+oF2bEbEiCympDFa64zY4hY7pTElbSh3RaXpfL5arHnF4v7t23D2LLRasGBBic+xYyV2k1VV5Zg7dsDKlSVusZGwenW5T3AeW3OTLGUWi/mDg2UDIc5d64ykYtE/TsuIwG3fDmfOTP7YrRZs3lyOv2ZNuY9z1hJdheCITWrKeWwRuBjFxfMYdcWu5cmTZUo60Y9xby/s31/OW9u5s+y4Jgpah2GTmiTON/vx8qeHD2HfvhK22DH9P1UFhw7Bnj2wZUu5pCopwyY1XUxH9+7tnndW/+Ra0bii4MSJMkpLfPF7h2GTMohv+Dh1Co4fh3v3uq/HetyRI+XbPRYtYqYwbFIm8XEeHi67qXENaFzzOQO/j82wSUrHa0UlpWPYJKVj2CSlY9gkpWPYJKVj2CSlY9gkpWPYJKVj2CSlY9gkpWPYJKVj2CSlY9gkpWPYJKVj2CSlY9gkpWPYJKVj2CSlY9gkpWPYJKVj2CSlY9gkpWPYJKVj2CSlY9gkpWPYJKVj2CSlY9gkkc1310VHXTWff9MAAAAASUVORK5CYII='}}]}, {'role': 'assistant', 'content': 'Final Answer: 0.75'}, {'role': 'user', 'content': [{'type': 'text', 'text': '\nYou are given both an image and a text-based representation of the same stimulus. \nIn both, a red dot appears on a horizontal line\nThe left end of the line corresponds to 0.0, and the right end to 1.0.\n\nText representation (the dot is marked as """"O""""):\n|------~----------=.------- -O-------- --|\n\n\nEstimate the horizontal position of the **center** of the red dot as a decimal number between 0 and 1.\nDo not explain. Only output the final answer as a number between 0 and 1:\nFinal Answer:\n'}, {'type': 'image_url', 'image_url': {'url': 'data:image/png;base64,iVBORw0KGgoAAAANSUhEUgAAATYAAABNCAYAAAAsLkgfAAAAOnRFWHRTb2Z0d2FyZQBNYXRwbG90bGliIHZlcnNpb24zLjEwLjMsIGh0dHBzOi8vbWF0cGxvdGxpYi5vcmcvZiW1igAAAAlwSFlzAAAPYQAAD2EBqD+naQAABIJJREFUeJzt3EtLlGEchvF7PKSVVlZENJhGFEVGFJSiRPtqKa6CvkEfplW0q12rgnbRKoLETUgtaqGYYFGaSueD+cbN4+u4KGpqxpH/e/1gmJM6Q+Dlc5pKWZZlAoBAmhr9BgCg1ggbgHAIG4BwCBuAcAgbgHAIG4BwCBuAcAgbgHAIG4BwCBuAcAgbgHAIG4BwCBuAcAgbgHAIG4BwCBuAcAgbgHAIG4BwCBuAcAgbgHAIG4BwCBuAcAgbgHAIG4BwCBuAcAgbgHAIG4BwCBuAcAgbgHAIG4BwWhr9BgCsyDLp7Vvpwwepo0PatUv69k2am0vXmzZJu3dLbW2NfqcbHmEDGuXr1xQtX+7ckW7elCYnK8+Xy9LgoHTypNTaKrW3S3v3psf27WvkO9/wSlnmPxMA1pVHZk+fSnfvSlevSt+///5rm5uloSHp6FFp82app0caGanELQ8ko7pVhA2ot7Xh8a+br8fGpNu300jtb5RK0sWLUne39OWLdOiQdP681NQkvXolffxY+dquLqmvL01lC4qwAfWM2evX0vPn0rt3ae3M9xcXpWfPpIcPU+j+lkdup0+nsHlq6hGcp6eOnm8fOJBitrAgdXZKAwOFHbkRNqBe08w3b6THj6Xp6TRFfP9e+vQp3ffFsauWg+XpqC957Lzu5sf375eOHJGOH08RPXMmrdMVEJsHQK1Hao6aI+ZRlUdnW7dKMzPS7GwaXfkxP/8v/H0/flSmtb546rljh7S0lDYf2tqkPXvS1xRUqVwuM2IDasXR8UaAR1K+duhseTk95yWwpSU9+Y+JUp+kRQfS/HO8zubXa2lJt5tW7nua6usC8r8OYQPWUY+kqf/4/l5JL2r4fiJqKRd0Dg7UfcTm215Ty6eMvp9l6lwZuf2rDh9xW/uAR2/5KM1aW9P019cFxeYBUEueeo6OprUwr33duyc9eJDue+3LGwq+eHHf09NqOWLeOPD6mUPm+zt3puMdDqpfY3hYunSpsDuixuYBUEuOiSPjDQRvFnin0uH5/DmdQfNtB8nPzc9X//MdNa+l5a+Vbx7ko7XeXqm/v9BRM8IG1JrPkvkMWX4o158QuH8/TQ09Zdy2TZqaSiO7akZtHp35aIcP4zpu+RGPY8ekLVtSKM+eTYd3C46wAfXgEVO+fu2wOUQvX0rbt0snTqRzbPbo0Z8P6eY7oBcupJj5uIjPxXn059dwKP3Y4cPSuXOFH60Za2zAeh7a9acCzCM5j7zGx6Vr1ypnztb+OuZB82js+nXp1Km0Nue1NJ+L8/d4iuv7/nwoH45fRdiA9fKrD6vbxIR065Z044b0Ys1BjoMHpStXpMuX00jvTz+LkdoqwgZsFP5V9DqZd1A95fRUMx+1oSqEDUA4/NfgAMIhbADCIWwAwiFsAMIhbADCIWwAwiFsAMIhbADCIWwAwiFsAMIhbADCIWwAwiFsAMIhbADCIWwAwiFsAMIhbADCIWwAwiFsAMIhbADCIWwAwiFsAMIhbADCIWwAwiFsAMIhbADCIWwAwiFsABTNT3roXHIAyEx4AAAAAElFTkSuQmCC'}}]}, {'role': 'assistant', 'content': 'Final Answer: 0.65'}, {'role': 'user', 'content': [{'type': 'text', 'text': '\nYou are given both an image and a text-based representation of the same stimulus. \nIn both, a red dot appears on a horizontal line\nThe left end of the line corresponds to 0.0, and the right end to 1.0.\n\nText representation (the dot is marked as """"O""""):\n|-- ------ --=- ----=-O------------------|\n\n\nEstimate the horizontal position of the **center** of the red dot as a decimal number between 0 and 1.\nDo not explain. Only output the final answer as a number between 0 and 1:\nFinal Answer:\n'}, {'type': 'image_url', 'image_url': {'url': 'data:image/png;base64,iVBORw0KGgoAAAANSUhEUgAAATYAAABNCAYAAAAsLkgfAAAAOnRFWHRTb2Z0d2FyZQBNYXRwbG90bGliIHZlcnNpb24zLjEwLjMsIGh0dHBzOi8vbWF0cGxvdGxpYi5vcmcvZiW1igAAAAlwSFlzAAAPYQAAD2EBqD+naQAABHBJREFUeJzt28tvTH8Yx/HP1FCXVhTRMJIiLCTduCysLOxspCthw1L8AeIf8BfY6bJrSwsSKwuREAu6Qht1i1u1LnGvIx+Pk9atVMmZeeb9Sk46nXbOjPx+3p7zPefUiqIoBACJdFT9AQDgXyNsANIhbADSIWwA0iFsANIhbADSIWwA0iFsANIhbADSIWwA0iFsANIhbADSIWwA0iFsANIhbADSIWwA0iFsANIhbADSIWwA0iFsANIhbADSIWwA0iFsANIhbADSIWwA0iFsANIhbADSIWwA0iFsANIhbADSqVf9AYA5eftWunlTmpyUVqyQtmyRFi+u+lOhyRA2NK9376SnT6X376U3b6TTp6VTp6QHD6Z/Z+1a6dAh6eBBafXq2Do7q/zUaAK1oiiKqj8E8EPMHj2SRkcjapcuRdD8+Fccs+PHpT17pP5+adWqb8O4aBHRayNMbGgOjpAPMa9ejYns7t2IkuN25crvX+94nTghTUxIT55IO3ZId+7E96Wenunole9J+FJiYkP1xsdjKjt7Vhobi/Wzhw/j+WfP5ravBQukgQFp69bY+vqkFy8iYs+fS+vWSbt3S69eScPDs4cPLYuwoVoOzrlz0oULMa29fh2HoZ7aZjv0nM3y5RG1XbuklSulDx+kZcsien6/vXsjbC9fSr29UkeH9OlTvG93d7yOya2lcbkHqnX/vnTtWpwc8OZDQsfnb6NmDtaNG9KZM3EY6++9LV0a7+Hp8PHj6aiZv/p7T4g+PEVLqzUaDSY2VKc84+mJyY9rNenjR/UUha7PY7f9kiYdq3o9Ymnetzfz9LZw4Y8vnJqK5/1ztCz/VyZsaDp9km7P4/UbJI39w8+D1lJvNBpVfwa0s/IQ9Ouk9mVimppS9zx32yWp4YnNk9fM6WvJkumpzV9n/szv7edYX2t5nDxAtetrFy/GmdCREenePenWrfjqxf358HqZ70rwYejGjXFCwetqvgxk+/b4mS8vKc+K+q+BTzRwVjQFrmNDdbym5vWsbdtikvLivgPj532blC/78BQ3V47Z5s2x+YyoJzDvy+t4jlYZL29cx5YSExuqndguX5a8HOKAOT6+1sxnLT1N+bnz5yNIf8qHkjt3RrwcKcfK/LirS9q3T9q06b/9kdAcmNhQHUfHF8X6+jEfOq5ZE885ZOvXR4h8GDk4GL//u3+DHbX9++MCXE+C3le5xuZLSDyhsabcFpjYUC3fXTDzDoByrctrYOVhqdfhjhyJi3fL3/meJ7Jjx6SjR+Pxz/bJ+lnbIGyo3p/cs+nD1KEh6eTJONFQ8i1Thw9LBw7EIWb5Ou4DbWuEDa3F/7v67gDfSeDbnzyJlZdvAF8RNgDpcK8ogHQIG4B0CBuAdAgbgHQIG4B0CBuAdAgbgHQIG4B0CBuAdAgbgHQIG4B0CBuAdAgbgHQIG4B0CBuAdAgbgHQIG4B0CBuAdAgbgHQIG4B0CBuAdAgbgHQIG4B0CBuAdAgbgHQIG4B0CBuAdAgbAGXzGahxa5hlk7orAAAAAElFTkSuQmCC'}}]}, {'role': 'assistant', 'content': 'Final Answer: 0.4'}, {'role': 'user', 'content': [{'type': 'text', 'text': '\nYou are given both an image and a text-based representation of the same stimulus. \nIn both, a red dot appears on a horizontal line\nThe left end of the line corresponds to 0.0, and the right end to 1.0.\n\nText representation (the dot is marked as """"O""""):\n|---- ---------.------O---------------.-~|\n\n\nEstimate the horizontal position of the **center** of the red dot as a decimal number between 0 and 1.\nDo not explain. Only output the final answer as a number between 0 and 1:\nFinal Answer:\n'}, {'type': 'image_url', 'image_url': {'url': 'data:image/png;base64,iVBORw0KGgoAAAANSUhEUgAAATYAAABNCAYAAAAsLkgfAAAAOnRFWHRTb2Z0d2FyZQBNYXRwbG90bGliIHZlcnNpb24zLjEwLjMsIGh0dHBzOi8vbWF0cGxvdGxpYi5vcmcvZiW1igAAAAlwSFlzAAAPYQAAD2EBqD+naQAABENJREFUeJzt3MlqFG0chfHTMc6J8wSNGhfiFHAAB3ApKrgSxJ14B96KeAm6cqEggmvRhaAoIiiOoEYUnOfZJC3HlyYi36e0Bqpy8vygMF0m3SWGJ/+3qjqNVqvVEgAE6ar6AABgtBE2AHEIG4A4hA1AHMIGIA5hAxCHsAGIQ9gAxCFsAOIQNgBxCBuAOIQNQBzCBiAOYQMQh7ABiEPYAMQhbADiEDYAcQgbgDiEDUAcwgYgDmEDEIewAYhD2ADEIWwA4hA2AHEIG4A4hA1AHMIGIA5hAxCnu+oDADrSakkvXkjv30sTJ5bH375JkyZJ8+ZJkydXfYSoAcKG+vvyRbpxQzp8WDp+XHr0aOTvFi2Stm+Xli+XZs6U1qyRNm6UZsyo8ohRsUar5R95QA29fStdvCgdOSIdPSoNDv7/506YUIK2cKG0erW0a1d5zAQ3LjGxoR4T2fPn0rt3ZYnZ01MenzkjnTghXb785+cYGpLOn5fWrSsfP3kivXkjrV9flqtfv7JcHUeY2FAtny+7dk168EAaGChh82R26VLZd+9eZ8/XaEg7dpS4LVkiTZ1alquOpZ/XE51j56UrgYtF2FDtpOYpy3F7+lT6/LlsJ09KN29KHz+WSatTjpm3adPKlLZggTRrVjkH5/B5avMydcMGAheKpSiq4+Xmq1clLB8+SNOnSxcuSC9flunqd+fUfufTp5Gvd+D8Ov7YU5snudu3peHhMhFu3lwCN3fuaP/rUKFGs9lkYkM1HBnfqmEOjxcPnuKGhjR7cFBX/+Gp+yW99nRm/tNbV1e5yGC+VcT7/NgbU1sU/88TNtTOUkn3/+Hr+yQNjOLxYGzpbjabVR8DxjNPaF4WevPU5glueFi9nua87y/1SGr+PKm1TyV3d5d97QnNj9sTXHuaw5jHxQPU56rorVvSuXPlQoLduTOyVO2Ew+WLBb295eKBA+lzeFOmSCtWSCtXSosXl5t4fUOvX2/TJokf8jEIG+p1H9v169Lp09KVK+X2j4cPO38+x2z+/HJBwFOYr656MvPW1yetXVsitmxZeW0HcMsWzrMFIWyo5zsOPLmdPSsdPNjZ1OZpzdOXJzLf1mG+GurIOXie5Pwt72nNoZszR+rv56poGMKG+vI05feG7t9fYvSnb1VHbc8e6cCBsrz0Mtfx8kTmG3MdsPa7GngnQjTChvo7dUrau7eEzv7rW9Yn//ftk3bvlnbuLPsI2LhF2DA23L0rHTokHTsmPX48st9LyG3bpK1bpVWruNkWPxA2jB2e2J49K8tMT2J+D6iXmvw+NvyCsAGIw68GBxCHsAGIQ9gAxCFsAOIQNgBxCBuAOIQNQBzCBiAOYQMQh7ABiEPYAMQhbADiEDYAcQgbgDiEDUAcwgYgDmEDEIewAYhD2ADEIWwA4hA2AHEIG4A4hA1AHMIGIA5hAxCHsAGIQ9gAxCFsAJTmO2SDQNow6FxCAAAAAElFTkSuQmCC'}}]}, {'role': 'assistant', 'content': 'Final Answer: 0.5'}, {'role': 'user', 'content': [{'type': 'text', 'text': '\nYou are given both an image and a text-based representation of the same stimulus. \nIn both, a red dot appears on a horizontal line\nThe left end of the line corresponds to 0.0, and the right end to 1.0.\n\nText representation (the dot is marked as """"O""""):\n|--- --- ------------O-------------=-=-- |\n\n\nEstimate the horizontal position of the **center** of the red dot as a decimal number between 0 and 1.\nDo not explain. Only output the final answer as a number between 0 and 1:\nFinal Answer:\n'}, {'type': 'image_url', 'image_url': {'url': 'data:image/png;base64,iVBORw0KGgoAAAANSUhEUgAAATYAAABNCAYAAAAsLkgfAAAAOnRFWHRTb2Z0d2FyZQBNYXRwbG90bGliIHZlcnNpb24zLjEwLjMsIGh0dHBzOi8vbWF0cGxvdGxpYi5vcmcvZiW1igAAAAlwSFlzAAAPYQAAD2EBqD+naQAABFJJREFUeJzt3NuLzH0cwPH3jHVsl9YhMdiNCG1cKHGDCzdKSQ7lyq1S/hM3/gT5FyQJcSERYZVT8jw5n4mcmafP832mpSfPM2ZmTfvp/aqtndm1+5ua3vs9/VTq9XodSUqk2u0LkKROM2yS0jFsktIxbJLSMWyS0jFsktIxbJLSMWyS0jFsktIxbJLSMWyS0jFsktIxbJLSMWyS0jFsktIxbJLSMWyS0jFsktIxbJLSMWyS0jFsktIxbJLSMWyS0jFsktIxbJLSMWyS0jFsktIxbJLSMWyS0unp9gVIP/j4EZ49g0+fYMIEmDkTJk7s9lVpjDFs6m68xo+HSgU+fy6PHzyAV69Gvre/H4aGYMaMbl6xxhjDpt/r+XO4ehXu3YMTJ+DwYXj8eOTrs2bBzp2wfn2J3p07JXjr1jlyU9Mq9Xq93vy3Sy2MzN68gbdvy9Ty5k24fBn274cPH+Bnb7+eHti6FZYsgXHjYMcOWLzYaaqaYtg0uiOz69fhwgV4+rQ8H5GLkVqzb7vVq2FgANauhYUL4datEsRJk2DZMlizxmmq/sWwaXRGaqdPw7lzcPIkPHxY1tEianfvNh+1hgULYP58qNVK0KpV+PatjNo2bIDt2x256QeusanzU8/hYThyBC5dgtu34evXMrWM6Wgrf0cjhrEO9/49bNpUIhY/M9bpjh+HVatg6dLReEUaozzHps5NPc+ehTNn4NixMv2MqL1+De/elZ3O+LwVEcOIZkxDr1wpPy/W3ebNg5cv4caNTr8ajXGVWq3mVFTti/A0RmOxuB+P4whHPFet0l+vM9zGqscQ8PchkAhaTEFjBBjid0yZApMnd+Z1KIVK/D3s9kUovwHgjzb+/SDwZwevR7n11GJBVmpHrHfFyClGU/F5jNgaB25jkb9Soa/NPapeoBYbEPERvyfOuIUYufX2luelf7grqvbdvw/nz5ddyy9fyo7oxYvlLoJr10rc4vlWNw8iZIODZXobsZwzB1asKB9btpTzbdJ33BVV++KgbNz6FDuXs2fDypUldo8ewdy5ZRQXQYuvv3jx6z9/+vRyR0KM0uIM28aNsHlzudVq6tTReEUa4xyxqbMHcmOXsvE47jJ48mTkboEYtZ06VULXrJhiRsCmTStn2OLA7t69JZjSTxg2jd7/zNHXVx7HObQ46hFxitjt2VOmp/+lsWa2a1eZ4sah3OXLy2jNqOl/GDb9fkePwrZt5Txa+P4t2AhaHN84dKiM0Lw3VL/IsKk74sDuwYNw4EA5yNuwaBHs2we7d5cRntQCw6buirdfbCjEfaQxdY2NAo9uqE2GTVI63isqKR3DJikdwyYpHcMmKR3DJikdwyYpHcMmKR3DJikdwyYpHcMmKR3DJikdwyYpHcMmKR3DJikdwyYpHcMmKR3DJikdwyYpHcMmKR3DJikdwyYpHcMmKR3DJikdwyYpHcMmKR3DJikdwyYpHcMmiWz+AoHRW3E6aNocAAAAAElFTkSuQmCC'}}]}, {'role': 'assistant', 'content': 'Final Answer: 0.55'}, {'role': 'user', 'content': [{'type': 'text', 'text': '\nYou are given both an image and a text-based representation of the same stimulus. \nIn both, a red dot appears on a horizontal line\nThe left end of the line corresponds to 0.0, and the right end to 1.0.\n\nText representation (the dot is marked as """"O""""):\n|---.-- ----------- ------------ -O---~--|\n\n\nEstimate the horizontal position of the **center** of the red dot as a decimal number between 0 and 1.\nDo not explain. Only output the final answer as a number between 0 and 1:\nFinal Answer:\n'}, {'type': 'image_url', 'image_url': {'url': 'data:image/png;base64,iVBORw0KGgoAAAANSUhEUgAAATYAAABNCAYAAAAsLkgfAAAAOnRFWHRTb2Z0d2FyZQBNYXRwbG90bGliIHZlcnNpb24zLjEwLjMsIGh0dHBzOi8vbWF0cGxvdGxpYi5vcmcvZiW1igAAAAlwSFlzAAAPYQAAD2EBqD+naQAABDdJREFUeJzt3EtrU2kcgPEnWq2XVqkVL0ToiIqKRUUU3LjyshIU/ACCG3d+F/0I4kYEQRDBhSAiIioVHF0oiFNFvEbrnVabDH9eSqowQ60zSfz3+UFJek5yktXD+57znlQajUYDSUpkVru/gCT91wybpHQMm6R0DJukdAybpHQMm6R0DJukdAybpHQMm6R0DJukdAybpHQMm6R0DJukdAybpHQMm6R0DJukdAybpHQMm6R0DJukdAybpHQMm6R0DJukdAybpHQMm6R0DJukdAybpHQMm6R0DJukdAybpHQMm6R0utr9BSR1kEYDajX4+BF6eqC/H8bG4PVr+PChub23F5Yuhe5uOpFhk2ay0dESradP4fRpOHMGnjxp7l+1Cvbsgc2b4dmzEre5c2Hx4hK2TZtgxw5YtIhOUmk0ItGSZpxaDe7ehfPn4fhx+Pr1n187ezbs2lVCd/9+GdktW1YCt20bHDgA69bRKQybNBNHaLUaXLkCN27AqVMlVFOxejXMnw+zZsHatbByZZmODgzAkSMdM3JzKirNlKDduwfXr8Pz5/DoETx4ALduTT1qId4X8YqwffpUHnfuLNPUON727XQCwyZlV6vB5ctw4UIZrb15A69ewfv3UK///PE+fy5T07ioMDQEGzeWwMX2DuFyDyn7SG1oCG7eLOGJaWNsi/NpL19O75jfvpXH8fESzWvXSiS7uspFiBjVxWN8TptUqtWq59ikrMbHmyGbCFK9Tl+9zp8T/0/DIDBSqUD8xWhtzhxYsOD7F8W+2B77W6wSK1da/qmS2moA+OsX3v8HMEzn6qpWq+3+DpJaMWIbHy/b6nV64/kvjNh6KhWqE6O1WNcWz+fNK+feJovPiP0/bv+fudxDymx0tCzruHQJhofLObZ37+DxY7hzZ/pxW7ECliwpC3fXry93JOzeXda2TRaLfbdsKctEWsirolJm3d1lAW2c3I8roXFFNE7yx2LaOCd29erPH3PhQoiZ3oYNsHVrGanFMX9cwxZXXGPcFCO2FjNsUnb9/bB/fxk1xTq2iFxfXwlOrGOLUd1UJ24RsKNHy/vjlqoYtcXzL1/g7VtYvrxMTyNqL16U/fG6FnMqKs3EOw/GxkrYbt+Ggwebo6t/E8E6dw727v3+GBGumIrG7VkRtxDHiqgNDpawtphhk2a6ixfh0KHmAtvJSYiLAiGmrWfPwr59U49mG3/9w7BJgpEROHkSTpyAhw+b29esgWPH4PDhcsP7b8KwSWqKHMQFhvh5ovjNtZhOTozafiOGTVI63isqKR3DJikdwyYpHcMmKR3DJikdwyYpHcMmKR3DJikdwyYpHcMmKR3DJikdwyYpHcMmKR3DJikdwyYpHcMmKR3DJikdwyYpHcMmKR3DJikdwyYpHcMmKR3DJikdwyYpHcMmKR3DJikdwyYpHcMmiWz+BsBzN7FEbbkEAAAAAElFTkSuQmCC'}}]}, {'role': 'assistant', 'content': 'Final Answer: 0.8'}, {'role': 'user', 'content': [{'type': 'text', 'text': '\nYou are given both an image and a text-based representation of the same stimulus. \nIn both, a red dot appears on a horizontal line\nThe left end of the line corresponds to 0.0, and the right end to 1.0.\n\nText representation (the dot is marked as """"O""""):\n|-~ --~-~-----------------.--O-----------|\n\n\nEstimate the horizontal position of the **center** of the red dot as a decimal number between 0 and 1.\nDo not explain. Only output the final answer as a number between 0 and 1:\nFinal Answer:\n'}, {'type': 'image_url', 'image_url': {'url': 'data:image/png;base64,iVBORw0KGgoAAAANSUhEUgAAATYAAABNCAYAAAAsLkgfAAAAOnRFWHRTb2Z0d2FyZQBNYXRwbG90bGliIHZlcnNpb24zLjEwLjMsIGh0dHBzOi8vbWF0cGxvdGxpYi5vcmcvZiW1igAAAAlwSFlzAAAPYQAAD2EBqD+naQAABERJREFUeJzt3E1vTGEYxvFrpkXQSlFtmASpthstYoGlNBUfwIJvYCGxtbDwBawsLS2b7nRl1x2JkIZEBPEuCNUgXqpm5MqdSUUiOmVm6j7/XzLpdDo5M5v+e5/zPNNSrVarCQASKbf7DQDAv0bYAKRD2ACkQ9gApEPYAKRD2ACkQ9gApEPYAKRD2ACkQ9gApEPYAKRD2ACkQ9gApEPYAKRD2ACkQ9gApEPYAKRD2ACkQ9gApEPYAKRD2ACkQ9gApEPYAKRD2ACkQ9gApEPYAKRD2ACkQ9gApEPYAKRD2ACk09nuNwDgJ7Wa9Pat9PGj1NUlbd4slUrtflf/HcIGtNPXr9KbN3GbnJQuXZKePFn8+dat0qlTcVu7Vnr+XHr1Kn7W3y9VKtKaNW17+ytVqVbznwgALefJ7PZt6coV6fx5aX7+9891vE6elDo7pU+fYrJbv14aGZGOHpW2bWvlO1/xCBvQ6unMAfP9mzel6Wnp4sUI1VLs2bM4pXmCK5cjbkeOSJs2SatXS729hZ/iCBvQyuns3Tvp/fu4f++edPmy9P17Y8dyuHzbtSumtrk5aWBAOnRIWlhYnOSGhgobOK6xAc3m6cwh+/BB2rIlrpN9+RKPNRo189TnxYVnz6S+vrg9fRrH8jW5hQXp/n3p4EFp//5YgCgYtnsAzeYQvX4dq5s3bkjXrkkvXkiPHi3/mNVqBNPHXbcuTmU9Cfo0d2AgJjW/huPp5xVMqVKpcCoKNNO3bzGh1e9Xq9pYreqW7y/TiKS5+jerVsW1Nn+1jo746oUGB8/X3eqPFYQ3yBA2oMV2SPqLeU07JT3+h+8nm86KV1gANIeve/n00KeOvu+v1aq6Pa35WtgydUmq1DfuelKrT20+frkcE5of82sWcWJjVRRooocPpZkZqbtbun5dunMnQueL+97usZy4OWhe+XTAtm+Xjh2TXr6UZmdjy8foqDQ8HNfW/LpeLS3Y6iirokAzeVqyDRsiMObtGf7eF/vv3m38mJ7EHKqeHmlsTNq9O+57S4lXQPv6YtXUkfO2j4JFzZjYgGby1HT1amz18EegHDPvX3PQ/NGoiYnGtnx4Sjt8WNq7VxoclA4ciJg5oJ7O/Drz84XfqEvYgFZuzjWHx4Hy9W1/8uDs2Vi9/NOvok9Bz52TxsfjWAU9zVwKwga0+uNUv05TU1PS8ePS58/x/c+/kvUFAj/3zBlp3774ef00s4Cbb5eCsAErga+7+T97XLggPXiw+Lg/NnX6tHTiROyB4zRzSQgbsJL419Grm75W5lNNT2b8P7aGETYA6fBZUQDpEDYA6RA2AOkQNgDpEDYA6RA2AOkQNgDpEDYA6RA2AOkQNgDpEDYA6RA2AOkQNgDpEDYA6RA2AOkQNgDpEDYA6RA2AOkQNgDpEDYA6RA2AOkQNgDpEDYA6RA2AOkQNgDpEDYA6RA2AOkQNgDK5gcW00CVbCY0GwAAAABJRU5ErkJggg=='}}]}, {'role': 'assistant', 'content': 'Final Answer: 0.7'}, {'role': 'user', 'content': [{'type': 'text', 'text': '\nYou are given both an image and a text-based representation of the same stimulus. \nIn both, a red dot appears on a horizontal line\nThe left end of the line corresponds to 0.0, and the right end to 1.0.\n\nText representation (the dot is marked as """"O""""):\n| ---------------.---------~---O-.-----=-|\n\n\nEstimate the horizontal position of the **center** of the red dot as a decimal number between 0 and 1.\nDo not explain. Only output the final answer as a number between 0 and 1:\nFinal Answer:\n'}, {'type': 'image_url', 'image_url': {'url': 'data:image/png;base64,iVBORw0KGgoAAAANSUhEUgAAATYAAABNCAYAAAAsLkgfAAAAOnRFWHRTb2Z0d2FyZQBNYXRwbG90bGliIHZlcnNpb24zLjEwLjMsIGh0dHBzOi8vbWF0cGxvdGxpYi5vcmcvZiW1igAAAAlwSFlzAAAPYQAAD2EBqD+naQAABHxJREFUeJzt3LlrVGEUhvH3jnEZTdS4hMi4xBXEURDBpbHwT1DstBLsLexsre0t02phYWkpohYibqiIRlFEcIn7mlx5OQwj4pJEYXLPPD8Ik0kmmSjk4Xzf/SZFWZalACCRWqd/AAD43wgbgHQIG4B0CBuAdAgbgHQIG4B0CBuAdAgbgHQIG4B0CBuAdAgbgHQIG4B0CBuAdAgbgHQIG4B0CBuAdAgbgHQIG4B0CBuAdAgbgHQIG4B0CBuAdAgbgHQIG4B0CBuAdAgbgHQIG4B0CBuAdAgbgHQIG4B0ejr9AwD4R2UpvXghvXsn9fZKixdLRaFuRtiAKvj8WXr+XPryJUJmb99KZ85Iw8PS/fvtxy5fLh08KB04IK1dK82erW5TlGXrfwnAtORp7MYN6dUr6c0b6dEj6fZt6dSpCN3vzJolHT0qHToU7/uxnz7F9/nwIe47gp7wlixJFUDCBky3icwRcmjsyRPp8uUI0rJl0tWr0vnz0tmzE/u+RSHt2iXt2SMtXCjduiW9fi2Nj8fn+/ulbdukTZukZjMilwBhA6bTRPb1a0xlDk9PTwRvZCSmqcePpTt3pAsX2svRicat2ZTmzImQ+f6MGdKaNdL79xG8HTukwUFp584Ukxt7bEAnOVyOmvfL5s2THjyI0N28GZ9ft06aOTOmrLt3Y2Kb7CxSltK9exG2ej2eZ8EC6du3uNjgSdET28uX8X6joaojbEAnOSSe1JYujZh578vx8ZLQU5unt2fP4uNjY3E7FR8/xtc7cg6a73ty8xLXz+G4bt365z27CikajQZLUaBTHBsvP83BqdUiaP64+b5jMz6u/rLU9dZjp6ApadQxax0F8XLUb34uT4Ve+s6dGx+rOP8LCRtQAaskjfzD1w9Jeqju0NNIsJ4GKr/P5qnJk5onNGstCT1JeZIbG1OfpzW/P0W9kho/Tmy+9fN5QvOVWN/6wkGGiY2rokCH+WLBlSvSpUux9+WNfS8LHTrvvzlu3lu7dk06d669TJ2sel3auDFu/eaIrVghDQ1J27dLo6Nxm2DY4eIB0Gm+ULB7d5xT8ya+j2DMnx8b/Y6Oj2V4orp4Ma6a+uroZNXr8SqE9esjkp7UfLzDx0A2bIjnXLSofX6u4ggbMB14enJkHJ6fD+q2zpWtXBnL1iNH2hccJqJWiyuePtKxZUv7SqiDOjAQrzF11Pz8Cc6wGUtRoGrL1pMnpWPHYqL7269vUUj79kl790qbN8cZNgezry/Ozv0qoAkQNqBqPLWdPi0dPhx7cvbjr3FRxH0H6/jxiJr3zRKF628IG1BV3uz3X/Y4cSJedtUyOCjt3x9L1tWr1Y0IG1B1/hV++jT+6oentIGBeCVDF01oPyNsANLhT4MDSIewAUiHsAFIh7ABSIewAUiHsAFIh7ABSIewAUiHsAFIh7ABSIewAUiHsAFIh7ABSIewAUiHsAFIh7ABSIewAUiHsAFIh7ABSIewAUiHsAFIh7ABSIewAUiHsAFIh7ABSIewAUiHsAFIh7ABUDbfAV+OWd7xBF6nAAAAAElFTkSuQmCC'}}]}]",Final Answer: 0.75
anthropic/claude-3.7-sonnet,sample_001,0.64982,0.64982,0.57,"[{'role': 'system', 'content': 'You are a helpful assistant.'}, {'role': 'user', 'content': [{'type': 'text', 'text': '\nYou are given both an image and a text-based representation of the same stimulus. \nIn both, a red dot appears on a horizontal line\nThe left end of the line corresponds to 0.0, and the right end to 1.0.\n\nText representation (the dot is marked as """"O""""):\n|.-- -~=-------- ---------O--------------|\n\n\nEstimate the horizontal position of the **center** of the red dot as a decimal number between 0 and 1.\nDo not explain. Only output the final answer as a number between 0 and 1:\nFinal Answer:\n'}, {'type': 'image_url', 'image_url': {'url': 'data:image/png;base64,iVBORw0KGgoAAAANSUhEUgAAATYAAABNCAYAAAAsLkgfAAAAOnRFWHRTb2Z0d2FyZQBNYXRwbG90bGliIHZlcnNpb24zLjEwLjMsIGh0dHBzOi8vbWF0cGxvdGxpYi5vcmcvZiW1igAAAAlwSFlzAAAPYQAAD2EBqD+naQAABJVJREFUeJzt3ElvTXEYx/HfbWtuUaQSFy1i0bSRsECQ2HkNYmNnx9LGOxCJROyFlYXY8AZ0YVFCDCExxFBjYqgp5h755XHShohSt72e8/0kTfW0vfda9Nvnf87/tFYURSEASKRlql8AAPxrhA1AOoQNQDqEDUA6hA1AOoQNQDqEDUA6hA1AOoQNQDqEDUA6hA1AOoQNQDqEDUA6hA1AOoQNQDqEDUA6hA1AOoQNQDqEDUA6hA1AOoQNQDqEDUA6hA1AOoQNQDqEDUA6hA1AOoQNQDqEDUA6hA1AOoQNQDptU/0CgKZVFNLz59Lbt1J7u7RwoVSrTfWrwjgQNlTbx4/Ss2fSp0/S9OlSR4f04IF0/Lh07Jh0797o165aJe3eLW3fLn35Mvo9ixZJM2b8/FjlcUy6WlH41xJQMY7QzZvS1avSu3fS3LnShw/SwEAEzXH6UTmtOVZ790pr18bHnZ3SkiXSo0fSy5fS58/S69fSnDlSf7+0ejWBm2SEDdXj5eWFC9KZM9LDh9LMmdLs2RG606djCfo7LS3SgQPSli0x4XmyW748Jr47d6RXr6ThYWnWLGnDBmnduljKYlIQNlRrSnPIBgely5elS5diCvPxoSHpxo3xRa3k5eahQ9KbN/FYmzdLX7/GxLZgQXzNkydSV5e0YoW0cSOT2yThHBuqM6V52Xn9unT+vHTtWgSpry+mL18g+NPf8V6u7t8v9fbGMvTp01iWbtoUj+nA+TnmzYtpcNkyaeXKRv0PMQZhQ36eyBw1T2s+ue8pysHxBYBbt2Jqc5T+xt27ccXUfK7Oj++orVkT59keP47P+bn8dY4cS9KGq9XrdZaiyM3LQ09XIyOjS0X/+/vnOkdGdGUCZ2T6azUNt7VJra3xuA6l3xw4H/PnfLz8mOVow/kyD2FDpXV78JrA9/dIGrMpBE2grV6vT/VrABrLU5q3cngq89Tk6ckf+31RqMPLxAlob21V3VNZOZmV0+C0aTGheXrz5/zcfi3lcTQMV0VRjXNsp05JFy/GnjJH5v792LPmc2s+5+ZzY38TOAfKG3e7u+PNy0xvzPW5tfXrY3/b/PlxBdXB89YQH2egaCguHiA/x8ZXKh0VX50sQ7NtW2yoPXdOun07LiT8KW/C9fTnScx6emJ7h5/DV0gduXJKdES9DcTH0FBMbKgOb8k4eza2fnhq82baxYtj6jp6VDpyZDRQ4+Fgbd0qLV0a05rfO2Z+zLF3Iph/zBw134nAVdGGI2yoll/dz+m7BQ4elA4fHt9+Np8327dP2rEjlpXePsK9o02DsAElh+jECWnXLun9+zg29sejvFfUt1+dPBlLWTQlwgb8yPd4+kZ43y7lc28lXyTYs0fauTM22qJpETbgV/yj8eJFLDN9Ps7nyPh7bP8FwgYgHf40OIB0CBuAdAgbgHQIG4B0CBuAdAgbgHQIG4B0CBuAdAgbgHQIG4B0CBuAdAgbgHQIG4B0CBuAdAgbgHQIG4B0CBuAdAgbgHQIG4B0CBuAdAgbgHQIG4B0CBuAdAgbgHQIG4B0CBuAdAgbgHQIGwBl8w2vMXCzyZNU9QAAAABJRU5ErkJggg=='}}]}]",Final Answer: 0.57
anthropic/claude-3.7-sonnet,sample_002,0.88029,0.88029,0.85,"[{'role': 'system', 'content': 'You are a helpful assistant.'}, {'role': 'user', 'content': [{'type': 'text', 'text': '\nYou are given both an image and a text-based representation of the same stimulus. \nIn both, a red dot appears on a horizontal line\nThe left end of the line corresponds to 0.0, and the right end to 1.0.\n\nText representation (the dot is marked as """"O""""):\n|.-- -~=-------- ---------O--------------|\n\n\nEstimate the horizontal position of the **center** of the red dot as a decimal number between 0 and 1.\nDo not explain. Only output the final answer as a number between 0 and 1:\nFinal Answer:\n'}, {'type': 'image_url', 'image_url': {'url': 'data:image/png;base64,iVBORw0KGgoAAAANSUhEUgAAATYAAABNCAYAAAAsLkgfAAAAOnRFWHRTb2Z0d2FyZQBNYXRwbG90bGliIHZlcnNpb24zLjEwLjMsIGh0dHBzOi8vbWF0cGxvdGxpYi5vcmcvZiW1igAAAAlwSFlzAAAPYQAAD2EBqD+naQAABJVJREFUeJzt3ElvTXEYx/HfbWtuUaQSFy1i0bSRsECQ2HkNYmNnx9LGOxCJROyFlYXY8AZ0YVFCDCExxFBjYqgp5h755XHShohSt72e8/0kTfW0vfda9Nvnf87/tFYURSEASKRlql8AAPxrhA1AOoQNQDqEDUA6hA1AOoQNQDqEDUA6hA1AOoQNQDqEDUA6hA1AOoQNQDqEDUA6hA1AOoQNQDqEDUA6hA1AOoQNQDqEDUA6hA1AOoQNQDqEDUA6hA1AOoQNQDqEDUA6hA1AOoQNQDqEDUA6hA1AOoQNQDptU/0CgKZVFNLz59Lbt1J7u7RwoVSrTfWrwjgQNlTbx4/Ss2fSp0/S9OlSR4f04IF0/Lh07Jh0797o165aJe3eLW3fLn35Mvo9ixZJM2b8/FjlcUy6WlH41xJQMY7QzZvS1avSu3fS3LnShw/SwEAEzXH6UTmtOVZ790pr18bHnZ3SkiXSo0fSy5fS58/S69fSnDlSf7+0ejWBm2SEDdXj5eWFC9KZM9LDh9LMmdLs2RG606djCfo7LS3SgQPSli0x4XmyW748Jr47d6RXr6ThYWnWLGnDBmnduljKYlIQNlRrSnPIBgely5elS5diCvPxoSHpxo3xRa3k5eahQ9KbN/FYmzdLX7/GxLZgQXzNkydSV5e0YoW0cSOT2yThHBuqM6V52Xn9unT+vHTtWgSpry+mL18g+NPf8V6u7t8v9fbGMvTp01iWbtoUj+nA+TnmzYtpcNkyaeXKRv0PMQZhQ36eyBw1T2s+ue8pysHxBYBbt2Jqc5T+xt27ccXUfK7Oj++orVkT59keP47P+bn8dY4cS9KGq9XrdZaiyM3LQ09XIyOjS0X/+/vnOkdGdGUCZ2T6azUNt7VJra3xuA6l3xw4H/PnfLz8mOVow/kyD2FDpXV78JrA9/dIGrMpBE2grV6vT/VrABrLU5q3cngq89Tk6ckf+31RqMPLxAlob21V3VNZOZmV0+C0aTGheXrz5/zcfi3lcTQMV0VRjXNsp05JFy/GnjJH5v792LPmc2s+5+ZzY38TOAfKG3e7u+PNy0xvzPW5tfXrY3/b/PlxBdXB89YQH2egaCguHiA/x8ZXKh0VX50sQ7NtW2yoPXdOun07LiT8KW/C9fTnScx6emJ7h5/DV0gduXJKdES9DcTH0FBMbKgOb8k4eza2fnhq82baxYtj6jp6VDpyZDRQ4+Fgbd0qLV0a05rfO2Z+zLF3Iph/zBw134nAVdGGI2yoll/dz+m7BQ4elA4fHt9+Np8327dP2rEjlpXePsK9o02DsAElh+jECWnXLun9+zg29sejvFfUt1+dPBlLWTQlwgb8yPd4+kZ43y7lc28lXyTYs0fauTM22qJpETbgV/yj8eJFLDN9Ps7nyPh7bP8FwgYgHf40OIB0CBuAdAgbgHQIG4B0CBuAdAgbgHQIG4B0CBuAdAgbgHQIG4B0CBuAdAgbgHQIG4B0CBuAdAgbgHQIG4B0CBuAdAgbgHQIG4B0CBuAdAgbgHQIG4B0CBuAdAgbgHQIG4B0CBuAdAgbgHQIGwBl8w2vMXCzyZNU9QAAAABJRU5ErkJggg=='}}]}, {'role': 'assistant', 'content': 'Final Answer: 0.57'}, {'role': 'user', 'content': [{'type': 'text', 'text': '\nYou are given both an image and a text-based representation of the same stimulus. \nIn both, a red dot appears on a horizontal line\nThe left end of the line corresponds to 0.0, and the right end to 1.0.\n\nText representation (the dot is marked as """"O""""):\n|--~---~----------------=--- =-----O-----|\n\n\nEstimate the horizontal position of the **center** of the red dot as a decimal number between 0 and 1.\nDo not explain. Only output the final answer as a number between 0 and 1:\nFinal Answer:\n'}, {'type': 'image_url', 'image_url': {'url': 'data:image/png;base64,iVBORw0KGgoAAAANSUhEUgAAATYAAABNCAYAAAAsLkgfAAAAOnRFWHRTb2Z0d2FyZQBNYXRwbG90bGliIHZlcnNpb24zLjEwLjMsIGh0dHBzOi8vbWF0cGxvdGxpYi5vcmcvZiW1igAAAAlwSFlzAAAPYQAAD2EBqD+naQAABNNJREFUeJzt3MtvjG0Yx/HfVNUhrSgNYkLfSARJbUScYmdHxEKsJNZi5/+w8ieItZWNtcTCQlCHhOCtQ5yps2L6vPm9lyczeDvTaWv6uvr9JE0P087M6pvrvp/7aaUoikIAkEjXbL8BAJhphA1AOoQNQDqEDUA6hA1AOoQNQDqEDUA6hA1AOoQNQDqEDUA6hA1AOoQNQDqEDUA6hA1AOoQNQDqEDUA6hA1AOoQNQDqEDUA6hA1AOoQNQDqEDUA6hA1AOoQNQDqEDUA6hA1AOoQNQDqEDUA6hA1AOoQNQDrds/0GAPyBxsak58+lp0+lr1+lNWuk1aulSqX++IsX0pcvUk+PNDAgLVjQsbdH2AC01hiqx4+l06elM2cibKXBQen4cWn/funBA+n16/pj/f3S0JC0fHlHolcpiqKY0WcE8Gcb+x6ed++k9+9jInv0SHIqLl+WTpyIKE1k/nzp8GFp716pt1dasiQi19cnrV8v3b5dj56f21PeunXSypU/Rm4aASRsAOpevpQuXZKuX4+p69Ur6dmzCMq3b9LZsxG4ydi2Tdq1S1q1Kqa1Dx+kri5p4cKI2Nu3ETm/zqJF0oYN0ooV8bt27drEU18LhA1AfUI6d066elV6+DD20BwdLz3Hx+Nzu7nYvr2+/7Z2bUxwW7ZEJIeHpY8fpaVLYzLbtCmev3FicwAdQ7++l72e+nbsaDm5cVUUQPBy01Hz8tAcHX98+hST3FRmoBs3pCdPYgl74UIsKx2q0dFY6i5bJnV/3+qv1SJkIyPS/fv1qJk/+3tPkI5gC1w8ABDK6cwTlCPnCcnx8eTUbE+tGe/R+Tm9/PRS1EvPjRvr8SynsXJvzt87cOVjjfy99+Mm8V4q1WqVpSgw142Px2T2+XPEw+Hxz4pC/UWh4Wk89VClotEyWvPmxYenNAesDJtf079Thqv8/mdewvpCgp+jCR86IWwAJjQo6W9N3V+SRtRZ3dVqtcMvCeB/pVaLCc3Tkye2cmLyz2o19U3z6XsrFVU9ZXlK85LUe3WeuPwansDMX/vnfg/lpObXL/f1Gh/7eYn6H7gqCsx19+5JV67E1cubN6Xz5yN23hu7eDH22Lw/Vu6FtcPB8vDkK5579ki7d8fxER8F8c+bnVWbxjk2Lh4Ac11PT3x2uHxGzIdlHRDHyOfKbt2S7t6Nq5vt8vk0P5+j6eMePpfmK6GOlPl1Jlo1NnusBY57AHPdwEAcfvVVUN8l4K/LDf2dO+M2qX37Wm7Y/8J/7wO6W7dGzN68iXNoPmT7m+8bZSkKQP+eUytP+vuOAJ8lc5g8ZTlGPljrqe3YsdjvapUN/61vqzpyJJaSPkriwG3e3JGb4QkbgF/3tMosOFCN+1u+M+HgwTi4a435KC8AeIP/6FHpwIGYANu4Y2CmEDYA7fFdA6dOSSdPSnfu/PjfPQ4diqXm4sUROOfFy9BJ3uM5UwgbgKlxOnyLk+9O8ETmgHlqm+X/xWaEDUA6XBUFkA5hA5AOYQOQDmEDkA5hA5AOYQOQDmEDkA5hA5AOYQOQDmEDkA5hA5AOYQOQDmEDkA5hA5AOYQOQDmEDkA5hA5AOYQOQDmEDkA5hA5AOYQOQDmEDkA5hA5AOYQOQDmEDkA5hA5AOYQOQDmEDoGz+AaQ5oOTiCrZ7AAAAAElFTkSuQmCC'}}]}]",Final Answer: 0.85
anthropic/claude-3.7-sonnet,sample_003,0.7928,0.7928,0.75,"[{'role': 'system', 'content': 'You are a helpful assistant.'}, {'role': 'user', 'content': [{'type': 'text', 'text': '\nYou are given both an image and a text-based representation of the same stimulus. \nIn both, a red dot appears on a horizontal line\nThe left end of the line corresponds to 0.0, and the right end to 1.0.\n\nText representation (the dot is marked as """"O""""):\n|.-- -~=-------- ---------O--------------|\n\n\nEstimate the horizontal position of the **center** of the red dot as a decimal number between 0 and 1.\nDo not explain. Only output the final answer as a number between 0 and 1:\nFinal Answer:\n'}, {'type': 'image_url', 'image_url': {'url': 'data:image/png;base64,iVBORw0KGgoAAAANSUhEUgAAATYAAABNCAYAAAAsLkgfAAAAOnRFWHRTb2Z0d2FyZQBNYXRwbG90bGliIHZlcnNpb24zLjEwLjMsIGh0dHBzOi8vbWF0cGxvdGxpYi5vcmcvZiW1igAAAAlwSFlzAAAPYQAAD2EBqD+naQAABJVJREFUeJzt3ElvTXEYx/HfbWtuUaQSFy1i0bSRsECQ2HkNYmNnx9LGOxCJROyFlYXY8AZ0YVFCDCExxFBjYqgp5h755XHShohSt72e8/0kTfW0vfda9Nvnf87/tFYURSEASKRlql8AAPxrhA1AOoQNQDqEDUA6hA1AOoQNQDqEDUA6hA1AOoQNQDqEDUA6hA1AOoQNQDqEDUA6hA1AOoQNQDqEDUA6hA1AOoQNQDqEDUA6hA1AOoQNQDqEDUA6hA1AOoQNQDqEDUA6hA1AOoQNQDqEDUA6hA1AOoQNQDptU/0CgKZVFNLz59Lbt1J7u7RwoVSrTfWrwjgQNlTbx4/Ss2fSp0/S9OlSR4f04IF0/Lh07Jh0797o165aJe3eLW3fLn35Mvo9ixZJM2b8/FjlcUy6WlH41xJQMY7QzZvS1avSu3fS3LnShw/SwEAEzXH6UTmtOVZ790pr18bHnZ3SkiXSo0fSy5fS58/S69fSnDlSf7+0ejWBm2SEDdXj5eWFC9KZM9LDh9LMmdLs2RG606djCfo7LS3SgQPSli0x4XmyW748Jr47d6RXr6ThYWnWLGnDBmnduljKYlIQNlRrSnPIBgely5elS5diCvPxoSHpxo3xRa3k5eahQ9KbN/FYmzdLX7/GxLZgQXzNkydSV5e0YoW0cSOT2yThHBuqM6V52Xn9unT+vHTtWgSpry+mL18g+NPf8V6u7t8v9fbGMvTp01iWbtoUj+nA+TnmzYtpcNkyaeXKRv0PMQZhQ36eyBw1T2s+ue8pysHxBYBbt2Jqc5T+xt27ccXUfK7Oj++orVkT59keP47P+bn8dY4cS9KGq9XrdZaiyM3LQ09XIyOjS0X/+/vnOkdGdGUCZ2T6azUNt7VJra3xuA6l3xw4H/PnfLz8mOVow/kyD2FDpXV78JrA9/dIGrMpBE2grV6vT/VrABrLU5q3cngq89Tk6ckf+31RqMPLxAlob21V3VNZOZmV0+C0aTGheXrz5/zcfi3lcTQMV0VRjXNsp05JFy/GnjJH5v792LPmc2s+5+ZzY38TOAfKG3e7u+PNy0xvzPW5tfXrY3/b/PlxBdXB89YQH2egaCguHiA/x8ZXKh0VX50sQ7NtW2yoPXdOun07LiT8KW/C9fTnScx6emJ7h5/DV0gduXJKdES9DcTH0FBMbKgOb8k4eza2fnhq82baxYtj6jp6VDpyZDRQ4+Fgbd0qLV0a05rfO2Z+zLF3Iph/zBw134nAVdGGI2yoll/dz+m7BQ4elA4fHt9+Np8327dP2rEjlpXePsK9o02DsAElh+jECWnXLun9+zg29sejvFfUt1+dPBlLWTQlwgb8yPd4+kZ43y7lc28lXyTYs0fauTM22qJpETbgV/yj8eJFLDN9Ps7nyPh7bP8FwgYgHf40OIB0CBuAdAgbgHQIG4B0CBuAdAgbgHQIG4B0CBuAdAgbgHQIG4B0CBuAdAgbgHQIG4B0CBuAdAgbgHQIG4B0CBuAdAgbgHQIG4B0CBuAdAgbgHQIG4B0CBuAdAgbgHQIG4B0CBuAdAgbgHQIGwBl8w2vMXCzyZNU9QAAAABJRU5ErkJggg=='}}]}, {'role': 'assistant', 'content': 'Final Answer: 0.57'}, {'role': 'user', 'content': [{'type': 'text', 'text': '\nYou are given both an image and a text-based representation of the same stimulus. \nIn both, a red dot appears on a horizontal line\nThe left end of the line corresponds to 0.0, and the right end to 1.0.\n\nText representation (the dot is marked as """"O""""):\n|--~---~----------------=--- =-----O-----|\n\n\nEstimate the horizontal position of the **center** of the red dot as a decimal number between 0 and 1.\nDo not explain. Only output the final answer as a number between 0 and 1:\nFinal Answer:\n'}, {'type': 'image_url', 'image_url': {'url': 'data:image/png;base64,iVBORw0KGgoAAAANSUhEUgAAATYAAABNCAYAAAAsLkgfAAAAOnRFWHRTb2Z0d2FyZQBNYXRwbG90bGliIHZlcnNpb24zLjEwLjMsIGh0dHBzOi8vbWF0cGxvdGxpYi5vcmcvZiW1igAAAAlwSFlzAAAPYQAAD2EBqD+naQAABNNJREFUeJzt3MtvjG0Yx/HfVNUhrSgNYkLfSARJbUScYmdHxEKsJNZi5/+w8ieItZWNtcTCQlCHhOCtQ5yps2L6vPm9lyczeDvTaWv6uvr9JE0P087M6pvrvp/7aaUoikIAkEjXbL8BAJhphA1AOoQNQDqEDUA6hA1AOoQNQDqEDUA6hA1AOoQNQDqEDUA6hA1AOoQNQDqEDUA6hA1AOoQNQDqEDUA6hA1AOoQNQDqEDUA6hA1AOoQNQDqEDUA6hA1AOoQNQDqEDUA6hA1AOoQNQDqEDUA6hA1AOoQNQDrds/0GAPyBxsak58+lp0+lr1+lNWuk1aulSqX++IsX0pcvUk+PNDAgLVjQsbdH2AC01hiqx4+l06elM2cibKXBQen4cWn/funBA+n16/pj/f3S0JC0fHlHolcpiqKY0WcE8Gcb+x6ed++k9+9jInv0SHIqLl+WTpyIKE1k/nzp8GFp716pt1dasiQi19cnrV8v3b5dj56f21PeunXSypU/Rm4aASRsAOpevpQuXZKuX4+p69Ur6dmzCMq3b9LZsxG4ydi2Tdq1S1q1Kqa1Dx+kri5p4cKI2Nu3ETm/zqJF0oYN0ooV8bt27drEU18LhA1AfUI6d066elV6+DD20BwdLz3Hx+Nzu7nYvr2+/7Z2bUxwW7ZEJIeHpY8fpaVLYzLbtCmev3FicwAdQ7++l72e+nbsaDm5cVUUQPBy01Hz8tAcHX98+hST3FRmoBs3pCdPYgl74UIsKx2q0dFY6i5bJnV/3+qv1SJkIyPS/fv1qJk/+3tPkI5gC1w8ABDK6cwTlCPnCcnx8eTUbE+tGe/R+Tm9/PRS1EvPjRvr8SynsXJvzt87cOVjjfy99+Mm8V4q1WqVpSgw142Px2T2+XPEw+Hxz4pC/UWh4Wk89VClotEyWvPmxYenNAesDJtf079Thqv8/mdewvpCgp+jCR86IWwAJjQo6W9N3V+SRtRZ3dVqtcMvCeB/pVaLCc3Tkye2cmLyz2o19U3z6XsrFVU9ZXlK85LUe3WeuPwansDMX/vnfg/lpObXL/f1Gh/7eYn6H7gqCsx19+5JV67E1cubN6Xz5yN23hu7eDH22Lw/Vu6FtcPB8vDkK5579ki7d8fxER8F8c+bnVWbxjk2Lh4Ac11PT3x2uHxGzIdlHRDHyOfKbt2S7t6Nq5vt8vk0P5+j6eMePpfmK6GOlPl1Jlo1NnusBY57AHPdwEAcfvVVUN8l4K/LDf2dO+M2qX37Wm7Y/8J/7wO6W7dGzN68iXNoPmT7m+8bZSkKQP+eUytP+vuOAJ8lc5g8ZTlGPljrqe3YsdjvapUN/61vqzpyJJaSPkriwG3e3JGb4QkbgF/3tMosOFCN+1u+M+HgwTi4a435KC8AeIP/6FHpwIGYANu4Y2CmEDYA7fFdA6dOSSdPSnfu/PjfPQ4diqXm4sUROOfFy9BJ3uM5UwgbgKlxOnyLk+9O8ETmgHlqm+X/xWaEDUA6XBUFkA5hA5AOYQOQDmEDkA5hA5AOYQOQDmEDkA5hA5AOYQOQDmEDkA5hA5AOYQOQDmEDkA5hA5AOYQOQDmEDkA5hA5AOYQOQDmEDkA5hA5AOYQOQDmEDkA5hA5AOYQOQDmEDkA5hA5AOYQOQDmEDoGz+AaQ5oOTiCrZ7AAAAAElFTkSuQmCC'}}]}, {'role': 'assistant', 'content': 'Final Answer: 0.85'}, {'role': 'user', 'content': [{'type': 'text', 'text': '\nYou are given both an image and a text-based representation of the same stimulus. \nIn both, a red dot appears on a horizontal line\nThe left end of the line corresponds to 0.0, and the right end to 1.0.\n\nText representation (the dot is marked as """"O""""):\n|--~----~-----------------~=---O----=----|\n\n\nEstimate the horizontal position of the **center** of the red dot as a decimal number between 0 and 1.\nDo not explain. Only output the final answer as a number between 0 and 1:\nFinal Answer:\n'}, {'type': 'image_url', 'image_url': {'url': 'data:image/png;base64,iVBORw0KGgoAAAANSUhEUgAAATYAAABNCAYAAAAsLkgfAAAAOnRFWHRTb2Z0d2FyZQBNYXRwbG90bGliIHZlcnNpb24zLjEwLjMsIGh0dHBzOi8vbWF0cGxvdGxpYi5vcmcvZiW1igAAAAlwSFlzAAAPYQAAD2EBqD+naQAABDBJREFUeJzt3LlrVGsYgPHnJHFPlFFBZdR7XQtJISIW6VSsxEqwE8FaLfwvbG209h+wFgQt3BAE8QqKqFz3BY3B3Why5OVjGC/IJYmCOW+eHwyzJDmTZh6+5Zyp6rqukaREev70PyBJv5thk5SOYZOUjmGTlI5hk5SOYZOUjmGTlI5hk5SOYZOUjmGTlI5hk5SOYZOUjmGTlI5hk5SOYZOUjmGTlI5hk5SOYZOUjmGTlI5hk5SOYZOUjmGTlI5hk5SOYZOUjmGTlI5hk5SOYZOUjmGTlI5hk5SOYZOUTt+f/gckTcGXL/DqFYyOwuzZsHQpzJkDdQ2vX8P799DfD0uWQFUx0xg2qWkiXDdvwsuX5fHICPT2wosXcPo03L/f/d116+DwYThwAObN+3kME6rqOhIvqTEjtStX4MkTePoU7tyBW7fg8mUYGyujs/qHj3RntDZ3Lhw9Cps2wadP8O1bGc0NDZWRXRzn40eYPx82boSFC2kywyY1SQTt0iV4/hyuXoUbN8ptIqoKdu2CbdtKwJ49KzGM6PX0QF9fieLy5bB7N2zYQFMZNqlJa2nv3sHFiyVq587B3bv/HaFNJG5DQ2WKOj4O16/DwED3tZiuxlR28WI4eLCxIzfX2KTpvpb25k33tbdv4do1uHABHj+eXNRC/H5EMY65YkUJ57Jl5bhxvPXrYe3aMr2N6enWrTSRp3tI01EEJ6IWI7R2G1atKtPG8+fLVPTRo7JWNhVfv8LwcFlni1Hb589lE+HDh/J+MSWNqWmsuTVU1W63nYpK001ELAIUu52hE6C4HxujNTrKP7+wijQIjMyaVUZwEbF4HNPUeL94Hu8d63DxegPFlolhkxrmL+DfX/j7v4EH5NXXjmGupOk9YovNg7jF8/FxBuJx/HyK+oF2bEbEiCympDFa64zY4hY7pTElbSh3RaXpfL5arHnF4v7t23D2LLRasGBBic+xYyV2k1VV5Zg7dsDKlSVusZGwenW5T3AeW3OTLGUWi/mDg2UDIc5d64ykYtE/TsuIwG3fDmfOTP7YrRZs3lyOv2ZNuY9z1hJdheCITWrKeWwRuBjFxfMYdcWu5cmTZUo60Y9xby/s31/OW9u5s+y4Jgpah2GTmiTON/vx8qeHD2HfvhK22DH9P1UFhw7Bnj2wZUu5pCopwyY1XUxH9+7tnndW/+Ra0bii4MSJMkpLfPF7h2GTMohv+Dh1Co4fh3v3uq/HetyRI+XbPRYtYqYwbFIm8XEeHi67qXENaFzzOQO/j82wSUrHa0UlpWPYJKVj2CSlY9gkpWPYJKVj2CSlY9gkpWPYJKVj2CSlY9gkpWPYJKVj2CSlY9gkpWPYJKVj2CSlY9gkpWPYJKVj2CSlY9gkpWPYJKVj2CSlY9gkpWPYJKVj2CSlY9gkpWPYJKVj2CSlY9gkkc1310VHXTWff9MAAAAASUVORK5CYII='}}]}]",Final Answer: 0.75
anthropic/claude-3.7-sonnet,sample_004,0.73946,0.73946,0.65,"[{'role': 'system', 'content': 'You are a helpful assistant.'}, {'role': 'user', 'content': [{'type': 'text', 'text': '\nYou are given both an image and a text-based representation of the same stimulus. \nIn both, a red dot appears on a horizontal line\nThe left end of the line corresponds to 0.0, and the right end to 1.0.\n\nText representation (the dot is marked as """"O""""):\n|.-- -~=-------- ---------O--------------|\n\n\nEstimate the horizontal position of the **center** of the red dot as a decimal number between 0 and 1.\nDo not explain. Only output the final answer as a number between 0 and 1:\nFinal Answer:\n'}, {'type': 'image_url', 'image_url': {'url': 'data:image/png;base64,iVBORw0KGgoAAAANSUhEUgAAATYAAABNCAYAAAAsLkgfAAAAOnRFWHRTb2Z0d2FyZQBNYXRwbG90bGliIHZlcnNpb24zLjEwLjMsIGh0dHBzOi8vbWF0cGxvdGxpYi5vcmcvZiW1igAAAAlwSFlzAAAPYQAAD2EBqD+naQAABJVJREFUeJzt3ElvTXEYx/HfbWtuUaQSFy1i0bSRsECQ2HkNYmNnx9LGOxCJROyFlYXY8AZ0YVFCDCExxFBjYqgp5h755XHShohSt72e8/0kTfW0vfda9Nvnf87/tFYURSEASKRlql8AAPxrhA1AOoQNQDqEDUA6hA1AOoQNQDqEDUA6hA1AOoQNQDqEDUA6hA1AOoQNQDqEDUA6hA1AOoQNQDqEDUA6hA1AOoQNQDqEDUA6hA1AOoQNQDqEDUA6hA1AOoQNQDqEDUA6hA1AOoQNQDqEDUA6hA1AOoQNQDptU/0CgKZVFNLz59Lbt1J7u7RwoVSrTfWrwjgQNlTbx4/Ss2fSp0/S9OlSR4f04IF0/Lh07Jh0797o165aJe3eLW3fLn35Mvo9ixZJM2b8/FjlcUy6WlH41xJQMY7QzZvS1avSu3fS3LnShw/SwEAEzXH6UTmtOVZ790pr18bHnZ3SkiXSo0fSy5fS58/S69fSnDlSf7+0ejWBm2SEDdXj5eWFC9KZM9LDh9LMmdLs2RG606djCfo7LS3SgQPSli0x4XmyW748Jr47d6RXr6ThYWnWLGnDBmnduljKYlIQNlRrSnPIBgely5elS5diCvPxoSHpxo3xRa3k5eahQ9KbN/FYmzdLX7/GxLZgQXzNkydSV5e0YoW0cSOT2yThHBuqM6V52Xn9unT+vHTtWgSpry+mL18g+NPf8V6u7t8v9fbGMvTp01iWbtoUj+nA+TnmzYtpcNkyaeXKRv0PMQZhQ36eyBw1T2s+ue8pysHxBYBbt2Jqc5T+xt27ccXUfK7Oj++orVkT59keP47P+bn8dY4cS9KGq9XrdZaiyM3LQ09XIyOjS0X/+/vnOkdGdGUCZ2T6azUNt7VJra3xuA6l3xw4H/PnfLz8mOVow/kyD2FDpXV78JrA9/dIGrMpBE2grV6vT/VrABrLU5q3cngq89Tk6ckf+31RqMPLxAlob21V3VNZOZmV0+C0aTGheXrz5/zcfi3lcTQMV0VRjXNsp05JFy/GnjJH5v792LPmc2s+5+ZzY38TOAfKG3e7u+PNy0xvzPW5tfXrY3/b/PlxBdXB89YQH2egaCguHiA/x8ZXKh0VX50sQ7NtW2yoPXdOun07LiT8KW/C9fTnScx6emJ7h5/DV0gduXJKdES9DcTH0FBMbKgOb8k4eza2fnhq82baxYtj6jp6VDpyZDRQ4+Fgbd0qLV0a05rfO2Z+zLF3Iph/zBw134nAVdGGI2yoll/dz+m7BQ4elA4fHt9+Np8327dP2rEjlpXePsK9o02DsAElh+jECWnXLun9+zg29sejvFfUt1+dPBlLWTQlwgb8yPd4+kZ43y7lc28lXyTYs0fauTM22qJpETbgV/yj8eJFLDN9Ps7nyPh7bP8FwgYgHf40OIB0CBuAdAgbgHQIG4B0CBuAdAgbgHQIG4B0CBuAdAgbgHQIG4B0CBuAdAgbgHQIG4B0CBuAdAgbgHQIG4B0CBuAdAgbgHQIG4B0CBuAdAgbgHQIG4B0CBuAdAgbgHQIG4B0CBuAdAgbgHQIGwBl8w2vMXCzyZNU9QAAAABJRU5ErkJggg=='}}]}, {'role': 'assistant', 'content': 'Final Answer: 0.57'}, {'role': 'user', 'content': [{'type': 'text', 'text': '\nYou are given both an image and a text-based representation of the same stimulus. \nIn both, a red dot appears on a horizontal line\nThe left end of the line corresponds to 0.0, and the right end to 1.0.\n\nText representation (the dot is marked as """"O""""):\n|--~---~----------------=--- =-----O-----|\n\n\nEstimate the horizontal position of the **center** of the red dot as a decimal number between 0 and 1.\nDo not explain. Only output the final answer as a number between 0 and 1:\nFinal Answer:\n'}, {'type': 'image_url', 'image_url': {'url': 'data:image/png;base64,iVBORw0KGgoAAAANSUhEUgAAATYAAABNCAYAAAAsLkgfAAAAOnRFWHRTb2Z0d2FyZQBNYXRwbG90bGliIHZlcnNpb24zLjEwLjMsIGh0dHBzOi8vbWF0cGxvdGxpYi5vcmcvZiW1igAAAAlwSFlzAAAPYQAAD2EBqD+naQAABNNJREFUeJzt3MtvjG0Yx/HfVNUhrSgNYkLfSARJbUScYmdHxEKsJNZi5/+w8ieItZWNtcTCQlCHhOCtQ5yps2L6vPm9lyczeDvTaWv6uvr9JE0P087M6pvrvp/7aaUoikIAkEjXbL8BAJhphA1AOoQNQDqEDUA6hA1AOoQNQDqEDUA6hA1AOoQNQDqEDUA6hA1AOoQNQDqEDUA6hA1AOoQNQDqEDUA6hA1AOoQNQDqEDUA6hA1AOoQNQDqEDUA6hA1AOoQNQDqEDUA6hA1AOoQNQDqEDUA6hA1AOoQNQDrds/0GAPyBxsak58+lp0+lr1+lNWuk1aulSqX++IsX0pcvUk+PNDAgLVjQsbdH2AC01hiqx4+l06elM2cibKXBQen4cWn/funBA+n16/pj/f3S0JC0fHlHolcpiqKY0WcE8Gcb+x6ed++k9+9jInv0SHIqLl+WTpyIKE1k/nzp8GFp716pt1dasiQi19cnrV8v3b5dj56f21PeunXSypU/Rm4aASRsAOpevpQuXZKuX4+p69Ur6dmzCMq3b9LZsxG4ydi2Tdq1S1q1Kqa1Dx+kri5p4cKI2Nu3ETm/zqJF0oYN0ooV8bt27drEU18LhA1AfUI6d066elV6+DD20BwdLz3Hx+Nzu7nYvr2+/7Z2bUxwW7ZEJIeHpY8fpaVLYzLbtCmev3FicwAdQ7++l72e+nbsaDm5cVUUQPBy01Hz8tAcHX98+hST3FRmoBs3pCdPYgl74UIsKx2q0dFY6i5bJnV/3+qv1SJkIyPS/fv1qJk/+3tPkI5gC1w8ABDK6cwTlCPnCcnx8eTUbE+tGe/R+Tm9/PRS1EvPjRvr8SynsXJvzt87cOVjjfy99+Mm8V4q1WqVpSgw142Px2T2+XPEw+Hxz4pC/UWh4Wk89VClotEyWvPmxYenNAesDJtf079Thqv8/mdewvpCgp+jCR86IWwAJjQo6W9N3V+SRtRZ3dVqtcMvCeB/pVaLCc3Tkye2cmLyz2o19U3z6XsrFVU9ZXlK85LUe3WeuPwansDMX/vnfg/lpObXL/f1Gh/7eYn6H7gqCsx19+5JV67E1cubN6Xz5yN23hu7eDH22Lw/Vu6FtcPB8vDkK5579ki7d8fxER8F8c+bnVWbxjk2Lh4Ac11PT3x2uHxGzIdlHRDHyOfKbt2S7t6Nq5vt8vk0P5+j6eMePpfmK6GOlPl1Jlo1NnusBY57AHPdwEAcfvVVUN8l4K/LDf2dO+M2qX37Wm7Y/8J/7wO6W7dGzN68iXNoPmT7m+8bZSkKQP+eUytP+vuOAJ8lc5g8ZTlGPljrqe3YsdjvapUN/61vqzpyJJaSPkriwG3e3JGb4QkbgF/3tMosOFCN+1u+M+HgwTi4a435KC8AeIP/6FHpwIGYANu4Y2CmEDYA7fFdA6dOSSdPSnfu/PjfPQ4diqXm4sUROOfFy9BJ3uM5UwgbgKlxOnyLk+9O8ETmgHlqm+X/xWaEDUA6XBUFkA5hA5AOYQOQDmEDkA5hA5AOYQOQDmEDkA5hA5AOYQOQDmEDkA5hA5AOYQOQDmEDkA5hA5AOYQOQDmEDkA5hA5AOYQOQDmEDkA5hA5AOYQOQDmEDkA5hA5AOYQOQDmEDkA5hA5AOYQOQDmEDoGz+AaQ5oOTiCrZ7AAAAAElFTkSuQmCC'}}]}, {'role': 'assistant', 'content': 'Final Answer: 0.85'}, {'role': 'user', 'content': [{'type': 'text', 'text': '\nYou are given both an image and a text-based representation of the same stimulus. \nIn both, a red dot appears on a horizontal line\nThe left end of the line corresponds to 0.0, and the right end to 1.0.\n\nText representation (the dot is marked as """"O""""):\n|--~----~-----------------~=---O----=----|\n\n\nEstimate the horizontal position of the **center** of the red dot as a decimal number between 0 and 1.\nDo not explain. Only output the final answer as a number between 0 and 1:\nFinal Answer:\n'}, {'type': 'image_url', 'image_url': {'url': 'data:image/png;base64,iVBORw0KGgoAAAANSUhEUgAAATYAAABNCAYAAAAsLkgfAAAAOnRFWHRTb2Z0d2FyZQBNYXRwbG90bGliIHZlcnNpb24zLjEwLjMsIGh0dHBzOi8vbWF0cGxvdGxpYi5vcmcvZiW1igAAAAlwSFlzAAAPYQAAD2EBqD+naQAABDBJREFUeJzt3LlrVGsYgPHnJHFPlFFBZdR7XQtJISIW6VSsxEqwE8FaLfwvbG209h+wFgQt3BAE8QqKqFz3BY3B3Why5OVjGC/IJYmCOW+eHwyzJDmTZh6+5Zyp6rqukaREev70PyBJv5thk5SOYZOUjmGTlI5hk5SOYZOUjmGTlI5hk5SOYZOUjmGTlI5hk5SOYZOUjmGTlI5hk5SOYZOUjmGTlI5hk5SOYZOUjmGTlI5hk5SOYZOUjmGTlI5hk5SOYZOUjmGTlI5hk5SOYZOUjmGTlI5hk5SOYZOUTt+f/gckTcGXL/DqFYyOwuzZsHQpzJkDdQ2vX8P799DfD0uWQFUx0xg2qWkiXDdvwsuX5fHICPT2wosXcPo03L/f/d116+DwYThwAObN+3kME6rqOhIvqTEjtStX4MkTePoU7tyBW7fg8mUYGyujs/qHj3RntDZ3Lhw9Cps2wadP8O1bGc0NDZWRXRzn40eYPx82boSFC2kywyY1SQTt0iV4/hyuXoUbN8ptIqoKdu2CbdtKwJ49KzGM6PX0QF9fieLy5bB7N2zYQFMZNqlJa2nv3sHFiyVq587B3bv/HaFNJG5DQ2WKOj4O16/DwED3tZiuxlR28WI4eLCxIzfX2KTpvpb25k33tbdv4do1uHABHj+eXNRC/H5EMY65YkUJ57Jl5bhxvPXrYe3aMr2N6enWrTSRp3tI01EEJ6IWI7R2G1atKtPG8+fLVPTRo7JWNhVfv8LwcFlni1Hb589lE+HDh/J+MSWNqWmsuTVU1W63nYpK001ELAIUu52hE6C4HxujNTrKP7+wijQIjMyaVUZwEbF4HNPUeL94Hu8d63DxegPFlolhkxrmL+DfX/j7v4EH5NXXjmGupOk9YovNg7jF8/FxBuJx/HyK+oF2bEbEiCympDFa64zY4hY7pTElbSh3RaXpfL5arHnF4v7t23D2LLRasGBBic+xYyV2k1VV5Zg7dsDKlSVusZGwenW5T3AeW3OTLGUWi/mDg2UDIc5d64ykYtE/TsuIwG3fDmfOTP7YrRZs3lyOv2ZNuY9z1hJdheCITWrKeWwRuBjFxfMYdcWu5cmTZUo60Y9xby/s31/OW9u5s+y4Jgpah2GTmiTON/vx8qeHD2HfvhK22DH9P1UFhw7Bnj2wZUu5pCopwyY1XUxH9+7tnndW/+Ra0bii4MSJMkpLfPF7h2GTMohv+Dh1Co4fh3v3uq/HetyRI+XbPRYtYqYwbFIm8XEeHi67qXENaFzzOQO/j82wSUrHa0UlpWPYJKVj2CSlY9gkpWPYJKVj2CSlY9gkpWPYJKVj2CSlY9gkpWPYJKVj2CSlY9gkpWPYJKVj2CSlY9gkpWPYJKVj2CSlY9gkpWPYJKVj2CSlY9gkpWPYJKVj2CSlY9gkpWPYJKVj2CSlY9gkkc1310VHXTWff9MAAAAASUVORK5CYII='}}]}, {'role': 'assistant', 'content': 'Final Answer: 0.75'}, {'role': 'user', 'content': [{'type': 'text', 'text': '\nYou are given both an image and a text-based representation of the same stimulus. \nIn both, a red dot appears on a horizontal line\nThe left end of the line corresponds to 0.0, and the right end to 1.0.\n\nText representation (the dot is marked as """"O""""):\n|------~----------=.------- -O-------- --|\n\n\nEstimate the horizontal position of the **center** of the red dot as a decimal number between 0 and 1.\nDo not explain. Only output the final answer as a number between 0 and 1:\nFinal Answer:\n'}, {'type': 'image_url', 'image_url': {'url': 'data:image/png;base64,iVBORw0KGgoAAAANSUhEUgAAATYAAABNCAYAAAAsLkgfAAAAOnRFWHRTb2Z0d2FyZQBNYXRwbG90bGliIHZlcnNpb24zLjEwLjMsIGh0dHBzOi8vbWF0cGxvdGxpYi5vcmcvZiW1igAAAAlwSFlzAAAPYQAAD2EBqD+naQAABIJJREFUeJzt3EtLlGEchvF7PKSVVlZENJhGFEVGFJSiRPtqKa6CvkEfplW0q12rgnbRKoLETUgtaqGYYFGaSueD+cbN4+u4KGpqxpH/e/1gmJM6Q+Dlc5pKWZZlAoBAmhr9BgCg1ggbgHAIG4BwCBuAcAgbgHAIG4BwCBuAcAgbgHAIG4BwCBuAcAgbgHAIG4BwCBuAcAgbgHAIG4BwCBuAcAgbgHAIG4BwCBuAcAgbgHAIG4BwCBuAcAgbgHAIG4BwCBuAcAgbgHAIG4BwCBuAcAgbgHAIG4BwWhr9BgCsyDLp7Vvpwwepo0PatUv69k2am0vXmzZJu3dLbW2NfqcbHmEDGuXr1xQtX+7ckW7elCYnK8+Xy9LgoHTypNTaKrW3S3v3psf27WvkO9/wSlnmPxMA1pVHZk+fSnfvSlevSt+///5rm5uloSHp6FFp82app0caGanELQ8ko7pVhA2ot7Xh8a+br8fGpNu300jtb5RK0sWLUne39OWLdOiQdP681NQkvXolffxY+dquLqmvL01lC4qwAfWM2evX0vPn0rt3ae3M9xcXpWfPpIcPU+j+lkdup0+nsHlq6hGcp6eOnm8fOJBitrAgdXZKAwOFHbkRNqBe08w3b6THj6Xp6TRFfP9e+vQp3ffFsauWg+XpqC957Lzu5sf375eOHJGOH08RPXMmrdMVEJsHQK1Hao6aI+ZRlUdnW7dKMzPS7GwaXfkxP/8v/H0/flSmtb546rljh7S0lDYf2tqkPXvS1xRUqVwuM2IDasXR8UaAR1K+duhseTk95yWwpSU9+Y+JUp+kRQfS/HO8zubXa2lJt5tW7nua6usC8r8OYQPWUY+kqf/4/l5JL2r4fiJqKRd0Dg7UfcTm215Ty6eMvp9l6lwZuf2rDh9xW/uAR2/5KM1aW9P019cFxeYBUEueeo6OprUwr33duyc9eJDue+3LGwq+eHHf09NqOWLeOPD6mUPm+zt3puMdDqpfY3hYunSpsDuixuYBUEuOiSPjDQRvFnin0uH5/DmdQfNtB8nPzc9X//MdNa+l5a+Vbx7ko7XeXqm/v9BRM8IG1JrPkvkMWX4o158QuH8/TQ09Zdy2TZqaSiO7akZtHp35aIcP4zpu+RGPY8ekLVtSKM+eTYd3C46wAfXgEVO+fu2wOUQvX0rbt0snTqRzbPbo0Z8P6eY7oBcupJj5uIjPxXn059dwKP3Y4cPSuXOFH60Za2zAeh7a9acCzCM5j7zGx6Vr1ypnztb+OuZB82js+nXp1Km0Nue1NJ+L8/d4iuv7/nwoH45fRdiA9fKrD6vbxIR065Z044b0Ys1BjoMHpStXpMuX00jvTz+LkdoqwgZsFP5V9DqZd1A95fRUMx+1oSqEDUA4/NfgAMIhbADCIWwAwiFsAMIhbADCIWwAwiFsAMIhbADCIWwAwiFsAMIhbADCIWwAwiFsAMIhbADCIWwAwiFsAMIhbADCIWwAwiFsAMIhbADCIWwAwiFsAMIhbADCIWwAwiFsAMIhbADCIWwAwiFsABTNT3roXHIAyEx4AAAAAElFTkSuQmCC'}}]}]",Final Answer: 0.65
anthropic/claude-3.7-sonnet,sample_005,0.56241,0.56241,0.4,"[{'role': 'system', 'content': 'You are a helpful assistant.'}, {'role': 'user', 'content': [{'type': 'text', 'text': '\nYou are given both an image and a text-based representation of the same stimulus. \nIn both, a red dot appears on a horizontal line\nThe left end of the line corresponds to 0.0, and the right end to 1.0.\n\nText representation (the dot is marked as """"O""""):\n|.-- -~=-------- ---------O--------------|\n\n\nEstimate the horizontal position of the **center** of the red dot as a decimal number between 0 and 1.\nDo not explain. Only output the final answer as a number between 0 and 1:\nFinal Answer:\n'}, {'type': 'image_url', 'image_url': {'url': 'data:image/png;base64,iVBORw0KGgoAAAANSUhEUgAAATYAAABNCAYAAAAsLkgfAAAAOnRFWHRTb2Z0d2FyZQBNYXRwbG90bGliIHZlcnNpb24zLjEwLjMsIGh0dHBzOi8vbWF0cGxvdGxpYi5vcmcvZiW1igAAAAlwSFlzAAAPYQAAD2EBqD+naQAABJVJREFUeJzt3ElvTXEYx/HfbWtuUaQSFy1i0bSRsECQ2HkNYmNnx9LGOxCJROyFlYXY8AZ0YVFCDCExxFBjYqgp5h755XHShohSt72e8/0kTfW0vfda9Nvnf87/tFYURSEASKRlql8AAPxrhA1AOoQNQDqEDUA6hA1AOoQNQDqEDUA6hA1AOoQNQDqEDUA6hA1AOoQNQDqEDUA6hA1AOoQNQDqEDUA6hA1AOoQNQDqEDUA6hA1AOoQNQDqEDUA6hA1AOoQNQDqEDUA6hA1AOoQNQDqEDUA6hA1AOoQNQDptU/0CgKZVFNLz59Lbt1J7u7RwoVSrTfWrwjgQNlTbx4/Ss2fSp0/S9OlSR4f04IF0/Lh07Jh0797o165aJe3eLW3fLn35Mvo9ixZJM2b8/FjlcUy6WlH41xJQMY7QzZvS1avSu3fS3LnShw/SwEAEzXH6UTmtOVZ790pr18bHnZ3SkiXSo0fSy5fS58/S69fSnDlSf7+0ejWBm2SEDdXj5eWFC9KZM9LDh9LMmdLs2RG606djCfo7LS3SgQPSli0x4XmyW748Jr47d6RXr6ThYWnWLGnDBmnduljKYlIQNlRrSnPIBgely5elS5diCvPxoSHpxo3xRa3k5eahQ9KbN/FYmzdLX7/GxLZgQXzNkydSV5e0YoW0cSOT2yThHBuqM6V52Xn9unT+vHTtWgSpry+mL18g+NPf8V6u7t8v9fbGMvTp01iWbtoUj+nA+TnmzYtpcNkyaeXKRv0PMQZhQ36eyBw1T2s+ue8pysHxBYBbt2Jqc5T+xt27ccXUfK7Oj++orVkT59keP47P+bn8dY4cS9KGq9XrdZaiyM3LQ09XIyOjS0X/+/vnOkdGdGUCZ2T6azUNt7VJra3xuA6l3xw4H/PnfLz8mOVow/kyD2FDpXV78JrA9/dIGrMpBE2grV6vT/VrABrLU5q3cngq89Tk6ckf+31RqMPLxAlob21V3VNZOZmV0+C0aTGheXrz5/zcfi3lcTQMV0VRjXNsp05JFy/GnjJH5v792LPmc2s+5+ZzY38TOAfKG3e7u+PNy0xvzPW5tfXrY3/b/PlxBdXB89YQH2egaCguHiA/x8ZXKh0VX50sQ7NtW2yoPXdOun07LiT8KW/C9fTnScx6emJ7h5/DV0gduXJKdES9DcTH0FBMbKgOb8k4eza2fnhq82baxYtj6jp6VDpyZDRQ4+Fgbd0qLV0a05rfO2Z+zLF3Iph/zBw134nAVdGGI2yoll/dz+m7BQ4elA4fHt9+Np8327dP2rEjlpXePsK9o02DsAElh+jECWnXLun9+zg29sejvFfUt1+dPBlLWTQlwgb8yPd4+kZ43y7lc28lXyTYs0fauTM22qJpETbgV/yj8eJFLDN9Ps7nyPh7bP8FwgYgHf40OIB0CBuAdAgbgHQIG4B0CBuAdAgbgHQIG4B0CBuAdAgbgHQIG4B0CBuAdAgbgHQIG4B0CBuAdAgbgHQIG4B0CBuAdAgbgHQIG4B0CBuAdAgbgHQIG4B0CBuAdAgbgHQIG4B0CBuAdAgbgHQIGwBl8w2vMXCzyZNU9QAAAABJRU5ErkJggg=='}}]}, {'role': 'assistant', 'content': 'Final Answer: 0.57'}, {'role': 'user', 'content': [{'type': 'text', 'text': '\nYou are given both an image and a text-based representation of the same stimulus. \nIn both, a red dot appears on a horizontal line\nThe left end of the line corresponds to 0.0, and the right end to 1.0.\n\nText representation (the dot is marked as """"O""""):\n|--~---~----------------=--- =-----O-----|\n\n\nEstimate the horizontal position of the **center** of the red dot as a decimal number between 0 and 1.\nDo not explain. Only output the final answer as a number between 0 and 1:\nFinal Answer:\n'}, {'type': 'image_url', 'image_url': {'url': 'data:image/png;base64,iVBORw0KGgoAAAANSUhEUgAAATYAAABNCAYAAAAsLkgfAAAAOnRFWHRTb2Z0d2FyZQBNYXRwbG90bGliIHZlcnNpb24zLjEwLjMsIGh0dHBzOi8vbWF0cGxvdGxpYi5vcmcvZiW1igAAAAlwSFlzAAAPYQAAD2EBqD+naQAABNNJREFUeJzt3MtvjG0Yx/HfVNUhrSgNYkLfSARJbUScYmdHxEKsJNZi5/+w8ieItZWNtcTCQlCHhOCtQ5yps2L6vPm9lyczeDvTaWv6uvr9JE0P087M6pvrvp/7aaUoikIAkEjXbL8BAJhphA1AOoQNQDqEDUA6hA1AOoQNQDqEDUA6hA1AOoQNQDqEDUA6hA1AOoQNQDqEDUA6hA1AOoQNQDqEDUA6hA1AOoQNQDqEDUA6hA1AOoQNQDqEDUA6hA1AOoQNQDqEDUA6hA1AOoQNQDqEDUA6hA1AOoQNQDrds/0GAPyBxsak58+lp0+lr1+lNWuk1aulSqX++IsX0pcvUk+PNDAgLVjQsbdH2AC01hiqx4+l06elM2cibKXBQen4cWn/funBA+n16/pj/f3S0JC0fHlHolcpiqKY0WcE8Gcb+x6ed++k9+9jInv0SHIqLl+WTpyIKE1k/nzp8GFp716pt1dasiQi19cnrV8v3b5dj56f21PeunXSypU/Rm4aASRsAOpevpQuXZKuX4+p69Ur6dmzCMq3b9LZsxG4ydi2Tdq1S1q1Kqa1Dx+kri5p4cKI2Nu3ETm/zqJF0oYN0ooV8bt27drEU18LhA1AfUI6d066elV6+DD20BwdLz3Hx+Nzu7nYvr2+/7Z2bUxwW7ZEJIeHpY8fpaVLYzLbtCmev3FicwAdQ7++l72e+nbsaDm5cVUUQPBy01Hz8tAcHX98+hST3FRmoBs3pCdPYgl74UIsKx2q0dFY6i5bJnV/3+qv1SJkIyPS/fv1qJk/+3tPkI5gC1w8ABDK6cwTlCPnCcnx8eTUbE+tGe/R+Tm9/PRS1EvPjRvr8SynsXJvzt87cOVjjfy99+Mm8V4q1WqVpSgw142Px2T2+XPEw+Hxz4pC/UWh4Wk89VClotEyWvPmxYenNAesDJtf079Thqv8/mdewvpCgp+jCR86IWwAJjQo6W9N3V+SRtRZ3dVqtcMvCeB/pVaLCc3Tkye2cmLyz2o19U3z6XsrFVU9ZXlK85LUe3WeuPwansDMX/vnfg/lpObXL/f1Gh/7eYn6H7gqCsx19+5JV67E1cubN6Xz5yN23hu7eDH22Lw/Vu6FtcPB8vDkK5579ki7d8fxER8F8c+bnVWbxjk2Lh4Ac11PT3x2uHxGzIdlHRDHyOfKbt2S7t6Nq5vt8vk0P5+j6eMePpfmK6GOlPl1Jlo1NnusBY57AHPdwEAcfvVVUN8l4K/LDf2dO+M2qX37Wm7Y/8J/7wO6W7dGzN68iXNoPmT7m+8bZSkKQP+eUytP+vuOAJ8lc5g8ZTlGPljrqe3YsdjvapUN/61vqzpyJJaSPkriwG3e3JGb4QkbgF/3tMosOFCN+1u+M+HgwTi4a435KC8AeIP/6FHpwIGYANu4Y2CmEDYA7fFdA6dOSSdPSnfu/PjfPQ4diqXm4sUROOfFy9BJ3uM5UwgbgKlxOnyLk+9O8ETmgHlqm+X/xWaEDUA6XBUFkA5hA5AOYQOQDmEDkA5hA5AOYQOQDmEDkA5hA5AOYQOQDmEDkA5hA5AOYQOQDmEDkA5hA5AOYQOQDmEDkA5hA5AOYQOQDmEDkA5hA5AOYQOQDmEDkA5hA5AOYQOQDmEDkA5hA5AOYQOQDmEDoGz+AaQ5oOTiCrZ7AAAAAElFTkSuQmCC'}}]}, {'role': 'assistant', 'content': 'Final Answer: 0.85'}, {'role': 'user', 'content': [{'type': 'text', 'text': '\nYou are given both an image and a text-based representation of the same stimulus. \nIn both, a red dot appears on a horizontal line\nThe left end of the line corresponds to 0.0, and the right end to 1.0.\n\nText representation (the dot is marked as """"O""""):\n|--~----~-----------------~=---O----=----|\n\n\nEstimate the horizontal position of the **center** of the red dot as a decimal number between 0 and 1.\nDo not explain. Only output the final answer as a number between 0 and 1:\nFinal Answer:\n'}, {'type': 'image_url', 'image_url': {'url': 'data:image/png;base64,iVBORw0KGgoAAAANSUhEUgAAATYAAABNCAYAAAAsLkgfAAAAOnRFWHRTb2Z0d2FyZQBNYXRwbG90bGliIHZlcnNpb24zLjEwLjMsIGh0dHBzOi8vbWF0cGxvdGxpYi5vcmcvZiW1igAAAAlwSFlzAAAPYQAAD2EBqD+naQAABDBJREFUeJzt3LlrVGsYgPHnJHFPlFFBZdR7XQtJISIW6VSsxEqwE8FaLfwvbG209h+wFgQt3BAE8QqKqFz3BY3B3Why5OVjGC/IJYmCOW+eHwyzJDmTZh6+5Zyp6rqukaREev70PyBJv5thk5SOYZOUjmGTlI5hk5SOYZOUjmGTlI5hk5SOYZOUjmGTlI5hk5SOYZOUjmGTlI5hk5SOYZOUjmGTlI5hk5SOYZOUjmGTlI5hk5SOYZOUjmGTlI5hk5SOYZOUjmGTlI5hk5SOYZOUjmGTlI5hk5SOYZOUTt+f/gckTcGXL/DqFYyOwuzZsHQpzJkDdQ2vX8P799DfD0uWQFUx0xg2qWkiXDdvwsuX5fHICPT2wosXcPo03L/f/d116+DwYThwAObN+3kME6rqOhIvqTEjtStX4MkTePoU7tyBW7fg8mUYGyujs/qHj3RntDZ3Lhw9Cps2wadP8O1bGc0NDZWRXRzn40eYPx82boSFC2kywyY1SQTt0iV4/hyuXoUbN8ptIqoKdu2CbdtKwJ49KzGM6PX0QF9fieLy5bB7N2zYQFMZNqlJa2nv3sHFiyVq587B3bv/HaFNJG5DQ2WKOj4O16/DwED3tZiuxlR28WI4eLCxIzfX2KTpvpb25k33tbdv4do1uHABHj+eXNRC/H5EMY65YkUJ57Jl5bhxvPXrYe3aMr2N6enWrTSRp3tI01EEJ6IWI7R2G1atKtPG8+fLVPTRo7JWNhVfv8LwcFlni1Hb589lE+HDh/J+MSWNqWmsuTVU1W63nYpK001ELAIUu52hE6C4HxujNTrKP7+wijQIjMyaVUZwEbF4HNPUeL94Hu8d63DxegPFlolhkxrmL+DfX/j7v4EH5NXXjmGupOk9YovNg7jF8/FxBuJx/HyK+oF2bEbEiCympDFa64zY4hY7pTElbSh3RaXpfL5arHnF4v7t23D2LLRasGBBic+xYyV2k1VV5Zg7dsDKlSVusZGwenW5T3AeW3OTLGUWi/mDg2UDIc5d64ykYtE/TsuIwG3fDmfOTP7YrRZs3lyOv2ZNuY9z1hJdheCITWrKeWwRuBjFxfMYdcWu5cmTZUo60Y9xby/s31/OW9u5s+y4Jgpah2GTmiTON/vx8qeHD2HfvhK22DH9P1UFhw7Bnj2wZUu5pCopwyY1XUxH9+7tnndW/+Ra0bii4MSJMkpLfPF7h2GTMohv+Dh1Co4fh3v3uq/HetyRI+XbPRYtYqYwbFIm8XEeHi67qXENaFzzOQO/j82wSUrHa0UlpWPYJKVj2CSlY9gkpWPYJKVj2CSlY9gkpWPYJKVj2CSlY9gkpWPYJKVj2CSlY9gkpWPYJKVj2CSlY9gkpWPYJKVj2CSlY9gkpWPYJKVj2CSlY9gkpWPYJKVj2CSlY9gkpWPYJKVj2CSlY9gkkc1310VHXTWff9MAAAAASUVORK5CYII='}}]}, {'role': 'assistant', 'content': 'Final Answer: 0.75'}, {'role': 'user', 'content': [{'type': 'text', 'text': '\nYou are given both an image and a text-based representation of the same stimulus. \nIn both, a red dot appears on a horizontal line\nThe left end of the line corresponds to 0.0, and the right end to 1.0.\n\nText representation (the dot is marked as """"O""""):\n|------~----------=.------- -O-------- --|\n\n\nEstimate the horizontal position of the **center** of the red dot as a decimal number between 0 and 1.\nDo not explain. Only output the final answer as a number between 0 and 1:\nFinal Answer:\n'}, {'type': 'image_url', 'image_url': {'url': 'data:image/png;base64,iVBORw0KGgoAAAANSUhEUgAAATYAAABNCAYAAAAsLkgfAAAAOnRFWHRTb2Z0d2FyZQBNYXRwbG90bGliIHZlcnNpb24zLjEwLjMsIGh0dHBzOi8vbWF0cGxvdGxpYi5vcmcvZiW1igAAAAlwSFlzAAAPYQAAD2EBqD+naQAABIJJREFUeJzt3EtLlGEchvF7PKSVVlZENJhGFEVGFJSiRPtqKa6CvkEfplW0q12rgnbRKoLETUgtaqGYYFGaSueD+cbN4+u4KGpqxpH/e/1gmJM6Q+Dlc5pKWZZlAoBAmhr9BgCg1ggbgHAIG4BwCBuAcAgbgHAIG4BwCBuAcAgbgHAIG4BwCBuAcAgbgHAIG4BwCBuAcAgbgHAIG4BwCBuAcAgbgHAIG4BwCBuAcAgbgHAIG4BwCBuAcAgbgHAIG4BwCBuAcAgbgHAIG4BwCBuAcAgbgHAIG4BwWhr9BgCsyDLp7Vvpwwepo0PatUv69k2am0vXmzZJu3dLbW2NfqcbHmEDGuXr1xQtX+7ckW7elCYnK8+Xy9LgoHTypNTaKrW3S3v3psf27WvkO9/wSlnmPxMA1pVHZk+fSnfvSlevSt+///5rm5uloSHp6FFp82app0caGanELQ8ko7pVhA2ot7Xh8a+br8fGpNu300jtb5RK0sWLUne39OWLdOiQdP681NQkvXolffxY+dquLqmvL01lC4qwAfWM2evX0vPn0rt3ae3M9xcXpWfPpIcPU+j+lkdup0+nsHlq6hGcp6eOnm8fOJBitrAgdXZKAwOFHbkRNqBe08w3b6THj6Xp6TRFfP9e+vQp3ffFsauWg+XpqC957Lzu5sf375eOHJGOH08RPXMmrdMVEJsHQK1Hao6aI+ZRlUdnW7dKMzPS7GwaXfkxP/8v/H0/flSmtb546rljh7S0lDYf2tqkPXvS1xRUqVwuM2IDasXR8UaAR1K+duhseTk95yWwpSU9+Y+JUp+kRQfS/HO8zubXa2lJt5tW7nua6usC8r8OYQPWUY+kqf/4/l5JL2r4fiJqKRd0Dg7UfcTm215Ty6eMvp9l6lwZuf2rDh9xW/uAR2/5KM1aW9P019cFxeYBUEueeo6OprUwr33duyc9eJDue+3LGwq+eHHf09NqOWLeOPD6mUPm+zt3puMdDqpfY3hYunSpsDuixuYBUEuOiSPjDQRvFnin0uH5/DmdQfNtB8nPzc9X//MdNa+l5a+Vbx7ko7XeXqm/v9BRM8IG1JrPkvkMWX4o158QuH8/TQ09Zdy2TZqaSiO7akZtHp35aIcP4zpu+RGPY8ekLVtSKM+eTYd3C46wAfXgEVO+fu2wOUQvX0rbt0snTqRzbPbo0Z8P6eY7oBcupJj5uIjPxXn059dwKP3Y4cPSuXOFH60Za2zAeh7a9acCzCM5j7zGx6Vr1ypnztb+OuZB82js+nXp1Km0Nue1NJ+L8/d4iuv7/nwoH45fRdiA9fKrD6vbxIR065Z044b0Ys1BjoMHpStXpMuX00jvTz+LkdoqwgZsFP5V9DqZd1A95fRUMx+1oSqEDUA4/NfgAMIhbADCIWwAwiFsAMIhbADCIWwAwiFsAMIhbADCIWwAwiFsAMIhbADCIWwAwiFsAMIhbADCIWwAwiFsAMIhbADCIWwAwiFsAMIhbADCIWwAwiFsAMIhbADCIWwAwiFsAMIhbADCIWwAwiFsABTNT3roXHIAyEx4AAAAAElFTkSuQmCC'}}]}, {'role': 'assistant', 'content': 'Final Answer: 0.65'}, {'role': 'user', 'content': [{'type': 'text', 'text': '\nYou are given both an image and a text-based representation of the same stimulus. \nIn both, a red dot appears on a horizontal line\nThe left end of the line corresponds to 0.0, and the right end to 1.0.\n\nText representation (the dot is marked as """"O""""):\n|-- ------ --=- ----=-O------------------|\n\n\nEstimate the horizontal position of the **center** of the red dot as a decimal number between 0 and 1.\nDo not explain. Only output the final answer as a number between 0 and 1:\nFinal Answer:\n'}, {'type': 'image_url', 'image_url': {'url': 'data:image/png;base64,iVBORw0KGgoAAAANSUhEUgAAATYAAABNCAYAAAAsLkgfAAAAOnRFWHRTb2Z0d2FyZQBNYXRwbG90bGliIHZlcnNpb24zLjEwLjMsIGh0dHBzOi8vbWF0cGxvdGxpYi5vcmcvZiW1igAAAAlwSFlzAAAPYQAAD2EBqD+naQAABHBJREFUeJzt28tvTH8Yx/HP1FCXVhTRMJIiLCTduCysLOxspCthw1L8AeIf8BfY6bJrSwsSKwuREAu6Qht1i1u1LnGvIx+Pk9atVMmZeeb9Sk46nXbOjPx+3p7zPefUiqIoBACJdFT9AQDgXyNsANIhbADSIWwA0iFsANIhbADSIWwA0iFsANIhbADSIWwA0iFsANIhbADSIWwA0iFsANIhbADSIWwA0iFsANIhbADSIWwA0iFsANIhbADSIWwA0iFsANIhbADSIWwA0iFsANIhbADSIWwA0iFsANIhbADSqVf9AYA5eftWunlTmpyUVqyQtmyRFi+u+lOhyRA2NK9376SnT6X376U3b6TTp6VTp6QHD6Z/Z+1a6dAh6eBBafXq2Do7q/zUaAK1oiiKqj8E8EPMHj2SRkcjapcuRdD8+Fccs+PHpT17pP5+adWqb8O4aBHRayNMbGgOjpAPMa9ejYns7t2IkuN25crvX+94nTghTUxIT55IO3ZId+7E96Wenunole9J+FJiYkP1xsdjKjt7Vhobi/Wzhw/j+WfP5ravBQukgQFp69bY+vqkFy8iYs+fS+vWSbt3S69eScPDs4cPLYuwoVoOzrlz0oULMa29fh2HoZ7aZjv0nM3y5RG1XbuklSulDx+kZcsien6/vXsjbC9fSr29UkeH9OlTvG93d7yOya2lcbkHqnX/vnTtWpwc8OZDQsfnb6NmDtaNG9KZM3EY6++9LV0a7+Hp8PHj6aiZv/p7T4g+PEVLqzUaDSY2VKc84+mJyY9rNenjR/UUha7PY7f9kiYdq3o9Ymnetzfz9LZw4Y8vnJqK5/1ztCz/VyZsaDp9km7P4/UbJI39w8+D1lJvNBpVfwa0s/IQ9Ouk9mVimppS9zx32yWp4YnNk9fM6WvJkumpzV9n/szv7edYX2t5nDxAtetrFy/GmdCREenePenWrfjqxf358HqZ70rwYejGjXFCwetqvgxk+/b4mS8vKc+K+q+BTzRwVjQFrmNDdbym5vWsbdtikvLivgPj532blC/78BQ3V47Z5s2x+YyoJzDvy+t4jlYZL29cx5YSExuqndguX5a8HOKAOT6+1sxnLT1N+bnz5yNIf8qHkjt3RrwcKcfK/LirS9q3T9q06b/9kdAcmNhQHUfHF8X6+jEfOq5ZE885ZOvXR4h8GDk4GL//u3+DHbX9++MCXE+C3le5xuZLSDyhsabcFpjYUC3fXTDzDoByrctrYOVhqdfhjhyJi3fL3/meJ7Jjx6SjR+Pxz/bJ+lnbIGyo3p/cs+nD1KEh6eTJONFQ8i1Thw9LBw7EIWb5Ou4DbWuEDa3F/7v67gDfSeDbnzyJlZdvAF8RNgDpcK8ogHQIG4B0CBuAdAgbgHQIG4B0CBuAdAgbgHQIG4B0CBuAdAgbgHQIG4B0CBuAdAgbgHQIG4B0CBuAdAgbgHQIG4B0CBuAdAgbgHQIG4B0CBuAdAgbgHQIG4B0CBuAdAgbgHQIG4B0CBuAdAgbAGXzGahxa5hlk7orAAAAAElFTkSuQmCC'}}]}]",Final Answer: 0.4
anthropic/claude-3.7-sonnet,sample_006,0.5624,0.5624,0.45,"[{'role': 'system', 'content': 'You are a helpful assistant.'}, {'role': 'user', 'content': [{'type': 'text', 'text': '\nYou are given both an image and a text-based representation of the same stimulus. \nIn both, a red dot appears on a horizontal line\nThe left end of the line corresponds to 0.0, and the right end to 1.0.\n\nText representation (the dot is marked as """"O""""):\n|.-- -~=-------- ---------O--------------|\n\n\nEstimate the horizontal position of the **center** of the red dot as a decimal number between 0 and 1.\nDo not explain. Only output the final answer as a number between 0 and 1:\nFinal Answer:\n'}, {'type': 'image_url', 'image_url': {'url': 'data:image/png;base64,iVBORw0KGgoAAAANSUhEUgAAATYAAABNCAYAAAAsLkgfAAAAOnRFWHRTb2Z0d2FyZQBNYXRwbG90bGliIHZlcnNpb24zLjEwLjMsIGh0dHBzOi8vbWF0cGxvdGxpYi5vcmcvZiW1igAAAAlwSFlzAAAPYQAAD2EBqD+naQAABJVJREFUeJzt3ElvTXEYx/HfbWtuUaQSFy1i0bSRsECQ2HkNYmNnx9LGOxCJROyFlYXY8AZ0YVFCDCExxFBjYqgp5h755XHShohSt72e8/0kTfW0vfda9Nvnf87/tFYURSEASKRlql8AAPxrhA1AOoQNQDqEDUA6hA1AOoQNQDqEDUA6hA1AOoQNQDqEDUA6hA1AOoQNQDqEDUA6hA1AOoQNQDqEDUA6hA1AOoQNQDqEDUA6hA1AOoQNQDqEDUA6hA1AOoQNQDqEDUA6hA1AOoQNQDqEDUA6hA1AOoQNQDptU/0CgKZVFNLz59Lbt1J7u7RwoVSrTfWrwjgQNlTbx4/Ss2fSp0/S9OlSR4f04IF0/Lh07Jh0797o165aJe3eLW3fLn35Mvo9ixZJM2b8/FjlcUy6WlH41xJQMY7QzZvS1avSu3fS3LnShw/SwEAEzXH6UTmtOVZ790pr18bHnZ3SkiXSo0fSy5fS58/S69fSnDlSf7+0ejWBm2SEDdXj5eWFC9KZM9LDh9LMmdLs2RG606djCfo7LS3SgQPSli0x4XmyW748Jr47d6RXr6ThYWnWLGnDBmnduljKYlIQNlRrSnPIBgely5elS5diCvPxoSHpxo3xRa3k5eahQ9KbN/FYmzdLX7/GxLZgQXzNkydSV5e0YoW0cSOT2yThHBuqM6V52Xn9unT+vHTtWgSpry+mL18g+NPf8V6u7t8v9fbGMvTp01iWbtoUj+nA+TnmzYtpcNkyaeXKRv0PMQZhQ36eyBw1T2s+ue8pysHxBYBbt2Jqc5T+xt27ccXUfK7Oj++orVkT59keP47P+bn8dY4cS9KGq9XrdZaiyM3LQ09XIyOjS0X/+/vnOkdGdGUCZ2T6azUNt7VJra3xuA6l3xw4H/PnfLz8mOVow/kyD2FDpXV78JrA9/dIGrMpBE2grV6vT/VrABrLU5q3cngq89Tk6ckf+31RqMPLxAlob21V3VNZOZmV0+C0aTGheXrz5/zcfi3lcTQMV0VRjXNsp05JFy/GnjJH5v792LPmc2s+5+ZzY38TOAfKG3e7u+PNy0xvzPW5tfXrY3/b/PlxBdXB89YQH2egaCguHiA/x8ZXKh0VX50sQ7NtW2yoPXdOun07LiT8KW/C9fTnScx6emJ7h5/DV0gduXJKdES9DcTH0FBMbKgOb8k4eza2fnhq82baxYtj6jp6VDpyZDRQ4+Fgbd0qLV0a05rfO2Z+zLF3Iph/zBw134nAVdGGI2yoll/dz+m7BQ4elA4fHt9+Np8327dP2rEjlpXePsK9o02DsAElh+jECWnXLun9+zg29sejvFfUt1+dPBlLWTQlwgb8yPd4+kZ43y7lc28lXyTYs0fauTM22qJpETbgV/yj8eJFLDN9Ps7nyPh7bP8FwgYgHf40OIB0CBuAdAgbgHQIG4B0CBuAdAgbgHQIG4B0CBuAdAgbgHQIG4B0CBuAdAgbgHQIG4B0CBuAdAgbgHQIG4B0CBuAdAgbgHQIG4B0CBuAdAgbgHQIG4B0CBuAdAgbgHQIG4B0CBuAdAgbgHQIGwBl8w2vMXCzyZNU9QAAAABJRU5ErkJggg=='}}]}, {'role': 'assistant', 'content': 'Final Answer: 0.57'}, {'role': 'user', 'content': [{'type': 'text', 'text': '\nYou are given both an image and a text-based representation of the same stimulus. \nIn both, a red dot appears on a horizontal line\nThe left end of the line corresponds to 0.0, and the right end to 1.0.\n\nText representation (the dot is marked as """"O""""):\n|--~---~----------------=--- =-----O-----|\n\n\nEstimate the horizontal position of the **center** of the red dot as a decimal number between 0 and 1.\nDo not explain. Only output the final answer as a number between 0 and 1:\nFinal Answer:\n'}, {'type': 'image_url', 'image_url': {'url': 'data:image/png;base64,iVBORw0KGgoAAAANSUhEUgAAATYAAABNCAYAAAAsLkgfAAAAOnRFWHRTb2Z0d2FyZQBNYXRwbG90bGliIHZlcnNpb24zLjEwLjMsIGh0dHBzOi8vbWF0cGxvdGxpYi5vcmcvZiW1igAAAAlwSFlzAAAPYQAAD2EBqD+naQAABNNJREFUeJzt3MtvjG0Yx/HfVNUhrSgNYkLfSARJbUScYmdHxEKsJNZi5/+w8ieItZWNtcTCQlCHhOCtQ5yps2L6vPm9lyczeDvTaWv6uvr9JE0P087M6pvrvp/7aaUoikIAkEjXbL8BAJhphA1AOoQNQDqEDUA6hA1AOoQNQDqEDUA6hA1AOoQNQDqEDUA6hA1AOoQNQDqEDUA6hA1AOoQNQDqEDUA6hA1AOoQNQDqEDUA6hA1AOoQNQDqEDUA6hA1AOoQNQDqEDUA6hA1AOoQNQDqEDUA6hA1AOoQNQDrds/0GAPyBxsak58+lp0+lr1+lNWuk1aulSqX++IsX0pcvUk+PNDAgLVjQsbdH2AC01hiqx4+l06elM2cibKXBQen4cWn/funBA+n16/pj/f3S0JC0fHlHolcpiqKY0WcE8Gcb+x6ed++k9+9jInv0SHIqLl+WTpyIKE1k/nzp8GFp716pt1dasiQi19cnrV8v3b5dj56f21PeunXSypU/Rm4aASRsAOpevpQuXZKuX4+p69Ur6dmzCMq3b9LZsxG4ydi2Tdq1S1q1Kqa1Dx+kri5p4cKI2Nu3ETm/zqJF0oYN0ooV8bt27drEU18LhA1AfUI6d066elV6+DD20BwdLz3Hx+Nzu7nYvr2+/7Z2bUxwW7ZEJIeHpY8fpaVLYzLbtCmev3FicwAdQ7++l72e+nbsaDm5cVUUQPBy01Hz8tAcHX98+hST3FRmoBs3pCdPYgl74UIsKx2q0dFY6i5bJnV/3+qv1SJkIyPS/fv1qJk/+3tPkI5gC1w8ABDK6cwTlCPnCcnx8eTUbE+tGe/R+Tm9/PRS1EvPjRvr8SynsXJvzt87cOVjjfy99+Mm8V4q1WqVpSgw142Px2T2+XPEw+Hxz4pC/UWh4Wk89VClotEyWvPmxYenNAesDJtf079Thqv8/mdewvpCgp+jCR86IWwAJjQo6W9N3V+SRtRZ3dVqtcMvCeB/pVaLCc3Tkye2cmLyz2o19U3z6XsrFVU9ZXlK85LUe3WeuPwansDMX/vnfg/lpObXL/f1Gh/7eYn6H7gqCsx19+5JV67E1cubN6Xz5yN23hu7eDH22Lw/Vu6FtcPB8vDkK5579ki7d8fxER8F8c+bnVWbxjk2Lh4Ac11PT3x2uHxGzIdlHRDHyOfKbt2S7t6Nq5vt8vk0P5+j6eMePpfmK6GOlPl1Jlo1NnusBY57AHPdwEAcfvVVUN8l4K/LDf2dO+M2qX37Wm7Y/8J/7wO6W7dGzN68iXNoPmT7m+8bZSkKQP+eUytP+vuOAJ8lc5g8ZTlGPljrqe3YsdjvapUN/61vqzpyJJaSPkriwG3e3JGb4QkbgF/3tMosOFCN+1u+M+HgwTi4a435KC8AeIP/6FHpwIGYANu4Y2CmEDYA7fFdA6dOSSdPSnfu/PjfPQ4diqXm4sUROOfFy9BJ3uM5UwgbgKlxOnyLk+9O8ETmgHlqm+X/xWaEDUA6XBUFkA5hA5AOYQOQDmEDkA5hA5AOYQOQDmEDkA5hA5AOYQOQDmEDkA5hA5AOYQOQDmEDkA5hA5AOYQOQDmEDkA5hA5AOYQOQDmEDkA5hA5AOYQOQDmEDkA5hA5AOYQOQDmEDkA5hA5AOYQOQDmEDoGz+AaQ5oOTiCrZ7AAAAAElFTkSuQmCC'}}]}, {'role': 'assistant', 'content': 'Final Answer: 0.85'}, {'role': 'user', 'content': [{'type': 'text', 'text': '\nYou are given both an image and a text-based representation of the same stimulus. \nIn both, a red dot appears on a horizontal line\nThe left end of the line corresponds to 0.0, and the right end to 1.0.\n\nText representation (the dot is marked as """"O""""):\n|--~----~-----------------~=---O----=----|\n\n\nEstimate the horizontal position of the **center** of the red dot as a decimal number between 0 and 1.\nDo not explain. Only output the final answer as a number between 0 and 1:\nFinal Answer:\n'}, {'type': 'image_url', 'image_url': {'url': 'data:image/png;base64,iVBORw0KGgoAAAANSUhEUgAAATYAAABNCAYAAAAsLkgfAAAAOnRFWHRTb2Z0d2FyZQBNYXRwbG90bGliIHZlcnNpb24zLjEwLjMsIGh0dHBzOi8vbWF0cGxvdGxpYi5vcmcvZiW1igAAAAlwSFlzAAAPYQAAD2EBqD+naQAABDBJREFUeJzt3LlrVGsYgPHnJHFPlFFBZdR7XQtJISIW6VSsxEqwE8FaLfwvbG209h+wFgQt3BAE8QqKqFz3BY3B3Why5OVjGC/IJYmCOW+eHwyzJDmTZh6+5Zyp6rqukaREev70PyBJv5thk5SOYZOUjmGTlI5hk5SOYZOUjmGTlI5hk5SOYZOUjmGTlI5hk5SOYZOUjmGTlI5hk5SOYZOUjmGTlI5hk5SOYZOUjmGTlI5hk5SOYZOUjmGTlI5hk5SOYZOUjmGTlI5hk5SOYZOUjmGTlI5hk5SOYZOUTt+f/gckTcGXL/DqFYyOwuzZsHQpzJkDdQ2vX8P799DfD0uWQFUx0xg2qWkiXDdvwsuX5fHICPT2wosXcPo03L/f/d116+DwYThwAObN+3kME6rqOhIvqTEjtStX4MkTePoU7tyBW7fg8mUYGyujs/qHj3RntDZ3Lhw9Cps2wadP8O1bGc0NDZWRXRzn40eYPx82boSFC2kywyY1SQTt0iV4/hyuXoUbN8ptIqoKdu2CbdtKwJ49KzGM6PX0QF9fieLy5bB7N2zYQFMZNqlJa2nv3sHFiyVq587B3bv/HaFNJG5DQ2WKOj4O16/DwED3tZiuxlR28WI4eLCxIzfX2KTpvpb25k33tbdv4do1uHABHj+eXNRC/H5EMY65YkUJ57Jl5bhxvPXrYe3aMr2N6enWrTSRp3tI01EEJ6IWI7R2G1atKtPG8+fLVPTRo7JWNhVfv8LwcFlni1Hb589lE+HDh/J+MSWNqWmsuTVU1W63nYpK001ELAIUu52hE6C4HxujNTrKP7+wijQIjMyaVUZwEbF4HNPUeL94Hu8d63DxegPFlolhkxrmL+DfX/j7v4EH5NXXjmGupOk9YovNg7jF8/FxBuJx/HyK+oF2bEbEiCympDFa64zY4hY7pTElbSh3RaXpfL5arHnF4v7t23D2LLRasGBBic+xYyV2k1VV5Zg7dsDKlSVusZGwenW5T3AeW3OTLGUWi/mDg2UDIc5d64ykYtE/TsuIwG3fDmfOTP7YrRZs3lyOv2ZNuY9z1hJdheCITWrKeWwRuBjFxfMYdcWu5cmTZUo60Y9xby/s31/OW9u5s+y4Jgpah2GTmiTON/vx8qeHD2HfvhK22DH9P1UFhw7Bnj2wZUu5pCopwyY1XUxH9+7tnndW/+Ra0bii4MSJMkpLfPF7h2GTMohv+Dh1Co4fh3v3uq/HetyRI+XbPRYtYqYwbFIm8XEeHi67qXENaFzzOQO/j82wSUrHa0UlpWPYJKVj2CSlY9gkpWPYJKVj2CSlY9gkpWPYJKVj2CSlY9gkpWPYJKVj2CSlY9gkpWPYJKVj2CSlY9gkpWPYJKVj2CSlY9gkpWPYJKVj2CSlY9gkpWPYJKVj2CSlY9gkpWPYJKVj2CSlY9gkkc1310VHXTWff9MAAAAASUVORK5CYII='}}]}, {'role': 'assistant', 'content': 'Final Answer: 0.75'}, {'role': 'user', 'content': [{'type': 'text', 'text': '\nYou are given both an image and a text-based representation of the same stimulus. \nIn both, a red dot appears on a horizontal line\nThe left end of the line corresponds to 0.0, and the right end to 1.0.\n\nText representation (the dot is marked as """"O""""):\n|------~----------=.------- -O-------- --|\n\n\nEstimate the horizontal position of the **center** of the red dot as a decimal number between 0 and 1.\nDo not explain. Only output the final answer as a number between 0 and 1:\nFinal Answer:\n'}, {'type': 'image_url', 'image_url': {'url': 'data:image/png;base64,iVBORw0KGgoAAAANSUhEUgAAATYAAABNCAYAAAAsLkgfAAAAOnRFWHRTb2Z0d2FyZQBNYXRwbG90bGliIHZlcnNpb24zLjEwLjMsIGh0dHBzOi8vbWF0cGxvdGxpYi5vcmcvZiW1igAAAAlwSFlzAAAPYQAAD2EBqD+naQAABIJJREFUeJzt3EtLlGEchvF7PKSVVlZENJhGFEVGFJSiRPtqKa6CvkEfplW0q12rgnbRKoLETUgtaqGYYFGaSueD+cbN4+u4KGpqxpH/e/1gmJM6Q+Dlc5pKWZZlAoBAmhr9BgCg1ggbgHAIG4BwCBuAcAgbgHAIG4BwCBuAcAgbgHAIG4BwCBuAcAgbgHAIG4BwCBuAcAgbgHAIG4BwCBuAcAgbgHAIG4BwCBuAcAgbgHAIG4BwCBuAcAgbgHAIG4BwCBuAcAgbgHAIG4BwCBuAcAgbgHAIG4BwWhr9BgCsyDLp7Vvpwwepo0PatUv69k2am0vXmzZJu3dLbW2NfqcbHmEDGuXr1xQtX+7ckW7elCYnK8+Xy9LgoHTypNTaKrW3S3v3psf27WvkO9/wSlnmPxMA1pVHZk+fSnfvSlevSt+///5rm5uloSHp6FFp82app0caGanELQ8ko7pVhA2ot7Xh8a+br8fGpNu300jtb5RK0sWLUne39OWLdOiQdP681NQkvXolffxY+dquLqmvL01lC4qwAfWM2evX0vPn0rt3ae3M9xcXpWfPpIcPU+j+lkdup0+nsHlq6hGcp6eOnm8fOJBitrAgdXZKAwOFHbkRNqBe08w3b6THj6Xp6TRFfP9e+vQp3ffFsauWg+XpqC957Lzu5sf375eOHJGOH08RPXMmrdMVEJsHQK1Hao6aI+ZRlUdnW7dKMzPS7GwaXfkxP/8v/H0/flSmtb546rljh7S0lDYf2tqkPXvS1xRUqVwuM2IDasXR8UaAR1K+duhseTk95yWwpSU9+Y+JUp+kRQfS/HO8zubXa2lJt5tW7nua6usC8r8OYQPWUY+kqf/4/l5JL2r4fiJqKRd0Dg7UfcTm215Ty6eMvp9l6lwZuf2rDh9xW/uAR2/5KM1aW9P019cFxeYBUEueeo6OprUwr33duyc9eJDue+3LGwq+eHHf09NqOWLeOPD6mUPm+zt3puMdDqpfY3hYunSpsDuixuYBUEuOiSPjDQRvFnin0uH5/DmdQfNtB8nPzc9X//MdNa+l5a+Vbx7ko7XeXqm/v9BRM8IG1JrPkvkMWX4o158QuH8/TQ09Zdy2TZqaSiO7akZtHp35aIcP4zpu+RGPY8ekLVtSKM+eTYd3C46wAfXgEVO+fu2wOUQvX0rbt0snTqRzbPbo0Z8P6eY7oBcupJj5uIjPxXn059dwKP3Y4cPSuXOFH60Za2zAeh7a9acCzCM5j7zGx6Vr1ypnztb+OuZB82js+nXp1Km0Nue1NJ+L8/d4iuv7/nwoH45fRdiA9fKrD6vbxIR065Z044b0Ys1BjoMHpStXpMuX00jvTz+LkdoqwgZsFP5V9DqZd1A95fRUMx+1oSqEDUA4/NfgAMIhbADCIWwAwiFsAMIhbADCIWwAwiFsAMIhbADCIWwAwiFsAMIhbADCIWwAwiFsAMIhbADCIWwAwiFsAMIhbADCIWwAwiFsAMIhbADCIWwAwiFsAMIhbADCIWwAwiFsAMIhbADCIWwAwiFsABTNT3roXHIAyEx4AAAAAElFTkSuQmCC'}}]}, {'role': 'assistant', 'content': 'Final Answer: 0.65'}, {'role': 'user', 'content': [{'type': 'text', 'text': '\nYou are given both an image and a text-based representation of the same stimulus. \nIn both, a red dot appears on a horizontal line\nThe left end of the line corresponds to 0.0, and the right end to 1.0.\n\nText representation (the dot is marked as """"O""""):\n|-- ------ --=- ----=-O------------------|\n\n\nEstimate the horizontal position of the **center** of the red dot as a decimal number between 0 and 1.\nDo not explain. Only output the final answer as a number between 0 and 1:\nFinal Answer:\n'}, {'type': 'image_url', 'image_url': {'url': 'data:image/png;base64,iVBORw0KGgoAAAANSUhEUgAAATYAAABNCAYAAAAsLkgfAAAAOnRFWHRTb2Z0d2FyZQBNYXRwbG90bGliIHZlcnNpb24zLjEwLjMsIGh0dHBzOi8vbWF0cGxvdGxpYi5vcmcvZiW1igAAAAlwSFlzAAAPYQAAD2EBqD+naQAABHBJREFUeJzt28tvTH8Yx/HP1FCXVhTRMJIiLCTduCysLOxspCthw1L8AeIf8BfY6bJrSwsSKwuREAu6Qht1i1u1LnGvIx+Pk9atVMmZeeb9Sk46nXbOjPx+3p7zPefUiqIoBACJdFT9AQDgXyNsANIhbADSIWwA0iFsANIhbADSIWwA0iFsANIhbADSIWwA0iFsANIhbADSIWwA0iFsANIhbADSIWwA0iFsANIhbADSIWwA0iFsANIhbADSIWwA0iFsANIhbADSIWwA0iFsANIhbADSIWwA0iFsANIhbADSqVf9AYA5eftWunlTmpyUVqyQtmyRFi+u+lOhyRA2NK9376SnT6X376U3b6TTp6VTp6QHD6Z/Z+1a6dAh6eBBafXq2Do7q/zUaAK1oiiKqj8E8EPMHj2SRkcjapcuRdD8+Fccs+PHpT17pP5+adWqb8O4aBHRayNMbGgOjpAPMa9ejYns7t2IkuN25crvX+94nTghTUxIT55IO3ZId+7E96Wenunole9J+FJiYkP1xsdjKjt7Vhobi/Wzhw/j+WfP5ravBQukgQFp69bY+vqkFy8iYs+fS+vWSbt3S69eScPDs4cPLYuwoVoOzrlz0oULMa29fh2HoZ7aZjv0nM3y5RG1XbuklSulDx+kZcsien6/vXsjbC9fSr29UkeH9OlTvG93d7yOya2lcbkHqnX/vnTtWpwc8OZDQsfnb6NmDtaNG9KZM3EY6++9LV0a7+Hp8PHj6aiZv/p7T4g+PEVLqzUaDSY2VKc84+mJyY9rNenjR/UUha7PY7f9kiYdq3o9Ymnetzfz9LZw4Y8vnJqK5/1ztCz/VyZsaDp9km7P4/UbJI39w8+D1lJvNBpVfwa0s/IQ9Ouk9mVimppS9zx32yWp4YnNk9fM6WvJkumpzV9n/szv7edYX2t5nDxAtetrFy/GmdCREenePenWrfjqxf358HqZ70rwYejGjXFCwetqvgxk+/b4mS8vKc+K+q+BTzRwVjQFrmNDdbym5vWsbdtikvLivgPj532blC/78BQ3V47Z5s2x+YyoJzDvy+t4jlYZL29cx5YSExuqndguX5a8HOKAOT6+1sxnLT1N+bnz5yNIf8qHkjt3RrwcKcfK/LirS9q3T9q06b/9kdAcmNhQHUfHF8X6+jEfOq5ZE885ZOvXR4h8GDk4GL//u3+DHbX9++MCXE+C3le5xuZLSDyhsabcFpjYUC3fXTDzDoByrctrYOVhqdfhjhyJi3fL3/meJ7Jjx6SjR+Pxz/bJ+lnbIGyo3p/cs+nD1KEh6eTJONFQ8i1Thw9LBw7EIWb5Ou4DbWuEDa3F/7v67gDfSeDbnzyJlZdvAF8RNgDpcK8ogHQIG4B0CBuAdAgbgHQIG4B0CBuAdAgbgHQIG4B0CBuAdAgbgHQIG4B0CBuAdAgbgHQIG4B0CBuAdAgbgHQIG4B0CBuAdAgbgHQIG4B0CBuAdAgbgHQIG4B0CBuAdAgbgHQIG4B0CBuAdAgbAGXzGahxa5hlk7orAAAAAElFTkSuQmCC'}}]}, {'role': 'assistant', 'content': 'Final Answer: 0.4'}, {'role': 'user', 'content': [{'type': 'text', 'text': '\nYou are given both an image and a text-based representation of the same stimulus. \nIn both, a red dot appears on a horizontal line\nThe left end of the line corresponds to 0.0, and the right end to 1.0.\n\nText representation (the dot is marked as """"O""""):\n|---- ---------.------O---------------.-~|\n\n\nEstimate the horizontal position of the **center** of the red dot as a decimal number between 0 and 1.\nDo not explain. Only output the final answer as a number between 0 and 1:\nFinal Answer:\n'}, {'type': 'image_url', 'image_url': {'url': 'data:image/png;base64,iVBORw0KGgoAAAANSUhEUgAAATYAAABNCAYAAAAsLkgfAAAAOnRFWHRTb2Z0d2FyZQBNYXRwbG90bGliIHZlcnNpb24zLjEwLjMsIGh0dHBzOi8vbWF0cGxvdGxpYi5vcmcvZiW1igAAAAlwSFlzAAAPYQAAD2EBqD+naQAABENJREFUeJzt3MlqFG0chfHTMc6J8wSNGhfiFHAAB3ApKrgSxJ14B96KeAm6cqEggmvRhaAoIiiOoEYUnOfZJC3HlyYi36e0Bqpy8vygMF0m3SWGJ/+3qjqNVqvVEgAE6ar6AABgtBE2AHEIG4A4hA1AHMIGIA5hAxCHsAGIQ9gAxCFsAOIQNgBxCBuAOIQNQBzCBiAOYQMQh7ABiEPYAMQhbADiEDYAcQgbgDiEDUAcwgYgDmEDEIewAYhD2ADEIWwA4hA2AHEIG4A4hA1AHMIGIA5hAxCnu+oDADrSakkvXkjv30sTJ5bH375JkyZJ8+ZJkydXfYSoAcKG+vvyRbpxQzp8WDp+XHr0aOTvFi2Stm+Xli+XZs6U1qyRNm6UZsyo8ohRsUar5R95QA29fStdvCgdOSIdPSoNDv7/506YUIK2cKG0erW0a1d5zAQ3LjGxoR4T2fPn0rt3ZYnZ01MenzkjnTghXb785+cYGpLOn5fWrSsfP3kivXkjrV9flqtfv7JcHUeY2FAtny+7dk168EAaGChh82R26VLZd+9eZ8/XaEg7dpS4LVkiTZ1alquOpZ/XE51j56UrgYtF2FDtpOYpy3F7+lT6/LlsJ09KN29KHz+WSatTjpm3adPKlLZggTRrVjkH5/B5avMydcMGAheKpSiq4+Xmq1clLB8+SNOnSxcuSC9flunqd+fUfufTp5Gvd+D8Ov7YU5snudu3peHhMhFu3lwCN3fuaP/rUKFGs9lkYkM1HBnfqmEOjxcPnuKGhjR7cFBX/+Gp+yW99nRm/tNbV1e5yGC+VcT7/NgbU1sU/88TNtTOUkn3/+Hr+yQNjOLxYGzpbjabVR8DxjNPaF4WevPU5glueFi9nua87y/1SGr+PKm1TyV3d5d97QnNj9sTXHuaw5jHxQPU56rorVvSuXPlQoLduTOyVO2Ew+WLBb295eKBA+lzeFOmSCtWSCtXSosXl5t4fUOvX2/TJokf8jEIG+p1H9v169Lp09KVK+X2j4cPO38+x2z+/HJBwFOYr656MvPW1yetXVsitmxZeW0HcMsWzrMFIWyo5zsOPLmdPSsdPNjZ1OZpzdOXJzLf1mG+GurIOXie5Pwt72nNoZszR+rv56poGMKG+vI05feG7t9fYvSnb1VHbc8e6cCBsrz0Mtfx8kTmG3MdsPa7GngnQjTChvo7dUrau7eEzv7rW9Yn//ftk3bvlnbuLPsI2LhF2DA23L0rHTokHTsmPX48st9LyG3bpK1bpVWruNkWPxA2jB2e2J49K8tMT2J+D6iXmvw+NvyCsAGIw68GBxCHsAGIQ9gAxCFsAOIQNgBxCBuAOIQNQBzCBiAOYQMQh7ABiEPYAMQhbADiEDYAcQgbgDiEDUAcwgYgDmEDEIewAYhD2ADEIWwA4hA2AHEIG4A4hA1AHMIGIA5hAxCHsAGIQ9gAxCFsAJTmO2SDQNow6FxCAAAAAElFTkSuQmCC'}}]}]",Final Answer: 0.45
anthropic/claude-3.7-sonnet,sample_007,0.52323,0.52323,0.55,"[{'role': 'system', 'content': 'You are a helpful assistant.'}, {'role': 'user', 'content': [{'type': 'text', 'text': '\nYou are given both an image and a text-based representation of the same stimulus. \nIn both, a red dot appears on a horizontal line\nThe left end of the line corresponds to 0.0, and the right end to 1.0.\n\nText representation (the dot is marked as """"O""""):\n|.-- -~=-------- ---------O--------------|\n\n\nEstimate the horizontal position of the **center** of the red dot as a decimal number between 0 and 1.\nDo not explain. Only output the final answer as a number between 0 and 1:\nFinal Answer:\n'}, {'type': 'image_url', 'image_url': {'url': 'data:image/png;base64,iVBORw0KGgoAAAANSUhEUgAAATYAAABNCAYAAAAsLkgfAAAAOnRFWHRTb2Z0d2FyZQBNYXRwbG90bGliIHZlcnNpb24zLjEwLjMsIGh0dHBzOi8vbWF0cGxvdGxpYi5vcmcvZiW1igAAAAlwSFlzAAAPYQAAD2EBqD+naQAABJVJREFUeJzt3ElvTXEYx/HfbWtuUaQSFy1i0bSRsECQ2HkNYmNnx9LGOxCJROyFlYXY8AZ0YVFCDCExxFBjYqgp5h755XHShohSt72e8/0kTfW0vfda9Nvnf87/tFYURSEASKRlql8AAPxrhA1AOoQNQDqEDUA6hA1AOoQNQDqEDUA6hA1AOoQNQDqEDUA6hA1AOoQNQDqEDUA6hA1AOoQNQDqEDUA6hA1AOoQNQDqEDUA6hA1AOoQNQDqEDUA6hA1AOoQNQDqEDUA6hA1AOoQNQDqEDUA6hA1AOoQNQDptU/0CgKZVFNLz59Lbt1J7u7RwoVSrTfWrwjgQNlTbx4/Ss2fSp0/S9OlSR4f04IF0/Lh07Jh0797o165aJe3eLW3fLn35Mvo9ixZJM2b8/FjlcUy6WlH41xJQMY7QzZvS1avSu3fS3LnShw/SwEAEzXH6UTmtOVZ790pr18bHnZ3SkiXSo0fSy5fS58/S69fSnDlSf7+0ejWBm2SEDdXj5eWFC9KZM9LDh9LMmdLs2RG606djCfo7LS3SgQPSli0x4XmyW748Jr47d6RXr6ThYWnWLGnDBmnduljKYlIQNlRrSnPIBgely5elS5diCvPxoSHpxo3xRa3k5eahQ9KbN/FYmzdLX7/GxLZgQXzNkydSV5e0YoW0cSOT2yThHBuqM6V52Xn9unT+vHTtWgSpry+mL18g+NPf8V6u7t8v9fbGMvTp01iWbtoUj+nA+TnmzYtpcNkyaeXKRv0PMQZhQ36eyBw1T2s+ue8pysHxBYBbt2Jqc5T+xt27ccXUfK7Oj++orVkT59keP47P+bn8dY4cS9KGq9XrdZaiyM3LQ09XIyOjS0X/+/vnOkdGdGUCZ2T6azUNt7VJra3xuA6l3xw4H/PnfLz8mOVow/kyD2FDpXV78JrA9/dIGrMpBE2grV6vT/VrABrLU5q3cngq89Tk6ckf+31RqMPLxAlob21V3VNZOZmV0+C0aTGheXrz5/zcfi3lcTQMV0VRjXNsp05JFy/GnjJH5v792LPmc2s+5+ZzY38TOAfKG3e7u+PNy0xvzPW5tfXrY3/b/PlxBdXB89YQH2egaCguHiA/x8ZXKh0VX50sQ7NtW2yoPXdOun07LiT8KW/C9fTnScx6emJ7h5/DV0gduXJKdES9DcTH0FBMbKgOb8k4eza2fnhq82baxYtj6jp6VDpyZDRQ4+Fgbd0qLV0a05rfO2Z+zLF3Iph/zBw134nAVdGGI2yoll/dz+m7BQ4elA4fHt9+Np8327dP2rEjlpXePsK9o02DsAElh+jECWnXLun9+zg29sejvFfUt1+dPBlLWTQlwgb8yPd4+kZ43y7lc28lXyTYs0fauTM22qJpETbgV/yj8eJFLDN9Ps7nyPh7bP8FwgYgHf40OIB0CBuAdAgbgHQIG4B0CBuAdAgbgHQIG4B0CBuAdAgbgHQIG4B0CBuAdAgbgHQIG4B0CBuAdAgbgHQIG4B0CBuAdAgbgHQIG4B0CBuAdAgbgHQIG4B0CBuAdAgbgHQIG4B0CBuAdAgbgHQIGwBl8w2vMXCzyZNU9QAAAABJRU5ErkJggg=='}}]}, {'role': 'assistant', 'content': 'Final Answer: 0.57'}, {'role': 'user', 'content': [{'type': 'text', 'text': '\nYou are given both an image and a text-based representation of the same stimulus. \nIn both, a red dot appears on a horizontal line\nThe left end of the line corresponds to 0.0, and the right end to 1.0.\n\nText representation (the dot is marked as """"O""""):\n|--~---~----------------=--- =-----O-----|\n\n\nEstimate the horizontal position of the **center** of the red dot as a decimal number between 0 and 1.\nDo not explain. Only output the final answer as a number between 0 and 1:\nFinal Answer:\n'}, {'type': 'image_url', 'image_url': {'url': 'data:image/png;base64,iVBORw0KGgoAAAANSUhEUgAAATYAAABNCAYAAAAsLkgfAAAAOnRFWHRTb2Z0d2FyZQBNYXRwbG90bGliIHZlcnNpb24zLjEwLjMsIGh0dHBzOi8vbWF0cGxvdGxpYi5vcmcvZiW1igAAAAlwSFlzAAAPYQAAD2EBqD+naQAABNNJREFUeJzt3MtvjG0Yx/HfVNUhrSgNYkLfSARJbUScYmdHxEKsJNZi5/+w8ieItZWNtcTCQlCHhOCtQ5yps2L6vPm9lyczeDvTaWv6uvr9JE0P087M6pvrvp/7aaUoikIAkEjXbL8BAJhphA1AOoQNQDqEDUA6hA1AOoQNQDqEDUA6hA1AOoQNQDqEDUA6hA1AOoQNQDqEDUA6hA1AOoQNQDqEDUA6hA1AOoQNQDqEDUA6hA1AOoQNQDqEDUA6hA1AOoQNQDqEDUA6hA1AOoQNQDqEDUA6hA1AOoQNQDrds/0GAPyBxsak58+lp0+lr1+lNWuk1aulSqX++IsX0pcvUk+PNDAgLVjQsbdH2AC01hiqx4+l06elM2cibKXBQen4cWn/funBA+n16/pj/f3S0JC0fHlHolcpiqKY0WcE8Gcb+x6ed++k9+9jInv0SHIqLl+WTpyIKE1k/nzp8GFp716pt1dasiQi19cnrV8v3b5dj56f21PeunXSypU/Rm4aASRsAOpevpQuXZKuX4+p69Ur6dmzCMq3b9LZsxG4ydi2Tdq1S1q1Kqa1Dx+kri5p4cKI2Nu3ETm/zqJF0oYN0ooV8bt27drEU18LhA1AfUI6d066elV6+DD20BwdLz3Hx+Nzu7nYvr2+/7Z2bUxwW7ZEJIeHpY8fpaVLYzLbtCmev3FicwAdQ7++l72e+nbsaDm5cVUUQPBy01Hz8tAcHX98+hST3FRmoBs3pCdPYgl74UIsKx2q0dFY6i5bJnV/3+qv1SJkIyPS/fv1qJk/+3tPkI5gC1w8ABDK6cwTlCPnCcnx8eTUbE+tGe/R+Tm9/PRS1EvPjRvr8SynsXJvzt87cOVjjfy99+Mm8V4q1WqVpSgw142Px2T2+XPEw+Hxz4pC/UWh4Wk89VClotEyWvPmxYenNAesDJtf079Thqv8/mdewvpCgp+jCR86IWwAJjQo6W9N3V+SRtRZ3dVqtcMvCeB/pVaLCc3Tkye2cmLyz2o19U3z6XsrFVU9ZXlK85LUe3WeuPwansDMX/vnfg/lpObXL/f1Gh/7eYn6H7gqCsx19+5JV67E1cubN6Xz5yN23hu7eDH22Lw/Vu6FtcPB8vDkK5579ki7d8fxER8F8c+bnVWbxjk2Lh4Ac11PT3x2uHxGzIdlHRDHyOfKbt2S7t6Nq5vt8vk0P5+j6eMePpfmK6GOlPl1Jlo1NnusBY57AHPdwEAcfvVVUN8l4K/LDf2dO+M2qX37Wm7Y/8J/7wO6W7dGzN68iXNoPmT7m+8bZSkKQP+eUytP+vuOAJ8lc5g8ZTlGPljrqe3YsdjvapUN/61vqzpyJJaSPkriwG3e3JGb4QkbgF/3tMosOFCN+1u+M+HgwTi4a435KC8AeIP/6FHpwIGYANu4Y2CmEDYA7fFdA6dOSSdPSnfu/PjfPQ4diqXm4sUROOfFy9BJ3uM5UwgbgKlxOnyLk+9O8ETmgHlqm+X/xWaEDUA6XBUFkA5hA5AOYQOQDmEDkA5hA5AOYQOQDmEDkA5hA5AOYQOQDmEDkA5hA5AOYQOQDmEDkA5hA5AOYQOQDmEDkA5hA5AOYQOQDmEDkA5hA5AOYQOQDmEDkA5hA5AOYQOQDmEDkA5hA5AOYQOQDmEDoGz+AaQ5oOTiCrZ7AAAAAElFTkSuQmCC'}}]}, {'role': 'assistant', 'content': 'Final Answer: 0.85'}, {'role': 'user', 'content': [{'type': 'text', 'text': '\nYou are given both an image and a text-based representation of the same stimulus. \nIn both, a red dot appears on a horizontal line\nThe left end of the line corresponds to 0.0, and the right end to 1.0.\n\nText representation (the dot is marked as """"O""""):\n|--~----~-----------------~=---O----=----|\n\n\nEstimate the horizontal position of the **center** of the red dot as a decimal number between 0 and 1.\nDo not explain. Only output the final answer as a number between 0 and 1:\nFinal Answer:\n'}, {'type': 'image_url', 'image_url': {'url': 'data:image/png;base64,iVBORw0KGgoAAAANSUhEUgAAATYAAABNCAYAAAAsLkgfAAAAOnRFWHRTb2Z0d2FyZQBNYXRwbG90bGliIHZlcnNpb24zLjEwLjMsIGh0dHBzOi8vbWF0cGxvdGxpYi5vcmcvZiW1igAAAAlwSFlzAAAPYQAAD2EBqD+naQAABDBJREFUeJzt3LlrVGsYgPHnJHFPlFFBZdR7XQtJISIW6VSsxEqwE8FaLfwvbG209h+wFgQt3BAE8QqKqFz3BY3B3Why5OVjGC/IJYmCOW+eHwyzJDmTZh6+5Zyp6rqukaREev70PyBJv5thk5SOYZOUjmGTlI5hk5SOYZOUjmGTlI5hk5SOYZOUjmGTlI5hk5SOYZOUjmGTlI5hk5SOYZOUjmGTlI5hk5SOYZOUjmGTlI5hk5SOYZOUjmGTlI5hk5SOYZOUjmGTlI5hk5SOYZOUjmGTlI5hk5SOYZOUTt+f/gckTcGXL/DqFYyOwuzZsHQpzJkDdQ2vX8P799DfD0uWQFUx0xg2qWkiXDdvwsuX5fHICPT2wosXcPo03L/f/d116+DwYThwAObN+3kME6rqOhIvqTEjtStX4MkTePoU7tyBW7fg8mUYGyujs/qHj3RntDZ3Lhw9Cps2wadP8O1bGc0NDZWRXRzn40eYPx82boSFC2kywyY1SQTt0iV4/hyuXoUbN8ptIqoKdu2CbdtKwJ49KzGM6PX0QF9fieLy5bB7N2zYQFMZNqlJa2nv3sHFiyVq587B3bv/HaFNJG5DQ2WKOj4O16/DwED3tZiuxlR28WI4eLCxIzfX2KTpvpb25k33tbdv4do1uHABHj+eXNRC/H5EMY65YkUJ57Jl5bhxvPXrYe3aMr2N6enWrTSRp3tI01EEJ6IWI7R2G1atKtPG8+fLVPTRo7JWNhVfv8LwcFlni1Hb589lE+HDh/J+MSWNqWmsuTVU1W63nYpK001ELAIUu52hE6C4HxujNTrKP7+wijQIjMyaVUZwEbF4HNPUeL94Hu8d63DxegPFlolhkxrmL+DfX/j7v4EH5NXXjmGupOk9YovNg7jF8/FxBuJx/HyK+oF2bEbEiCympDFa64zY4hY7pTElbSh3RaXpfL5arHnF4v7t23D2LLRasGBBic+xYyV2k1VV5Zg7dsDKlSVusZGwenW5T3AeW3OTLGUWi/mDg2UDIc5d64ykYtE/TsuIwG3fDmfOTP7YrRZs3lyOv2ZNuY9z1hJdheCITWrKeWwRuBjFxfMYdcWu5cmTZUo60Y9xby/s31/OW9u5s+y4Jgpah2GTmiTON/vx8qeHD2HfvhK22DH9P1UFhw7Bnj2wZUu5pCopwyY1XUxH9+7tnndW/+Ra0bii4MSJMkpLfPF7h2GTMohv+Dh1Co4fh3v3uq/HetyRI+XbPRYtYqYwbFIm8XEeHi67qXENaFzzOQO/j82wSUrHa0UlpWPYJKVj2CSlY9gkpWPYJKVj2CSlY9gkpWPYJKVj2CSlY9gkpWPYJKVj2CSlY9gkpWPYJKVj2CSlY9gkpWPYJKVj2CSlY9gkpWPYJKVj2CSlY9gkpWPYJKVj2CSlY9gkpWPYJKVj2CSlY9gkkc1310VHXTWff9MAAAAASUVORK5CYII='}}]}, {'role': 'assistant', 'content': 'Final Answer: 0.75'}, {'role': 'user', 'content': [{'type': 'text', 'text': '\nYou are given both an image and a text-based representation of the same stimulus. \nIn both, a red dot appears on a horizontal line\nThe left end of the line corresponds to 0.0, and the right end to 1.0.\n\nText representation (the dot is marked as """"O""""):\n|------~----------=.------- -O-------- --|\n\n\nEstimate the horizontal position of the **center** of the red dot as a decimal number between 0 and 1.\nDo not explain. Only output the final answer as a number between 0 and 1:\nFinal Answer:\n'}, {'type': 'image_url', 'image_url': {'url': 'data:image/png;base64,iVBORw0KGgoAAAANSUhEUgAAATYAAABNCAYAAAAsLkgfAAAAOnRFWHRTb2Z0d2FyZQBNYXRwbG90bGliIHZlcnNpb24zLjEwLjMsIGh0dHBzOi8vbWF0cGxvdGxpYi5vcmcvZiW1igAAAAlwSFlzAAAPYQAAD2EBqD+naQAABIJJREFUeJzt3EtLlGEchvF7PKSVVlZENJhGFEVGFJSiRPtqKa6CvkEfplW0q12rgnbRKoLETUgtaqGYYFGaSueD+cbN4+u4KGpqxpH/e/1gmJM6Q+Dlc5pKWZZlAoBAmhr9BgCg1ggbgHAIG4BwCBuAcAgbgHAIG4BwCBuAcAgbgHAIG4BwCBuAcAgbgHAIG4BwCBuAcAgbgHAIG4BwCBuAcAgbgHAIG4BwCBuAcAgbgHAIG4BwCBuAcAgbgHAIG4BwCBuAcAgbgHAIG4BwCBuAcAgbgHAIG4BwWhr9BgCsyDLp7Vvpwwepo0PatUv69k2am0vXmzZJu3dLbW2NfqcbHmEDGuXr1xQtX+7ckW7elCYnK8+Xy9LgoHTypNTaKrW3S3v3psf27WvkO9/wSlnmPxMA1pVHZk+fSnfvSlevSt+///5rm5uloSHp6FFp82app0caGanELQ8ko7pVhA2ot7Xh8a+br8fGpNu300jtb5RK0sWLUne39OWLdOiQdP681NQkvXolffxY+dquLqmvL01lC4qwAfWM2evX0vPn0rt3ae3M9xcXpWfPpIcPU+j+lkdup0+nsHlq6hGcp6eOnm8fOJBitrAgdXZKAwOFHbkRNqBe08w3b6THj6Xp6TRFfP9e+vQp3ffFsauWg+XpqC957Lzu5sf375eOHJGOH08RPXMmrdMVEJsHQK1Hao6aI+ZRlUdnW7dKMzPS7GwaXfkxP/8v/H0/flSmtb546rljh7S0lDYf2tqkPXvS1xRUqVwuM2IDasXR8UaAR1K+duhseTk95yWwpSU9+Y+JUp+kRQfS/HO8zubXa2lJt5tW7nua6usC8r8OYQPWUY+kqf/4/l5JL2r4fiJqKRd0Dg7UfcTm215Ty6eMvp9l6lwZuf2rDh9xW/uAR2/5KM1aW9P019cFxeYBUEueeo6OprUwr33duyc9eJDue+3LGwq+eHHf09NqOWLeOPD6mUPm+zt3puMdDqpfY3hYunSpsDuixuYBUEuOiSPjDQRvFnin0uH5/DmdQfNtB8nPzc9X//MdNa+l5a+Vbx7ko7XeXqm/v9BRM8IG1JrPkvkMWX4o158QuH8/TQ09Zdy2TZqaSiO7akZtHp35aIcP4zpu+RGPY8ekLVtSKM+eTYd3C46wAfXgEVO+fu2wOUQvX0rbt0snTqRzbPbo0Z8P6eY7oBcupJj5uIjPxXn059dwKP3Y4cPSuXOFH60Za2zAeh7a9acCzCM5j7zGx6Vr1ypnztb+OuZB82js+nXp1Km0Nue1NJ+L8/d4iuv7/nwoH45fRdiA9fKrD6vbxIR065Z044b0Ys1BjoMHpStXpMuX00jvTz+LkdoqwgZsFP5V9DqZd1A95fRUMx+1oSqEDUA4/NfgAMIhbADCIWwAwiFsAMIhbADCIWwAwiFsAMIhbADCIWwAwiFsAMIhbADCIWwAwiFsAMIhbADCIWwAwiFsAMIhbADCIWwAwiFsAMIhbADCIWwAwiFsAMIhbADCIWwAwiFsAMIhbADCIWwAwiFsABTNT3roXHIAyEx4AAAAAElFTkSuQmCC'}}]}, {'role': 'assistant', 'content': 'Final Answer: 0.65'}, {'role': 'user', 'content': [{'type': 'text', 'text': '\nYou are given both an image and a text-based representation of the same stimulus. \nIn both, a red dot appears on a horizontal line\nThe left end of the line corresponds to 0.0, and the right end to 1.0.\n\nText representation (the dot is marked as """"O""""):\n|-- ------ --=- ----=-O------------------|\n\n\nEstimate the horizontal position of the **center** of the red dot as a decimal number between 0 and 1.\nDo not explain. Only output the final answer as a number between 0 and 1:\nFinal Answer:\n'}, {'type': 'image_url', 'image_url': {'url': 'data:image/png;base64,iVBORw0KGgoAAAANSUhEUgAAATYAAABNCAYAAAAsLkgfAAAAOnRFWHRTb2Z0d2FyZQBNYXRwbG90bGliIHZlcnNpb24zLjEwLjMsIGh0dHBzOi8vbWF0cGxvdGxpYi5vcmcvZiW1igAAAAlwSFlzAAAPYQAAD2EBqD+naQAABHBJREFUeJzt28tvTH8Yx/HP1FCXVhTRMJIiLCTduCysLOxspCthw1L8AeIf8BfY6bJrSwsSKwuREAu6Qht1i1u1LnGvIx+Pk9atVMmZeeb9Sk46nXbOjPx+3p7zPefUiqIoBACJdFT9AQDgXyNsANIhbADSIWwA0iFsANIhbADSIWwA0iFsANIhbADSIWwA0iFsANIhbADSIWwA0iFsANIhbADSIWwA0iFsANIhbADSIWwA0iFsANIhbADSIWwA0iFsANIhbADSIWwA0iFsANIhbADSIWwA0iFsANIhbADSqVf9AYA5eftWunlTmpyUVqyQtmyRFi+u+lOhyRA2NK9376SnT6X376U3b6TTp6VTp6QHD6Z/Z+1a6dAh6eBBafXq2Do7q/zUaAK1oiiKqj8E8EPMHj2SRkcjapcuRdD8+Fccs+PHpT17pP5+adWqb8O4aBHRayNMbGgOjpAPMa9ejYns7t2IkuN25crvX+94nTghTUxIT55IO3ZId+7E96Wenunole9J+FJiYkP1xsdjKjt7Vhobi/Wzhw/j+WfP5ravBQukgQFp69bY+vqkFy8iYs+fS+vWSbt3S69eScPDs4cPLYuwoVoOzrlz0oULMa29fh2HoZ7aZjv0nM3y5RG1XbuklSulDx+kZcsien6/vXsjbC9fSr29UkeH9OlTvG93d7yOya2lcbkHqnX/vnTtWpwc8OZDQsfnb6NmDtaNG9KZM3EY6++9LV0a7+Hp8PHj6aiZv/p7T4g+PEVLqzUaDSY2VKc84+mJyY9rNenjR/UUha7PY7f9kiYdq3o9Ymnetzfz9LZw4Y8vnJqK5/1ztCz/VyZsaDp9km7P4/UbJI39w8+D1lJvNBpVfwa0s/IQ9Ouk9mVimppS9zx32yWp4YnNk9fM6WvJkumpzV9n/szv7edYX2t5nDxAtetrFy/GmdCREenePenWrfjqxf358HqZ70rwYejGjXFCwetqvgxk+/b4mS8vKc+K+q+BTzRwVjQFrmNDdbym5vWsbdtikvLivgPj532blC/78BQ3V47Z5s2x+YyoJzDvy+t4jlYZL29cx5YSExuqndguX5a8HOKAOT6+1sxnLT1N+bnz5yNIf8qHkjt3RrwcKcfK/LirS9q3T9q06b/9kdAcmNhQHUfHF8X6+jEfOq5ZE885ZOvXR4h8GDk4GL//u3+DHbX9++MCXE+C3le5xuZLSDyhsabcFpjYUC3fXTDzDoByrctrYOVhqdfhjhyJi3fL3/meJ7Jjx6SjR+Pxz/bJ+lnbIGyo3p/cs+nD1KEh6eTJONFQ8i1Thw9LBw7EIWb5Ou4DbWuEDa3F/7v67gDfSeDbnzyJlZdvAF8RNgDpcK8ogHQIG4B0CBuAdAgbgHQIG4B0CBuAdAgbgHQIG4B0CBuAdAgbgHQIG4B0CBuAdAgbgHQIG4B0CBuAdAgbgHQIG4B0CBuAdAgbgHQIG4B0CBuAdAgbgHQIG4B0CBuAdAgbgHQIG4B0CBuAdAgbAGXzGahxa5hlk7orAAAAAElFTkSuQmCC'}}]}, {'role': 'assistant', 'content': 'Final Answer: 0.4'}, {'role': 'user', 'content': [{'type': 'text', 'text': '\nYou are given both an image and a text-based representation of the same stimulus. \nIn both, a red dot appears on a horizontal line\nThe left end of the line corresponds to 0.0, and the right end to 1.0.\n\nText representation (the dot is marked as """"O""""):\n|---- ---------.------O---------------.-~|\n\n\nEstimate the horizontal position of the **center** of the red dot as a decimal number between 0 and 1.\nDo not explain. Only output the final answer as a number between 0 and 1:\nFinal Answer:\n'}, {'type': 'image_url', 'image_url': {'url': 'data:image/png;base64,iVBORw0KGgoAAAANSUhEUgAAATYAAABNCAYAAAAsLkgfAAAAOnRFWHRTb2Z0d2FyZQBNYXRwbG90bGliIHZlcnNpb24zLjEwLjMsIGh0dHBzOi8vbWF0cGxvdGxpYi5vcmcvZiW1igAAAAlwSFlzAAAPYQAAD2EBqD+naQAABENJREFUeJzt3MlqFG0chfHTMc6J8wSNGhfiFHAAB3ApKrgSxJ14B96KeAm6cqEggmvRhaAoIiiOoEYUnOfZJC3HlyYi36e0Bqpy8vygMF0m3SWGJ/+3qjqNVqvVEgAE6ar6AABgtBE2AHEIG4A4hA1AHMIGIA5hAxCHsAGIQ9gAxCFsAOIQNgBxCBuAOIQNQBzCBiAOYQMQh7ABiEPYAMQhbADiEDYAcQgbgDiEDUAcwgYgDmEDEIewAYhD2ADEIWwA4hA2AHEIG4A4hA1AHMIGIA5hAxCnu+oDADrSakkvXkjv30sTJ5bH375JkyZJ8+ZJkydXfYSoAcKG+vvyRbpxQzp8WDp+XHr0aOTvFi2Stm+Xli+XZs6U1qyRNm6UZsyo8ohRsUar5R95QA29fStdvCgdOSIdPSoNDv7/506YUIK2cKG0erW0a1d5zAQ3LjGxoR4T2fPn0rt3ZYnZ01MenzkjnTghXb785+cYGpLOn5fWrSsfP3kivXkjrV9flqtfv7JcHUeY2FAtny+7dk168EAaGChh82R26VLZd+9eZ8/XaEg7dpS4LVkiTZ1alquOpZ/XE51j56UrgYtF2FDtpOYpy3F7+lT6/LlsJ09KN29KHz+WSatTjpm3adPKlLZggTRrVjkH5/B5avMydcMGAheKpSiq4+Xmq1clLB8+SNOnSxcuSC9flunqd+fUfufTp5Gvd+D8Ov7YU5snudu3peHhMhFu3lwCN3fuaP/rUKFGs9lkYkM1HBnfqmEOjxcPnuKGhjR7cFBX/+Gp+yW99nRm/tNbV1e5yGC+VcT7/NgbU1sU/88TNtTOUkn3/+Hr+yQNjOLxYGzpbjabVR8DxjNPaF4WevPU5glueFi9nua87y/1SGr+PKm1TyV3d5d97QnNj9sTXHuaw5jHxQPU56rorVvSuXPlQoLduTOyVO2Ew+WLBb295eKBA+lzeFOmSCtWSCtXSosXl5t4fUOvX2/TJokf8jEIG+p1H9v169Lp09KVK+X2j4cPO38+x2z+/HJBwFOYr656MvPW1yetXVsitmxZeW0HcMsWzrMFIWyo5zsOPLmdPSsdPNjZ1OZpzdOXJzLf1mG+GurIOXie5Pwt72nNoZszR+rv56poGMKG+vI05feG7t9fYvSnb1VHbc8e6cCBsrz0Mtfx8kTmG3MdsPa7GngnQjTChvo7dUrau7eEzv7rW9Yn//ftk3bvlnbuLPsI2LhF2DA23L0rHTokHTsmPX48st9LyG3bpK1bpVWruNkWPxA2jB2e2J49K8tMT2J+D6iXmvw+NvyCsAGIw68GBxCHsAGIQ9gAxCFsAOIQNgBxCBuAOIQNQBzCBiAOYQMQh7ABiEPYAMQhbADiEDYAcQgbgDiEDUAcwgYgDmEDEIewAYhD2ADEIWwA4hA2AHEIG4A4hA1AHMIGIA5hAxCHsAGIQ9gAxCFsAJTmO2SDQNow6FxCAAAAAElFTkSuQmCC'}}]}, {'role': 'assistant', 'content': 'Final Answer: 0.45'}, {'role': 'user', 'content': [{'type': 'text', 'text': '\nYou are given both an image and a text-based representation of the same stimulus. \nIn both, a red dot appears on a horizontal line\nThe left end of the line corresponds to 0.0, and the right end to 1.0.\n\nText representation (the dot is marked as """"O""""):\n|--- --- ------------O-------------=-=-- |\n\n\nEstimate the horizontal position of the **center** of the red dot as a decimal number between 0 and 1.\nDo not explain. Only output the final answer as a number between 0 and 1:\nFinal Answer:\n'}, {'type': 'image_url', 'image_url': {'url': 'data:image/png;base64,iVBORw0KGgoAAAANSUhEUgAAATYAAABNCAYAAAAsLkgfAAAAOnRFWHRTb2Z0d2FyZQBNYXRwbG90bGliIHZlcnNpb24zLjEwLjMsIGh0dHBzOi8vbWF0cGxvdGxpYi5vcmcvZiW1igAAAAlwSFlzAAAPYQAAD2EBqD+naQAABFJJREFUeJzt3NuLzH0cwPH3jHVsl9YhMdiNCG1cKHGDCzdKSQ7lyq1S/hM3/gT5FyQJcSERYZVT8jw5n4mcmafP832mpSfPM2ZmTfvp/aqtndm1+5ua3vs9/VTq9XodSUqk2u0LkKROM2yS0jFsktIxbJLSMWyS0jFsktIxbJLSMWyS0jFsktIxbJLSMWyS0jFsktIxbJLSMWyS0jFsktIxbJLSMWyS0jFsktIxbJLSMWyS0jFsktIxbJLSMWyS0jFsktIxbJLSMWyS0jFsktIxbJLSMWyS0unp9gVIP/j4EZ49g0+fYMIEmDkTJk7s9lVpjDFs6m68xo+HSgU+fy6PHzyAV69Gvre/H4aGYMaMbl6xxhjDpt/r+XO4ehXu3YMTJ+DwYXj8eOTrs2bBzp2wfn2J3p07JXjr1jlyU9Mq9Xq93vy3Sy2MzN68gbdvy9Ty5k24fBn274cPH+Bnb7+eHti6FZYsgXHjYMcOWLzYaaqaYtg0uiOz69fhwgV4+rQ8H5GLkVqzb7vVq2FgANauhYUL4datEsRJk2DZMlizxmmq/sWwaXRGaqdPw7lzcPIkPHxY1tEianfvNh+1hgULYP58qNVK0KpV+PatjNo2bIDt2x256QeusanzU8/hYThyBC5dgtu34evXMrWM6Wgrf0cjhrEO9/49bNpUIhY/M9bpjh+HVatg6dLReEUaozzHps5NPc+ehTNn4NixMv2MqL1+De/elZ3O+LwVEcOIZkxDr1wpPy/W3ebNg5cv4caNTr8ajXGVWq3mVFTti/A0RmOxuB+P4whHPFet0l+vM9zGqscQ8PchkAhaTEFjBBjid0yZApMnd+Z1KIVK/D3s9kUovwHgjzb+/SDwZwevR7n11GJBVmpHrHfFyClGU/F5jNgaB25jkb9Soa/NPapeoBYbEPERvyfOuIUYufX2luelf7grqvbdvw/nz5ddyy9fyo7oxYvlLoJr10rc4vlWNw8iZIODZXobsZwzB1asKB9btpTzbdJ33BVV++KgbNz6FDuXs2fDypUldo8ewdy5ZRQXQYuvv3jx6z9/+vRyR0KM0uIM28aNsHlzudVq6tTReEUa4xyxqbMHcmOXsvE47jJ48mTkboEYtZ06VULXrJhiRsCmTStn2OLA7t69JZjSTxg2jd7/zNHXVx7HObQ46hFxitjt2VOmp/+lsWa2a1eZ4sah3OXLy2jNqOl/GDb9fkePwrZt5Txa+P4t2AhaHN84dKiM0Lw3VL/IsKk74sDuwYNw4EA5yNuwaBHs2we7d5cRntQCw6buirdfbCjEfaQxdY2NAo9uqE2GTVI63isqKR3DJikdwyYpHcMmKR3DJikdwyYpHcMmKR3DJikdwyYpHcMmKR3DJikdwyYpHcMmKR3DJikdwyYpHcMmKR3DJikdwyYpHcMmKR3DJikdwyYpHcMmKR3DJikdwyYpHcMmKR3DJikdwyYpHcMmiWz+AoHRW3E6aNocAAAAAElFTkSuQmCC'}}]}]",Final Answer: 0.55
anthropic/claude-3.7-sonnet,sample_008,0.84647,0.84647,0.8,"[{'role': 'system', 'content': 'You are a helpful assistant.'}, {'role': 'user', 'content': [{'type': 'text', 'text': '\nYou are given both an image and a text-based representation of the same stimulus. \nIn both, a red dot appears on a horizontal line\nThe left end of the line corresponds to 0.0, and the right end to 1.0.\n\nText representation (the dot is marked as """"O""""):\n|.-- -~=-------- ---------O--------------|\n\n\nEstimate the horizontal position of the **center** of the red dot as a decimal number between 0 and 1.\nDo not explain. Only output the final answer as a number between 0 and 1:\nFinal Answer:\n'}, {'type': 'image_url', 'image_url': {'url': 'data:image/png;base64,iVBORw0KGgoAAAANSUhEUgAAATYAAABNCAYAAAAsLkgfAAAAOnRFWHRTb2Z0d2FyZQBNYXRwbG90bGliIHZlcnNpb24zLjEwLjMsIGh0dHBzOi8vbWF0cGxvdGxpYi5vcmcvZiW1igAAAAlwSFlzAAAPYQAAD2EBqD+naQAABJVJREFUeJzt3ElvTXEYx/HfbWtuUaQSFy1i0bSRsECQ2HkNYmNnx9LGOxCJROyFlYXY8AZ0YVFCDCExxFBjYqgp5h755XHShohSt72e8/0kTfW0vfda9Nvnf87/tFYURSEASKRlql8AAPxrhA1AOoQNQDqEDUA6hA1AOoQNQDqEDUA6hA1AOoQNQDqEDUA6hA1AOoQNQDqEDUA6hA1AOoQNQDqEDUA6hA1AOoQNQDqEDUA6hA1AOoQNQDqEDUA6hA1AOoQNQDqEDUA6hA1AOoQNQDqEDUA6hA1AOoQNQDptU/0CgKZVFNLz59Lbt1J7u7RwoVSrTfWrwjgQNlTbx4/Ss2fSp0/S9OlSR4f04IF0/Lh07Jh0797o165aJe3eLW3fLn35Mvo9ixZJM2b8/FjlcUy6WlH41xJQMY7QzZvS1avSu3fS3LnShw/SwEAEzXH6UTmtOVZ790pr18bHnZ3SkiXSo0fSy5fS58/S69fSnDlSf7+0ejWBm2SEDdXj5eWFC9KZM9LDh9LMmdLs2RG606djCfo7LS3SgQPSli0x4XmyW748Jr47d6RXr6ThYWnWLGnDBmnduljKYlIQNlRrSnPIBgely5elS5diCvPxoSHpxo3xRa3k5eahQ9KbN/FYmzdLX7/GxLZgQXzNkydSV5e0YoW0cSOT2yThHBuqM6V52Xn9unT+vHTtWgSpry+mL18g+NPf8V6u7t8v9fbGMvTp01iWbtoUj+nA+TnmzYtpcNkyaeXKRv0PMQZhQ36eyBw1T2s+ue8pysHxBYBbt2Jqc5T+xt27ccXUfK7Oj++orVkT59keP47P+bn8dY4cS9KGq9XrdZaiyM3LQ09XIyOjS0X/+/vnOkdGdGUCZ2T6azUNt7VJra3xuA6l3xw4H/PnfLz8mOVow/kyD2FDpXV78JrA9/dIGrMpBE2grV6vT/VrABrLU5q3cngq89Tk6ckf+31RqMPLxAlob21V3VNZOZmV0+C0aTGheXrz5/zcfi3lcTQMV0VRjXNsp05JFy/GnjJH5v792LPmc2s+5+ZzY38TOAfKG3e7u+PNy0xvzPW5tfXrY3/b/PlxBdXB89YQH2egaCguHiA/x8ZXKh0VX50sQ7NtW2yoPXdOun07LiT8KW/C9fTnScx6emJ7h5/DV0gduXJKdES9DcTH0FBMbKgOb8k4eza2fnhq82baxYtj6jp6VDpyZDRQ4+Fgbd0qLV0a05rfO2Z+zLF3Iph/zBw134nAVdGGI2yoll/dz+m7BQ4elA4fHt9+Np8327dP2rEjlpXePsK9o02DsAElh+jECWnXLun9+zg29sejvFfUt1+dPBlLWTQlwgb8yPd4+kZ43y7lc28lXyTYs0fauTM22qJpETbgV/yj8eJFLDN9Ps7nyPh7bP8FwgYgHf40OIB0CBuAdAgbgHQIG4B0CBuAdAgbgHQIG4B0CBuAdAgbgHQIG4B0CBuAdAgbgHQIG4B0CBuAdAgbgHQIG4B0CBuAdAgbgHQIG4B0CBuAdAgbgHQIG4B0CBuAdAgbgHQIG4B0CBuAdAgbgHQIGwBl8w2vMXCzyZNU9QAAAABJRU5ErkJggg=='}}]}, {'role': 'assistant', 'content': 'Final Answer: 0.57'}, {'role': 'user', 'content': [{'type': 'text', 'text': '\nYou are given both an image and a text-based representation of the same stimulus. \nIn both, a red dot appears on a horizontal line\nThe left end of the line corresponds to 0.0, and the right end to 1.0.\n\nText representation (the dot is marked as """"O""""):\n|--~---~----------------=--- =-----O-----|\n\n\nEstimate the horizontal position of the **center** of the red dot as a decimal number between 0 and 1.\nDo not explain. Only output the final answer as a number between 0 and 1:\nFinal Answer:\n'}, {'type': 'image_url', 'image_url': {'url': 'data:image/png;base64,iVBORw0KGgoAAAANSUhEUgAAATYAAABNCAYAAAAsLkgfAAAAOnRFWHRTb2Z0d2FyZQBNYXRwbG90bGliIHZlcnNpb24zLjEwLjMsIGh0dHBzOi8vbWF0cGxvdGxpYi5vcmcvZiW1igAAAAlwSFlzAAAPYQAAD2EBqD+naQAABNNJREFUeJzt3MtvjG0Yx/HfVNUhrSgNYkLfSARJbUScYmdHxEKsJNZi5/+w8ieItZWNtcTCQlCHhOCtQ5yps2L6vPm9lyczeDvTaWv6uvr9JE0P087M6pvrvp/7aaUoikIAkEjXbL8BAJhphA1AOoQNQDqEDUA6hA1AOoQNQDqEDUA6hA1AOoQNQDqEDUA6hA1AOoQNQDqEDUA6hA1AOoQNQDqEDUA6hA1AOoQNQDqEDUA6hA1AOoQNQDqEDUA6hA1AOoQNQDqEDUA6hA1AOoQNQDqEDUA6hA1AOoQNQDrds/0GAPyBxsak58+lp0+lr1+lNWuk1aulSqX++IsX0pcvUk+PNDAgLVjQsbdH2AC01hiqx4+l06elM2cibKXBQen4cWn/funBA+n16/pj/f3S0JC0fHlHolcpiqKY0WcE8Gcb+x6ed++k9+9jInv0SHIqLl+WTpyIKE1k/nzp8GFp716pt1dasiQi19cnrV8v3b5dj56f21PeunXSypU/Rm4aASRsAOpevpQuXZKuX4+p69Ur6dmzCMq3b9LZsxG4ydi2Tdq1S1q1Kqa1Dx+kri5p4cKI2Nu3ETm/zqJF0oYN0ooV8bt27drEU18LhA1AfUI6d066elV6+DD20BwdLz3Hx+Nzu7nYvr2+/7Z2bUxwW7ZEJIeHpY8fpaVLYzLbtCmev3FicwAdQ7++l72e+nbsaDm5cVUUQPBy01Hz8tAcHX98+hST3FRmoBs3pCdPYgl74UIsKx2q0dFY6i5bJnV/3+qv1SJkIyPS/fv1qJk/+3tPkI5gC1w8ABDK6cwTlCPnCcnx8eTUbE+tGe/R+Tm9/PRS1EvPjRvr8SynsXJvzt87cOVjjfy99+Mm8V4q1WqVpSgw142Px2T2+XPEw+Hxz4pC/UWh4Wk89VClotEyWvPmxYenNAesDJtf079Thqv8/mdewvpCgp+jCR86IWwAJjQo6W9N3V+SRtRZ3dVqtcMvCeB/pVaLCc3Tkye2cmLyz2o19U3z6XsrFVU9ZXlK85LUe3WeuPwansDMX/vnfg/lpObXL/f1Gh/7eYn6H7gqCsx19+5JV67E1cubN6Xz5yN23hu7eDH22Lw/Vu6FtcPB8vDkK5579ki7d8fxER8F8c+bnVWbxjk2Lh4Ac11PT3x2uHxGzIdlHRDHyOfKbt2S7t6Nq5vt8vk0P5+j6eMePpfmK6GOlPl1Jlo1NnusBY57AHPdwEAcfvVVUN8l4K/LDf2dO+M2qX37Wm7Y/8J/7wO6W7dGzN68iXNoPmT7m+8bZSkKQP+eUytP+vuOAJ8lc5g8ZTlGPljrqe3YsdjvapUN/61vqzpyJJaSPkriwG3e3JGb4QkbgF/3tMosOFCN+1u+M+HgwTi4a435KC8AeIP/6FHpwIGYANu4Y2CmEDYA7fFdA6dOSSdPSnfu/PjfPQ4diqXm4sUROOfFy9BJ3uM5UwgbgKlxOnyLk+9O8ETmgHlqm+X/xWaEDUA6XBUFkA5hA5AOYQOQDmEDkA5hA5AOYQOQDmEDkA5hA5AOYQOQDmEDkA5hA5AOYQOQDmEDkA5hA5AOYQOQDmEDkA5hA5AOYQOQDmEDkA5hA5AOYQOQDmEDkA5hA5AOYQOQDmEDkA5hA5AOYQOQDmEDoGz+AaQ5oOTiCrZ7AAAAAElFTkSuQmCC'}}]}, {'role': 'assistant', 'content': 'Final Answer: 0.85'}, {'role': 'user', 'content': [{'type': 'text', 'text': '\nYou are given both an image and a text-based representation of the same stimulus. \nIn both, a red dot appears on a horizontal line\nThe left end of the line corresponds to 0.0, and the right end to 1.0.\n\nText representation (the dot is marked as """"O""""):\n|--~----~-----------------~=---O----=----|\n\n\nEstimate the horizontal position of the **center** of the red dot as a decimal number between 0 and 1.\nDo not explain. Only output the final answer as a number between 0 and 1:\nFinal Answer:\n'}, {'type': 'image_url', 'image_url': {'url': 'data:image/png;base64,iVBORw0KGgoAAAANSUhEUgAAATYAAABNCAYAAAAsLkgfAAAAOnRFWHRTb2Z0d2FyZQBNYXRwbG90bGliIHZlcnNpb24zLjEwLjMsIGh0dHBzOi8vbWF0cGxvdGxpYi5vcmcvZiW1igAAAAlwSFlzAAAPYQAAD2EBqD+naQAABDBJREFUeJzt3LlrVGsYgPHnJHFPlFFBZdR7XQtJISIW6VSsxEqwE8FaLfwvbG209h+wFgQt3BAE8QqKqFz3BY3B3Why5OVjGC/IJYmCOW+eHwyzJDmTZh6+5Zyp6rqukaREev70PyBJv5thk5SOYZOUjmGTlI5hk5SOYZOUjmGTlI5hk5SOYZOUjmGTlI5hk5SOYZOUjmGTlI5hk5SOYZOUjmGTlI5hk5SOYZOUjmGTlI5hk5SOYZOUjmGTlI5hk5SOYZOUjmGTlI5hk5SOYZOUjmGTlI5hk5SOYZOUTt+f/gckTcGXL/DqFYyOwuzZsHQpzJkDdQ2vX8P799DfD0uWQFUx0xg2qWkiXDdvwsuX5fHICPT2wosXcPo03L/f/d116+DwYThwAObN+3kME6rqOhIvqTEjtStX4MkTePoU7tyBW7fg8mUYGyujs/qHj3RntDZ3Lhw9Cps2wadP8O1bGc0NDZWRXRzn40eYPx82boSFC2kywyY1SQTt0iV4/hyuXoUbN8ptIqoKdu2CbdtKwJ49KzGM6PX0QF9fieLy5bB7N2zYQFMZNqlJa2nv3sHFiyVq587B3bv/HaFNJG5DQ2WKOj4O16/DwED3tZiuxlR28WI4eLCxIzfX2KTpvpb25k33tbdv4do1uHABHj+eXNRC/H5EMY65YkUJ57Jl5bhxvPXrYe3aMr2N6enWrTSRp3tI01EEJ6IWI7R2G1atKtPG8+fLVPTRo7JWNhVfv8LwcFlni1Hb589lE+HDh/J+MSWNqWmsuTVU1W63nYpK001ELAIUu52hE6C4HxujNTrKP7+wijQIjMyaVUZwEbF4HNPUeL94Hu8d63DxegPFlolhkxrmL+DfX/j7v4EH5NXXjmGupOk9YovNg7jF8/FxBuJx/HyK+oF2bEbEiCympDFa64zY4hY7pTElbSh3RaXpfL5arHnF4v7t23D2LLRasGBBic+xYyV2k1VV5Zg7dsDKlSVusZGwenW5T3AeW3OTLGUWi/mDg2UDIc5d64ykYtE/TsuIwG3fDmfOTP7YrRZs3lyOv2ZNuY9z1hJdheCITWrKeWwRuBjFxfMYdcWu5cmTZUo60Y9xby/s31/OW9u5s+y4Jgpah2GTmiTON/vx8qeHD2HfvhK22DH9P1UFhw7Bnj2wZUu5pCopwyY1XUxH9+7tnndW/+Ra0bii4MSJMkpLfPF7h2GTMohv+Dh1Co4fh3v3uq/HetyRI+XbPRYtYqYwbFIm8XEeHi67qXENaFzzOQO/j82wSUrHa0UlpWPYJKVj2CSlY9gkpWPYJKVj2CSlY9gkpWPYJKVj2CSlY9gkpWPYJKVj2CSlY9gkpWPYJKVj2CSlY9gkpWPYJKVj2CSlY9gkpWPYJKVj2CSlY9gkpWPYJKVj2CSlY9gkpWPYJKVj2CSlY9gkkc1310VHXTWff9MAAAAASUVORK5CYII='}}]}, {'role': 'assistant', 'content': 'Final Answer: 0.75'}, {'role': 'user', 'content': [{'type': 'text', 'text': '\nYou are given both an image and a text-based representation of the same stimulus. \nIn both, a red dot appears on a horizontal line\nThe left end of the line corresponds to 0.0, and the right end to 1.0.\n\nText representation (the dot is marked as """"O""""):\n|------~----------=.------- -O-------- --|\n\n\nEstimate the horizontal position of the **center** of the red dot as a decimal number between 0 and 1.\nDo not explain. Only output the final answer as a number between 0 and 1:\nFinal Answer:\n'}, {'type': 'image_url', 'image_url': {'url': 'data:image/png;base64,iVBORw0KGgoAAAANSUhEUgAAATYAAABNCAYAAAAsLkgfAAAAOnRFWHRTb2Z0d2FyZQBNYXRwbG90bGliIHZlcnNpb24zLjEwLjMsIGh0dHBzOi8vbWF0cGxvdGxpYi5vcmcvZiW1igAAAAlwSFlzAAAPYQAAD2EBqD+naQAABIJJREFUeJzt3EtLlGEchvF7PKSVVlZENJhGFEVGFJSiRPtqKa6CvkEfplW0q12rgnbRKoLETUgtaqGYYFGaSueD+cbN4+u4KGpqxpH/e/1gmJM6Q+Dlc5pKWZZlAoBAmhr9BgCg1ggbgHAIG4BwCBuAcAgbgHAIG4BwCBuAcAgbgHAIG4BwCBuAcAgbgHAIG4BwCBuAcAgbgHAIG4BwCBuAcAgbgHAIG4BwCBuAcAgbgHAIG4BwCBuAcAgbgHAIG4BwCBuAcAgbgHAIG4BwCBuAcAgbgHAIG4BwWhr9BgCsyDLp7Vvpwwepo0PatUv69k2am0vXmzZJu3dLbW2NfqcbHmEDGuXr1xQtX+7ckW7elCYnK8+Xy9LgoHTypNTaKrW3S3v3psf27WvkO9/wSlnmPxMA1pVHZk+fSnfvSlevSt+///5rm5uloSHp6FFp82app0caGanELQ8ko7pVhA2ot7Xh8a+br8fGpNu300jtb5RK0sWLUne39OWLdOiQdP681NQkvXolffxY+dquLqmvL01lC4qwAfWM2evX0vPn0rt3ae3M9xcXpWfPpIcPU+j+lkdup0+nsHlq6hGcp6eOnm8fOJBitrAgdXZKAwOFHbkRNqBe08w3b6THj6Xp6TRFfP9e+vQp3ffFsauWg+XpqC957Lzu5sf375eOHJGOH08RPXMmrdMVEJsHQK1Hao6aI+ZRlUdnW7dKMzPS7GwaXfkxP/8v/H0/flSmtb546rljh7S0lDYf2tqkPXvS1xRUqVwuM2IDasXR8UaAR1K+duhseTk95yWwpSU9+Y+JUp+kRQfS/HO8zubXa2lJt5tW7nua6usC8r8OYQPWUY+kqf/4/l5JL2r4fiJqKRd0Dg7UfcTm215Ty6eMvp9l6lwZuf2rDh9xW/uAR2/5KM1aW9P019cFxeYBUEueeo6OprUwr33duyc9eJDue+3LGwq+eHHf09NqOWLeOPD6mUPm+zt3puMdDqpfY3hYunSpsDuixuYBUEuOiSPjDQRvFnin0uH5/DmdQfNtB8nPzc9X//MdNa+l5a+Vbx7ko7XeXqm/v9BRM8IG1JrPkvkMWX4o158QuH8/TQ09Zdy2TZqaSiO7akZtHp35aIcP4zpu+RGPY8ekLVtSKM+eTYd3C46wAfXgEVO+fu2wOUQvX0rbt0snTqRzbPbo0Z8P6eY7oBcupJj5uIjPxXn059dwKP3Y4cPSuXOFH60Za2zAeh7a9acCzCM5j7zGx6Vr1ypnztb+OuZB82js+nXp1Km0Nue1NJ+L8/d4iuv7/nwoH45fRdiA9fKrD6vbxIR065Z044b0Ys1BjoMHpStXpMuX00jvTz+LkdoqwgZsFP5V9DqZd1A95fRUMx+1oSqEDUA4/NfgAMIhbADCIWwAwiFsAMIhbADCIWwAwiFsAMIhbADCIWwAwiFsAMIhbADCIWwAwiFsAMIhbADCIWwAwiFsAMIhbADCIWwAwiFsAMIhbADCIWwAwiFsAMIhbADCIWwAwiFsAMIhbADCIWwAwiFsABTNT3roXHIAyEx4AAAAAElFTkSuQmCC'}}]}, {'role': 'assistant', 'content': 'Final Answer: 0.65'}, {'role': 'user', 'content': [{'type': 'text', 'text': '\nYou are given both an image and a text-based representation of the same stimulus. \nIn both, a red dot appears on a horizontal line\nThe left end of the line corresponds to 0.0, and the right end to 1.0.\n\nText representation (the dot is marked as """"O""""):\n|-- ------ --=- ----=-O------------------|\n\n\nEstimate the horizontal position of the **center** of the red dot as a decimal number between 0 and 1.\nDo not explain. Only output the final answer as a number between 0 and 1:\nFinal Answer:\n'}, {'type': 'image_url', 'image_url': {'url': 'data:image/png;base64,iVBORw0KGgoAAAANSUhEUgAAATYAAABNCAYAAAAsLkgfAAAAOnRFWHRTb2Z0d2FyZQBNYXRwbG90bGliIHZlcnNpb24zLjEwLjMsIGh0dHBzOi8vbWF0cGxvdGxpYi5vcmcvZiW1igAAAAlwSFlzAAAPYQAAD2EBqD+naQAABHBJREFUeJzt28tvTH8Yx/HP1FCXVhTRMJIiLCTduCysLOxspCthw1L8AeIf8BfY6bJrSwsSKwuREAu6Qht1i1u1LnGvIx+Pk9atVMmZeeb9Sk46nXbOjPx+3p7zPefUiqIoBACJdFT9AQDgXyNsANIhbADSIWwA0iFsANIhbADSIWwA0iFsANIhbADSIWwA0iFsANIhbADSIWwA0iFsANIhbADSIWwA0iFsANIhbADSIWwA0iFsANIhbADSIWwA0iFsANIhbADSIWwA0iFsANIhbADSIWwA0iFsANIhbADSqVf9AYA5eftWunlTmpyUVqyQtmyRFi+u+lOhyRA2NK9376SnT6X376U3b6TTp6VTp6QHD6Z/Z+1a6dAh6eBBafXq2Do7q/zUaAK1oiiKqj8E8EPMHj2SRkcjapcuRdD8+Fccs+PHpT17pP5+adWqb8O4aBHRayNMbGgOjpAPMa9ejYns7t2IkuN25crvX+94nTghTUxIT55IO3ZId+7E96Wenunole9J+FJiYkP1xsdjKjt7Vhobi/Wzhw/j+WfP5ravBQukgQFp69bY+vqkFy8iYs+fS+vWSbt3S69eScPDs4cPLYuwoVoOzrlz0oULMa29fh2HoZ7aZjv0nM3y5RG1XbuklSulDx+kZcsien6/vXsjbC9fSr29UkeH9OlTvG93d7yOya2lcbkHqnX/vnTtWpwc8OZDQsfnb6NmDtaNG9KZM3EY6++9LV0a7+Hp8PHj6aiZv/p7T4g+PEVLqzUaDSY2VKc84+mJyY9rNenjR/UUha7PY7f9kiYdq3o9Ymnetzfz9LZw4Y8vnJqK5/1ztCz/VyZsaDp9km7P4/UbJI39w8+D1lJvNBpVfwa0s/IQ9Ouk9mVimppS9zx32yWp4YnNk9fM6WvJkumpzV9n/szv7edYX2t5nDxAtetrFy/GmdCREenePenWrfjqxf358HqZ70rwYejGjXFCwetqvgxk+/b4mS8vKc+K+q+BTzRwVjQFrmNDdbym5vWsbdtikvLivgPj532blC/78BQ3V47Z5s2x+YyoJzDvy+t4jlYZL29cx5YSExuqndguX5a8HOKAOT6+1sxnLT1N+bnz5yNIf8qHkjt3RrwcKcfK/LirS9q3T9q06b/9kdAcmNhQHUfHF8X6+jEfOq5ZE885ZOvXR4h8GDk4GL//u3+DHbX9++MCXE+C3le5xuZLSDyhsabcFpjYUC3fXTDzDoByrctrYOVhqdfhjhyJi3fL3/meJ7Jjx6SjR+Pxz/bJ+lnbIGyo3p/cs+nD1KEh6eTJONFQ8i1Thw9LBw7EIWb5Ou4DbWuEDa3F/7v67gDfSeDbnzyJlZdvAF8RNgDpcK8ogHQIG4B0CBuAdAgbgHQIG4B0CBuAdAgbgHQIG4B0CBuAdAgbgHQIG4B0CBuAdAgbgHQIG4B0CBuAdAgbgHQIG4B0CBuAdAgbgHQIG4B0CBuAdAgbgHQIG4B0CBuAdAgbgHQIG4B0CBuAdAgbAGXzGahxa5hlk7orAAAAAElFTkSuQmCC'}}]}, {'role': 'assistant', 'content': 'Final Answer: 0.4'}, {'role': 'user', 'content': [{'type': 'text', 'text': '\nYou are given both an image and a text-based representation of the same stimulus. \nIn both, a red dot appears on a horizontal line\nThe left end of the line corresponds to 0.0, and the right end to 1.0.\n\nText representation (the dot is marked as """"O""""):\n|---- ---------.------O---------------.-~|\n\n\nEstimate the horizontal position of the **center** of the red dot as a decimal number between 0 and 1.\nDo not explain. Only output the final answer as a number between 0 and 1:\nFinal Answer:\n'}, {'type': 'image_url', 'image_url': {'url': 'data:image/png;base64,iVBORw0KGgoAAAANSUhEUgAAATYAAABNCAYAAAAsLkgfAAAAOnRFWHRTb2Z0d2FyZQBNYXRwbG90bGliIHZlcnNpb24zLjEwLjMsIGh0dHBzOi8vbWF0cGxvdGxpYi5vcmcvZiW1igAAAAlwSFlzAAAPYQAAD2EBqD+naQAABENJREFUeJzt3MlqFG0chfHTMc6J8wSNGhfiFHAAB3ApKrgSxJ14B96KeAm6cqEggmvRhaAoIiiOoEYUnOfZJC3HlyYi36e0Bqpy8vygMF0m3SWGJ/+3qjqNVqvVEgAE6ar6AABgtBE2AHEIG4A4hA1AHMIGIA5hAxCHsAGIQ9gAxCFsAOIQNgBxCBuAOIQNQBzCBiAOYQMQh7ABiEPYAMQhbADiEDYAcQgbgDiEDUAcwgYgDmEDEIewAYhD2ADEIWwA4hA2AHEIG4A4hA1AHMIGIA5hAxCnu+oDADrSakkvXkjv30sTJ5bH375JkyZJ8+ZJkydXfYSoAcKG+vvyRbpxQzp8WDp+XHr0aOTvFi2Stm+Xli+XZs6U1qyRNm6UZsyo8ohRsUar5R95QA29fStdvCgdOSIdPSoNDv7/506YUIK2cKG0erW0a1d5zAQ3LjGxoR4T2fPn0rt3ZYnZ01MenzkjnTghXb785+cYGpLOn5fWrSsfP3kivXkjrV9flqtfv7JcHUeY2FAtny+7dk168EAaGChh82R26VLZd+9eZ8/XaEg7dpS4LVkiTZ1alquOpZ/XE51j56UrgYtF2FDtpOYpy3F7+lT6/LlsJ09KN29KHz+WSatTjpm3adPKlLZggTRrVjkH5/B5avMydcMGAheKpSiq4+Xmq1clLB8+SNOnSxcuSC9flunqd+fUfufTp5Gvd+D8Ov7YU5snudu3peHhMhFu3lwCN3fuaP/rUKFGs9lkYkM1HBnfqmEOjxcPnuKGhjR7cFBX/+Gp+yW99nRm/tNbV1e5yGC+VcT7/NgbU1sU/88TNtTOUkn3/+Hr+yQNjOLxYGzpbjabVR8DxjNPaF4WevPU5glueFi9nua87y/1SGr+PKm1TyV3d5d97QnNj9sTXHuaw5jHxQPU56rorVvSuXPlQoLduTOyVO2Ew+WLBb295eKBA+lzeFOmSCtWSCtXSosXl5t4fUOvX2/TJokf8jEIG+p1H9v169Lp09KVK+X2j4cPO38+x2z+/HJBwFOYr656MvPW1yetXVsitmxZeW0HcMsWzrMFIWyo5zsOPLmdPSsdPNjZ1OZpzdOXJzLf1mG+GurIOXie5Pwt72nNoZszR+rv56poGMKG+vI05feG7t9fYvSnb1VHbc8e6cCBsrz0Mtfx8kTmG3MdsPa7GngnQjTChvo7dUrau7eEzv7rW9Yn//ftk3bvlnbuLPsI2LhF2DA23L0rHTokHTsmPX48st9LyG3bpK1bpVWruNkWPxA2jB2e2J49K8tMT2J+D6iXmvw+NvyCsAGIw68GBxCHsAGIQ9gAxCFsAOIQNgBxCBuAOIQNQBzCBiAOYQMQh7ABiEPYAMQhbADiEDYAcQgbgDiEDUAcwgYgDmEDEIewAYhD2ADEIWwA4hA2AHEIG4A4hA1AHMIGIA5hAxCHsAGIQ9gAxCFsAJTmO2SDQNow6FxCAAAAAElFTkSuQmCC'}}]}, {'role': 'assistant', 'content': 'Final Answer: 0.45'}, {'role': 'user', 'content': [{'type': 'text', 'text': '\nYou are given both an image and a text-based representation of the same stimulus. \nIn both, a red dot appears on a horizontal line\nThe left end of the line corresponds to 0.0, and the right end to 1.0.\n\nText representation (the dot is marked as """"O""""):\n|--- --- ------------O-------------=-=-- |\n\n\nEstimate the horizontal position of the **center** of the red dot as a decimal number between 0 and 1.\nDo not explain. Only output the final answer as a number between 0 and 1:\nFinal Answer:\n'}, {'type': 'image_url', 'image_url': {'url': 'data:image/png;base64,iVBORw0KGgoAAAANSUhEUgAAATYAAABNCAYAAAAsLkgfAAAAOnRFWHRTb2Z0d2FyZQBNYXRwbG90bGliIHZlcnNpb24zLjEwLjMsIGh0dHBzOi8vbWF0cGxvdGxpYi5vcmcvZiW1igAAAAlwSFlzAAAPYQAAD2EBqD+naQAABFJJREFUeJzt3NuLzH0cwPH3jHVsl9YhMdiNCG1cKHGDCzdKSQ7lyq1S/hM3/gT5FyQJcSERYZVT8jw5n4mcmafP832mpSfPM2ZmTfvp/aqtndm1+5ua3vs9/VTq9XodSUqk2u0LkKROM2yS0jFsktIxbJLSMWyS0jFsktIxbJLSMWyS0jFsktIxbJLSMWyS0jFsktIxbJLSMWyS0jFsktIxbJLSMWyS0jFsktIxbJLSMWyS0jFsktIxbJLSMWyS0jFsktIxbJLSMWyS0jFsktIxbJLSMWyS0unp9gVIP/j4EZ49g0+fYMIEmDkTJk7s9lVpjDFs6m68xo+HSgU+fy6PHzyAV69Gvre/H4aGYMaMbl6xxhjDpt/r+XO4ehXu3YMTJ+DwYXj8eOTrs2bBzp2wfn2J3p07JXjr1jlyU9Mq9Xq93vy3Sy2MzN68gbdvy9Ty5k24fBn274cPH+Bnb7+eHti6FZYsgXHjYMcOWLzYaaqaYtg0uiOz69fhwgV4+rQ8H5GLkVqzb7vVq2FgANauhYUL4datEsRJk2DZMlizxmmq/sWwaXRGaqdPw7lzcPIkPHxY1tEianfvNh+1hgULYP58qNVK0KpV+PatjNo2bIDt2x256QeusanzU8/hYThyBC5dgtu34evXMrWM6Wgrf0cjhrEO9/49bNpUIhY/M9bpjh+HVatg6dLReEUaozzHps5NPc+ehTNn4NixMv2MqL1+De/elZ3O+LwVEcOIZkxDr1wpPy/W3ebNg5cv4caNTr8ajXGVWq3mVFTti/A0RmOxuB+P4whHPFet0l+vM9zGqscQ8PchkAhaTEFjBBjid0yZApMnd+Z1KIVK/D3s9kUovwHgjzb+/SDwZwevR7n11GJBVmpHrHfFyClGU/F5jNgaB25jkb9Soa/NPapeoBYbEPERvyfOuIUYufX2luelf7grqvbdvw/nz5ddyy9fyo7oxYvlLoJr10rc4vlWNw8iZIODZXobsZwzB1asKB9btpTzbdJ33BVV++KgbNz6FDuXs2fDypUldo8ewdy5ZRQXQYuvv3jx6z9/+vRyR0KM0uIM28aNsHlzudVq6tTReEUa4xyxqbMHcmOXsvE47jJ48mTkboEYtZ06VULXrJhiRsCmTStn2OLA7t69JZjSTxg2jd7/zNHXVx7HObQ46hFxitjt2VOmp/+lsWa2a1eZ4sah3OXLy2jNqOl/GDb9fkePwrZt5Txa+P4t2AhaHN84dKiM0Lw3VL/IsKk74sDuwYNw4EA5yNuwaBHs2we7d5cRntQCw6buirdfbCjEfaQxdY2NAo9uqE2GTVI63isqKR3DJikdwyYpHcMmKR3DJikdwyYpHcMmKR3DJikdwyYpHcMmKR3DJikdwyYpHcMmKR3DJikdwyYpHcMmKR3DJikdwyYpHcMmKR3DJikdwyYpHcMmKR3DJikdwyYpHcMmKR3DJikdwyYpHcMmiWz+AoHRW3E6aNocAAAAAElFTkSuQmCC'}}]}, {'role': 'assistant', 'content': 'Final Answer: 0.55'}, {'role': 'user', 'content': [{'type': 'text', 'text': '\nYou are given both an image and a text-based representation of the same stimulus. \nIn both, a red dot appears on a horizontal line\nThe left end of the line corresponds to 0.0, and the right end to 1.0.\n\nText representation (the dot is marked as """"O""""):\n|---.-- ----------- ------------ -O---~--|\n\n\nEstimate the horizontal position of the **center** of the red dot as a decimal number between 0 and 1.\nDo not explain. Only output the final answer as a number between 0 and 1:\nFinal Answer:\n'}, {'type': 'image_url', 'image_url': {'url': 'data:image/png;base64,iVBORw0KGgoAAAANSUhEUgAAATYAAABNCAYAAAAsLkgfAAAAOnRFWHRTb2Z0d2FyZQBNYXRwbG90bGliIHZlcnNpb24zLjEwLjMsIGh0dHBzOi8vbWF0cGxvdGxpYi5vcmcvZiW1igAAAAlwSFlzAAAPYQAAD2EBqD+naQAABDdJREFUeJzt3EtrU2kcgPEnWq2XVqkVL0ToiIqKRUUU3LjyshIU/ACCG3d+F/0I4kYEQRDBhSAiIioVHF0oiFNFvEbrnVabDH9eSqowQ60zSfz3+UFJek5yktXD+57znlQajUYDSUpkVru/gCT91wybpHQMm6R0DJukdAybpHQMm6R0DJukdAybpHQMm6R0DJukdAybpHQMm6R0DJukdAybpHQMm6R0DJukdAybpHQMm6R0DJukdAybpHQMm6R0DJukdAybpHQMm6R0DJukdAybpHQMm6R0DJukdAybpHQMm6R0utr9BSR1kEYDajX4+BF6eqC/H8bG4PVr+PChub23F5Yuhe5uOpFhk2ay0dESradP4fRpOHMGnjxp7l+1Cvbsgc2b4dmzEre5c2Hx4hK2TZtgxw5YtIhOUmk0ItGSZpxaDe7ehfPn4fhx+Pr1n187ezbs2lVCd/9+GdktW1YCt20bHDgA69bRKQybNBNHaLUaXLkCN27AqVMlVFOxejXMnw+zZsHatbByZZmODgzAkSMdM3JzKirNlKDduwfXr8Pz5/DoETx4ALduTT1qId4X8YqwffpUHnfuLNPUON727XQCwyZlV6vB5ctw4UIZrb15A69ewfv3UK///PE+fy5T07ioMDQEGzeWwMX2DuFyDyn7SG1oCG7eLOGJaWNsi/NpL19O75jfvpXH8fESzWvXSiS7uspFiBjVxWN8TptUqtWq59ikrMbHmyGbCFK9Tl+9zp8T/0/DIDBSqUD8xWhtzhxYsOD7F8W+2B77W6wSK1da/qmS2moA+OsX3v8HMEzn6qpWq+3+DpJaMWIbHy/b6nV64/kvjNh6KhWqE6O1WNcWz+fNK+feJovPiP0/bv+fudxDymx0tCzruHQJhofLObZ37+DxY7hzZ/pxW7ECliwpC3fXry93JOzeXda2TRaLfbdsKctEWsirolJm3d1lAW2c3I8roXFFNE7yx2LaOCd29erPH3PhQoiZ3oYNsHVrGanFMX9cwxZXXGPcFCO2FjNsUnb9/bB/fxk1xTq2iFxfXwlOrGOLUd1UJ24RsKNHy/vjlqoYtcXzL1/g7VtYvrxMTyNqL16U/fG6FnMqKs3EOw/GxkrYbt+Ggwebo6t/E8E6dw727v3+GBGumIrG7VkRtxDHiqgNDpawtphhk2a6ixfh0KHmAtvJSYiLAiGmrWfPwr59U49mG3/9w7BJgpEROHkSTpyAhw+b29esgWPH4PDhcsP7b8KwSWqKHMQFhvh5ovjNtZhOTozafiOGTVI63isqKR3DJikdwyYpHcMmKR3DJikdwyYpHcMmKR3DJikdwyYpHcMmKR3DJikdwyYpHcMmKR3DJikdwyYpHcMmKR3DJikdwyYpHcMmKR3DJikdwyYpHcMmKR3DJikdwyYpHcMmKR3DJikdwyYpHcMmiWz+BsBzN7FEbbkEAAAAAElFTkSuQmCC'}}]}]",Final Answer: 0.8
anthropic/claude-3.7-sonnet,sample_009,0.74045,0.74045,0.7,"[{'role': 'system', 'content': 'You are a helpful assistant.'}, {'role': 'user', 'content': [{'type': 'text', 'text': '\nYou are given both an image and a text-based representation of the same stimulus. \nIn both, a red dot appears on a horizontal line\nThe left end of the line corresponds to 0.0, and the right end to 1.0.\n\nText representation (the dot is marked as """"O""""):\n|.-- -~=-------- ---------O--------------|\n\n\nEstimate the horizontal position of the **center** of the red dot as a decimal number between 0 and 1.\nDo not explain. Only output the final answer as a number between 0 and 1:\nFinal Answer:\n'}, {'type': 'image_url', 'image_url': {'url': 'data:image/png;base64,iVBORw0KGgoAAAANSUhEUgAAATYAAABNCAYAAAAsLkgfAAAAOnRFWHRTb2Z0d2FyZQBNYXRwbG90bGliIHZlcnNpb24zLjEwLjMsIGh0dHBzOi8vbWF0cGxvdGxpYi5vcmcvZiW1igAAAAlwSFlzAAAPYQAAD2EBqD+naQAABJVJREFUeJzt3ElvTXEYx/HfbWtuUaQSFy1i0bSRsECQ2HkNYmNnx9LGOxCJROyFlYXY8AZ0YVFCDCExxFBjYqgp5h755XHShohSt72e8/0kTfW0vfda9Nvnf87/tFYURSEASKRlql8AAPxrhA1AOoQNQDqEDUA6hA1AOoQNQDqEDUA6hA1AOoQNQDqEDUA6hA1AOoQNQDqEDUA6hA1AOoQNQDqEDUA6hA1AOoQNQDqEDUA6hA1AOoQNQDqEDUA6hA1AOoQNQDqEDUA6hA1AOoQNQDqEDUA6hA1AOoQNQDptU/0CgKZVFNLz59Lbt1J7u7RwoVSrTfWrwjgQNlTbx4/Ss2fSp0/S9OlSR4f04IF0/Lh07Jh0797o165aJe3eLW3fLn35Mvo9ixZJM2b8/FjlcUy6WlH41xJQMY7QzZvS1avSu3fS3LnShw/SwEAEzXH6UTmtOVZ790pr18bHnZ3SkiXSo0fSy5fS58/S69fSnDlSf7+0ejWBm2SEDdXj5eWFC9KZM9LDh9LMmdLs2RG606djCfo7LS3SgQPSli0x4XmyW748Jr47d6RXr6ThYWnWLGnDBmnduljKYlIQNlRrSnPIBgely5elS5diCvPxoSHpxo3xRa3k5eahQ9KbN/FYmzdLX7/GxLZgQXzNkydSV5e0YoW0cSOT2yThHBuqM6V52Xn9unT+vHTtWgSpry+mL18g+NPf8V6u7t8v9fbGMvTp01iWbtoUj+nA+TnmzYtpcNkyaeXKRv0PMQZhQ36eyBw1T2s+ue8pysHxBYBbt2Jqc5T+xt27ccXUfK7Oj++orVkT59keP47P+bn8dY4cS9KGq9XrdZaiyM3LQ09XIyOjS0X/+/vnOkdGdGUCZ2T6azUNt7VJra3xuA6l3xw4H/PnfLz8mOVow/kyD2FDpXV78JrA9/dIGrMpBE2grV6vT/VrABrLU5q3cngq89Tk6ckf+31RqMPLxAlob21V3VNZOZmV0+C0aTGheXrz5/zcfi3lcTQMV0VRjXNsp05JFy/GnjJH5v792LPmc2s+5+ZzY38TOAfKG3e7u+PNy0xvzPW5tfXrY3/b/PlxBdXB89YQH2egaCguHiA/x8ZXKh0VX50sQ7NtW2yoPXdOun07LiT8KW/C9fTnScx6emJ7h5/DV0gduXJKdES9DcTH0FBMbKgOb8k4eza2fnhq82baxYtj6jp6VDpyZDRQ4+Fgbd0qLV0a05rfO2Z+zLF3Iph/zBw134nAVdGGI2yoll/dz+m7BQ4elA4fHt9+Np8327dP2rEjlpXePsK9o02DsAElh+jECWnXLun9+zg29sejvFfUt1+dPBlLWTQlwgb8yPd4+kZ43y7lc28lXyTYs0fauTM22qJpETbgV/yj8eJFLDN9Ps7nyPh7bP8FwgYgHf40OIB0CBuAdAgbgHQIG4B0CBuAdAgbgHQIG4B0CBuAdAgbgHQIG4B0CBuAdAgbgHQIG4B0CBuAdAgbgHQIG4B0CBuAdAgbgHQIG4B0CBuAdAgbgHQIG4B0CBuAdAgbgHQIG4B0CBuAdAgbgHQIGwBl8w2vMXCzyZNU9QAAAABJRU5ErkJggg=='}}]}, {'role': 'assistant', 'content': 'Final Answer: 0.57'}, {'role': 'user', 'content': [{'type': 'text', 'text': '\nYou are given both an image and a text-based representation of the same stimulus. \nIn both, a red dot appears on a horizontal line\nThe left end of the line corresponds to 0.0, and the right end to 1.0.\n\nText representation (the dot is marked as """"O""""):\n|--~---~----------------=--- =-----O-----|\n\n\nEstimate the horizontal position of the **center** of the red dot as a decimal number between 0 and 1.\nDo not explain. Only output the final answer as a number between 0 and 1:\nFinal Answer:\n'}, {'type': 'image_url', 'image_url': {'url': 'data:image/png;base64,iVBORw0KGgoAAAANSUhEUgAAATYAAABNCAYAAAAsLkgfAAAAOnRFWHRTb2Z0d2FyZQBNYXRwbG90bGliIHZlcnNpb24zLjEwLjMsIGh0dHBzOi8vbWF0cGxvdGxpYi5vcmcvZiW1igAAAAlwSFlzAAAPYQAAD2EBqD+naQAABNNJREFUeJzt3MtvjG0Yx/HfVNUhrSgNYkLfSARJbUScYmdHxEKsJNZi5/+w8ieItZWNtcTCQlCHhOCtQ5yps2L6vPm9lyczeDvTaWv6uvr9JE0P087M6pvrvp/7aaUoikIAkEjXbL8BAJhphA1AOoQNQDqEDUA6hA1AOoQNQDqEDUA6hA1AOoQNQDqEDUA6hA1AOoQNQDqEDUA6hA1AOoQNQDqEDUA6hA1AOoQNQDqEDUA6hA1AOoQNQDqEDUA6hA1AOoQNQDqEDUA6hA1AOoQNQDqEDUA6hA1AOoQNQDrds/0GAPyBxsak58+lp0+lr1+lNWuk1aulSqX++IsX0pcvUk+PNDAgLVjQsbdH2AC01hiqx4+l06elM2cibKXBQen4cWn/funBA+n16/pj/f3S0JC0fHlHolcpiqKY0WcE8Gcb+x6ed++k9+9jInv0SHIqLl+WTpyIKE1k/nzp8GFp716pt1dasiQi19cnrV8v3b5dj56f21PeunXSypU/Rm4aASRsAOpevpQuXZKuX4+p69Ur6dmzCMq3b9LZsxG4ydi2Tdq1S1q1Kqa1Dx+kri5p4cKI2Nu3ETm/zqJF0oYN0ooV8bt27drEU18LhA1AfUI6d066elV6+DD20BwdLz3Hx+Nzu7nYvr2+/7Z2bUxwW7ZEJIeHpY8fpaVLYzLbtCmev3FicwAdQ7++l72e+nbsaDm5cVUUQPBy01Hz8tAcHX98+hST3FRmoBs3pCdPYgl74UIsKx2q0dFY6i5bJnV/3+qv1SJkIyPS/fv1qJk/+3tPkI5gC1w8ABDK6cwTlCPnCcnx8eTUbE+tGe/R+Tm9/PRS1EvPjRvr8SynsXJvzt87cOVjjfy99+Mm8V4q1WqVpSgw142Px2T2+XPEw+Hxz4pC/UWh4Wk89VClotEyWvPmxYenNAesDJtf079Thqv8/mdewvpCgp+jCR86IWwAJjQo6W9N3V+SRtRZ3dVqtcMvCeB/pVaLCc3Tkye2cmLyz2o19U3z6XsrFVU9ZXlK85LUe3WeuPwansDMX/vnfg/lpObXL/f1Gh/7eYn6H7gqCsx19+5JV67E1cubN6Xz5yN23hu7eDH22Lw/Vu6FtcPB8vDkK5579ki7d8fxER8F8c+bnVWbxjk2Lh4Ac11PT3x2uHxGzIdlHRDHyOfKbt2S7t6Nq5vt8vk0P5+j6eMePpfmK6GOlPl1Jlo1NnusBY57AHPdwEAcfvVVUN8l4K/LDf2dO+M2qX37Wm7Y/8J/7wO6W7dGzN68iXNoPmT7m+8bZSkKQP+eUytP+vuOAJ8lc5g8ZTlGPljrqe3YsdjvapUN/61vqzpyJJaSPkriwG3e3JGb4QkbgF/3tMosOFCN+1u+M+HgwTi4a435KC8AeIP/6FHpwIGYANu4Y2CmEDYA7fFdA6dOSSdPSnfu/PjfPQ4diqXm4sUROOfFy9BJ3uM5UwgbgKlxOnyLk+9O8ETmgHlqm+X/xWaEDUA6XBUFkA5hA5AOYQOQDmEDkA5hA5AOYQOQDmEDkA5hA5AOYQOQDmEDkA5hA5AOYQOQDmEDkA5hA5AOYQOQDmEDkA5hA5AOYQOQDmEDkA5hA5AOYQOQDmEDkA5hA5AOYQOQDmEDkA5hA5AOYQOQDmEDoGz+AaQ5oOTiCrZ7AAAAAElFTkSuQmCC'}}]}, {'role': 'assistant', 'content': 'Final Answer: 0.85'}, {'role': 'user', 'content': [{'type': 'text', 'text': '\nYou are given both an image and a text-based representation of the same stimulus. \nIn both, a red dot appears on a horizontal line\nThe left end of the line corresponds to 0.0, and the right end to 1.0.\n\nText representation (the dot is marked as """"O""""):\n|--~----~-----------------~=---O----=----|\n\n\nEstimate the horizontal position of the **center** of the red dot as a decimal number between 0 and 1.\nDo not explain. Only output the final answer as a number between 0 and 1:\nFinal Answer:\n'}, {'type': 'image_url', 'image_url': {'url': 'data:image/png;base64,iVBORw0KGgoAAAANSUhEUgAAATYAAABNCAYAAAAsLkgfAAAAOnRFWHRTb2Z0d2FyZQBNYXRwbG90bGliIHZlcnNpb24zLjEwLjMsIGh0dHBzOi8vbWF0cGxvdGxpYi5vcmcvZiW1igAAAAlwSFlzAAAPYQAAD2EBqD+naQAABDBJREFUeJzt3LlrVGsYgPHnJHFPlFFBZdR7XQtJISIW6VSsxEqwE8FaLfwvbG209h+wFgQt3BAE8QqKqFz3BY3B3Why5OVjGC/IJYmCOW+eHwyzJDmTZh6+5Zyp6rqukaREev70PyBJv5thk5SOYZOUjmGTlI5hk5SOYZOUjmGTlI5hk5SOYZOUjmGTlI5hk5SOYZOUjmGTlI5hk5SOYZOUjmGTlI5hk5SOYZOUjmGTlI5hk5SOYZOUjmGTlI5hk5SOYZOUjmGTlI5hk5SOYZOUjmGTlI5hk5SOYZOUTt+f/gckTcGXL/DqFYyOwuzZsHQpzJkDdQ2vX8P799DfD0uWQFUx0xg2qWkiXDdvwsuX5fHICPT2wosXcPo03L/f/d116+DwYThwAObN+3kME6rqOhIvqTEjtStX4MkTePoU7tyBW7fg8mUYGyujs/qHj3RntDZ3Lhw9Cps2wadP8O1bGc0NDZWRXRzn40eYPx82boSFC2kywyY1SQTt0iV4/hyuXoUbN8ptIqoKdu2CbdtKwJ49KzGM6PX0QF9fieLy5bB7N2zYQFMZNqlJa2nv3sHFiyVq587B3bv/HaFNJG5DQ2WKOj4O16/DwED3tZiuxlR28WI4eLCxIzfX2KTpvpb25k33tbdv4do1uHABHj+eXNRC/H5EMY65YkUJ57Jl5bhxvPXrYe3aMr2N6enWrTSRp3tI01EEJ6IWI7R2G1atKtPG8+fLVPTRo7JWNhVfv8LwcFlni1Hb589lE+HDh/J+MSWNqWmsuTVU1W63nYpK001ELAIUu52hE6C4HxujNTrKP7+wijQIjMyaVUZwEbF4HNPUeL94Hu8d63DxegPFlolhkxrmL+DfX/j7v4EH5NXXjmGupOk9YovNg7jF8/FxBuJx/HyK+oF2bEbEiCympDFa64zY4hY7pTElbSh3RaXpfL5arHnF4v7t23D2LLRasGBBic+xYyV2k1VV5Zg7dsDKlSVusZGwenW5T3AeW3OTLGUWi/mDg2UDIc5d64ykYtE/TsuIwG3fDmfOTP7YrRZs3lyOv2ZNuY9z1hJdheCITWrKeWwRuBjFxfMYdcWu5cmTZUo60Y9xby/s31/OW9u5s+y4Jgpah2GTmiTON/vx8qeHD2HfvhK22DH9P1UFhw7Bnj2wZUu5pCopwyY1XUxH9+7tnndW/+Ra0bii4MSJMkpLfPF7h2GTMohv+Dh1Co4fh3v3uq/HetyRI+XbPRYtYqYwbFIm8XEeHi67qXENaFzzOQO/j82wSUrHa0UlpWPYJKVj2CSlY9gkpWPYJKVj2CSlY9gkpWPYJKVj2CSlY9gkpWPYJKVj2CSlY9gkpWPYJKVj2CSlY9gkpWPYJKVj2CSlY9gkpWPYJKVj2CSlY9gkpWPYJKVj2CSlY9gkpWPYJKVj2CSlY9gkkc1310VHXTWff9MAAAAASUVORK5CYII='}}]}, {'role': 'assistant', 'content': 'Final Answer: 0.75'}, {'role': 'user', 'content': [{'type': 'text', 'text': '\nYou are given both an image and a text-based representation of the same stimulus. \nIn both, a red dot appears on a horizontal line\nThe left end of the line corresponds to 0.0, and the right end to 1.0.\n\nText representation (the dot is marked as """"O""""):\n|------~----------=.------- -O-------- --|\n\n\nEstimate the horizontal position of the **center** of the red dot as a decimal number between 0 and 1.\nDo not explain. Only output the final answer as a number between 0 and 1:\nFinal Answer:\n'}, {'type': 'image_url', 'image_url': {'url': 'data:image/png;base64,iVBORw0KGgoAAAANSUhEUgAAATYAAABNCAYAAAAsLkgfAAAAOnRFWHRTb2Z0d2FyZQBNYXRwbG90bGliIHZlcnNpb24zLjEwLjMsIGh0dHBzOi8vbWF0cGxvdGxpYi5vcmcvZiW1igAAAAlwSFlzAAAPYQAAD2EBqD+naQAABIJJREFUeJzt3EtLlGEchvF7PKSVVlZENJhGFEVGFJSiRPtqKa6CvkEfplW0q12rgnbRKoLETUgtaqGYYFGaSueD+cbN4+u4KGpqxpH/e/1gmJM6Q+Dlc5pKWZZlAoBAmhr9BgCg1ggbgHAIG4BwCBuAcAgbgHAIG4BwCBuAcAgbgHAIG4BwCBuAcAgbgHAIG4BwCBuAcAgbgHAIG4BwCBuAcAgbgHAIG4BwCBuAcAgbgHAIG4BwCBuAcAgbgHAIG4BwCBuAcAgbgHAIG4BwCBuAcAgbgHAIG4BwWhr9BgCsyDLp7Vvpwwepo0PatUv69k2am0vXmzZJu3dLbW2NfqcbHmEDGuXr1xQtX+7ckW7elCYnK8+Xy9LgoHTypNTaKrW3S3v3psf27WvkO9/wSlnmPxMA1pVHZk+fSnfvSlevSt+///5rm5uloSHp6FFp82app0caGanELQ8ko7pVhA2ot7Xh8a+br8fGpNu300jtb5RK0sWLUne39OWLdOiQdP681NQkvXolffxY+dquLqmvL01lC4qwAfWM2evX0vPn0rt3ae3M9xcXpWfPpIcPU+j+lkdup0+nsHlq6hGcp6eOnm8fOJBitrAgdXZKAwOFHbkRNqBe08w3b6THj6Xp6TRFfP9e+vQp3ffFsauWg+XpqC957Lzu5sf375eOHJGOH08RPXMmrdMVEJsHQK1Hao6aI+ZRlUdnW7dKMzPS7GwaXfkxP/8v/H0/flSmtb546rljh7S0lDYf2tqkPXvS1xRUqVwuM2IDasXR8UaAR1K+duhseTk95yWwpSU9+Y+JUp+kRQfS/HO8zubXa2lJt5tW7nua6usC8r8OYQPWUY+kqf/4/l5JL2r4fiJqKRd0Dg7UfcTm215Ty6eMvp9l6lwZuf2rDh9xW/uAR2/5KM1aW9P019cFxeYBUEueeo6OprUwr33duyc9eJDue+3LGwq+eHHf09NqOWLeOPD6mUPm+zt3puMdDqpfY3hYunSpsDuixuYBUEuOiSPjDQRvFnin0uH5/DmdQfNtB8nPzc9X//MdNa+l5a+Vbx7ko7XeXqm/v9BRM8IG1JrPkvkMWX4o158QuH8/TQ09Zdy2TZqaSiO7akZtHp35aIcP4zpu+RGPY8ekLVtSKM+eTYd3C46wAfXgEVO+fu2wOUQvX0rbt0snTqRzbPbo0Z8P6eY7oBcupJj5uIjPxXn059dwKP3Y4cPSuXOFH60Za2zAeh7a9acCzCM5j7zGx6Vr1ypnztb+OuZB82js+nXp1Km0Nue1NJ+L8/d4iuv7/nwoH45fRdiA9fKrD6vbxIR065Z044b0Ys1BjoMHpStXpMuX00jvTz+LkdoqwgZsFP5V9DqZd1A95fRUMx+1oSqEDUA4/NfgAMIhbADCIWwAwiFsAMIhbADCIWwAwiFsAMIhbADCIWwAwiFsAMIhbADCIWwAwiFsAMIhbADCIWwAwiFsAMIhbADCIWwAwiFsAMIhbADCIWwAwiFsAMIhbADCIWwAwiFsAMIhbADCIWwAwiFsABTNT3roXHIAyEx4AAAAAElFTkSuQmCC'}}]}, {'role': 'assistant', 'content': 'Final Answer: 0.65'}, {'role': 'user', 'content': [{'type': 'text', 'text': '\nYou are given both an image and a text-based representation of the same stimulus. \nIn both, a red dot appears on a horizontal line\nThe left end of the line corresponds to 0.0, and the right end to 1.0.\n\nText representation (the dot is marked as """"O""""):\n|-- ------ --=- ----=-O------------------|\n\n\nEstimate the horizontal position of the **center** of the red dot as a decimal number between 0 and 1.\nDo not explain. Only output the final answer as a number between 0 and 1:\nFinal Answer:\n'}, {'type': 'image_url', 'image_url': {'url': 'data:image/png;base64,iVBORw0KGgoAAAANSUhEUgAAATYAAABNCAYAAAAsLkgfAAAAOnRFWHRTb2Z0d2FyZQBNYXRwbG90bGliIHZlcnNpb24zLjEwLjMsIGh0dHBzOi8vbWF0cGxvdGxpYi5vcmcvZiW1igAAAAlwSFlzAAAPYQAAD2EBqD+naQAABHBJREFUeJzt28tvTH8Yx/HP1FCXVhTRMJIiLCTduCysLOxspCthw1L8AeIf8BfY6bJrSwsSKwuREAu6Qht1i1u1LnGvIx+Pk9atVMmZeeb9Sk46nXbOjPx+3p7zPefUiqIoBACJdFT9AQDgXyNsANIhbADSIWwA0iFsANIhbADSIWwA0iFsANIhbADSIWwA0iFsANIhbADSIWwA0iFsANIhbADSIWwA0iFsANIhbADSIWwA0iFsANIhbADSIWwA0iFsANIhbADSIWwA0iFsANIhbADSIWwA0iFsANIhbADSqVf9AYA5eftWunlTmpyUVqyQtmyRFi+u+lOhyRA2NK9376SnT6X376U3b6TTp6VTp6QHD6Z/Z+1a6dAh6eBBafXq2Do7q/zUaAK1oiiKqj8E8EPMHj2SRkcjapcuRdD8+Fccs+PHpT17pP5+adWqb8O4aBHRayNMbGgOjpAPMa9ejYns7t2IkuN25crvX+94nTghTUxIT55IO3ZId+7E96Wenunole9J+FJiYkP1xsdjKjt7Vhobi/Wzhw/j+WfP5ravBQukgQFp69bY+vqkFy8iYs+fS+vWSbt3S69eScPDs4cPLYuwoVoOzrlz0oULMa29fh2HoZ7aZjv0nM3y5RG1XbuklSulDx+kZcsien6/vXsjbC9fSr29UkeH9OlTvG93d7yOya2lcbkHqnX/vnTtWpwc8OZDQsfnb6NmDtaNG9KZM3EY6++9LV0a7+Hp8PHj6aiZv/p7T4g+PEVLqzUaDSY2VKc84+mJyY9rNenjR/UUha7PY7f9kiYdq3o9Ymnetzfz9LZw4Y8vnJqK5/1ztCz/VyZsaDp9km7P4/UbJI39w8+D1lJvNBpVfwa0s/IQ9Ouk9mVimppS9zx32yWp4YnNk9fM6WvJkumpzV9n/szv7edYX2t5nDxAtetrFy/GmdCREenePenWrfjqxf358HqZ70rwYejGjXFCwetqvgxk+/b4mS8vKc+K+q+BTzRwVjQFrmNDdbym5vWsbdtikvLivgPj532blC/78BQ3V47Z5s2x+YyoJzDvy+t4jlYZL29cx5YSExuqndguX5a8HOKAOT6+1sxnLT1N+bnz5yNIf8qHkjt3RrwcKcfK/LirS9q3T9q06b/9kdAcmNhQHUfHF8X6+jEfOq5ZE885ZOvXR4h8GDk4GL//u3+DHbX9++MCXE+C3le5xuZLSDyhsabcFpjYUC3fXTDzDoByrctrYOVhqdfhjhyJi3fL3/meJ7Jjx6SjR+Pxz/bJ+lnbIGyo3p/cs+nD1KEh6eTJONFQ8i1Thw9LBw7EIWb5Ou4DbWuEDa3F/7v67gDfSeDbnzyJlZdvAF8RNgDpcK8ogHQIG4B0CBuAdAgbgHQIG4B0CBuAdAgbgHQIG4B0CBuAdAgbgHQIG4B0CBuAdAgbgHQIG4B0CBuAdAgbgHQIG4B0CBuAdAgbgHQIG4B0CBuAdAgbgHQIG4B0CBuAdAgbgHQIG4B0CBuAdAgbAGXzGahxa5hlk7orAAAAAElFTkSuQmCC'}}]}, {'role': 'assistant', 'content': 'Final Answer: 0.4'}, {'role': 'user', 'content': [{'type': 'text', 'text': '\nYou are given both an image and a text-based representation of the same stimulus. \nIn both, a red dot appears on a horizontal line\nThe left end of the line corresponds to 0.0, and the right end to 1.0.\n\nText representation (the dot is marked as """"O""""):\n|---- ---------.------O---------------.-~|\n\n\nEstimate the horizontal position of the **center** of the red dot as a decimal number between 0 and 1.\nDo not explain. Only output the final answer as a number between 0 and 1:\nFinal Answer:\n'}, {'type': 'image_url', 'image_url': {'url': 'data:image/png;base64,iVBORw0KGgoAAAANSUhEUgAAATYAAABNCAYAAAAsLkgfAAAAOnRFWHRTb2Z0d2FyZQBNYXRwbG90bGliIHZlcnNpb24zLjEwLjMsIGh0dHBzOi8vbWF0cGxvdGxpYi5vcmcvZiW1igAAAAlwSFlzAAAPYQAAD2EBqD+naQAABENJREFUeJzt3MlqFG0chfHTMc6J8wSNGhfiFHAAB3ApKrgSxJ14B96KeAm6cqEggmvRhaAoIiiOoEYUnOfZJC3HlyYi36e0Bqpy8vygMF0m3SWGJ/+3qjqNVqvVEgAE6ar6AABgtBE2AHEIG4A4hA1AHMIGIA5hAxCHsAGIQ9gAxCFsAOIQNgBxCBuAOIQNQBzCBiAOYQMQh7ABiEPYAMQhbADiEDYAcQgbgDiEDUAcwgYgDmEDEIewAYhD2ADEIWwA4hA2AHEIG4A4hA1AHMIGIA5hAxCnu+oDADrSakkvXkjv30sTJ5bH375JkyZJ8+ZJkydXfYSoAcKG+vvyRbpxQzp8WDp+XHr0aOTvFi2Stm+Xli+XZs6U1qyRNm6UZsyo8ohRsUar5R95QA29fStdvCgdOSIdPSoNDv7/506YUIK2cKG0erW0a1d5zAQ3LjGxoR4T2fPn0rt3ZYnZ01MenzkjnTghXb785+cYGpLOn5fWrSsfP3kivXkjrV9flqtfv7JcHUeY2FAtny+7dk168EAaGChh82R26VLZd+9eZ8/XaEg7dpS4LVkiTZ1alquOpZ/XE51j56UrgYtF2FDtpOYpy3F7+lT6/LlsJ09KN29KHz+WSatTjpm3adPKlLZggTRrVjkH5/B5avMydcMGAheKpSiq4+Xmq1clLB8+SNOnSxcuSC9flunqd+fUfufTp5Gvd+D8Ov7YU5snudu3peHhMhFu3lwCN3fuaP/rUKFGs9lkYkM1HBnfqmEOjxcPnuKGhjR7cFBX/+Gp+yW99nRm/tNbV1e5yGC+VcT7/NgbU1sU/88TNtTOUkn3/+Hr+yQNjOLxYGzpbjabVR8DxjNPaF4WevPU5glueFi9nua87y/1SGr+PKm1TyV3d5d97QnNj9sTXHuaw5jHxQPU56rorVvSuXPlQoLduTOyVO2Ew+WLBb295eKBA+lzeFOmSCtWSCtXSosXl5t4fUOvX2/TJokf8jEIG+p1H9v169Lp09KVK+X2j4cPO38+x2z+/HJBwFOYr656MvPW1yetXVsitmxZeW0HcMsWzrMFIWyo5zsOPLmdPSsdPNjZ1OZpzdOXJzLf1mG+GurIOXie5Pwt72nNoZszR+rv56poGMKG+vI05feG7t9fYvSnb1VHbc8e6cCBsrz0Mtfx8kTmG3MdsPa7GngnQjTChvo7dUrau7eEzv7rW9Yn//ftk3bvlnbuLPsI2LhF2DA23L0rHTokHTsmPX48st9LyG3bpK1bpVWruNkWPxA2jB2e2J49K8tMT2J+D6iXmvw+NvyCsAGIw68GBxCHsAGIQ9gAxCFsAOIQNgBxCBuAOIQNQBzCBiAOYQMQh7ABiEPYAMQhbADiEDYAcQgbgDiEDUAcwgYgDmEDEIewAYhD2ADEIWwA4hA2AHEIG4A4hA1AHMIGIA5hAxCHsAGIQ9gAxCFsAJTmO2SDQNow6FxCAAAAAElFTkSuQmCC'}}]}, {'role': 'assistant', 'content': 'Final Answer: 0.45'}, {'role': 'user', 'content': [{'type': 'text', 'text': '\nYou are given both an image and a text-based representation of the same stimulus. \nIn both, a red dot appears on a horizontal line\nThe left end of the line corresponds to 0.0, and the right end to 1.0.\n\nText representation (the dot is marked as """"O""""):\n|--- --- ------------O-------------=-=-- |\n\n\nEstimate the horizontal position of the **center** of the red dot as a decimal number between 0 and 1.\nDo not explain. Only output the final answer as a number between 0 and 1:\nFinal Answer:\n'}, {'type': 'image_url', 'image_url': {'url': 'data:image/png;base64,iVBORw0KGgoAAAANSUhEUgAAATYAAABNCAYAAAAsLkgfAAAAOnRFWHRTb2Z0d2FyZQBNYXRwbG90bGliIHZlcnNpb24zLjEwLjMsIGh0dHBzOi8vbWF0cGxvdGxpYi5vcmcvZiW1igAAAAlwSFlzAAAPYQAAD2EBqD+naQAABFJJREFUeJzt3NuLzH0cwPH3jHVsl9YhMdiNCG1cKHGDCzdKSQ7lyq1S/hM3/gT5FyQJcSERYZVT8jw5n4mcmafP832mpSfPM2ZmTfvp/aqtndm1+5ua3vs9/VTq9XodSUqk2u0LkKROM2yS0jFsktIxbJLSMWyS0jFsktIxbJLSMWyS0jFsktIxbJLSMWyS0jFsktIxbJLSMWyS0jFsktIxbJLSMWyS0jFsktIxbJLSMWyS0jFsktIxbJLSMWyS0jFsktIxbJLSMWyS0jFsktIxbJLSMWyS0unp9gVIP/j4EZ49g0+fYMIEmDkTJk7s9lVpjDFs6m68xo+HSgU+fy6PHzyAV69Gvre/H4aGYMaMbl6xxhjDpt/r+XO4ehXu3YMTJ+DwYXj8eOTrs2bBzp2wfn2J3p07JXjr1jlyU9Mq9Xq93vy3Sy2MzN68gbdvy9Ty5k24fBn274cPH+Bnb7+eHti6FZYsgXHjYMcOWLzYaaqaYtg0uiOz69fhwgV4+rQ8H5GLkVqzb7vVq2FgANauhYUL4datEsRJk2DZMlizxmmq/sWwaXRGaqdPw7lzcPIkPHxY1tEianfvNh+1hgULYP58qNVK0KpV+PatjNo2bIDt2x256QeusanzU8/hYThyBC5dgtu34evXMrWM6Wgrf0cjhrEO9/49bNpUIhY/M9bpjh+HVatg6dLReEUaozzHps5NPc+ehTNn4NixMv2MqL1+De/elZ3O+LwVEcOIZkxDr1wpPy/W3ebNg5cv4caNTr8ajXGVWq3mVFTti/A0RmOxuB+P4whHPFet0l+vM9zGqscQ8PchkAhaTEFjBBjid0yZApMnd+Z1KIVK/D3s9kUovwHgjzb+/SDwZwevR7n11GJBVmpHrHfFyClGU/F5jNgaB25jkb9Soa/NPapeoBYbEPERvyfOuIUYufX2luelf7grqvbdvw/nz5ddyy9fyo7oxYvlLoJr10rc4vlWNw8iZIODZXobsZwzB1asKB9btpTzbdJ33BVV++KgbNz6FDuXs2fDypUldo8ewdy5ZRQXQYuvv3jx6z9/+vRyR0KM0uIM28aNsHlzudVq6tTReEUa4xyxqbMHcmOXsvE47jJ48mTkboEYtZ06VULXrJhiRsCmTStn2OLA7t69JZjSTxg2jd7/zNHXVx7HObQ46hFxitjt2VOmp/+lsWa2a1eZ4sah3OXLy2jNqOl/GDb9fkePwrZt5Txa+P4t2AhaHN84dKiM0Lw3VL/IsKk74sDuwYNw4EA5yNuwaBHs2we7d5cRntQCw6buirdfbCjEfaQxdY2NAo9uqE2GTVI63isqKR3DJikdwyYpHcMmKR3DJikdwyYpHcMmKR3DJikdwyYpHcMmKR3DJikdwyYpHcMmKR3DJikdwyYpHcMmKR3DJikdwyYpHcMmKR3DJikdwyYpHcMmKR3DJikdwyYpHcMmKR3DJikdwyYpHcMmiWz+AoHRW3E6aNocAAAAAElFTkSuQmCC'}}]}, {'role': 'assistant', 'content': 'Final Answer: 0.55'}, {'role': 'user', 'content': [{'type': 'text', 'text': '\nYou are given both an image and a text-based representation of the same stimulus. \nIn both, a red dot appears on a horizontal line\nThe left end of the line corresponds to 0.0, and the right end to 1.0.\n\nText representation (the dot is marked as """"O""""):\n|---.-- ----------- ------------ -O---~--|\n\n\nEstimate the horizontal position of the **center** of the red dot as a decimal number between 0 and 1.\nDo not explain. Only output the final answer as a number between 0 and 1:\nFinal Answer:\n'}, {'type': 'image_url', 'image_url': {'url': 'data:image/png;base64,iVBORw0KGgoAAAANSUhEUgAAATYAAABNCAYAAAAsLkgfAAAAOnRFWHRTb2Z0d2FyZQBNYXRwbG90bGliIHZlcnNpb24zLjEwLjMsIGh0dHBzOi8vbWF0cGxvdGxpYi5vcmcvZiW1igAAAAlwSFlzAAAPYQAAD2EBqD+naQAABDdJREFUeJzt3EtrU2kcgPEnWq2XVqkVL0ToiIqKRUUU3LjyshIU/ACCG3d+F/0I4kYEQRDBhSAiIioVHF0oiFNFvEbrnVabDH9eSqowQ60zSfz3+UFJek5yktXD+57znlQajUYDSUpkVru/gCT91wybpHQMm6R0DJukdAybpHQMm6R0DJukdAybpHQMm6R0DJukdAybpHQMm6R0DJukdAybpHQMm6R0DJukdAybpHQMm6R0DJukdAybpHQMm6R0DJukdAybpHQMm6R0DJukdAybpHQMm6R0DJukdAybpHQMm6R0utr9BSR1kEYDajX4+BF6eqC/H8bG4PVr+PChub23F5Yuhe5uOpFhk2ay0dESradP4fRpOHMGnjxp7l+1Cvbsgc2b4dmzEre5c2Hx4hK2TZtgxw5YtIhOUmk0ItGSZpxaDe7ehfPn4fhx+Pr1n187ezbs2lVCd/9+GdktW1YCt20bHDgA69bRKQybNBNHaLUaXLkCN27AqVMlVFOxejXMnw+zZsHatbByZZmODgzAkSMdM3JzKirNlKDduwfXr8Pz5/DoETx4ALduTT1qId4X8YqwffpUHnfuLNPUON727XQCwyZlV6vB5ctw4UIZrb15A69ewfv3UK///PE+fy5T07ioMDQEGzeWwMX2DuFyDyn7SG1oCG7eLOGJaWNsi/NpL19O75jfvpXH8fESzWvXSiS7uspFiBjVxWN8TptUqtWq59ikrMbHmyGbCFK9Tl+9zp8T/0/DIDBSqUD8xWhtzhxYsOD7F8W+2B77W6wSK1da/qmS2moA+OsX3v8HMEzn6qpWq+3+DpJaMWIbHy/b6nV64/kvjNh6KhWqE6O1WNcWz+fNK+feJovPiP0/bv+fudxDymx0tCzruHQJhofLObZ37+DxY7hzZ/pxW7ECliwpC3fXry93JOzeXda2TRaLfbdsKctEWsirolJm3d1lAW2c3I8roXFFNE7yx2LaOCd29erPH3PhQoiZ3oYNsHVrGanFMX9cwxZXXGPcFCO2FjNsUnb9/bB/fxk1xTq2iFxfXwlOrGOLUd1UJ24RsKNHy/vjlqoYtcXzL1/g7VtYvrxMTyNqL16U/fG6FnMqKs3EOw/GxkrYbt+Ggwebo6t/E8E6dw727v3+GBGumIrG7VkRtxDHiqgNDpawtphhk2a6ixfh0KHmAtvJSYiLAiGmrWfPwr59U49mG3/9w7BJgpEROHkSTpyAhw+b29esgWPH4PDhcsP7b8KwSWqKHMQFhvh5ovjNtZhOTozafiOGTVI63isqKR3DJikdwyYpHcMmKR3DJikdwyYpHcMmKR3DJikdwyYpHcMmKR3DJikdwyYpHcMmKR3DJikdwyYpHcMmKR3DJikdwyYpHcMmKR3DJikdwyYpHcMmKR3DJikdwyYpHcMmKR3DJikdwyYpHcMmiWz+BsBzN7FEbbkEAAAAAElFTkSuQmCC'}}]}, {'role': 'assistant', 'content': 'Final Answer: 0.8'}, {'role': 'user', 'content': [{'type': 'text', 'text': '\nYou are given both an image and a text-based representation of the same stimulus. \nIn both, a red dot appears on a horizontal line\nThe left end of the line corresponds to 0.0, and the right end to 1.0.\n\nText representation (the dot is marked as """"O""""):\n|-~ --~-~-----------------.--O-----------|\n\n\nEstimate the horizontal position of the **center** of the red dot as a decimal number between 0 and 1.\nDo not explain. Only output the final answer as a number between 0 and 1:\nFinal Answer:\n'}, {'type': 'image_url', 'image_url': {'url': 'data:image/png;base64,iVBORw0KGgoAAAANSUhEUgAAATYAAABNCAYAAAAsLkgfAAAAOnRFWHRTb2Z0d2FyZQBNYXRwbG90bGliIHZlcnNpb24zLjEwLjMsIGh0dHBzOi8vbWF0cGxvdGxpYi5vcmcvZiW1igAAAAlwSFlzAAAPYQAAD2EBqD+naQAABERJREFUeJzt3E1vTGEYxvFrpkXQSlFtmASpthstYoGlNBUfwIJvYCGxtbDwBawsLS2b7nRl1x2JkIZEBPEuCNUgXqpm5MqdSUUiOmVm6j7/XzLpdDo5M5v+e5/zPNNSrVarCQASKbf7DQDAv0bYAKRD2ACkQ9gApEPYAKRD2ACkQ9gApEPYAKRD2ACkQ9gApEPYAKRD2ACkQ9gApEPYAKRD2ACkQ9gApEPYAKRD2ACkQ9gApEPYAKRD2ACkQ9gApEPYAKRD2ACkQ9gApEPYAKRD2ACkQ9gApEPYAKRD2ACk09nuNwDgJ7Wa9Pat9PGj1NUlbd4slUrtflf/HcIGtNPXr9KbN3GbnJQuXZKePFn8+dat0qlTcVu7Vnr+XHr1Kn7W3y9VKtKaNW17+ytVqVbznwgALefJ7PZt6coV6fx5aX7+9891vE6elDo7pU+fYrJbv14aGZGOHpW2bWvlO1/xCBvQ6unMAfP9mzel6Wnp4sUI1VLs2bM4pXmCK5cjbkeOSJs2SatXS729hZ/iCBvQyuns3Tvp/fu4f++edPmy9P17Y8dyuHzbtSumtrk5aWBAOnRIWlhYnOSGhgobOK6xAc3m6cwh+/BB2rIlrpN9+RKPNRo189TnxYVnz6S+vrg9fRrH8jW5hQXp/n3p4EFp//5YgCgYtnsAzeYQvX4dq5s3bkjXrkkvXkiPHi3/mNVqBNPHXbcuTmU9Cfo0d2AgJjW/huPp5xVMqVKpcCoKNNO3bzGh1e9Xq9pYreqW7y/TiKS5+jerVsW1Nn+1jo746oUGB8/X3eqPFYQ3yBA2oMV2SPqLeU07JT3+h+8nm86KV1gANIeve/n00KeOvu+v1aq6Pa35WtgydUmq1DfuelKrT20+frkcE5of82sWcWJjVRRooocPpZkZqbtbun5dunMnQueL+97usZy4OWhe+XTAtm+Xjh2TXr6UZmdjy8foqDQ8HNfW/LpeLS3Y6iirokAzeVqyDRsiMObtGf7eF/vv3m38mJ7EHKqeHmlsTNq9O+57S4lXQPv6YtXUkfO2j4JFzZjYgGby1HT1amz18EegHDPvX3PQ/NGoiYnGtnx4Sjt8WNq7VxoclA4ciJg5oJ7O/Drz84XfqEvYgFZuzjWHx4Hy9W1/8uDs2Vi9/NOvok9Bz52TxsfjWAU9zVwKwga0+uNUv05TU1PS8ePS58/x/c+/kvUFAj/3zBlp3774ef00s4Cbb5eCsAErga+7+T97XLggPXiw+Lg/NnX6tHTiROyB4zRzSQgbsJL419Grm75W5lNNT2b8P7aGETYA6fBZUQDpEDYA6RA2AOkQNgDpEDYA6RA2AOkQNgDpEDYA6RA2AOkQNgDpEDYA6RA2AOkQNgDpEDYA6RA2AOkQNgDpEDYA6RA2AOkQNgDpEDYA6RA2AOkQNgDpEDYA6RA2AOkQNgDpEDYA6RA2AOkQNgDK5gcW00CVbCY0GwAAAABJRU5ErkJggg=='}}]}]",Final Answer: 0.7
anthropic/claude-3.7-sonnet,sample_010,0.78323,0.78323,0.7,"[{'role': 'system', 'content': 'You are a helpful assistant.'}, {'role': 'user', 'content': [{'type': 'text', 'text': '\nYou are given both an image and a text-based representation of the same stimulus. \nIn both, a red dot appears on a horizontal line\nThe left end of the line corresponds to 0.0, and the right end to 1.0.\n\nText representation (the dot is marked as """"O""""):\n|.-- -~=-------- ---------O--------------|\n\n\nEstimate the horizontal position of the **center** of the red dot as a decimal number between 0 and 1.\nDo not explain. Only output the final answer as a number between 0 and 1:\nFinal Answer:\n'}, {'type': 'image_url', 'image_url': {'url': 'data:image/png;base64,iVBORw0KGgoAAAANSUhEUgAAATYAAABNCAYAAAAsLkgfAAAAOnRFWHRTb2Z0d2FyZQBNYXRwbG90bGliIHZlcnNpb24zLjEwLjMsIGh0dHBzOi8vbWF0cGxvdGxpYi5vcmcvZiW1igAAAAlwSFlzAAAPYQAAD2EBqD+naQAABJVJREFUeJzt3ElvTXEYx/HfbWtuUaQSFy1i0bSRsECQ2HkNYmNnx9LGOxCJROyFlYXY8AZ0YVFCDCExxFBjYqgp5h755XHShohSt72e8/0kTfW0vfda9Nvnf87/tFYURSEASKRlql8AAPxrhA1AOoQNQDqEDUA6hA1AOoQNQDqEDUA6hA1AOoQNQDqEDUA6hA1AOoQNQDqEDUA6hA1AOoQNQDqEDUA6hA1AOoQNQDqEDUA6hA1AOoQNQDqEDUA6hA1AOoQNQDqEDUA6hA1AOoQNQDqEDUA6hA1AOoQNQDptU/0CgKZVFNLz59Lbt1J7u7RwoVSrTfWrwjgQNlTbx4/Ss2fSp0/S9OlSR4f04IF0/Lh07Jh0797o165aJe3eLW3fLn35Mvo9ixZJM2b8/FjlcUy6WlH41xJQMY7QzZvS1avSu3fS3LnShw/SwEAEzXH6UTmtOVZ790pr18bHnZ3SkiXSo0fSy5fS58/S69fSnDlSf7+0ejWBm2SEDdXj5eWFC9KZM9LDh9LMmdLs2RG606djCfo7LS3SgQPSli0x4XmyW748Jr47d6RXr6ThYWnWLGnDBmnduljKYlIQNlRrSnPIBgely5elS5diCvPxoSHpxo3xRa3k5eahQ9KbN/FYmzdLX7/GxLZgQXzNkydSV5e0YoW0cSOT2yThHBuqM6V52Xn9unT+vHTtWgSpry+mL18g+NPf8V6u7t8v9fbGMvTp01iWbtoUj+nA+TnmzYtpcNkyaeXKRv0PMQZhQ36eyBw1T2s+ue8pysHxBYBbt2Jqc5T+xt27ccXUfK7Oj++orVkT59keP47P+bn8dY4cS9KGq9XrdZaiyM3LQ09XIyOjS0X/+/vnOkdGdGUCZ2T6azUNt7VJra3xuA6l3xw4H/PnfLz8mOVow/kyD2FDpXV78JrA9/dIGrMpBE2grV6vT/VrABrLU5q3cngq89Tk6ckf+31RqMPLxAlob21V3VNZOZmV0+C0aTGheXrz5/zcfi3lcTQMV0VRjXNsp05JFy/GnjJH5v792LPmc2s+5+ZzY38TOAfKG3e7u+PNy0xvzPW5tfXrY3/b/PlxBdXB89YQH2egaCguHiA/x8ZXKh0VX50sQ7NtW2yoPXdOun07LiT8KW/C9fTnScx6emJ7h5/DV0gduXJKdES9DcTH0FBMbKgOb8k4eza2fnhq82baxYtj6jp6VDpyZDRQ4+Fgbd0qLV0a05rfO2Z+zLF3Iph/zBw134nAVdGGI2yoll/dz+m7BQ4elA4fHt9+Np8327dP2rEjlpXePsK9o02DsAElh+jECWnXLun9+zg29sejvFfUt1+dPBlLWTQlwgb8yPd4+kZ43y7lc28lXyTYs0fauTM22qJpETbgV/yj8eJFLDN9Ps7nyPh7bP8FwgYgHf40OIB0CBuAdAgbgHQIG4B0CBuAdAgbgHQIG4B0CBuAdAgbgHQIG4B0CBuAdAgbgHQIG4B0CBuAdAgbgHQIG4B0CBuAdAgbgHQIG4B0CBuAdAgbgHQIG4B0CBuAdAgbgHQIG4B0CBuAdAgbgHQIGwBl8w2vMXCzyZNU9QAAAABJRU5ErkJggg=='}}]}, {'role': 'assistant', 'content': 'Final Answer: 0.57'}, {'role': 'user', 'content': [{'type': 'text', 'text': '\nYou are given both an image and a text-based representation of the same stimulus. \nIn both, a red dot appears on a horizontal line\nThe left end of the line corresponds to 0.0, and the right end to 1.0.\n\nText representation (the dot is marked as """"O""""):\n|--~---~----------------=--- =-----O-----|\n\n\nEstimate the horizontal position of the **center** of the red dot as a decimal number between 0 and 1.\nDo not explain. Only output the final answer as a number between 0 and 1:\nFinal Answer:\n'}, {'type': 'image_url', 'image_url': {'url': 'data:image/png;base64,iVBORw0KGgoAAAANSUhEUgAAATYAAABNCAYAAAAsLkgfAAAAOnRFWHRTb2Z0d2FyZQBNYXRwbG90bGliIHZlcnNpb24zLjEwLjMsIGh0dHBzOi8vbWF0cGxvdGxpYi5vcmcvZiW1igAAAAlwSFlzAAAPYQAAD2EBqD+naQAABNNJREFUeJzt3MtvjG0Yx/HfVNUhrSgNYkLfSARJbUScYmdHxEKsJNZi5/+w8ieItZWNtcTCQlCHhOCtQ5yps2L6vPm9lyczeDvTaWv6uvr9JE0P087M6pvrvp/7aaUoikIAkEjXbL8BAJhphA1AOoQNQDqEDUA6hA1AOoQNQDqEDUA6hA1AOoQNQDqEDUA6hA1AOoQNQDqEDUA6hA1AOoQNQDqEDUA6hA1AOoQNQDqEDUA6hA1AOoQNQDqEDUA6hA1AOoQNQDqEDUA6hA1AOoQNQDqEDUA6hA1AOoQNQDrds/0GAPyBxsak58+lp0+lr1+lNWuk1aulSqX++IsX0pcvUk+PNDAgLVjQsbdH2AC01hiqx4+l06elM2cibKXBQen4cWn/funBA+n16/pj/f3S0JC0fHlHolcpiqKY0WcE8Gcb+x6ed++k9+9jInv0SHIqLl+WTpyIKE1k/nzp8GFp716pt1dasiQi19cnrV8v3b5dj56f21PeunXSypU/Rm4aASRsAOpevpQuXZKuX4+p69Ur6dmzCMq3b9LZsxG4ydi2Tdq1S1q1Kqa1Dx+kri5p4cKI2Nu3ETm/zqJF0oYN0ooV8bt27drEU18LhA1AfUI6d066elV6+DD20BwdLz3Hx+Nzu7nYvr2+/7Z2bUxwW7ZEJIeHpY8fpaVLYzLbtCmev3FicwAdQ7++l72e+nbsaDm5cVUUQPBy01Hz8tAcHX98+hST3FRmoBs3pCdPYgl74UIsKx2q0dFY6i5bJnV/3+qv1SJkIyPS/fv1qJk/+3tPkI5gC1w8ABDK6cwTlCPnCcnx8eTUbE+tGe/R+Tm9/PRS1EvPjRvr8SynsXJvzt87cOVjjfy99+Mm8V4q1WqVpSgw142Px2T2+XPEw+Hxz4pC/UWh4Wk89VClotEyWvPmxYenNAesDJtf079Thqv8/mdewvpCgp+jCR86IWwAJjQo6W9N3V+SRtRZ3dVqtcMvCeB/pVaLCc3Tkye2cmLyz2o19U3z6XsrFVU9ZXlK85LUe3WeuPwansDMX/vnfg/lpObXL/f1Gh/7eYn6H7gqCsx19+5JV67E1cubN6Xz5yN23hu7eDH22Lw/Vu6FtcPB8vDkK5579ki7d8fxER8F8c+bnVWbxjk2Lh4Ac11PT3x2uHxGzIdlHRDHyOfKbt2S7t6Nq5vt8vk0P5+j6eMePpfmK6GOlPl1Jlo1NnusBY57AHPdwEAcfvVVUN8l4K/LDf2dO+M2qX37Wm7Y/8J/7wO6W7dGzN68iXNoPmT7m+8bZSkKQP+eUytP+vuOAJ8lc5g8ZTlGPljrqe3YsdjvapUN/61vqzpyJJaSPkriwG3e3JGb4QkbgF/3tMosOFCN+1u+M+HgwTi4a435KC8AeIP/6FHpwIGYANu4Y2CmEDYA7fFdA6dOSSdPSnfu/PjfPQ4diqXm4sUROOfFy9BJ3uM5UwgbgKlxOnyLk+9O8ETmgHlqm+X/xWaEDUA6XBUFkA5hA5AOYQOQDmEDkA5hA5AOYQOQDmEDkA5hA5AOYQOQDmEDkA5hA5AOYQOQDmEDkA5hA5AOYQOQDmEDkA5hA5AOYQOQDmEDkA5hA5AOYQOQDmEDkA5hA5AOYQOQDmEDkA5hA5AOYQOQDmEDoGz+AaQ5oOTiCrZ7AAAAAElFTkSuQmCC'}}]}, {'role': 'assistant', 'content': 'Final Answer: 0.85'}, {'role': 'user', 'content': [{'type': 'text', 'text': '\nYou are given both an image and a text-based representation of the same stimulus. \nIn both, a red dot appears on a horizontal line\nThe left end of the line corresponds to 0.0, and the right end to 1.0.\n\nText representation (the dot is marked as """"O""""):\n|--~----~-----------------~=---O----=----|\n\n\nEstimate the horizontal position of the **center** of the red dot as a decimal number between 0 and 1.\nDo not explain. Only output the final answer as a number between 0 and 1:\nFinal Answer:\n'}, {'type': 'image_url', 'image_url': {'url': 'data:image/png;base64,iVBORw0KGgoAAAANSUhEUgAAATYAAABNCAYAAAAsLkgfAAAAOnRFWHRTb2Z0d2FyZQBNYXRwbG90bGliIHZlcnNpb24zLjEwLjMsIGh0dHBzOi8vbWF0cGxvdGxpYi5vcmcvZiW1igAAAAlwSFlzAAAPYQAAD2EBqD+naQAABDBJREFUeJzt3LlrVGsYgPHnJHFPlFFBZdR7XQtJISIW6VSsxEqwE8FaLfwvbG209h+wFgQt3BAE8QqKqFz3BY3B3Why5OVjGC/IJYmCOW+eHwyzJDmTZh6+5Zyp6rqukaREev70PyBJv5thk5SOYZOUjmGTlI5hk5SOYZOUjmGTlI5hk5SOYZOUjmGTlI5hk5SOYZOUjmGTlI5hk5SOYZOUjmGTlI5hk5SOYZOUjmGTlI5hk5SOYZOUjmGTlI5hk5SOYZOUjmGTlI5hk5SOYZOUjmGTlI5hk5SOYZOUTt+f/gckTcGXL/DqFYyOwuzZsHQpzJkDdQ2vX8P799DfD0uWQFUx0xg2qWkiXDdvwsuX5fHICPT2wosXcPo03L/f/d116+DwYThwAObN+3kME6rqOhIvqTEjtStX4MkTePoU7tyBW7fg8mUYGyujs/qHj3RntDZ3Lhw9Cps2wadP8O1bGc0NDZWRXRzn40eYPx82boSFC2kywyY1SQTt0iV4/hyuXoUbN8ptIqoKdu2CbdtKwJ49KzGM6PX0QF9fieLy5bB7N2zYQFMZNqlJa2nv3sHFiyVq587B3bv/HaFNJG5DQ2WKOj4O16/DwED3tZiuxlR28WI4eLCxIzfX2KTpvpb25k33tbdv4do1uHABHj+eXNRC/H5EMY65YkUJ57Jl5bhxvPXrYe3aMr2N6enWrTSRp3tI01EEJ6IWI7R2G1atKtPG8+fLVPTRo7JWNhVfv8LwcFlni1Hb589lE+HDh/J+MSWNqWmsuTVU1W63nYpK001ELAIUu52hE6C4HxujNTrKP7+wijQIjMyaVUZwEbF4HNPUeL94Hu8d63DxegPFlolhkxrmL+DfX/j7v4EH5NXXjmGupOk9YovNg7jF8/FxBuJx/HyK+oF2bEbEiCympDFa64zY4hY7pTElbSh3RaXpfL5arHnF4v7t23D2LLRasGBBic+xYyV2k1VV5Zg7dsDKlSVusZGwenW5T3AeW3OTLGUWi/mDg2UDIc5d64ykYtE/TsuIwG3fDmfOTP7YrRZs3lyOv2ZNuY9z1hJdheCITWrKeWwRuBjFxfMYdcWu5cmTZUo60Y9xby/s31/OW9u5s+y4Jgpah2GTmiTON/vx8qeHD2HfvhK22DH9P1UFhw7Bnj2wZUu5pCopwyY1XUxH9+7tnndW/+Ra0bii4MSJMkpLfPF7h2GTMohv+Dh1Co4fh3v3uq/HetyRI+XbPRYtYqYwbFIm8XEeHi67qXENaFzzOQO/j82wSUrHa0UlpWPYJKVj2CSlY9gkpWPYJKVj2CSlY9gkpWPYJKVj2CSlY9gkpWPYJKVj2CSlY9gkpWPYJKVj2CSlY9gkpWPYJKVj2CSlY9gkpWPYJKVj2CSlY9gkpWPYJKVj2CSlY9gkpWPYJKVj2CSlY9gkkc1310VHXTWff9MAAAAASUVORK5CYII='}}]}, {'role': 'assistant', 'content': 'Final Answer: 0.75'}, {'role': 'user', 'content': [{'type': 'text', 'text': '\nYou are given both an image and a text-based representation of the same stimulus. \nIn both, a red dot appears on a horizontal line\nThe left end of the line corresponds to 0.0, and the right end to 1.0.\n\nText representation (the dot is marked as """"O""""):\n|------~----------=.------- -O-------- --|\n\n\nEstimate the horizontal position of the **center** of the red dot as a decimal number between 0 and 1.\nDo not explain. Only output the final answer as a number between 0 and 1:\nFinal Answer:\n'}, {'type': 'image_url', 'image_url': {'url': 'data:image/png;base64,iVBORw0KGgoAAAANSUhEUgAAATYAAABNCAYAAAAsLkgfAAAAOnRFWHRTb2Z0d2FyZQBNYXRwbG90bGliIHZlcnNpb24zLjEwLjMsIGh0dHBzOi8vbWF0cGxvdGxpYi5vcmcvZiW1igAAAAlwSFlzAAAPYQAAD2EBqD+naQAABIJJREFUeJzt3EtLlGEchvF7PKSVVlZENJhGFEVGFJSiRPtqKa6CvkEfplW0q12rgnbRKoLETUgtaqGYYFGaSueD+cbN4+u4KGpqxpH/e/1gmJM6Q+Dlc5pKWZZlAoBAmhr9BgCg1ggbgHAIG4BwCBuAcAgbgHAIG4BwCBuAcAgbgHAIG4BwCBuAcAgbgHAIG4BwCBuAcAgbgHAIG4BwCBuAcAgbgHAIG4BwCBuAcAgbgHAIG4BwCBuAcAgbgHAIG4BwCBuAcAgbgHAIG4BwCBuAcAgbgHAIG4BwWhr9BgCsyDLp7Vvpwwepo0PatUv69k2am0vXmzZJu3dLbW2NfqcbHmEDGuXr1xQtX+7ckW7elCYnK8+Xy9LgoHTypNTaKrW3S3v3psf27WvkO9/wSlnmPxMA1pVHZk+fSnfvSlevSt+///5rm5uloSHp6FFp82app0caGanELQ8ko7pVhA2ot7Xh8a+br8fGpNu300jtb5RK0sWLUne39OWLdOiQdP681NQkvXolffxY+dquLqmvL01lC4qwAfWM2evX0vPn0rt3ae3M9xcXpWfPpIcPU+j+lkdup0+nsHlq6hGcp6eOnm8fOJBitrAgdXZKAwOFHbkRNqBe08w3b6THj6Xp6TRFfP9e+vQp3ffFsauWg+XpqC957Lzu5sf375eOHJGOH08RPXMmrdMVEJsHQK1Hao6aI+ZRlUdnW7dKMzPS7GwaXfkxP/8v/H0/flSmtb546rljh7S0lDYf2tqkPXvS1xRUqVwuM2IDasXR8UaAR1K+duhseTk95yWwpSU9+Y+JUp+kRQfS/HO8zubXa2lJt5tW7nua6usC8r8OYQPWUY+kqf/4/l5JL2r4fiJqKRd0Dg7UfcTm215Ty6eMvp9l6lwZuf2rDh9xW/uAR2/5KM1aW9P019cFxeYBUEueeo6OprUwr33duyc9eJDue+3LGwq+eHHf09NqOWLeOPD6mUPm+zt3puMdDqpfY3hYunSpsDuixuYBUEuOiSPjDQRvFnin0uH5/DmdQfNtB8nPzc9X//MdNa+l5a+Vbx7ko7XeXqm/v9BRM8IG1JrPkvkMWX4o158QuH8/TQ09Zdy2TZqaSiO7akZtHp35aIcP4zpu+RGPY8ekLVtSKM+eTYd3C46wAfXgEVO+fu2wOUQvX0rbt0snTqRzbPbo0Z8P6eY7oBcupJj5uIjPxXn059dwKP3Y4cPSuXOFH60Za2zAeh7a9acCzCM5j7zGx6Vr1ypnztb+OuZB82js+nXp1Km0Nue1NJ+L8/d4iuv7/nwoH45fRdiA9fKrD6vbxIR065Z044b0Ys1BjoMHpStXpMuX00jvTz+LkdoqwgZsFP5V9DqZd1A95fRUMx+1oSqEDUA4/NfgAMIhbADCIWwAwiFsAMIhbADCIWwAwiFsAMIhbADCIWwAwiFsAMIhbADCIWwAwiFsAMIhbADCIWwAwiFsAMIhbADCIWwAwiFsAMIhbADCIWwAwiFsAMIhbADCIWwAwiFsAMIhbADCIWwAwiFsABTNT3roXHIAyEx4AAAAAElFTkSuQmCC'}}]}, {'role': 'assistant', 'content': 'Final Answer: 0.65'}, {'role': 'user', 'content': [{'type': 'text', 'text': '\nYou are given both an image and a text-based representation of the same stimulus. \nIn both, a red dot appears on a horizontal line\nThe left end of the line corresponds to 0.0, and the right end to 1.0.\n\nText representation (the dot is marked as """"O""""):\n|-- ------ --=- ----=-O------------------|\n\n\nEstimate the horizontal position of the **center** of the red dot as a decimal number between 0 and 1.\nDo not explain. Only output the final answer as a number between 0 and 1:\nFinal Answer:\n'}, {'type': 'image_url', 'image_url': {'url': 'data:image/png;base64,iVBORw0KGgoAAAANSUhEUgAAATYAAABNCAYAAAAsLkgfAAAAOnRFWHRTb2Z0d2FyZQBNYXRwbG90bGliIHZlcnNpb24zLjEwLjMsIGh0dHBzOi8vbWF0cGxvdGxpYi5vcmcvZiW1igAAAAlwSFlzAAAPYQAAD2EBqD+naQAABHBJREFUeJzt28tvTH8Yx/HP1FCXVhTRMJIiLCTduCysLOxspCthw1L8AeIf8BfY6bJrSwsSKwuREAu6Qht1i1u1LnGvIx+Pk9atVMmZeeb9Sk46nXbOjPx+3p7zPefUiqIoBACJdFT9AQDgXyNsANIhbADSIWwA0iFsANIhbADSIWwA0iFsANIhbADSIWwA0iFsANIhbADSIWwA0iFsANIhbADSIWwA0iFsANIhbADSIWwA0iFsANIhbADSIWwA0iFsANIhbADSIWwA0iFsANIhbADSIWwA0iFsANIhbADSqVf9AYA5eftWunlTmpyUVqyQtmyRFi+u+lOhyRA2NK9376SnT6X376U3b6TTp6VTp6QHD6Z/Z+1a6dAh6eBBafXq2Do7q/zUaAK1oiiKqj8E8EPMHj2SRkcjapcuRdD8+Fccs+PHpT17pP5+adWqb8O4aBHRayNMbGgOjpAPMa9ejYns7t2IkuN25crvX+94nTghTUxIT55IO3ZId+7E96Wenunole9J+FJiYkP1xsdjKjt7Vhobi/Wzhw/j+WfP5ravBQukgQFp69bY+vqkFy8iYs+fS+vWSbt3S69eScPDs4cPLYuwoVoOzrlz0oULMa29fh2HoZ7aZjv0nM3y5RG1XbuklSulDx+kZcsien6/vXsjbC9fSr29UkeH9OlTvG93d7yOya2lcbkHqnX/vnTtWpwc8OZDQsfnb6NmDtaNG9KZM3EY6++9LV0a7+Hp8PHj6aiZv/p7T4g+PEVLqzUaDSY2VKc84+mJyY9rNenjR/UUha7PY7f9kiYdq3o9Ymnetzfz9LZw4Y8vnJqK5/1ztCz/VyZsaDp9km7P4/UbJI39w8+D1lJvNBpVfwa0s/IQ9Ouk9mVimppS9zx32yWp4YnNk9fM6WvJkumpzV9n/szv7edYX2t5nDxAtetrFy/GmdCREenePenWrfjqxf358HqZ70rwYejGjXFCwetqvgxk+/b4mS8vKc+K+q+BTzRwVjQFrmNDdbym5vWsbdtikvLivgPj532blC/78BQ3V47Z5s2x+YyoJzDvy+t4jlYZL29cx5YSExuqndguX5a8HOKAOT6+1sxnLT1N+bnz5yNIf8qHkjt3RrwcKcfK/LirS9q3T9q06b/9kdAcmNhQHUfHF8X6+jEfOq5ZE885ZOvXR4h8GDk4GL//u3+DHbX9++MCXE+C3le5xuZLSDyhsabcFpjYUC3fXTDzDoByrctrYOVhqdfhjhyJi3fL3/meJ7Jjx6SjR+Pxz/bJ+lnbIGyo3p/cs+nD1KEh6eTJONFQ8i1Thw9LBw7EIWb5Ou4DbWuEDa3F/7v67gDfSeDbnzyJlZdvAF8RNgDpcK8ogHQIG4B0CBuAdAgbgHQIG4B0CBuAdAgbgHQIG4B0CBuAdAgbgHQIG4B0CBuAdAgbgHQIG4B0CBuAdAgbgHQIG4B0CBuAdAgbgHQIG4B0CBuAdAgbgHQIG4B0CBuAdAgbgHQIG4B0CBuAdAgbAGXzGahxa5hlk7orAAAAAElFTkSuQmCC'}}]}, {'role': 'assistant', 'content': 'Final Answer: 0.4'}, {'role': 'user', 'content': [{'type': 'text', 'text': '\nYou are given both an image and a text-based representation of the same stimulus. \nIn both, a red dot appears on a horizontal line\nThe left end of the line corresponds to 0.0, and the right end to 1.0.\n\nText representation (the dot is marked as """"O""""):\n|---- ---------.------O---------------.-~|\n\n\nEstimate the horizontal position of the **center** of the red dot as a decimal number between 0 and 1.\nDo not explain. Only output the final answer as a number between 0 and 1:\nFinal Answer:\n'}, {'type': 'image_url', 'image_url': {'url': 'data:image/png;base64,iVBORw0KGgoAAAANSUhEUgAAATYAAABNCAYAAAAsLkgfAAAAOnRFWHRTb2Z0d2FyZQBNYXRwbG90bGliIHZlcnNpb24zLjEwLjMsIGh0dHBzOi8vbWF0cGxvdGxpYi5vcmcvZiW1igAAAAlwSFlzAAAPYQAAD2EBqD+naQAABENJREFUeJzt3MlqFG0chfHTMc6J8wSNGhfiFHAAB3ApKrgSxJ14B96KeAm6cqEggmvRhaAoIiiOoEYUnOfZJC3HlyYi36e0Bqpy8vygMF0m3SWGJ/+3qjqNVqvVEgAE6ar6AABgtBE2AHEIG4A4hA1AHMIGIA5hAxCHsAGIQ9gAxCFsAOIQNgBxCBuAOIQNQBzCBiAOYQMQh7ABiEPYAMQhbADiEDYAcQgbgDiEDUAcwgYgDmEDEIewAYhD2ADEIWwA4hA2AHEIG4A4hA1AHMIGIA5hAxCnu+oDADrSakkvXkjv30sTJ5bH375JkyZJ8+ZJkydXfYSoAcKG+vvyRbpxQzp8WDp+XHr0aOTvFi2Stm+Xli+XZs6U1qyRNm6UZsyo8ohRsUar5R95QA29fStdvCgdOSIdPSoNDv7/506YUIK2cKG0erW0a1d5zAQ3LjGxoR4T2fPn0rt3ZYnZ01MenzkjnTghXb785+cYGpLOn5fWrSsfP3kivXkjrV9flqtfv7JcHUeY2FAtny+7dk168EAaGChh82R26VLZd+9eZ8/XaEg7dpS4LVkiTZ1alquOpZ/XE51j56UrgYtF2FDtpOYpy3F7+lT6/LlsJ09KN29KHz+WSatTjpm3adPKlLZggTRrVjkH5/B5avMydcMGAheKpSiq4+Xmq1clLB8+SNOnSxcuSC9flunqd+fUfufTp5Gvd+D8Ov7YU5snudu3peHhMhFu3lwCN3fuaP/rUKFGs9lkYkM1HBnfqmEOjxcPnuKGhjR7cFBX/+Gp+yW99nRm/tNbV1e5yGC+VcT7/NgbU1sU/88TNtTOUkn3/+Hr+yQNjOLxYGzpbjabVR8DxjNPaF4WevPU5glueFi9nua87y/1SGr+PKm1TyV3d5d97QnNj9sTXHuaw5jHxQPU56rorVvSuXPlQoLduTOyVO2Ew+WLBb295eKBA+lzeFOmSCtWSCtXSosXl5t4fUOvX2/TJokf8jEIG+p1H9v169Lp09KVK+X2j4cPO38+x2z+/HJBwFOYr656MvPW1yetXVsitmxZeW0HcMsWzrMFIWyo5zsOPLmdPSsdPNjZ1OZpzdOXJzLf1mG+GurIOXie5Pwt72nNoZszR+rv56poGMKG+vI05feG7t9fYvSnb1VHbc8e6cCBsrz0Mtfx8kTmG3MdsPa7GngnQjTChvo7dUrau7eEzv7rW9Yn//ftk3bvlnbuLPsI2LhF2DA23L0rHTokHTsmPX48st9LyG3bpK1bpVWruNkWPxA2jB2e2J49K8tMT2J+D6iXmvw+NvyCsAGIw68GBxCHsAGIQ9gAxCFsAOIQNgBxCBuAOIQNQBzCBiAOYQMQh7ABiEPYAMQhbADiEDYAcQgbgDiEDUAcwgYgDmEDEIewAYhD2ADEIWwA4hA2AHEIG4A4hA1AHMIGIA5hAxCHsAGIQ9gAxCFsAJTmO2SDQNow6FxCAAAAAElFTkSuQmCC'}}]}, {'role': 'assistant', 'content': 'Final Answer: 0.45'}, {'role': 'user', 'content': [{'type': 'text', 'text': '\nYou are given both an image and a text-based representation of the same stimulus. \nIn both, a red dot appears on a horizontal line\nThe left end of the line corresponds to 0.0, and the right end to 1.0.\n\nText representation (the dot is marked as """"O""""):\n|--- --- ------------O-------------=-=-- |\n\n\nEstimate the horizontal position of the **center** of the red dot as a decimal number between 0 and 1.\nDo not explain. Only output the final answer as a number between 0 and 1:\nFinal Answer:\n'}, {'type': 'image_url', 'image_url': {'url': 'data:image/png;base64,iVBORw0KGgoAAAANSUhEUgAAATYAAABNCAYAAAAsLkgfAAAAOnRFWHRTb2Z0d2FyZQBNYXRwbG90bGliIHZlcnNpb24zLjEwLjMsIGh0dHBzOi8vbWF0cGxvdGxpYi5vcmcvZiW1igAAAAlwSFlzAAAPYQAAD2EBqD+naQAABFJJREFUeJzt3NuLzH0cwPH3jHVsl9YhMdiNCG1cKHGDCzdKSQ7lyq1S/hM3/gT5FyQJcSERYZVT8jw5n4mcmafP832mpSfPM2ZmTfvp/aqtndm1+5ua3vs9/VTq9XodSUqk2u0LkKROM2yS0jFsktIxbJLSMWyS0jFsktIxbJLSMWyS0jFsktIxbJLSMWyS0jFsktIxbJLSMWyS0jFsktIxbJLSMWyS0jFsktIxbJLSMWyS0jFsktIxbJLSMWyS0jFsktIxbJLSMWyS0jFsktIxbJLSMWyS0unp9gVIP/j4EZ49g0+fYMIEmDkTJk7s9lVpjDFs6m68xo+HSgU+fy6PHzyAV69Gvre/H4aGYMaMbl6xxhjDpt/r+XO4ehXu3YMTJ+DwYXj8eOTrs2bBzp2wfn2J3p07JXjr1jlyU9Mq9Xq93vy3Sy2MzN68gbdvy9Ty5k24fBn274cPH+Bnb7+eHti6FZYsgXHjYMcOWLzYaaqaYtg0uiOz69fhwgV4+rQ8H5GLkVqzb7vVq2FgANauhYUL4datEsRJk2DZMlizxmmq/sWwaXRGaqdPw7lzcPIkPHxY1tEianfvNh+1hgULYP58qNVK0KpV+PatjNo2bIDt2x256QeusanzU8/hYThyBC5dgtu34evXMrWM6Wgrf0cjhrEO9/49bNpUIhY/M9bpjh+HVatg6dLReEUaozzHps5NPc+ehTNn4NixMv2MqL1+De/elZ3O+LwVEcOIZkxDr1wpPy/W3ebNg5cv4caNTr8ajXGVWq3mVFTti/A0RmOxuB+P4whHPFet0l+vM9zGqscQ8PchkAhaTEFjBBjid0yZApMnd+Z1KIVK/D3s9kUovwHgjzb+/SDwZwevR7n11GJBVmpHrHfFyClGU/F5jNgaB25jkb9Soa/NPapeoBYbEPERvyfOuIUYufX2luelf7grqvbdvw/nz5ddyy9fyo7oxYvlLoJr10rc4vlWNw8iZIODZXobsZwzB1asKB9btpTzbdJ33BVV++KgbNz6FDuXs2fDypUldo8ewdy5ZRQXQYuvv3jx6z9/+vRyR0KM0uIM28aNsHlzudVq6tTReEUa4xyxqbMHcmOXsvE47jJ48mTkboEYtZ06VULXrJhiRsCmTStn2OLA7t69JZjSTxg2jd7/zNHXVx7HObQ46hFxitjt2VOmp/+lsWa2a1eZ4sah3OXLy2jNqOl/GDb9fkePwrZt5Txa+P4t2AhaHN84dKiM0Lw3VL/IsKk74sDuwYNw4EA5yNuwaBHs2we7d5cRntQCw6buirdfbCjEfaQxdY2NAo9uqE2GTVI63isqKR3DJikdwyYpHcMmKR3DJikdwyYpHcMmKR3DJikdwyYpHcMmKR3DJikdwyYpHcMmKR3DJikdwyYpHcMmKR3DJikdwyYpHcMmKR3DJikdwyYpHcMmKR3DJikdwyYpHcMmKR3DJikdwyYpHcMmiWz+AoHRW3E6aNocAAAAAElFTkSuQmCC'}}]}, {'role': 'assistant', 'content': 'Final Answer: 0.55'}, {'role': 'user', 'content': [{'type': 'text', 'text': '\nYou are given both an image and a text-based representation of the same stimulus. \nIn both, a red dot appears on a horizontal line\nThe left end of the line corresponds to 0.0, and the right end to 1.0.\n\nText representation (the dot is marked as """"O""""):\n|---.-- ----------- ------------ -O---~--|\n\n\nEstimate the horizontal position of the **center** of the red dot as a decimal number between 0 and 1.\nDo not explain. Only output the final answer as a number between 0 and 1:\nFinal Answer:\n'}, {'type': 'image_url', 'image_url': {'url': 'data:image/png;base64,iVBORw0KGgoAAAANSUhEUgAAATYAAABNCAYAAAAsLkgfAAAAOnRFWHRTb2Z0d2FyZQBNYXRwbG90bGliIHZlcnNpb24zLjEwLjMsIGh0dHBzOi8vbWF0cGxvdGxpYi5vcmcvZiW1igAAAAlwSFlzAAAPYQAAD2EBqD+naQAABDdJREFUeJzt3EtrU2kcgPEnWq2XVqkVL0ToiIqKRUUU3LjyshIU/ACCG3d+F/0I4kYEQRDBhSAiIioVHF0oiFNFvEbrnVabDH9eSqowQ60zSfz3+UFJek5yktXD+57znlQajUYDSUpkVru/gCT91wybpHQMm6R0DJukdAybpHQMm6R0DJukdAybpHQMm6R0DJukdAybpHQMm6R0DJukdAybpHQMm6R0DJukdAybpHQMm6R0DJukdAybpHQMm6R0DJukdAybpHQMm6R0DJukdAybpHQMm6R0DJukdAybpHQMm6R0utr9BSR1kEYDajX4+BF6eqC/H8bG4PVr+PChub23F5Yuhe5uOpFhk2ay0dESradP4fRpOHMGnjxp7l+1Cvbsgc2b4dmzEre5c2Hx4hK2TZtgxw5YtIhOUmk0ItGSZpxaDe7ehfPn4fhx+Pr1n187ezbs2lVCd/9+GdktW1YCt20bHDgA69bRKQybNBNHaLUaXLkCN27AqVMlVFOxejXMnw+zZsHatbByZZmODgzAkSMdM3JzKirNlKDduwfXr8Pz5/DoETx4ALduTT1qId4X8YqwffpUHnfuLNPUON727XQCwyZlV6vB5ctw4UIZrb15A69ewfv3UK///PE+fy5T07ioMDQEGzeWwMX2DuFyDyn7SG1oCG7eLOGJaWNsi/NpL19O75jfvpXH8fESzWvXSiS7uspFiBjVxWN8TptUqtWq59ikrMbHmyGbCFK9Tl+9zp8T/0/DIDBSqUD8xWhtzhxYsOD7F8W+2B77W6wSK1da/qmS2moA+OsX3v8HMEzn6qpWq+3+DpJaMWIbHy/b6nV64/kvjNh6KhWqE6O1WNcWz+fNK+feJovPiP0/bv+fudxDymx0tCzruHQJhofLObZ37+DxY7hzZ/pxW7ECliwpC3fXry93JOzeXda2TRaLfbdsKctEWsirolJm3d1lAW2c3I8roXFFNE7yx2LaOCd29erPH3PhQoiZ3oYNsHVrGanFMX9cwxZXXGPcFCO2FjNsUnb9/bB/fxk1xTq2iFxfXwlOrGOLUd1UJ24RsKNHy/vjlqoYtcXzL1/g7VtYvrxMTyNqL16U/fG6FnMqKs3EOw/GxkrYbt+Ggwebo6t/E8E6dw727v3+GBGumIrG7VkRtxDHiqgNDpawtphhk2a6ixfh0KHmAtvJSYiLAiGmrWfPwr59U49mG3/9w7BJgpEROHkSTpyAhw+b29esgWPH4PDhcsP7b8KwSWqKHMQFhvh5ovjNtZhOTozafiOGTVI63isqKR3DJikdwyYpHcMmKR3DJikdwyYpHcMmKR3DJikdwyYpHcMmKR3DJikdwyYpHcMmKR3DJikdwyYpHcMmKR3DJikdwyYpHcMmKR3DJikdwyYpHcMmKR3DJikdwyYpHcMmKR3DJikdwyYpHcMmiWz+BsBzN7FEbbkEAAAAAElFTkSuQmCC'}}]}, {'role': 'assistant', 'content': 'Final Answer: 0.8'}, {'role': 'user', 'content': [{'type': 'text', 'text': '\nYou are given both an image and a text-based representation of the same stimulus. \nIn both, a red dot appears on a horizontal line\nThe left end of the line corresponds to 0.0, and the right end to 1.0.\n\nText representation (the dot is marked as """"O""""):\n|-~ --~-~-----------------.--O-----------|\n\n\nEstimate the horizontal position of the **center** of the red dot as a decimal number between 0 and 1.\nDo not explain. Only output the final answer as a number between 0 and 1:\nFinal Answer:\n'}, {'type': 'image_url', 'image_url': {'url': 'data:image/png;base64,iVBORw0KGgoAAAANSUhEUgAAATYAAABNCAYAAAAsLkgfAAAAOnRFWHRTb2Z0d2FyZQBNYXRwbG90bGliIHZlcnNpb24zLjEwLjMsIGh0dHBzOi8vbWF0cGxvdGxpYi5vcmcvZiW1igAAAAlwSFlzAAAPYQAAD2EBqD+naQAABERJREFUeJzt3E1vTGEYxvFrpkXQSlFtmASpthstYoGlNBUfwIJvYCGxtbDwBawsLS2b7nRl1x2JkIZEBPEuCNUgXqpm5MqdSUUiOmVm6j7/XzLpdDo5M5v+e5/zPNNSrVarCQASKbf7DQDAv0bYAKRD2ACkQ9gApEPYAKRD2ACkQ9gApEPYAKRD2ACkQ9gApEPYAKRD2ACkQ9gApEPYAKRD2ACkQ9gApEPYAKRD2ACkQ9gApEPYAKRD2ACkQ9gApEPYAKRD2ACkQ9gApEPYAKRD2ACkQ9gApEPYAKRD2ACk09nuNwDgJ7Wa9Pat9PGj1NUlbd4slUrtflf/HcIGtNPXr9KbN3GbnJQuXZKePFn8+dat0qlTcVu7Vnr+XHr1Kn7W3y9VKtKaNW17+ytVqVbznwgALefJ7PZt6coV6fx5aX7+9891vE6elDo7pU+fYrJbv14aGZGOHpW2bWvlO1/xCBvQ6unMAfP9mzel6Wnp4sUI1VLs2bM4pXmCK5cjbkeOSJs2SatXS729hZ/iCBvQyuns3Tvp/fu4f++edPmy9P17Y8dyuHzbtSumtrk5aWBAOnRIWlhYnOSGhgobOK6xAc3m6cwh+/BB2rIlrpN9+RKPNRo189TnxYVnz6S+vrg9fRrH8jW5hQXp/n3p4EFp//5YgCgYtnsAzeYQvX4dq5s3bkjXrkkvXkiPHi3/mNVqBNPHXbcuTmU9Cfo0d2AgJjW/huPp5xVMqVKpcCoKNNO3bzGh1e9Xq9pYreqW7y/TiKS5+jerVsW1Nn+1jo746oUGB8/X3eqPFYQ3yBA2oMV2SPqLeU07JT3+h+8nm86KV1gANIeve/n00KeOvu+v1aq6Pa35WtgydUmq1DfuelKrT20+frkcE5of82sWcWJjVRRooocPpZkZqbtbun5dunMnQueL+97usZy4OWhe+XTAtm+Xjh2TXr6UZmdjy8foqDQ8HNfW/LpeLS3Y6iirokAzeVqyDRsiMObtGf7eF/vv3m38mJ7EHKqeHmlsTNq9O+57S4lXQPv6YtXUkfO2j4JFzZjYgGby1HT1amz18EegHDPvX3PQ/NGoiYnGtnx4Sjt8WNq7VxoclA4ciJg5oJ7O/Drz84XfqEvYgFZuzjWHx4Hy9W1/8uDs2Vi9/NOvok9Bz52TxsfjWAU9zVwKwga0+uNUv05TU1PS8ePS58/x/c+/kvUFAj/3zBlp3774ef00s4Cbb5eCsAErga+7+T97XLggPXiw+Lg/NnX6tHTiROyB4zRzSQgbsJL419Grm75W5lNNT2b8P7aGETYA6fBZUQDpEDYA6RA2AOkQNgDpEDYA6RA2AOkQNgDpEDYA6RA2AOkQNgDpEDYA6RA2AOkQNgDpEDYA6RA2AOkQNgDpEDYA6RA2AOkQNgDpEDYA6RA2AOkQNgDpEDYA6RA2AOkQNgDpEDYA6RA2AOkQNgDK5gcW00CVbCY0GwAAAABJRU5ErkJggg=='}}]}, {'role': 'assistant', 'content': 'Final Answer: 0.7'}, {'role': 'user', 'content': [{'type': 'text', 'text': '\nYou are given both an image and a text-based representation of the same stimulus. \nIn both, a red dot appears on a horizontal line\nThe left end of the line corresponds to 0.0, and the right end to 1.0.\n\nText representation (the dot is marked as """"O""""):\n| ---------------.---------~---O-.-----=-|\n\n\nEstimate the horizontal position of the **center** of the red dot as a decimal number between 0 and 1.\nDo not explain. Only output the final answer as a number between 0 and 1:\nFinal Answer:\n'}, {'type': 'image_url', 'image_url': {'url': 'data:image/png;base64,iVBORw0KGgoAAAANSUhEUgAAATYAAABNCAYAAAAsLkgfAAAAOnRFWHRTb2Z0d2FyZQBNYXRwbG90bGliIHZlcnNpb24zLjEwLjMsIGh0dHBzOi8vbWF0cGxvdGxpYi5vcmcvZiW1igAAAAlwSFlzAAAPYQAAD2EBqD+naQAABHxJREFUeJzt3LlrVGEUhvH3jnEZTdS4hMi4xBXEURDBpbHwT1DstBLsLexsre0t02phYWkpohYibqiIRlFEcIn7mlx5OQwj4pJEYXLPPD8Ik0kmmSjk4Xzf/SZFWZalACCRWqd/AAD43wgbgHQIG4B0CBuAdAgbgHQIG4B0CBuAdAgbgHQIG4B0CBuAdAgbgHQIG4B0CBuAdAgbgHQIG4B0CBuAdAgbgHQIG4B0CBuAdAgbgHQIG4B0CBuAdAgbgHQIG4B0CBuAdAgbgHQIG4B0CBuAdAgbgHQIG4B0ejr9AwD4R2UpvXghvXsn9fZKixdLRaFuRtiAKvj8WXr+XPryJUJmb99KZ85Iw8PS/fvtxy5fLh08KB04IK1dK82erW5TlGXrfwnAtORp7MYN6dUr6c0b6dEj6fZt6dSpCN3vzJolHT0qHToU7/uxnz7F9/nwIe47gp7wlixJFUDCBky3icwRcmjsyRPp8uUI0rJl0tWr0vnz0tmzE/u+RSHt2iXt2SMtXCjduiW9fi2Nj8fn+/ulbdukTZukZjMilwBhA6bTRPb1a0xlDk9PTwRvZCSmqcePpTt3pAsX2svRicat2ZTmzImQ+f6MGdKaNdL79xG8HTukwUFp584Ukxt7bEAnOVyOmvfL5s2THjyI0N28GZ9ft06aOTOmrLt3Y2Kb7CxSltK9exG2ej2eZ8EC6du3uNjgSdET28uX8X6joaojbEAnOSSe1JYujZh578vx8ZLQU5unt2fP4uNjY3E7FR8/xtc7cg6a73ty8xLXz+G4bt365z27CikajQZLUaBTHBsvP83BqdUiaP64+b5jMz6u/rLU9dZjp6ApadQxax0F8XLUb34uT4Ve+s6dGx+rOP8LCRtQAaskjfzD1w9Jeqju0NNIsJ4GKr/P5qnJk5onNGstCT1JeZIbG1OfpzW/P0W9kho/Tmy+9fN5QvOVWN/6wkGGiY2rokCH+WLBlSvSpUux9+WNfS8LHTrvvzlu3lu7dk06d669TJ2sel3auDFu/eaIrVghDQ1J27dLo6Nxm2DY4eIB0Gm+ULB7d5xT8ya+j2DMnx8b/Y6Oj2V4orp4Ma6a+uroZNXr8SqE9esjkp7UfLzDx0A2bIjnXLSofX6u4ggbMB14enJkHJ6fD+q2zpWtXBnL1iNH2hccJqJWiyuePtKxZUv7SqiDOjAQrzF11Pz8Cc6wGUtRoGrL1pMnpWPHYqL7269vUUj79kl790qbN8cZNgezry/Ozv0qoAkQNqBqPLWdPi0dPhx7cvbjr3FRxH0H6/jxiJr3zRKF628IG1BV3uz3X/Y4cSJedtUyOCjt3x9L1tWr1Y0IG1B1/hV++jT+6oentIGBeCVDF01oPyNsANLhT4MDSIewAUiHsAFIh7ABSIewAUiHsAFIh7ABSIewAUiHsAFIh7ABSIewAUiHsAFIh7ABSIewAUiHsAFIh7ABSIewAUiHsAFIh7ABSIewAUiHsAFIh7ABSIewAUiHsAFIh7ABSIewAUiHsAFIh7ABUDbfAV+OWd7xBF6nAAAAAElFTkSuQmCC'}}]}]",Final Answer: 0.7
anthropic/claude-3.7-sonnet,sample_001,0.64982,0.64982,0.6,"[{'role': 'system', 'content': 'You are a helpful assistant.'}, {'role': 'user', 'content': [{'type': 'text', 'text': '\nYou are given both an image and a text-based representation of the same stimulus. \nIn both, a red dot appears on a horizontal line\nThe left end of the line corresponds to 0.0, and the right end to 1.0.\n\nText representation (the dot is marked as """"O""""):\n|.-- -~=-------- ---------O--------------|\n\n\nEstimate the horizontal position of the **center** of the red dot as a decimal number between 0 and 1.\nDo not explain. Only output the final answer as a number between 0 and 1:\nFinal Answer:\n'}, {'type': 'image_url', 'image_url': {'url': 'data:image/png;base64,iVBORw0KGgoAAAANSUhEUgAAATYAAABNCAYAAAAsLkgfAAAAOnRFWHRTb2Z0d2FyZQBNYXRwbG90bGliIHZlcnNpb24zLjEwLjMsIGh0dHBzOi8vbWF0cGxvdGxpYi5vcmcvZiW1igAAAAlwSFlzAAAPYQAAD2EBqD+naQAABJVJREFUeJzt3ElvTXEYx/HfbWtuUaQSFy1i0bSRsECQ2HkNYmNnx9LGOxCJROyFlYXY8AZ0YVFCDCExxFBjYqgp5h755XHShohSt72e8/0kTfW0vfda9Nvnf87/tFYURSEASKRlql8AAPxrhA1AOoQNQDqEDUA6hA1AOoQNQDqEDUA6hA1AOoQNQDqEDUA6hA1AOoQNQDqEDUA6hA1AOoQNQDqEDUA6hA1AOoQNQDqEDUA6hA1AOoQNQDqEDUA6hA1AOoQNQDqEDUA6hA1AOoQNQDqEDUA6hA1AOoQNQDptU/0CgKZVFNLz59Lbt1J7u7RwoVSrTfWrwjgQNlTbx4/Ss2fSp0/S9OlSR4f04IF0/Lh07Jh0797o165aJe3eLW3fLn35Mvo9ixZJM2b8/FjlcUy6WlH41xJQMY7QzZvS1avSu3fS3LnShw/SwEAEzXH6UTmtOVZ790pr18bHnZ3SkiXSo0fSy5fS58/S69fSnDlSf7+0ejWBm2SEDdXj5eWFC9KZM9LDh9LMmdLs2RG606djCfo7LS3SgQPSli0x4XmyW748Jr47d6RXr6ThYWnWLGnDBmnduljKYlIQNlRrSnPIBgely5elS5diCvPxoSHpxo3xRa3k5eahQ9KbN/FYmzdLX7/GxLZgQXzNkydSV5e0YoW0cSOT2yThHBuqM6V52Xn9unT+vHTtWgSpry+mL18g+NPf8V6u7t8v9fbGMvTp01iWbtoUj+nA+TnmzYtpcNkyaeXKRv0PMQZhQ36eyBw1T2s+ue8pysHxBYBbt2Jqc5T+xt27ccXUfK7Oj++orVkT59keP47P+bn8dY4cS9KGq9XrdZaiyM3LQ09XIyOjS0X/+/vnOkdGdGUCZ2T6azUNt7VJra3xuA6l3xw4H/PnfLz8mOVow/kyD2FDpXV78JrA9/dIGrMpBE2grV6vT/VrABrLU5q3cngq89Tk6ckf+31RqMPLxAlob21V3VNZOZmV0+C0aTGheXrz5/zcfi3lcTQMV0VRjXNsp05JFy/GnjJH5v792LPmc2s+5+ZzY38TOAfKG3e7u+PNy0xvzPW5tfXrY3/b/PlxBdXB89YQH2egaCguHiA/x8ZXKh0VX50sQ7NtW2yoPXdOun07LiT8KW/C9fTnScx6emJ7h5/DV0gduXJKdES9DcTH0FBMbKgOb8k4eza2fnhq82baxYtj6jp6VDpyZDRQ4+Fgbd0qLV0a05rfO2Z+zLF3Iph/zBw134nAVdGGI2yoll/dz+m7BQ4elA4fHt9+Np8327dP2rEjlpXePsK9o02DsAElh+jECWnXLun9+zg29sejvFfUt1+dPBlLWTQlwgb8yPd4+kZ43y7lc28lXyTYs0fauTM22qJpETbgV/yj8eJFLDN9Ps7nyPh7bP8FwgYgHf40OIB0CBuAdAgbgHQIG4B0CBuAdAgbgHQIG4B0CBuAdAgbgHQIG4B0CBuAdAgbgHQIG4B0CBuAdAgbgHQIG4B0CBuAdAgbgHQIG4B0CBuAdAgbgHQIG4B0CBuAdAgbgHQIG4B0CBuAdAgbgHQIGwBl8w2vMXCzyZNU9QAAAABJRU5ErkJggg=='}}]}]",Final Answer: 0.6
anthropic/claude-3.7-sonnet,sample_002,0.88029,0.88029,0.85,"[{'role': 'system', 'content': 'You are a helpful assistant.'}, {'role': 'user', 'content': [{'type': 'text', 'text': '\nYou are given both an image and a text-based representation of the same stimulus. \nIn both, a red dot appears on a horizontal line\nThe left end of the line corresponds to 0.0, and the right end to 1.0.\n\nText representation (the dot is marked as """"O""""):\n|.-- -~=-------- ---------O--------------|\n\n\nEstimate the horizontal position of the **center** of the red dot as a decimal number between 0 and 1.\nDo not explain. Only output the final answer as a number between 0 and 1:\nFinal Answer:\n'}, {'type': 'image_url', 'image_url': {'url': 'data:image/png;base64,iVBORw0KGgoAAAANSUhEUgAAATYAAABNCAYAAAAsLkgfAAAAOnRFWHRTb2Z0d2FyZQBNYXRwbG90bGliIHZlcnNpb24zLjEwLjMsIGh0dHBzOi8vbWF0cGxvdGxpYi5vcmcvZiW1igAAAAlwSFlzAAAPYQAAD2EBqD+naQAABJVJREFUeJzt3ElvTXEYx/HfbWtuUaQSFy1i0bSRsECQ2HkNYmNnx9LGOxCJROyFlYXY8AZ0YVFCDCExxFBjYqgp5h755XHShohSt72e8/0kTfW0vfda9Nvnf87/tFYURSEASKRlql8AAPxrhA1AOoQNQDqEDUA6hA1AOoQNQDqEDUA6hA1AOoQNQDqEDUA6hA1AOoQNQDqEDUA6hA1AOoQNQDqEDUA6hA1AOoQNQDqEDUA6hA1AOoQNQDqEDUA6hA1AOoQNQDqEDUA6hA1AOoQNQDqEDUA6hA1AOoQNQDptU/0CgKZVFNLz59Lbt1J7u7RwoVSrTfWrwjgQNlTbx4/Ss2fSp0/S9OlSR4f04IF0/Lh07Jh0797o165aJe3eLW3fLn35Mvo9ixZJM2b8/FjlcUy6WlH41xJQMY7QzZvS1avSu3fS3LnShw/SwEAEzXH6UTmtOVZ790pr18bHnZ3SkiXSo0fSy5fS58/S69fSnDlSf7+0ejWBm2SEDdXj5eWFC9KZM9LDh9LMmdLs2RG606djCfo7LS3SgQPSli0x4XmyW748Jr47d6RXr6ThYWnWLGnDBmnduljKYlIQNlRrSnPIBgely5elS5diCvPxoSHpxo3xRa3k5eahQ9KbN/FYmzdLX7/GxLZgQXzNkydSV5e0YoW0cSOT2yThHBuqM6V52Xn9unT+vHTtWgSpry+mL18g+NPf8V6u7t8v9fbGMvTp01iWbtoUj+nA+TnmzYtpcNkyaeXKRv0PMQZhQ36eyBw1T2s+ue8pysHxBYBbt2Jqc5T+xt27ccXUfK7Oj++orVkT59keP47P+bn8dY4cS9KGq9XrdZaiyM3LQ09XIyOjS0X/+/vnOkdGdGUCZ2T6azUNt7VJra3xuA6l3xw4H/PnfLz8mOVow/kyD2FDpXV78JrA9/dIGrMpBE2grV6vT/VrABrLU5q3cngq89Tk6ckf+31RqMPLxAlob21V3VNZOZmV0+C0aTGheXrz5/zcfi3lcTQMV0VRjXNsp05JFy/GnjJH5v792LPmc2s+5+ZzY38TOAfKG3e7u+PNy0xvzPW5tfXrY3/b/PlxBdXB89YQH2egaCguHiA/x8ZXKh0VX50sQ7NtW2yoPXdOun07LiT8KW/C9fTnScx6emJ7h5/DV0gduXJKdES9DcTH0FBMbKgOb8k4eza2fnhq82baxYtj6jp6VDpyZDRQ4+Fgbd0qLV0a05rfO2Z+zLF3Iph/zBw134nAVdGGI2yoll/dz+m7BQ4elA4fHt9+Np8327dP2rEjlpXePsK9o02DsAElh+jECWnXLun9+zg29sejvFfUt1+dPBlLWTQlwgb8yPd4+kZ43y7lc28lXyTYs0fauTM22qJpETbgV/yj8eJFLDN9Ps7nyPh7bP8FwgYgHf40OIB0CBuAdAgbgHQIG4B0CBuAdAgbgHQIG4B0CBuAdAgbgHQIG4B0CBuAdAgbgHQIG4B0CBuAdAgbgHQIG4B0CBuAdAgbgHQIG4B0CBuAdAgbgHQIG4B0CBuAdAgbgHQIG4B0CBuAdAgbgHQIGwBl8w2vMXCzyZNU9QAAAABJRU5ErkJggg=='}}]}, {'role': 'assistant', 'content': 'Final Answer: 0.6'}, {'role': 'user', 'content': [{'type': 'text', 'text': '\nYou are given both an image and a text-based representation of the same stimulus. \nIn both, a red dot appears on a horizontal line\nThe left end of the line corresponds to 0.0, and the right end to 1.0.\n\nText representation (the dot is marked as """"O""""):\n|--~---~----------------=--- =-----O-----|\n\n\nEstimate the horizontal position of the **center** of the red dot as a decimal number between 0 and 1.\nDo not explain. Only output the final answer as a number between 0 and 1:\nFinal Answer:\n'}, {'type': 'image_url', 'image_url': {'url': 'data:image/png;base64,iVBORw0KGgoAAAANSUhEUgAAATYAAABNCAYAAAAsLkgfAAAAOnRFWHRTb2Z0d2FyZQBNYXRwbG90bGliIHZlcnNpb24zLjEwLjMsIGh0dHBzOi8vbWF0cGxvdGxpYi5vcmcvZiW1igAAAAlwSFlzAAAPYQAAD2EBqD+naQAABNNJREFUeJzt3MtvjG0Yx/HfVNUhrSgNYkLfSARJbUScYmdHxEKsJNZi5/+w8ieItZWNtcTCQlCHhOCtQ5yps2L6vPm9lyczeDvTaWv6uvr9JE0P087M6pvrvp/7aaUoikIAkEjXbL8BAJhphA1AOoQNQDqEDUA6hA1AOoQNQDqEDUA6hA1AOoQNQDqEDUA6hA1AOoQNQDqEDUA6hA1AOoQNQDqEDUA6hA1AOoQNQDqEDUA6hA1AOoQNQDqEDUA6hA1AOoQNQDqEDUA6hA1AOoQNQDqEDUA6hA1AOoQNQDrds/0GAPyBxsak58+lp0+lr1+lNWuk1aulSqX++IsX0pcvUk+PNDAgLVjQsbdH2AC01hiqx4+l06elM2cibKXBQen4cWn/funBA+n16/pj/f3S0JC0fHlHolcpiqKY0WcE8Gcb+x6ed++k9+9jInv0SHIqLl+WTpyIKE1k/nzp8GFp716pt1dasiQi19cnrV8v3b5dj56f21PeunXSypU/Rm4aASRsAOpevpQuXZKuX4+p69Ur6dmzCMq3b9LZsxG4ydi2Tdq1S1q1Kqa1Dx+kri5p4cKI2Nu3ETm/zqJF0oYN0ooV8bt27drEU18LhA1AfUI6d066elV6+DD20BwdLz3Hx+Nzu7nYvr2+/7Z2bUxwW7ZEJIeHpY8fpaVLYzLbtCmev3FicwAdQ7++l72e+nbsaDm5cVUUQPBy01Hz8tAcHX98+hST3FRmoBs3pCdPYgl74UIsKx2q0dFY6i5bJnV/3+qv1SJkIyPS/fv1qJk/+3tPkI5gC1w8ABDK6cwTlCPnCcnx8eTUbE+tGe/R+Tm9/PRS1EvPjRvr8SynsXJvzt87cOVjjfy99+Mm8V4q1WqVpSgw142Px2T2+XPEw+Hxz4pC/UWh4Wk89VClotEyWvPmxYenNAesDJtf079Thqv8/mdewvpCgp+jCR86IWwAJjQo6W9N3V+SRtRZ3dVqtcMvCeB/pVaLCc3Tkye2cmLyz2o19U3z6XsrFVU9ZXlK85LUe3WeuPwansDMX/vnfg/lpObXL/f1Gh/7eYn6H7gqCsx19+5JV67E1cubN6Xz5yN23hu7eDH22Lw/Vu6FtcPB8vDkK5579ki7d8fxER8F8c+bnVWbxjk2Lh4Ac11PT3x2uHxGzIdlHRDHyOfKbt2S7t6Nq5vt8vk0P5+j6eMePpfmK6GOlPl1Jlo1NnusBY57AHPdwEAcfvVVUN8l4K/LDf2dO+M2qX37Wm7Y/8J/7wO6W7dGzN68iXNoPmT7m+8bZSkKQP+eUytP+vuOAJ8lc5g8ZTlGPljrqe3YsdjvapUN/61vqzpyJJaSPkriwG3e3JGb4QkbgF/3tMosOFCN+1u+M+HgwTi4a435KC8AeIP/6FHpwIGYANu4Y2CmEDYA7fFdA6dOSSdPSnfu/PjfPQ4diqXm4sUROOfFy9BJ3uM5UwgbgKlxOnyLk+9O8ETmgHlqm+X/xWaEDUA6XBUFkA5hA5AOYQOQDmEDkA5hA5AOYQOQDmEDkA5hA5AOYQOQDmEDkA5hA5AOYQOQDmEDkA5hA5AOYQOQDmEDkA5hA5AOYQOQDmEDkA5hA5AOYQOQDmEDkA5hA5AOYQOQDmEDkA5hA5AOYQOQDmEDoGz+AaQ5oOTiCrZ7AAAAAElFTkSuQmCC'}}]}]",Final Answer: 0.85
anthropic/claude-3.7-sonnet,sample_003,0.7928,0.7928,0.75,"[{'role': 'system', 'content': 'You are a helpful assistant.'}, {'role': 'user', 'content': [{'type': 'text', 'text': '\nYou are given both an image and a text-based representation of the same stimulus. \nIn both, a red dot appears on a horizontal line\nThe left end of the line corresponds to 0.0, and the right end to 1.0.\n\nText representation (the dot is marked as """"O""""):\n|.-- -~=-------- ---------O--------------|\n\n\nEstimate the horizontal position of the **center** of the red dot as a decimal number between 0 and 1.\nDo not explain. Only output the final answer as a number between 0 and 1:\nFinal Answer:\n'}, {'type': 'image_url', 'image_url': {'url': 'data:image/png;base64,iVBORw0KGgoAAAANSUhEUgAAATYAAABNCAYAAAAsLkgfAAAAOnRFWHRTb2Z0d2FyZQBNYXRwbG90bGliIHZlcnNpb24zLjEwLjMsIGh0dHBzOi8vbWF0cGxvdGxpYi5vcmcvZiW1igAAAAlwSFlzAAAPYQAAD2EBqD+naQAABJVJREFUeJzt3ElvTXEYx/HfbWtuUaQSFy1i0bSRsECQ2HkNYmNnx9LGOxCJROyFlYXY8AZ0YVFCDCExxFBjYqgp5h755XHShohSt72e8/0kTfW0vfda9Nvnf87/tFYURSEASKRlql8AAPxrhA1AOoQNQDqEDUA6hA1AOoQNQDqEDUA6hA1AOoQNQDqEDUA6hA1AOoQNQDqEDUA6hA1AOoQNQDqEDUA6hA1AOoQNQDqEDUA6hA1AOoQNQDqEDUA6hA1AOoQNQDqEDUA6hA1AOoQNQDqEDUA6hA1AOoQNQDptU/0CgKZVFNLz59Lbt1J7u7RwoVSrTfWrwjgQNlTbx4/Ss2fSp0/S9OlSR4f04IF0/Lh07Jh0797o165aJe3eLW3fLn35Mvo9ixZJM2b8/FjlcUy6WlH41xJQMY7QzZvS1avSu3fS3LnShw/SwEAEzXH6UTmtOVZ790pr18bHnZ3SkiXSo0fSy5fS58/S69fSnDlSf7+0ejWBm2SEDdXj5eWFC9KZM9LDh9LMmdLs2RG606djCfo7LS3SgQPSli0x4XmyW748Jr47d6RXr6ThYWnWLGnDBmnduljKYlIQNlRrSnPIBgely5elS5diCvPxoSHpxo3xRa3k5eahQ9KbN/FYmzdLX7/GxLZgQXzNkydSV5e0YoW0cSOT2yThHBuqM6V52Xn9unT+vHTtWgSpry+mL18g+NPf8V6u7t8v9fbGMvTp01iWbtoUj+nA+TnmzYtpcNkyaeXKRv0PMQZhQ36eyBw1T2s+ue8pysHxBYBbt2Jqc5T+xt27ccXUfK7Oj++orVkT59keP47P+bn8dY4cS9KGq9XrdZaiyM3LQ09XIyOjS0X/+/vnOkdGdGUCZ2T6azUNt7VJra3xuA6l3xw4H/PnfLz8mOVow/kyD2FDpXV78JrA9/dIGrMpBE2grV6vT/VrABrLU5q3cngq89Tk6ckf+31RqMPLxAlob21V3VNZOZmV0+C0aTGheXrz5/zcfi3lcTQMV0VRjXNsp05JFy/GnjJH5v792LPmc2s+5+ZzY38TOAfKG3e7u+PNy0xvzPW5tfXrY3/b/PlxBdXB89YQH2egaCguHiA/x8ZXKh0VX50sQ7NtW2yoPXdOun07LiT8KW/C9fTnScx6emJ7h5/DV0gduXJKdES9DcTH0FBMbKgOb8k4eza2fnhq82baxYtj6jp6VDpyZDRQ4+Fgbd0qLV0a05rfO2Z+zLF3Iph/zBw134nAVdGGI2yoll/dz+m7BQ4elA4fHt9+Np8327dP2rEjlpXePsK9o02DsAElh+jECWnXLun9+zg29sejvFfUt1+dPBlLWTQlwgb8yPd4+kZ43y7lc28lXyTYs0fauTM22qJpETbgV/yj8eJFLDN9Ps7nyPh7bP8FwgYgHf40OIB0CBuAdAgbgHQIG4B0CBuAdAgbgHQIG4B0CBuAdAgbgHQIG4B0CBuAdAgbgHQIG4B0CBuAdAgbgHQIG4B0CBuAdAgbgHQIG4B0CBuAdAgbgHQIG4B0CBuAdAgbgHQIG4B0CBuAdAgbgHQIGwBl8w2vMXCzyZNU9QAAAABJRU5ErkJggg=='}}]}, {'role': 'assistant', 'content': 'Final Answer: 0.6'}, {'role': 'user', 'content': [{'type': 'text', 'text': '\nYou are given both an image and a text-based representation of the same stimulus. \nIn both, a red dot appears on a horizontal line\nThe left end of the line corresponds to 0.0, and the right end to 1.0.\n\nText representation (the dot is marked as """"O""""):\n|--~---~----------------=--- =-----O-----|\n\n\nEstimate the horizontal position of the **center** of the red dot as a decimal number between 0 and 1.\nDo not explain. Only output the final answer as a number between 0 and 1:\nFinal Answer:\n'}, {'type': 'image_url', 'image_url': {'url': 'data:image/png;base64,iVBORw0KGgoAAAANSUhEUgAAATYAAABNCAYAAAAsLkgfAAAAOnRFWHRTb2Z0d2FyZQBNYXRwbG90bGliIHZlcnNpb24zLjEwLjMsIGh0dHBzOi8vbWF0cGxvdGxpYi5vcmcvZiW1igAAAAlwSFlzAAAPYQAAD2EBqD+naQAABNNJREFUeJzt3MtvjG0Yx/HfVNUhrSgNYkLfSARJbUScYmdHxEKsJNZi5/+w8ieItZWNtcTCQlCHhOCtQ5yps2L6vPm9lyczeDvTaWv6uvr9JE0P087M6pvrvp/7aaUoikIAkEjXbL8BAJhphA1AOoQNQDqEDUA6hA1AOoQNQDqEDUA6hA1AOoQNQDqEDUA6hA1AOoQNQDqEDUA6hA1AOoQNQDqEDUA6hA1AOoQNQDqEDUA6hA1AOoQNQDqEDUA6hA1AOoQNQDqEDUA6hA1AOoQNQDqEDUA6hA1AOoQNQDrds/0GAPyBxsak58+lp0+lr1+lNWuk1aulSqX++IsX0pcvUk+PNDAgLVjQsbdH2AC01hiqx4+l06elM2cibKXBQen4cWn/funBA+n16/pj/f3S0JC0fHlHolcpiqKY0WcE8Gcb+x6ed++k9+9jInv0SHIqLl+WTpyIKE1k/nzp8GFp716pt1dasiQi19cnrV8v3b5dj56f21PeunXSypU/Rm4aASRsAOpevpQuXZKuX4+p69Ur6dmzCMq3b9LZsxG4ydi2Tdq1S1q1Kqa1Dx+kri5p4cKI2Nu3ETm/zqJF0oYN0ooV8bt27drEU18LhA1AfUI6d066elV6+DD20BwdLz3Hx+Nzu7nYvr2+/7Z2bUxwW7ZEJIeHpY8fpaVLYzLbtCmev3FicwAdQ7++l72e+nbsaDm5cVUUQPBy01Hz8tAcHX98+hST3FRmoBs3pCdPYgl74UIsKx2q0dFY6i5bJnV/3+qv1SJkIyPS/fv1qJk/+3tPkI5gC1w8ABDK6cwTlCPnCcnx8eTUbE+tGe/R+Tm9/PRS1EvPjRvr8SynsXJvzt87cOVjjfy99+Mm8V4q1WqVpSgw142Px2T2+XPEw+Hxz4pC/UWh4Wk89VClotEyWvPmxYenNAesDJtf079Thqv8/mdewvpCgp+jCR86IWwAJjQo6W9N3V+SRtRZ3dVqtcMvCeB/pVaLCc3Tkye2cmLyz2o19U3z6XsrFVU9ZXlK85LUe3WeuPwansDMX/vnfg/lpObXL/f1Gh/7eYn6H7gqCsx19+5JV67E1cubN6Xz5yN23hu7eDH22Lw/Vu6FtcPB8vDkK5579ki7d8fxER8F8c+bnVWbxjk2Lh4Ac11PT3x2uHxGzIdlHRDHyOfKbt2S7t6Nq5vt8vk0P5+j6eMePpfmK6GOlPl1Jlo1NnusBY57AHPdwEAcfvVVUN8l4K/LDf2dO+M2qX37Wm7Y/8J/7wO6W7dGzN68iXNoPmT7m+8bZSkKQP+eUytP+vuOAJ8lc5g8ZTlGPljrqe3YsdjvapUN/61vqzpyJJaSPkriwG3e3JGb4QkbgF/3tMosOFCN+1u+M+HgwTi4a435KC8AeIP/6FHpwIGYANu4Y2CmEDYA7fFdA6dOSSdPSnfu/PjfPQ4diqXm4sUROOfFy9BJ3uM5UwgbgKlxOnyLk+9O8ETmgHlqm+X/xWaEDUA6XBUFkA5hA5AOYQOQDmEDkA5hA5AOYQOQDmEDkA5hA5AOYQOQDmEDkA5hA5AOYQOQDmEDkA5hA5AOYQOQDmEDkA5hA5AOYQOQDmEDkA5hA5AOYQOQDmEDkA5hA5AOYQOQDmEDkA5hA5AOYQOQDmEDoGz+AaQ5oOTiCrZ7AAAAAElFTkSuQmCC'}}]}, {'role': 'assistant', 'content': 'Final Answer: 0.85'}, {'role': 'user', 'content': [{'type': 'text', 'text': '\nYou are given both an image and a text-based representation of the same stimulus. \nIn both, a red dot appears on a horizontal line\nThe left end of the line corresponds to 0.0, and the right end to 1.0.\n\nText representation (the dot is marked as """"O""""):\n|--~----~-----------------~=---O----=----|\n\n\nEstimate the horizontal position of the **center** of the red dot as a decimal number between 0 and 1.\nDo not explain. Only output the final answer as a number between 0 and 1:\nFinal Answer:\n'}, {'type': 'image_url', 'image_url': {'url': 'data:image/png;base64,iVBORw0KGgoAAAANSUhEUgAAATYAAABNCAYAAAAsLkgfAAAAOnRFWHRTb2Z0d2FyZQBNYXRwbG90bGliIHZlcnNpb24zLjEwLjMsIGh0dHBzOi8vbWF0cGxvdGxpYi5vcmcvZiW1igAAAAlwSFlzAAAPYQAAD2EBqD+naQAABDBJREFUeJzt3LlrVGsYgPHnJHFPlFFBZdR7XQtJISIW6VSsxEqwE8FaLfwvbG209h+wFgQt3BAE8QqKqFz3BY3B3Why5OVjGC/IJYmCOW+eHwyzJDmTZh6+5Zyp6rqukaREev70PyBJv5thk5SOYZOUjmGTlI5hk5SOYZOUjmGTlI5hk5SOYZOUjmGTlI5hk5SOYZOUjmGTlI5hk5SOYZOUjmGTlI5hk5SOYZOUjmGTlI5hk5SOYZOUjmGTlI5hk5SOYZOUjmGTlI5hk5SOYZOUjmGTlI5hk5SOYZOUTt+f/gckTcGXL/DqFYyOwuzZsHQpzJkDdQ2vX8P799DfD0uWQFUx0xg2qWkiXDdvwsuX5fHICPT2wosXcPo03L/f/d116+DwYThwAObN+3kME6rqOhIvqTEjtStX4MkTePoU7tyBW7fg8mUYGyujs/qHj3RntDZ3Lhw9Cps2wadP8O1bGc0NDZWRXRzn40eYPx82boSFC2kywyY1SQTt0iV4/hyuXoUbN8ptIqoKdu2CbdtKwJ49KzGM6PX0QF9fieLy5bB7N2zYQFMZNqlJa2nv3sHFiyVq587B3bv/HaFNJG5DQ2WKOj4O16/DwED3tZiuxlR28WI4eLCxIzfX2KTpvpb25k33tbdv4do1uHABHj+eXNRC/H5EMY65YkUJ57Jl5bhxvPXrYe3aMr2N6enWrTSRp3tI01EEJ6IWI7R2G1atKtPG8+fLVPTRo7JWNhVfv8LwcFlni1Hb589lE+HDh/J+MSWNqWmsuTVU1W63nYpK001ELAIUu52hE6C4HxujNTrKP7+wijQIjMyaVUZwEbF4HNPUeL94Hu8d63DxegPFlolhkxrmL+DfX/j7v4EH5NXXjmGupOk9YovNg7jF8/FxBuJx/HyK+oF2bEbEiCympDFa64zY4hY7pTElbSh3RaXpfL5arHnF4v7t23D2LLRasGBBic+xYyV2k1VV5Zg7dsDKlSVusZGwenW5T3AeW3OTLGUWi/mDg2UDIc5d64ykYtE/TsuIwG3fDmfOTP7YrRZs3lyOv2ZNuY9z1hJdheCITWrKeWwRuBjFxfMYdcWu5cmTZUo60Y9xby/s31/OW9u5s+y4Jgpah2GTmiTON/vx8qeHD2HfvhK22DH9P1UFhw7Bnj2wZUu5pCopwyY1XUxH9+7tnndW/+Ra0bii4MSJMkpLfPF7h2GTMohv+Dh1Co4fh3v3uq/HetyRI+XbPRYtYqYwbFIm8XEeHi67qXENaFzzOQO/j82wSUrHa0UlpWPYJKVj2CSlY9gkpWPYJKVj2CSlY9gkpWPYJKVj2CSlY9gkpWPYJKVj2CSlY9gkpWPYJKVj2CSlY9gkpWPYJKVj2CSlY9gkpWPYJKVj2CSlY9gkpWPYJKVj2CSlY9gkpWPYJKVj2CSlY9gkkc1310VHXTWff9MAAAAASUVORK5CYII='}}]}]",Final Answer: 0.75
anthropic/claude-3.7-sonnet,sample_004,0.73946,0.73946,0.65,"[{'role': 'system', 'content': 'You are a helpful assistant.'}, {'role': 'user', 'content': [{'type': 'text', 'text': '\nYou are given both an image and a text-based representation of the same stimulus. \nIn both, a red dot appears on a horizontal line\nThe left end of the line corresponds to 0.0, and the right end to 1.0.\n\nText representation (the dot is marked as """"O""""):\n|.-- -~=-------- ---------O--------------|\n\n\nEstimate the horizontal position of the **center** of the red dot as a decimal number between 0 and 1.\nDo not explain. Only output the final answer as a number between 0 and 1:\nFinal Answer:\n'}, {'type': 'image_url', 'image_url': {'url': 'data:image/png;base64,iVBORw0KGgoAAAANSUhEUgAAATYAAABNCAYAAAAsLkgfAAAAOnRFWHRTb2Z0d2FyZQBNYXRwbG90bGliIHZlcnNpb24zLjEwLjMsIGh0dHBzOi8vbWF0cGxvdGxpYi5vcmcvZiW1igAAAAlwSFlzAAAPYQAAD2EBqD+naQAABJVJREFUeJzt3ElvTXEYx/HfbWtuUaQSFy1i0bSRsECQ2HkNYmNnx9LGOxCJROyFlYXY8AZ0YVFCDCExxFBjYqgp5h755XHShohSt72e8/0kTfW0vfda9Nvnf87/tFYURSEASKRlql8AAPxrhA1AOoQNQDqEDUA6hA1AOoQNQDqEDUA6hA1AOoQNQDqEDUA6hA1AOoQNQDqEDUA6hA1AOoQNQDqEDUA6hA1AOoQNQDqEDUA6hA1AOoQNQDqEDUA6hA1AOoQNQDqEDUA6hA1AOoQNQDqEDUA6hA1AOoQNQDptU/0CgKZVFNLz59Lbt1J7u7RwoVSrTfWrwjgQNlTbx4/Ss2fSp0/S9OlSR4f04IF0/Lh07Jh0797o165aJe3eLW3fLn35Mvo9ixZJM2b8/FjlcUy6WlH41xJQMY7QzZvS1avSu3fS3LnShw/SwEAEzXH6UTmtOVZ790pr18bHnZ3SkiXSo0fSy5fS58/S69fSnDlSf7+0ejWBm2SEDdXj5eWFC9KZM9LDh9LMmdLs2RG606djCfo7LS3SgQPSli0x4XmyW748Jr47d6RXr6ThYWnWLGnDBmnduljKYlIQNlRrSnPIBgely5elS5diCvPxoSHpxo3xRa3k5eahQ9KbN/FYmzdLX7/GxLZgQXzNkydSV5e0YoW0cSOT2yThHBuqM6V52Xn9unT+vHTtWgSpry+mL18g+NPf8V6u7t8v9fbGMvTp01iWbtoUj+nA+TnmzYtpcNkyaeXKRv0PMQZhQ36eyBw1T2s+ue8pysHxBYBbt2Jqc5T+xt27ccXUfK7Oj++orVkT59keP47P+bn8dY4cS9KGq9XrdZaiyM3LQ09XIyOjS0X/+/vnOkdGdGUCZ2T6azUNt7VJra3xuA6l3xw4H/PnfLz8mOVow/kyD2FDpXV78JrA9/dIGrMpBE2grV6vT/VrABrLU5q3cngq89Tk6ckf+31RqMPLxAlob21V3VNZOZmV0+C0aTGheXrz5/zcfi3lcTQMV0VRjXNsp05JFy/GnjJH5v792LPmc2s+5+ZzY38TOAfKG3e7u+PNy0xvzPW5tfXrY3/b/PlxBdXB89YQH2egaCguHiA/x8ZXKh0VX50sQ7NtW2yoPXdOun07LiT8KW/C9fTnScx6emJ7h5/DV0gduXJKdES9DcTH0FBMbKgOb8k4eza2fnhq82baxYtj6jp6VDpyZDRQ4+Fgbd0qLV0a05rfO2Z+zLF3Iph/zBw134nAVdGGI2yoll/dz+m7BQ4elA4fHt9+Np8327dP2rEjlpXePsK9o02DsAElh+jECWnXLun9+zg29sejvFfUt1+dPBlLWTQlwgb8yPd4+kZ43y7lc28lXyTYs0fauTM22qJpETbgV/yj8eJFLDN9Ps7nyPh7bP8FwgYgHf40OIB0CBuAdAgbgHQIG4B0CBuAdAgbgHQIG4B0CBuAdAgbgHQIG4B0CBuAdAgbgHQIG4B0CBuAdAgbgHQIG4B0CBuAdAgbgHQIG4B0CBuAdAgbgHQIG4B0CBuAdAgbgHQIG4B0CBuAdAgbgHQIGwBl8w2vMXCzyZNU9QAAAABJRU5ErkJggg=='}}]}, {'role': 'assistant', 'content': 'Final Answer: 0.6'}, {'role': 'user', 'content': [{'type': 'text', 'text': '\nYou are given both an image and a text-based representation of the same stimulus. \nIn both, a red dot appears on a horizontal line\nThe left end of the line corresponds to 0.0, and the right end to 1.0.\n\nText representation (the dot is marked as """"O""""):\n|--~---~----------------=--- =-----O-----|\n\n\nEstimate the horizontal position of the **center** of the red dot as a decimal number between 0 and 1.\nDo not explain. Only output the final answer as a number between 0 and 1:\nFinal Answer:\n'}, {'type': 'image_url', 'image_url': {'url': 'data:image/png;base64,iVBORw0KGgoAAAANSUhEUgAAATYAAABNCAYAAAAsLkgfAAAAOnRFWHRTb2Z0d2FyZQBNYXRwbG90bGliIHZlcnNpb24zLjEwLjMsIGh0dHBzOi8vbWF0cGxvdGxpYi5vcmcvZiW1igAAAAlwSFlzAAAPYQAAD2EBqD+naQAABNNJREFUeJzt3MtvjG0Yx/HfVNUhrSgNYkLfSARJbUScYmdHxEKsJNZi5/+w8ieItZWNtcTCQlCHhOCtQ5yps2L6vPm9lyczeDvTaWv6uvr9JE0P087M6pvrvp/7aaUoikIAkEjXbL8BAJhphA1AOoQNQDqEDUA6hA1AOoQNQDqEDUA6hA1AOoQNQDqEDUA6hA1AOoQNQDqEDUA6hA1AOoQNQDqEDUA6hA1AOoQNQDqEDUA6hA1AOoQNQDqEDUA6hA1AOoQNQDqEDUA6hA1AOoQNQDqEDUA6hA1AOoQNQDrds/0GAPyBxsak58+lp0+lr1+lNWuk1aulSqX++IsX0pcvUk+PNDAgLVjQsbdH2AC01hiqx4+l06elM2cibKXBQen4cWn/funBA+n16/pj/f3S0JC0fHlHolcpiqKY0WcE8Gcb+x6ed++k9+9jInv0SHIqLl+WTpyIKE1k/nzp8GFp716pt1dasiQi19cnrV8v3b5dj56f21PeunXSypU/Rm4aASRsAOpevpQuXZKuX4+p69Ur6dmzCMq3b9LZsxG4ydi2Tdq1S1q1Kqa1Dx+kri5p4cKI2Nu3ETm/zqJF0oYN0ooV8bt27drEU18LhA1AfUI6d066elV6+DD20BwdLz3Hx+Nzu7nYvr2+/7Z2bUxwW7ZEJIeHpY8fpaVLYzLbtCmev3FicwAdQ7++l72e+nbsaDm5cVUUQPBy01Hz8tAcHX98+hST3FRmoBs3pCdPYgl74UIsKx2q0dFY6i5bJnV/3+qv1SJkIyPS/fv1qJk/+3tPkI5gC1w8ABDK6cwTlCPnCcnx8eTUbE+tGe/R+Tm9/PRS1EvPjRvr8SynsXJvzt87cOVjjfy99+Mm8V4q1WqVpSgw142Px2T2+XPEw+Hxz4pC/UWh4Wk89VClotEyWvPmxYenNAesDJtf079Thqv8/mdewvpCgp+jCR86IWwAJjQo6W9N3V+SRtRZ3dVqtcMvCeB/pVaLCc3Tkye2cmLyz2o19U3z6XsrFVU9ZXlK85LUe3WeuPwansDMX/vnfg/lpObXL/f1Gh/7eYn6H7gqCsx19+5JV67E1cubN6Xz5yN23hu7eDH22Lw/Vu6FtcPB8vDkK5579ki7d8fxER8F8c+bnVWbxjk2Lh4Ac11PT3x2uHxGzIdlHRDHyOfKbt2S7t6Nq5vt8vk0P5+j6eMePpfmK6GOlPl1Jlo1NnusBY57AHPdwEAcfvVVUN8l4K/LDf2dO+M2qX37Wm7Y/8J/7wO6W7dGzN68iXNoPmT7m+8bZSkKQP+eUytP+vuOAJ8lc5g8ZTlGPljrqe3YsdjvapUN/61vqzpyJJaSPkriwG3e3JGb4QkbgF/3tMosOFCN+1u+M+HgwTi4a435KC8AeIP/6FHpwIGYANu4Y2CmEDYA7fFdA6dOSSdPSnfu/PjfPQ4diqXm4sUROOfFy9BJ3uM5UwgbgKlxOnyLk+9O8ETmgHlqm+X/xWaEDUA6XBUFkA5hA5AOYQOQDmEDkA5hA5AOYQOQDmEDkA5hA5AOYQOQDmEDkA5hA5AOYQOQDmEDkA5hA5AOYQOQDmEDkA5hA5AOYQOQDmEDkA5hA5AOYQOQDmEDkA5hA5AOYQOQDmEDkA5hA5AOYQOQDmEDoGz+AaQ5oOTiCrZ7AAAAAElFTkSuQmCC'}}]}, {'role': 'assistant', 'content': 'Final Answer: 0.85'}, {'role': 'user', 'content': [{'type': 'text', 'text': '\nYou are given both an image and a text-based representation of the same stimulus. \nIn both, a red dot appears on a horizontal line\nThe left end of the line corresponds to 0.0, and the right end to 1.0.\n\nText representation (the dot is marked as """"O""""):\n|--~----~-----------------~=---O----=----|\n\n\nEstimate the horizontal position of the **center** of the red dot as a decimal number between 0 and 1.\nDo not explain. Only output the final answer as a number between 0 and 1:\nFinal Answer:\n'}, {'type': 'image_url', 'image_url': {'url': 'data:image/png;base64,iVBORw0KGgoAAAANSUhEUgAAATYAAABNCAYAAAAsLkgfAAAAOnRFWHRTb2Z0d2FyZQBNYXRwbG90bGliIHZlcnNpb24zLjEwLjMsIGh0dHBzOi8vbWF0cGxvdGxpYi5vcmcvZiW1igAAAAlwSFlzAAAPYQAAD2EBqD+naQAABDBJREFUeJzt3LlrVGsYgPHnJHFPlFFBZdR7XQtJISIW6VSsxEqwE8FaLfwvbG209h+wFgQt3BAE8QqKqFz3BY3B3Why5OVjGC/IJYmCOW+eHwyzJDmTZh6+5Zyp6rqukaREev70PyBJv5thk5SOYZOUjmGTlI5hk5SOYZOUjmGTlI5hk5SOYZOUjmGTlI5hk5SOYZOUjmGTlI5hk5SOYZOUjmGTlI5hk5SOYZOUjmGTlI5hk5SOYZOUjmGTlI5hk5SOYZOUjmGTlI5hk5SOYZOUjmGTlI5hk5SOYZOUTt+f/gckTcGXL/DqFYyOwuzZsHQpzJkDdQ2vX8P799DfD0uWQFUx0xg2qWkiXDdvwsuX5fHICPT2wosXcPo03L/f/d116+DwYThwAObN+3kME6rqOhIvqTEjtStX4MkTePoU7tyBW7fg8mUYGyujs/qHj3RntDZ3Lhw9Cps2wadP8O1bGc0NDZWRXRzn40eYPx82boSFC2kywyY1SQTt0iV4/hyuXoUbN8ptIqoKdu2CbdtKwJ49KzGM6PX0QF9fieLy5bB7N2zYQFMZNqlJa2nv3sHFiyVq587B3bv/HaFNJG5DQ2WKOj4O16/DwED3tZiuxlR28WI4eLCxIzfX2KTpvpb25k33tbdv4do1uHABHj+eXNRC/H5EMY65YkUJ57Jl5bhxvPXrYe3aMr2N6enWrTSRp3tI01EEJ6IWI7R2G1atKtPG8+fLVPTRo7JWNhVfv8LwcFlni1Hb589lE+HDh/J+MSWNqWmsuTVU1W63nYpK001ELAIUu52hE6C4HxujNTrKP7+wijQIjMyaVUZwEbF4HNPUeL94Hu8d63DxegPFlolhkxrmL+DfX/j7v4EH5NXXjmGupOk9YovNg7jF8/FxBuJx/HyK+oF2bEbEiCympDFa64zY4hY7pTElbSh3RaXpfL5arHnF4v7t23D2LLRasGBBic+xYyV2k1VV5Zg7dsDKlSVusZGwenW5T3AeW3OTLGUWi/mDg2UDIc5d64ykYtE/TsuIwG3fDmfOTP7YrRZs3lyOv2ZNuY9z1hJdheCITWrKeWwRuBjFxfMYdcWu5cmTZUo60Y9xby/s31/OW9u5s+y4Jgpah2GTmiTON/vx8qeHD2HfvhK22DH9P1UFhw7Bnj2wZUu5pCopwyY1XUxH9+7tnndW/+Ra0bii4MSJMkpLfPF7h2GTMohv+Dh1Co4fh3v3uq/HetyRI+XbPRYtYqYwbFIm8XEeHi67qXENaFzzOQO/j82wSUrHa0UlpWPYJKVj2CSlY9gkpWPYJKVj2CSlY9gkpWPYJKVj2CSlY9gkpWPYJKVj2CSlY9gkpWPYJKVj2CSlY9gkpWPYJKVj2CSlY9gkpWPYJKVj2CSlY9gkpWPYJKVj2CSlY9gkpWPYJKVj2CSlY9gkkc1310VHXTWff9MAAAAASUVORK5CYII='}}]}, {'role': 'assistant', 'content': 'Final Answer: 0.75'}, {'role': 'user', 'content': [{'type': 'text', 'text': '\nYou are given both an image and a text-based representation of the same stimulus. \nIn both, a red dot appears on a horizontal line\nThe left end of the line corresponds to 0.0, and the right end to 1.0.\n\nText representation (the dot is marked as """"O""""):\n|------~----------=.------- -O-------- --|\n\n\nEstimate the horizontal position of the **center** of the red dot as a decimal number between 0 and 1.\nDo not explain. Only output the final answer as a number between 0 and 1:\nFinal Answer:\n'}, {'type': 'image_url', 'image_url': {'url': 'data:image/png;base64,iVBORw0KGgoAAAANSUhEUgAAATYAAABNCAYAAAAsLkgfAAAAOnRFWHRTb2Z0d2FyZQBNYXRwbG90bGliIHZlcnNpb24zLjEwLjMsIGh0dHBzOi8vbWF0cGxvdGxpYi5vcmcvZiW1igAAAAlwSFlzAAAPYQAAD2EBqD+naQAABIJJREFUeJzt3EtLlGEchvF7PKSVVlZENJhGFEVGFJSiRPtqKa6CvkEfplW0q12rgnbRKoLETUgtaqGYYFGaSueD+cbN4+u4KGpqxpH/e/1gmJM6Q+Dlc5pKWZZlAoBAmhr9BgCg1ggbgHAIG4BwCBuAcAgbgHAIG4BwCBuAcAgbgHAIG4BwCBuAcAgbgHAIG4BwCBuAcAgbgHAIG4BwCBuAcAgbgHAIG4BwCBuAcAgbgHAIG4BwCBuAcAgbgHAIG4BwCBuAcAgbgHAIG4BwCBuAcAgbgHAIG4BwWhr9BgCsyDLp7Vvpwwepo0PatUv69k2am0vXmzZJu3dLbW2NfqcbHmEDGuXr1xQtX+7ckW7elCYnK8+Xy9LgoHTypNTaKrW3S3v3psf27WvkO9/wSlnmPxMA1pVHZk+fSnfvSlevSt+///5rm5uloSHp6FFp82app0caGanELQ8ko7pVhA2ot7Xh8a+br8fGpNu300jtb5RK0sWLUne39OWLdOiQdP681NQkvXolffxY+dquLqmvL01lC4qwAfWM2evX0vPn0rt3ae3M9xcXpWfPpIcPU+j+lkdup0+nsHlq6hGcp6eOnm8fOJBitrAgdXZKAwOFHbkRNqBe08w3b6THj6Xp6TRFfP9e+vQp3ffFsauWg+XpqC957Lzu5sf375eOHJGOH08RPXMmrdMVEJsHQK1Hao6aI+ZRlUdnW7dKMzPS7GwaXfkxP/8v/H0/flSmtb546rljh7S0lDYf2tqkPXvS1xRUqVwuM2IDasXR8UaAR1K+duhseTk95yWwpSU9+Y+JUp+kRQfS/HO8zubXa2lJt5tW7nua6usC8r8OYQPWUY+kqf/4/l5JL2r4fiJqKRd0Dg7UfcTm215Ty6eMvp9l6lwZuf2rDh9xW/uAR2/5KM1aW9P019cFxeYBUEueeo6OprUwr33duyc9eJDue+3LGwq+eHHf09NqOWLeOPD6mUPm+zt3puMdDqpfY3hYunSpsDuixuYBUEuOiSPjDQRvFnin0uH5/DmdQfNtB8nPzc9X//MdNa+l5a+Vbx7ko7XeXqm/v9BRM8IG1JrPkvkMWX4o158QuH8/TQ09Zdy2TZqaSiO7akZtHp35aIcP4zpu+RGPY8ekLVtSKM+eTYd3C46wAfXgEVO+fu2wOUQvX0rbt0snTqRzbPbo0Z8P6eY7oBcupJj5uIjPxXn059dwKP3Y4cPSuXOFH60Za2zAeh7a9acCzCM5j7zGx6Vr1ypnztb+OuZB82js+nXp1Km0Nue1NJ+L8/d4iuv7/nwoH45fRdiA9fKrD6vbxIR065Z044b0Ys1BjoMHpStXpMuX00jvTz+LkdoqwgZsFP5V9DqZd1A95fRUMx+1oSqEDUA4/NfgAMIhbADCIWwAwiFsAMIhbADCIWwAwiFsAMIhbADCIWwAwiFsAMIhbADCIWwAwiFsAMIhbADCIWwAwiFsAMIhbADCIWwAwiFsAMIhbADCIWwAwiFsAMIhbADCIWwAwiFsAMIhbADCIWwAwiFsABTNT3roXHIAyEx4AAAAAElFTkSuQmCC'}}]}]",Final Answer: 0.65
anthropic/claude-3.7-sonnet,sample_005,0.56241,0.56241,0.4,"[{'role': 'system', 'content': 'You are a helpful assistant.'}, {'role': 'user', 'content': [{'type': 'text', 'text': '\nYou are given both an image and a text-based representation of the same stimulus. \nIn both, a red dot appears on a horizontal line\nThe left end of the line corresponds to 0.0, and the right end to 1.0.\n\nText representation (the dot is marked as """"O""""):\n|.-- -~=-------- ---------O--------------|\n\n\nEstimate the horizontal position of the **center** of the red dot as a decimal number between 0 and 1.\nDo not explain. Only output the final answer as a number between 0 and 1:\nFinal Answer:\n'}, {'type': 'image_url', 'image_url': {'url': 'data:image/png;base64,iVBORw0KGgoAAAANSUhEUgAAATYAAABNCAYAAAAsLkgfAAAAOnRFWHRTb2Z0d2FyZQBNYXRwbG90bGliIHZlcnNpb24zLjEwLjMsIGh0dHBzOi8vbWF0cGxvdGxpYi5vcmcvZiW1igAAAAlwSFlzAAAPYQAAD2EBqD+naQAABJVJREFUeJzt3ElvTXEYx/HfbWtuUaQSFy1i0bSRsECQ2HkNYmNnx9LGOxCJROyFlYXY8AZ0YVFCDCExxFBjYqgp5h755XHShohSt72e8/0kTfW0vfda9Nvnf87/tFYURSEASKRlql8AAPxrhA1AOoQNQDqEDUA6hA1AOoQNQDqEDUA6hA1AOoQNQDqEDUA6hA1AOoQNQDqEDUA6hA1AOoQNQDqEDUA6hA1AOoQNQDqEDUA6hA1AOoQNQDqEDUA6hA1AOoQNQDqEDUA6hA1AOoQNQDqEDUA6hA1AOoQNQDptU/0CgKZVFNLz59Lbt1J7u7RwoVSrTfWrwjgQNlTbx4/Ss2fSp0/S9OlSR4f04IF0/Lh07Jh0797o165aJe3eLW3fLn35Mvo9ixZJM2b8/FjlcUy6WlH41xJQMY7QzZvS1avSu3fS3LnShw/SwEAEzXH6UTmtOVZ790pr18bHnZ3SkiXSo0fSy5fS58/S69fSnDlSf7+0ejWBm2SEDdXj5eWFC9KZM9LDh9LMmdLs2RG606djCfo7LS3SgQPSli0x4XmyW748Jr47d6RXr6ThYWnWLGnDBmnduljKYlIQNlRrSnPIBgely5elS5diCvPxoSHpxo3xRa3k5eahQ9KbN/FYmzdLX7/GxLZgQXzNkydSV5e0YoW0cSOT2yThHBuqM6V52Xn9unT+vHTtWgSpry+mL18g+NPf8V6u7t8v9fbGMvTp01iWbtoUj+nA+TnmzYtpcNkyaeXKRv0PMQZhQ36eyBw1T2s+ue8pysHxBYBbt2Jqc5T+xt27ccXUfK7Oj++orVkT59keP47P+bn8dY4cS9KGq9XrdZaiyM3LQ09XIyOjS0X/+/vnOkdGdGUCZ2T6azUNt7VJra3xuA6l3xw4H/PnfLz8mOVow/kyD2FDpXV78JrA9/dIGrMpBE2grV6vT/VrABrLU5q3cngq89Tk6ckf+31RqMPLxAlob21V3VNZOZmV0+C0aTGheXrz5/zcfi3lcTQMV0VRjXNsp05JFy/GnjJH5v792LPmc2s+5+ZzY38TOAfKG3e7u+PNy0xvzPW5tfXrY3/b/PlxBdXB89YQH2egaCguHiA/x8ZXKh0VX50sQ7NtW2yoPXdOun07LiT8KW/C9fTnScx6emJ7h5/DV0gduXJKdES9DcTH0FBMbKgOb8k4eza2fnhq82baxYtj6jp6VDpyZDRQ4+Fgbd0qLV0a05rfO2Z+zLF3Iph/zBw134nAVdGGI2yoll/dz+m7BQ4elA4fHt9+Np8327dP2rEjlpXePsK9o02DsAElh+jECWnXLun9+zg29sejvFfUt1+dPBlLWTQlwgb8yPd4+kZ43y7lc28lXyTYs0fauTM22qJpETbgV/yj8eJFLDN9Ps7nyPh7bP8FwgYgHf40OIB0CBuAdAgbgHQIG4B0CBuAdAgbgHQIG4B0CBuAdAgbgHQIG4B0CBuAdAgbgHQIG4B0CBuAdAgbgHQIG4B0CBuAdAgbgHQIG4B0CBuAdAgbgHQIG4B0CBuAdAgbgHQIG4B0CBuAdAgbgHQIGwBl8w2vMXCzyZNU9QAAAABJRU5ErkJggg=='}}]}, {'role': 'assistant', 'content': 'Final Answer: 0.6'}, {'role': 'user', 'content': [{'type': 'text', 'text': '\nYou are given both an image and a text-based representation of the same stimulus. \nIn both, a red dot appears on a horizontal line\nThe left end of the line corresponds to 0.0, and the right end to 1.0.\n\nText representation (the dot is marked as """"O""""):\n|--~---~----------------=--- =-----O-----|\n\n\nEstimate the horizontal position of the **center** of the red dot as a decimal number between 0 and 1.\nDo not explain. Only output the final answer as a number between 0 and 1:\nFinal Answer:\n'}, {'type': 'image_url', 'image_url': {'url': 'data:image/png;base64,iVBORw0KGgoAAAANSUhEUgAAATYAAABNCAYAAAAsLkgfAAAAOnRFWHRTb2Z0d2FyZQBNYXRwbG90bGliIHZlcnNpb24zLjEwLjMsIGh0dHBzOi8vbWF0cGxvdGxpYi5vcmcvZiW1igAAAAlwSFlzAAAPYQAAD2EBqD+naQAABNNJREFUeJzt3MtvjG0Yx/HfVNUhrSgNYkLfSARJbUScYmdHxEKsJNZi5/+w8ieItZWNtcTCQlCHhOCtQ5yps2L6vPm9lyczeDvTaWv6uvr9JE0P087M6pvrvp/7aaUoikIAkEjXbL8BAJhphA1AOoQNQDqEDUA6hA1AOoQNQDqEDUA6hA1AOoQNQDqEDUA6hA1AOoQNQDqEDUA6hA1AOoQNQDqEDUA6hA1AOoQNQDqEDUA6hA1AOoQNQDqEDUA6hA1AOoQNQDqEDUA6hA1AOoQNQDqEDUA6hA1AOoQNQDrds/0GAPyBxsak58+lp0+lr1+lNWuk1aulSqX++IsX0pcvUk+PNDAgLVjQsbdH2AC01hiqx4+l06elM2cibKXBQen4cWn/funBA+n16/pj/f3S0JC0fHlHolcpiqKY0WcE8Gcb+x6ed++k9+9jInv0SHIqLl+WTpyIKE1k/nzp8GFp716pt1dasiQi19cnrV8v3b5dj56f21PeunXSypU/Rm4aASRsAOpevpQuXZKuX4+p69Ur6dmzCMq3b9LZsxG4ydi2Tdq1S1q1Kqa1Dx+kri5p4cKI2Nu3ETm/zqJF0oYN0ooV8bt27drEU18LhA1AfUI6d066elV6+DD20BwdLz3Hx+Nzu7nYvr2+/7Z2bUxwW7ZEJIeHpY8fpaVLYzLbtCmev3FicwAdQ7++l72e+nbsaDm5cVUUQPBy01Hz8tAcHX98+hST3FRmoBs3pCdPYgl74UIsKx2q0dFY6i5bJnV/3+qv1SJkIyPS/fv1qJk/+3tPkI5gC1w8ABDK6cwTlCPnCcnx8eTUbE+tGe/R+Tm9/PRS1EvPjRvr8SynsXJvzt87cOVjjfy99+Mm8V4q1WqVpSgw142Px2T2+XPEw+Hxz4pC/UWh4Wk89VClotEyWvPmxYenNAesDJtf079Thqv8/mdewvpCgp+jCR86IWwAJjQo6W9N3V+SRtRZ3dVqtcMvCeB/pVaLCc3Tkye2cmLyz2o19U3z6XsrFVU9ZXlK85LUe3WeuPwansDMX/vnfg/lpObXL/f1Gh/7eYn6H7gqCsx19+5JV67E1cubN6Xz5yN23hu7eDH22Lw/Vu6FtcPB8vDkK5579ki7d8fxER8F8c+bnVWbxjk2Lh4Ac11PT3x2uHxGzIdlHRDHyOfKbt2S7t6Nq5vt8vk0P5+j6eMePpfmK6GOlPl1Jlo1NnusBY57AHPdwEAcfvVVUN8l4K/LDf2dO+M2qX37Wm7Y/8J/7wO6W7dGzN68iXNoPmT7m+8bZSkKQP+eUytP+vuOAJ8lc5g8ZTlGPljrqe3YsdjvapUN/61vqzpyJJaSPkriwG3e3JGb4QkbgF/3tMosOFCN+1u+M+HgwTi4a435KC8AeIP/6FHpwIGYANu4Y2CmEDYA7fFdA6dOSSdPSnfu/PjfPQ4diqXm4sUROOfFy9BJ3uM5UwgbgKlxOnyLk+9O8ETmgHlqm+X/xWaEDUA6XBUFkA5hA5AOYQOQDmEDkA5hA5AOYQOQDmEDkA5hA5AOYQOQDmEDkA5hA5AOYQOQDmEDkA5hA5AOYQOQDmEDkA5hA5AOYQOQDmEDkA5hA5AOYQOQDmEDkA5hA5AOYQOQDmEDkA5hA5AOYQOQDmEDoGz+AaQ5oOTiCrZ7AAAAAElFTkSuQmCC'}}]}, {'role': 'assistant', 'content': 'Final Answer: 0.85'}, {'role': 'user', 'content': [{'type': 'text', 'text': '\nYou are given both an image and a text-based representation of the same stimulus. \nIn both, a red dot appears on a horizontal line\nThe left end of the line corresponds to 0.0, and the right end to 1.0.\n\nText representation (the dot is marked as """"O""""):\n|--~----~-----------------~=---O----=----|\n\n\nEstimate the horizontal position of the **center** of the red dot as a decimal number between 0 and 1.\nDo not explain. Only output the final answer as a number between 0 and 1:\nFinal Answer:\n'}, {'type': 'image_url', 'image_url': {'url': 'data:image/png;base64,iVBORw0KGgoAAAANSUhEUgAAATYAAABNCAYAAAAsLkgfAAAAOnRFWHRTb2Z0d2FyZQBNYXRwbG90bGliIHZlcnNpb24zLjEwLjMsIGh0dHBzOi8vbWF0cGxvdGxpYi5vcmcvZiW1igAAAAlwSFlzAAAPYQAAD2EBqD+naQAABDBJREFUeJzt3LlrVGsYgPHnJHFPlFFBZdR7XQtJISIW6VSsxEqwE8FaLfwvbG209h+wFgQt3BAE8QqKqFz3BY3B3Why5OVjGC/IJYmCOW+eHwyzJDmTZh6+5Zyp6rqukaREev70PyBJv5thk5SOYZOUjmGTlI5hk5SOYZOUjmGTlI5hk5SOYZOUjmGTlI5hk5SOYZOUjmGTlI5hk5SOYZOUjmGTlI5hk5SOYZOUjmGTlI5hk5SOYZOUjmGTlI5hk5SOYZOUjmGTlI5hk5SOYZOUjmGTlI5hk5SOYZOUTt+f/gckTcGXL/DqFYyOwuzZsHQpzJkDdQ2vX8P799DfD0uWQFUx0xg2qWkiXDdvwsuX5fHICPT2wosXcPo03L/f/d116+DwYThwAObN+3kME6rqOhIvqTEjtStX4MkTePoU7tyBW7fg8mUYGyujs/qHj3RntDZ3Lhw9Cps2wadP8O1bGc0NDZWRXRzn40eYPx82boSFC2kywyY1SQTt0iV4/hyuXoUbN8ptIqoKdu2CbdtKwJ49KzGM6PX0QF9fieLy5bB7N2zYQFMZNqlJa2nv3sHFiyVq587B3bv/HaFNJG5DQ2WKOj4O16/DwED3tZiuxlR28WI4eLCxIzfX2KTpvpb25k33tbdv4do1uHABHj+eXNRC/H5EMY65YkUJ57Jl5bhxvPXrYe3aMr2N6enWrTSRp3tI01EEJ6IWI7R2G1atKtPG8+fLVPTRo7JWNhVfv8LwcFlni1Hb589lE+HDh/J+MSWNqWmsuTVU1W63nYpK001ELAIUu52hE6C4HxujNTrKP7+wijQIjMyaVUZwEbF4HNPUeL94Hu8d63DxegPFlolhkxrmL+DfX/j7v4EH5NXXjmGupOk9YovNg7jF8/FxBuJx/HyK+oF2bEbEiCympDFa64zY4hY7pTElbSh3RaXpfL5arHnF4v7t23D2LLRasGBBic+xYyV2k1VV5Zg7dsDKlSVusZGwenW5T3AeW3OTLGUWi/mDg2UDIc5d64ykYtE/TsuIwG3fDmfOTP7YrRZs3lyOv2ZNuY9z1hJdheCITWrKeWwRuBjFxfMYdcWu5cmTZUo60Y9xby/s31/OW9u5s+y4Jgpah2GTmiTON/vx8qeHD2HfvhK22DH9P1UFhw7Bnj2wZUu5pCopwyY1XUxH9+7tnndW/+Ra0bii4MSJMkpLfPF7h2GTMohv+Dh1Co4fh3v3uq/HetyRI+XbPRYtYqYwbFIm8XEeHi67qXENaFzzOQO/j82wSUrHa0UlpWPYJKVj2CSlY9gkpWPYJKVj2CSlY9gkpWPYJKVj2CSlY9gkpWPYJKVj2CSlY9gkpWPYJKVj2CSlY9gkpWPYJKVj2CSlY9gkpWPYJKVj2CSlY9gkpWPYJKVj2CSlY9gkpWPYJKVj2CSlY9gkkc1310VHXTWff9MAAAAASUVORK5CYII='}}]}, {'role': 'assistant', 'content': 'Final Answer: 0.75'}, {'role': 'user', 'content': [{'type': 'text', 'text': '\nYou are given both an image and a text-based representation of the same stimulus. \nIn both, a red dot appears on a horizontal line\nThe left end of the line corresponds to 0.0, and the right end to 1.0.\n\nText representation (the dot is marked as """"O""""):\n|------~----------=.------- -O-------- --|\n\n\nEstimate the horizontal position of the **center** of the red dot as a decimal number between 0 and 1.\nDo not explain. Only output the final answer as a number between 0 and 1:\nFinal Answer:\n'}, {'type': 'image_url', 'image_url': {'url': 'data:image/png;base64,iVBORw0KGgoAAAANSUhEUgAAATYAAABNCAYAAAAsLkgfAAAAOnRFWHRTb2Z0d2FyZQBNYXRwbG90bGliIHZlcnNpb24zLjEwLjMsIGh0dHBzOi8vbWF0cGxvdGxpYi5vcmcvZiW1igAAAAlwSFlzAAAPYQAAD2EBqD+naQAABIJJREFUeJzt3EtLlGEchvF7PKSVVlZENJhGFEVGFJSiRPtqKa6CvkEfplW0q12rgnbRKoLETUgtaqGYYFGaSueD+cbN4+u4KGpqxpH/e/1gmJM6Q+Dlc5pKWZZlAoBAmhr9BgCg1ggbgHAIG4BwCBuAcAgbgHAIG4BwCBuAcAgbgHAIG4BwCBuAcAgbgHAIG4BwCBuAcAgbgHAIG4BwCBuAcAgbgHAIG4BwCBuAcAgbgHAIG4BwCBuAcAgbgHAIG4BwCBuAcAgbgHAIG4BwCBuAcAgbgHAIG4BwWhr9BgCsyDLp7Vvpwwepo0PatUv69k2am0vXmzZJu3dLbW2NfqcbHmEDGuXr1xQtX+7ckW7elCYnK8+Xy9LgoHTypNTaKrW3S3v3psf27WvkO9/wSlnmPxMA1pVHZk+fSnfvSlevSt+///5rm5uloSHp6FFp82app0caGanELQ8ko7pVhA2ot7Xh8a+br8fGpNu300jtb5RK0sWLUne39OWLdOiQdP681NQkvXolffxY+dquLqmvL01lC4qwAfWM2evX0vPn0rt3ae3M9xcXpWfPpIcPU+j+lkdup0+nsHlq6hGcp6eOnm8fOJBitrAgdXZKAwOFHbkRNqBe08w3b6THj6Xp6TRFfP9e+vQp3ffFsauWg+XpqC957Lzu5sf375eOHJGOH08RPXMmrdMVEJsHQK1Hao6aI+ZRlUdnW7dKMzPS7GwaXfkxP/8v/H0/flSmtb546rljh7S0lDYf2tqkPXvS1xRUqVwuM2IDasXR8UaAR1K+duhseTk95yWwpSU9+Y+JUp+kRQfS/HO8zubXa2lJt5tW7nua6usC8r8OYQPWUY+kqf/4/l5JL2r4fiJqKRd0Dg7UfcTm215Ty6eMvp9l6lwZuf2rDh9xW/uAR2/5KM1aW9P019cFxeYBUEueeo6OprUwr33duyc9eJDue+3LGwq+eHHf09NqOWLeOPD6mUPm+zt3puMdDqpfY3hYunSpsDuixuYBUEuOiSPjDQRvFnin0uH5/DmdQfNtB8nPzc9X//MdNa+l5a+Vbx7ko7XeXqm/v9BRM8IG1JrPkvkMWX4o158QuH8/TQ09Zdy2TZqaSiO7akZtHp35aIcP4zpu+RGPY8ekLVtSKM+eTYd3C46wAfXgEVO+fu2wOUQvX0rbt0snTqRzbPbo0Z8P6eY7oBcupJj5uIjPxXn059dwKP3Y4cPSuXOFH60Za2zAeh7a9acCzCM5j7zGx6Vr1ypnztb+OuZB82js+nXp1Km0Nue1NJ+L8/d4iuv7/nwoH45fRdiA9fKrD6vbxIR065Z044b0Ys1BjoMHpStXpMuX00jvTz+LkdoqwgZsFP5V9DqZd1A95fRUMx+1oSqEDUA4/NfgAMIhbADCIWwAwiFsAMIhbADCIWwAwiFsAMIhbADCIWwAwiFsAMIhbADCIWwAwiFsAMIhbADCIWwAwiFsAMIhbADCIWwAwiFsAMIhbADCIWwAwiFsAMIhbADCIWwAwiFsAMIhbADCIWwAwiFsABTNT3roXHIAyEx4AAAAAElFTkSuQmCC'}}]}, {'role': 'assistant', 'content': 'Final Answer: 0.65'}, {'role': 'user', 'content': [{'type': 'text', 'text': '\nYou are given both an image and a text-based representation of the same stimulus. \nIn both, a red dot appears on a horizontal line\nThe left end of the line corresponds to 0.0, and the right end to 1.0.\n\nText representation (the dot is marked as """"O""""):\n|-- ------ --=- ----=-O------------------|\n\n\nEstimate the horizontal position of the **center** of the red dot as a decimal number between 0 and 1.\nDo not explain. Only output the final answer as a number between 0 and 1:\nFinal Answer:\n'}, {'type': 'image_url', 'image_url': {'url': 'data:image/png;base64,iVBORw0KGgoAAAANSUhEUgAAATYAAABNCAYAAAAsLkgfAAAAOnRFWHRTb2Z0d2FyZQBNYXRwbG90bGliIHZlcnNpb24zLjEwLjMsIGh0dHBzOi8vbWF0cGxvdGxpYi5vcmcvZiW1igAAAAlwSFlzAAAPYQAAD2EBqD+naQAABHBJREFUeJzt28tvTH8Yx/HP1FCXVhTRMJIiLCTduCysLOxspCthw1L8AeIf8BfY6bJrSwsSKwuREAu6Qht1i1u1LnGvIx+Pk9atVMmZeeb9Sk46nXbOjPx+3p7zPefUiqIoBACJdFT9AQDgXyNsANIhbADSIWwA0iFsANIhbADSIWwA0iFsANIhbADSIWwA0iFsANIhbADSIWwA0iFsANIhbADSIWwA0iFsANIhbADSIWwA0iFsANIhbADSIWwA0iFsANIhbADSIWwA0iFsANIhbADSIWwA0iFsANIhbADSqVf9AYA5eftWunlTmpyUVqyQtmyRFi+u+lOhyRA2NK9376SnT6X376U3b6TTp6VTp6QHD6Z/Z+1a6dAh6eBBafXq2Do7q/zUaAK1oiiKqj8E8EPMHj2SRkcjapcuRdD8+Fccs+PHpT17pP5+adWqb8O4aBHRayNMbGgOjpAPMa9ejYns7t2IkuN25crvX+94nTghTUxIT55IO3ZId+7E96Wenunole9J+FJiYkP1xsdjKjt7Vhobi/Wzhw/j+WfP5ravBQukgQFp69bY+vqkFy8iYs+fS+vWSbt3S69eScPDs4cPLYuwoVoOzrlz0oULMa29fh2HoZ7aZjv0nM3y5RG1XbuklSulDx+kZcsien6/vXsjbC9fSr29UkeH9OlTvG93d7yOya2lcbkHqnX/vnTtWpwc8OZDQsfnb6NmDtaNG9KZM3EY6++9LV0a7+Hp8PHj6aiZv/p7T4g+PEVLqzUaDSY2VKc84+mJyY9rNenjR/UUha7PY7f9kiYdq3o9Ymnetzfz9LZw4Y8vnJqK5/1ztCz/VyZsaDp9km7P4/UbJI39w8+D1lJvNBpVfwa0s/IQ9Ouk9mVimppS9zx32yWp4YnNk9fM6WvJkumpzV9n/szv7edYX2t5nDxAtetrFy/GmdCREenePenWrfjqxf358HqZ70rwYejGjXFCwetqvgxk+/b4mS8vKc+K+q+BTzRwVjQFrmNDdbym5vWsbdtikvLivgPj532blC/78BQ3V47Z5s2x+YyoJzDvy+t4jlYZL29cx5YSExuqndguX5a8HOKAOT6+1sxnLT1N+bnz5yNIf8qHkjt3RrwcKcfK/LirS9q3T9q06b/9kdAcmNhQHUfHF8X6+jEfOq5ZE885ZOvXR4h8GDk4GL//u3+DHbX9++MCXE+C3le5xuZLSDyhsabcFpjYUC3fXTDzDoByrctrYOVhqdfhjhyJi3fL3/meJ7Jjx6SjR+Pxz/bJ+lnbIGyo3p/cs+nD1KEh6eTJONFQ8i1Thw9LBw7EIWb5Ou4DbWuEDa3F/7v67gDfSeDbnzyJlZdvAF8RNgDpcK8ogHQIG4B0CBuAdAgbgHQIG4B0CBuAdAgbgHQIG4B0CBuAdAgbgHQIG4B0CBuAdAgbgHQIG4B0CBuAdAgbgHQIG4B0CBuAdAgbgHQIG4B0CBuAdAgbgHQIG4B0CBuAdAgbgHQIG4B0CBuAdAgbAGXzGahxa5hlk7orAAAAAElFTkSuQmCC'}}]}]",Final Answer: 0.4
anthropic/claude-3.7-sonnet,sample_006,0.5624,0.5624,0.5,"[{'role': 'system', 'content': 'You are a helpful assistant.'}, {'role': 'user', 'content': [{'type': 'text', 'text': '\nYou are given both an image and a text-based representation of the same stimulus. \nIn both, a red dot appears on a horizontal line\nThe left end of the line corresponds to 0.0, and the right end to 1.0.\n\nText representation (the dot is marked as """"O""""):\n|.-- -~=-------- ---------O--------------|\n\n\nEstimate the horizontal position of the **center** of the red dot as a decimal number between 0 and 1.\nDo not explain. Only output the final answer as a number between 0 and 1:\nFinal Answer:\n'}, {'type': 'image_url', 'image_url': {'url': 'data:image/png;base64,iVBORw0KGgoAAAANSUhEUgAAATYAAABNCAYAAAAsLkgfAAAAOnRFWHRTb2Z0d2FyZQBNYXRwbG90bGliIHZlcnNpb24zLjEwLjMsIGh0dHBzOi8vbWF0cGxvdGxpYi5vcmcvZiW1igAAAAlwSFlzAAAPYQAAD2EBqD+naQAABJVJREFUeJzt3ElvTXEYx/HfbWtuUaQSFy1i0bSRsECQ2HkNYmNnx9LGOxCJROyFlYXY8AZ0YVFCDCExxFBjYqgp5h755XHShohSt72e8/0kTfW0vfda9Nvnf87/tFYURSEASKRlql8AAPxrhA1AOoQNQDqEDUA6hA1AOoQNQDqEDUA6hA1AOoQNQDqEDUA6hA1AOoQNQDqEDUA6hA1AOoQNQDqEDUA6hA1AOoQNQDqEDUA6hA1AOoQNQDqEDUA6hA1AOoQNQDqEDUA6hA1AOoQNQDqEDUA6hA1AOoQNQDptU/0CgKZVFNLz59Lbt1J7u7RwoVSrTfWrwjgQNlTbx4/Ss2fSp0/S9OlSR4f04IF0/Lh07Jh0797o165aJe3eLW3fLn35Mvo9ixZJM2b8/FjlcUy6WlH41xJQMY7QzZvS1avSu3fS3LnShw/SwEAEzXH6UTmtOVZ790pr18bHnZ3SkiXSo0fSy5fS58/S69fSnDlSf7+0ejWBm2SEDdXj5eWFC9KZM9LDh9LMmdLs2RG606djCfo7LS3SgQPSli0x4XmyW748Jr47d6RXr6ThYWnWLGnDBmnduljKYlIQNlRrSnPIBgely5elS5diCvPxoSHpxo3xRa3k5eahQ9KbN/FYmzdLX7/GxLZgQXzNkydSV5e0YoW0cSOT2yThHBuqM6V52Xn9unT+vHTtWgSpry+mL18g+NPf8V6u7t8v9fbGMvTp01iWbtoUj+nA+TnmzYtpcNkyaeXKRv0PMQZhQ36eyBw1T2s+ue8pysHxBYBbt2Jqc5T+xt27ccXUfK7Oj++orVkT59keP47P+bn8dY4cS9KGq9XrdZaiyM3LQ09XIyOjS0X/+/vnOkdGdGUCZ2T6azUNt7VJra3xuA6l3xw4H/PnfLz8mOVow/kyD2FDpXV78JrA9/dIGrMpBE2grV6vT/VrABrLU5q3cngq89Tk6ckf+31RqMPLxAlob21V3VNZOZmV0+C0aTGheXrz5/zcfi3lcTQMV0VRjXNsp05JFy/GnjJH5v792LPmc2s+5+ZzY38TOAfKG3e7u+PNy0xvzPW5tfXrY3/b/PlxBdXB89YQH2egaCguHiA/x8ZXKh0VX50sQ7NtW2yoPXdOun07LiT8KW/C9fTnScx6emJ7h5/DV0gduXJKdES9DcTH0FBMbKgOb8k4eza2fnhq82baxYtj6jp6VDpyZDRQ4+Fgbd0qLV0a05rfO2Z+zLF3Iph/zBw134nAVdGGI2yoll/dz+m7BQ4elA4fHt9+Np8327dP2rEjlpXePsK9o02DsAElh+jECWnXLun9+zg29sejvFfUt1+dPBlLWTQlwgb8yPd4+kZ43y7lc28lXyTYs0fauTM22qJpETbgV/yj8eJFLDN9Ps7nyPh7bP8FwgYgHf40OIB0CBuAdAgbgHQIG4B0CBuAdAgbgHQIG4B0CBuAdAgbgHQIG4B0CBuAdAgbgHQIG4B0CBuAdAgbgHQIG4B0CBuAdAgbgHQIG4B0CBuAdAgbgHQIG4B0CBuAdAgbgHQIG4B0CBuAdAgbgHQIGwBl8w2vMXCzyZNU9QAAAABJRU5ErkJggg=='}}]}, {'role': 'assistant', 'content': 'Final Answer: 0.6'}, {'role': 'user', 'content': [{'type': 'text', 'text': '\nYou are given both an image and a text-based representation of the same stimulus. \nIn both, a red dot appears on a horizontal line\nThe left end of the line corresponds to 0.0, and the right end to 1.0.\n\nText representation (the dot is marked as """"O""""):\n|--~---~----------------=--- =-----O-----|\n\n\nEstimate the horizontal position of the **center** of the red dot as a decimal number between 0 and 1.\nDo not explain. Only output the final answer as a number between 0 and 1:\nFinal Answer:\n'}, {'type': 'image_url', 'image_url': {'url': 'data:image/png;base64,iVBORw0KGgoAAAANSUhEUgAAATYAAABNCAYAAAAsLkgfAAAAOnRFWHRTb2Z0d2FyZQBNYXRwbG90bGliIHZlcnNpb24zLjEwLjMsIGh0dHBzOi8vbWF0cGxvdGxpYi5vcmcvZiW1igAAAAlwSFlzAAAPYQAAD2EBqD+naQAABNNJREFUeJzt3MtvjG0Yx/HfVNUhrSgNYkLfSARJbUScYmdHxEKsJNZi5/+w8ieItZWNtcTCQlCHhOCtQ5yps2L6vPm9lyczeDvTaWv6uvr9JE0P087M6pvrvp/7aaUoikIAkEjXbL8BAJhphA1AOoQNQDqEDUA6hA1AOoQNQDqEDUA6hA1AOoQNQDqEDUA6hA1AOoQNQDqEDUA6hA1AOoQNQDqEDUA6hA1AOoQNQDqEDUA6hA1AOoQNQDqEDUA6hA1AOoQNQDqEDUA6hA1AOoQNQDqEDUA6hA1AOoQNQDrds/0GAPyBxsak58+lp0+lr1+lNWuk1aulSqX++IsX0pcvUk+PNDAgLVjQsbdH2AC01hiqx4+l06elM2cibKXBQen4cWn/funBA+n16/pj/f3S0JC0fHlHolcpiqKY0WcE8Gcb+x6ed++k9+9jInv0SHIqLl+WTpyIKE1k/nzp8GFp716pt1dasiQi19cnrV8v3b5dj56f21PeunXSypU/Rm4aASRsAOpevpQuXZKuX4+p69Ur6dmzCMq3b9LZsxG4ydi2Tdq1S1q1Kqa1Dx+kri5p4cKI2Nu3ETm/zqJF0oYN0ooV8bt27drEU18LhA1AfUI6d066elV6+DD20BwdLz3Hx+Nzu7nYvr2+/7Z2bUxwW7ZEJIeHpY8fpaVLYzLbtCmev3FicwAdQ7++l72e+nbsaDm5cVUUQPBy01Hz8tAcHX98+hST3FRmoBs3pCdPYgl74UIsKx2q0dFY6i5bJnV/3+qv1SJkIyPS/fv1qJk/+3tPkI5gC1w8ABDK6cwTlCPnCcnx8eTUbE+tGe/R+Tm9/PRS1EvPjRvr8SynsXJvzt87cOVjjfy99+Mm8V4q1WqVpSgw142Px2T2+XPEw+Hxz4pC/UWh4Wk89VClotEyWvPmxYenNAesDJtf079Thqv8/mdewvpCgp+jCR86IWwAJjQo6W9N3V+SRtRZ3dVqtcMvCeB/pVaLCc3Tkye2cmLyz2o19U3z6XsrFVU9ZXlK85LUe3WeuPwansDMX/vnfg/lpObXL/f1Gh/7eYn6H7gqCsx19+5JV67E1cubN6Xz5yN23hu7eDH22Lw/Vu6FtcPB8vDkK5579ki7d8fxER8F8c+bnVWbxjk2Lh4Ac11PT3x2uHxGzIdlHRDHyOfKbt2S7t6Nq5vt8vk0P5+j6eMePpfmK6GOlPl1Jlo1NnusBY57AHPdwEAcfvVVUN8l4K/LDf2dO+M2qX37Wm7Y/8J/7wO6W7dGzN68iXNoPmT7m+8bZSkKQP+eUytP+vuOAJ8lc5g8ZTlGPljrqe3YsdjvapUN/61vqzpyJJaSPkriwG3e3JGb4QkbgF/3tMosOFCN+1u+M+HgwTi4a435KC8AeIP/6FHpwIGYANu4Y2CmEDYA7fFdA6dOSSdPSnfu/PjfPQ4diqXm4sUROOfFy9BJ3uM5UwgbgKlxOnyLk+9O8ETmgHlqm+X/xWaEDUA6XBUFkA5hA5AOYQOQDmEDkA5hA5AOYQOQDmEDkA5hA5AOYQOQDmEDkA5hA5AOYQOQDmEDkA5hA5AOYQOQDmEDkA5hA5AOYQOQDmEDkA5hA5AOYQOQDmEDkA5hA5AOYQOQDmEDkA5hA5AOYQOQDmEDoGz+AaQ5oOTiCrZ7AAAAAElFTkSuQmCC'}}]}, {'role': 'assistant', 'content': 'Final Answer: 0.85'}, {'role': 'user', 'content': [{'type': 'text', 'text': '\nYou are given both an image and a text-based representation of the same stimulus. \nIn both, a red dot appears on a horizontal line\nThe left end of the line corresponds to 0.0, and the right end to 1.0.\n\nText representation (the dot is marked as """"O""""):\n|--~----~-----------------~=---O----=----|\n\n\nEstimate the horizontal position of the **center** of the red dot as a decimal number between 0 and 1.\nDo not explain. Only output the final answer as a number between 0 and 1:\nFinal Answer:\n'}, {'type': 'image_url', 'image_url': {'url': 'data:image/png;base64,iVBORw0KGgoAAAANSUhEUgAAATYAAABNCAYAAAAsLkgfAAAAOnRFWHRTb2Z0d2FyZQBNYXRwbG90bGliIHZlcnNpb24zLjEwLjMsIGh0dHBzOi8vbWF0cGxvdGxpYi5vcmcvZiW1igAAAAlwSFlzAAAPYQAAD2EBqD+naQAABDBJREFUeJzt3LlrVGsYgPHnJHFPlFFBZdR7XQtJISIW6VSsxEqwE8FaLfwvbG209h+wFgQt3BAE8QqKqFz3BY3B3Why5OVjGC/IJYmCOW+eHwyzJDmTZh6+5Zyp6rqukaREev70PyBJv5thk5SOYZOUjmGTlI5hk5SOYZOUjmGTlI5hk5SOYZOUjmGTlI5hk5SOYZOUjmGTlI5hk5SOYZOUjmGTlI5hk5SOYZOUjmGTlI5hk5SOYZOUjmGTlI5hk5SOYZOUjmGTlI5hk5SOYZOUjmGTlI5hk5SOYZOUTt+f/gckTcGXL/DqFYyOwuzZsHQpzJkDdQ2vX8P799DfD0uWQFUx0xg2qWkiXDdvwsuX5fHICPT2wosXcPo03L/f/d116+DwYThwAObN+3kME6rqOhIvqTEjtStX4MkTePoU7tyBW7fg8mUYGyujs/qHj3RntDZ3Lhw9Cps2wadP8O1bGc0NDZWRXRzn40eYPx82boSFC2kywyY1SQTt0iV4/hyuXoUbN8ptIqoKdu2CbdtKwJ49KzGM6PX0QF9fieLy5bB7N2zYQFMZNqlJa2nv3sHFiyVq587B3bv/HaFNJG5DQ2WKOj4O16/DwED3tZiuxlR28WI4eLCxIzfX2KTpvpb25k33tbdv4do1uHABHj+eXNRC/H5EMY65YkUJ57Jl5bhxvPXrYe3aMr2N6enWrTSRp3tI01EEJ6IWI7R2G1atKtPG8+fLVPTRo7JWNhVfv8LwcFlni1Hb589lE+HDh/J+MSWNqWmsuTVU1W63nYpK001ELAIUu52hE6C4HxujNTrKP7+wijQIjMyaVUZwEbF4HNPUeL94Hu8d63DxegPFlolhkxrmL+DfX/j7v4EH5NXXjmGupOk9YovNg7jF8/FxBuJx/HyK+oF2bEbEiCympDFa64zY4hY7pTElbSh3RaXpfL5arHnF4v7t23D2LLRasGBBic+xYyV2k1VV5Zg7dsDKlSVusZGwenW5T3AeW3OTLGUWi/mDg2UDIc5d64ykYtE/TsuIwG3fDmfOTP7YrRZs3lyOv2ZNuY9z1hJdheCITWrKeWwRuBjFxfMYdcWu5cmTZUo60Y9xby/s31/OW9u5s+y4Jgpah2GTmiTON/vx8qeHD2HfvhK22DH9P1UFhw7Bnj2wZUu5pCopwyY1XUxH9+7tnndW/+Ra0bii4MSJMkpLfPF7h2GTMohv+Dh1Co4fh3v3uq/HetyRI+XbPRYtYqYwbFIm8XEeHi67qXENaFzzOQO/j82wSUrHa0UlpWPYJKVj2CSlY9gkpWPYJKVj2CSlY9gkpWPYJKVj2CSlY9gkpWPYJKVj2CSlY9gkpWPYJKVj2CSlY9gkpWPYJKVj2CSlY9gkpWPYJKVj2CSlY9gkpWPYJKVj2CSlY9gkpWPYJKVj2CSlY9gkkc1310VHXTWff9MAAAAASUVORK5CYII='}}]}, {'role': 'assistant', 'content': 'Final Answer: 0.75'}, {'role': 'user', 'content': [{'type': 'text', 'text': '\nYou are given both an image and a text-based representation of the same stimulus. \nIn both, a red dot appears on a horizontal line\nThe left end of the line corresponds to 0.0, and the right end to 1.0.\n\nText representation (the dot is marked as """"O""""):\n|------~----------=.------- -O-------- --|\n\n\nEstimate the horizontal position of the **center** of the red dot as a decimal number between 0 and 1.\nDo not explain. Only output the final answer as a number between 0 and 1:\nFinal Answer:\n'}, {'type': 'image_url', 'image_url': {'url': 'data:image/png;base64,iVBORw0KGgoAAAANSUhEUgAAATYAAABNCAYAAAAsLkgfAAAAOnRFWHRTb2Z0d2FyZQBNYXRwbG90bGliIHZlcnNpb24zLjEwLjMsIGh0dHBzOi8vbWF0cGxvdGxpYi5vcmcvZiW1igAAAAlwSFlzAAAPYQAAD2EBqD+naQAABIJJREFUeJzt3EtLlGEchvF7PKSVVlZENJhGFEVGFJSiRPtqKa6CvkEfplW0q12rgnbRKoLETUgtaqGYYFGaSueD+cbN4+u4KGpqxpH/e/1gmJM6Q+Dlc5pKWZZlAoBAmhr9BgCg1ggbgHAIG4BwCBuAcAgbgHAIG4BwCBuAcAgbgHAIG4BwCBuAcAgbgHAIG4BwCBuAcAgbgHAIG4BwCBuAcAgbgHAIG4BwCBuAcAgbgHAIG4BwCBuAcAgbgHAIG4BwCBuAcAgbgHAIG4BwCBuAcAgbgHAIG4BwWhr9BgCsyDLp7Vvpwwepo0PatUv69k2am0vXmzZJu3dLbW2NfqcbHmEDGuXr1xQtX+7ckW7elCYnK8+Xy9LgoHTypNTaKrW3S3v3psf27WvkO9/wSlnmPxMA1pVHZk+fSnfvSlevSt+///5rm5uloSHp6FFp82app0caGanELQ8ko7pVhA2ot7Xh8a+br8fGpNu300jtb5RK0sWLUne39OWLdOiQdP681NQkvXolffxY+dquLqmvL01lC4qwAfWM2evX0vPn0rt3ae3M9xcXpWfPpIcPU+j+lkdup0+nsHlq6hGcp6eOnm8fOJBitrAgdXZKAwOFHbkRNqBe08w3b6THj6Xp6TRFfP9e+vQp3ffFsauWg+XpqC957Lzu5sf375eOHJGOH08RPXMmrdMVEJsHQK1Hao6aI+ZRlUdnW7dKMzPS7GwaXfkxP/8v/H0/flSmtb546rljh7S0lDYf2tqkPXvS1xRUqVwuM2IDasXR8UaAR1K+duhseTk95yWwpSU9+Y+JUp+kRQfS/HO8zubXa2lJt5tW7nua6usC8r8OYQPWUY+kqf/4/l5JL2r4fiJqKRd0Dg7UfcTm215Ty6eMvp9l6lwZuf2rDh9xW/uAR2/5KM1aW9P019cFxeYBUEueeo6OprUwr33duyc9eJDue+3LGwq+eHHf09NqOWLeOPD6mUPm+zt3puMdDqpfY3hYunSpsDuixuYBUEuOiSPjDQRvFnin0uH5/DmdQfNtB8nPzc9X//MdNa+l5a+Vbx7ko7XeXqm/v9BRM8IG1JrPkvkMWX4o158QuH8/TQ09Zdy2TZqaSiO7akZtHp35aIcP4zpu+RGPY8ekLVtSKM+eTYd3C46wAfXgEVO+fu2wOUQvX0rbt0snTqRzbPbo0Z8P6eY7oBcupJj5uIjPxXn059dwKP3Y4cPSuXOFH60Za2zAeh7a9acCzCM5j7zGx6Vr1ypnztb+OuZB82js+nXp1Km0Nue1NJ+L8/d4iuv7/nwoH45fRdiA9fKrD6vbxIR065Z044b0Ys1BjoMHpStXpMuX00jvTz+LkdoqwgZsFP5V9DqZd1A95fRUMx+1oSqEDUA4/NfgAMIhbADCIWwAwiFsAMIhbADCIWwAwiFsAMIhbADCIWwAwiFsAMIhbADCIWwAwiFsAMIhbADCIWwAwiFsAMIhbADCIWwAwiFsAMIhbADCIWwAwiFsAMIhbADCIWwAwiFsAMIhbADCIWwAwiFsABTNT3roXHIAyEx4AAAAAElFTkSuQmCC'}}]}, {'role': 'assistant', 'content': 'Final Answer: 0.65'}, {'role': 'user', 'content': [{'type': 'text', 'text': '\nYou are given both an image and a text-based representation of the same stimulus. \nIn both, a red dot appears on a horizontal line\nThe left end of the line corresponds to 0.0, and the right end to 1.0.\n\nText representation (the dot is marked as """"O""""):\n|-- ------ --=- ----=-O------------------|\n\n\nEstimate the horizontal position of the **center** of the red dot as a decimal number between 0 and 1.\nDo not explain. Only output the final answer as a number between 0 and 1:\nFinal Answer:\n'}, {'type': 'image_url', 'image_url': {'url': 'data:image/png;base64,iVBORw0KGgoAAAANSUhEUgAAATYAAABNCAYAAAAsLkgfAAAAOnRFWHRTb2Z0d2FyZQBNYXRwbG90bGliIHZlcnNpb24zLjEwLjMsIGh0dHBzOi8vbWF0cGxvdGxpYi5vcmcvZiW1igAAAAlwSFlzAAAPYQAAD2EBqD+naQAABHBJREFUeJzt28tvTH8Yx/HP1FCXVhTRMJIiLCTduCysLOxspCthw1L8AeIf8BfY6bJrSwsSKwuREAu6Qht1i1u1LnGvIx+Pk9atVMmZeeb9Sk46nXbOjPx+3p7zPefUiqIoBACJdFT9AQDgXyNsANIhbADSIWwA0iFsANIhbADSIWwA0iFsANIhbADSIWwA0iFsANIhbADSIWwA0iFsANIhbADSIWwA0iFsANIhbADSIWwA0iFsANIhbADSIWwA0iFsANIhbADSIWwA0iFsANIhbADSIWwA0iFsANIhbADSqVf9AYA5eftWunlTmpyUVqyQtmyRFi+u+lOhyRA2NK9376SnT6X376U3b6TTp6VTp6QHD6Z/Z+1a6dAh6eBBafXq2Do7q/zUaAK1oiiKqj8E8EPMHj2SRkcjapcuRdD8+Fccs+PHpT17pP5+adWqb8O4aBHRayNMbGgOjpAPMa9ejYns7t2IkuN25crvX+94nTghTUxIT55IO3ZId+7E96Wenunole9J+FJiYkP1xsdjKjt7Vhobi/Wzhw/j+WfP5ravBQukgQFp69bY+vqkFy8iYs+fS+vWSbt3S69eScPDs4cPLYuwoVoOzrlz0oULMa29fh2HoZ7aZjv0nM3y5RG1XbuklSulDx+kZcsien6/vXsjbC9fSr29UkeH9OlTvG93d7yOya2lcbkHqnX/vnTtWpwc8OZDQsfnb6NmDtaNG9KZM3EY6++9LV0a7+Hp8PHj6aiZv/p7T4g+PEVLqzUaDSY2VKc84+mJyY9rNenjR/UUha7PY7f9kiYdq3o9Ymnetzfz9LZw4Y8vnJqK5/1ztCz/VyZsaDp9km7P4/UbJI39w8+D1lJvNBpVfwa0s/IQ9Ouk9mVimppS9zx32yWp4YnNk9fM6WvJkumpzV9n/szv7edYX2t5nDxAtetrFy/GmdCREenePenWrfjqxf358HqZ70rwYejGjXFCwetqvgxk+/b4mS8vKc+K+q+BTzRwVjQFrmNDdbym5vWsbdtikvLivgPj532blC/78BQ3V47Z5s2x+YyoJzDvy+t4jlYZL29cx5YSExuqndguX5a8HOKAOT6+1sxnLT1N+bnz5yNIf8qHkjt3RrwcKcfK/LirS9q3T9q06b/9kdAcmNhQHUfHF8X6+jEfOq5ZE885ZOvXR4h8GDk4GL//u3+DHbX9++MCXE+C3le5xuZLSDyhsabcFpjYUC3fXTDzDoByrctrYOVhqdfhjhyJi3fL3/meJ7Jjx6SjR+Pxz/bJ+lnbIGyo3p/cs+nD1KEh6eTJONFQ8i1Thw9LBw7EIWb5Ou4DbWuEDa3F/7v67gDfSeDbnzyJlZdvAF8RNgDpcK8ogHQIG4B0CBuAdAgbgHQIG4B0CBuAdAgbgHQIG4B0CBuAdAgbgHQIG4B0CBuAdAgbgHQIG4B0CBuAdAgbgHQIG4B0CBuAdAgbgHQIG4B0CBuAdAgbgHQIG4B0CBuAdAgbgHQIG4B0CBuAdAgbAGXzGahxa5hlk7orAAAAAElFTkSuQmCC'}}]}, {'role': 'assistant', 'content': 'Final Answer: 0.4'}, {'role': 'user', 'content': [{'type': 'text', 'text': '\nYou are given both an image and a text-based representation of the same stimulus. \nIn both, a red dot appears on a horizontal line\nThe left end of the line corresponds to 0.0, and the right end to 1.0.\n\nText representation (the dot is marked as """"O""""):\n|---- ---------.------O---------------.-~|\n\n\nEstimate the horizontal position of the **center** of the red dot as a decimal number between 0 and 1.\nDo not explain. Only output the final answer as a number between 0 and 1:\nFinal Answer:\n'}, {'type': 'image_url', 'image_url': {'url': 'data:image/png;base64,iVBORw0KGgoAAAANSUhEUgAAATYAAABNCAYAAAAsLkgfAAAAOnRFWHRTb2Z0d2FyZQBNYXRwbG90bGliIHZlcnNpb24zLjEwLjMsIGh0dHBzOi8vbWF0cGxvdGxpYi5vcmcvZiW1igAAAAlwSFlzAAAPYQAAD2EBqD+naQAABENJREFUeJzt3MlqFG0chfHTMc6J8wSNGhfiFHAAB3ApKrgSxJ14B96KeAm6cqEggmvRhaAoIiiOoEYUnOfZJC3HlyYi36e0Bqpy8vygMF0m3SWGJ/+3qjqNVqvVEgAE6ar6AABgtBE2AHEIG4A4hA1AHMIGIA5hAxCHsAGIQ9gAxCFsAOIQNgBxCBuAOIQNQBzCBiAOYQMQh7ABiEPYAMQhbADiEDYAcQgbgDiEDUAcwgYgDmEDEIewAYhD2ADEIWwA4hA2AHEIG4A4hA1AHMIGIA5hAxCnu+oDADrSakkvXkjv30sTJ5bH375JkyZJ8+ZJkydXfYSoAcKG+vvyRbpxQzp8WDp+XHr0aOTvFi2Stm+Xli+XZs6U1qyRNm6UZsyo8ohRsUar5R95QA29fStdvCgdOSIdPSoNDv7/506YUIK2cKG0erW0a1d5zAQ3LjGxoR4T2fPn0rt3ZYnZ01MenzkjnTghXb785+cYGpLOn5fWrSsfP3kivXkjrV9flqtfv7JcHUeY2FAtny+7dk168EAaGChh82R26VLZd+9eZ8/XaEg7dpS4LVkiTZ1alquOpZ/XE51j56UrgYtF2FDtpOYpy3F7+lT6/LlsJ09KN29KHz+WSatTjpm3adPKlLZggTRrVjkH5/B5avMydcMGAheKpSiq4+Xmq1clLB8+SNOnSxcuSC9flunqd+fUfufTp5Gvd+D8Ov7YU5snudu3peHhMhFu3lwCN3fuaP/rUKFGs9lkYkM1HBnfqmEOjxcPnuKGhjR7cFBX/+Gp+yW99nRm/tNbV1e5yGC+VcT7/NgbU1sU/88TNtTOUkn3/+Hr+yQNjOLxYGzpbjabVR8DxjNPaF4WevPU5glueFi9nua87y/1SGr+PKm1TyV3d5d97QnNj9sTXHuaw5jHxQPU56rorVvSuXPlQoLduTOyVO2Ew+WLBb295eKBA+lzeFOmSCtWSCtXSosXl5t4fUOvX2/TJokf8jEIG+p1H9v169Lp09KVK+X2j4cPO38+x2z+/HJBwFOYr656MvPW1yetXVsitmxZeW0HcMsWzrMFIWyo5zsOPLmdPSsdPNjZ1OZpzdOXJzLf1mG+GurIOXie5Pwt72nNoZszR+rv56poGMKG+vI05feG7t9fYvSnb1VHbc8e6cCBsrz0Mtfx8kTmG3MdsPa7GngnQjTChvo7dUrau7eEzv7rW9Yn//ftk3bvlnbuLPsI2LhF2DA23L0rHTokHTsmPX48st9LyG3bpK1bpVWruNkWPxA2jB2e2J49K8tMT2J+D6iXmvw+NvyCsAGIw68GBxCHsAGIQ9gAxCFsAOIQNgBxCBuAOIQNQBzCBiAOYQMQh7ABiEPYAMQhbADiEDYAcQgbgDiEDUAcwgYgDmEDEIewAYhD2ADEIWwA4hA2AHEIG4A4hA1AHMIGIA5hAxCHsAGIQ9gAxCFsAJTmO2SDQNow6FxCAAAAAElFTkSuQmCC'}}]}]",Final Answer: 0.5
anthropic/claude-3.7-sonnet,sample_007,0.52323,0.52323,0.55,"[{'role': 'system', 'content': 'You are a helpful assistant.'}, {'role': 'user', 'content': [{'type': 'text', 'text': '\nYou are given both an image and a text-based representation of the same stimulus. \nIn both, a red dot appears on a horizontal line\nThe left end of the line corresponds to 0.0, and the right end to 1.0.\n\nText representation (the dot is marked as """"O""""):\n|.-- -~=-------- ---------O--------------|\n\n\nEstimate the horizontal position of the **center** of the red dot as a decimal number between 0 and 1.\nDo not explain. Only output the final answer as a number between 0 and 1:\nFinal Answer:\n'}, {'type': 'image_url', 'image_url': {'url': 'data:image/png;base64,iVBORw0KGgoAAAANSUhEUgAAATYAAABNCAYAAAAsLkgfAAAAOnRFWHRTb2Z0d2FyZQBNYXRwbG90bGliIHZlcnNpb24zLjEwLjMsIGh0dHBzOi8vbWF0cGxvdGxpYi5vcmcvZiW1igAAAAlwSFlzAAAPYQAAD2EBqD+naQAABJVJREFUeJzt3ElvTXEYx/HfbWtuUaQSFy1i0bSRsECQ2HkNYmNnx9LGOxCJROyFlYXY8AZ0YVFCDCExxFBjYqgp5h755XHShohSt72e8/0kTfW0vfda9Nvnf87/tFYURSEASKRlql8AAPxrhA1AOoQNQDqEDUA6hA1AOoQNQDqEDUA6hA1AOoQNQDqEDUA6hA1AOoQNQDqEDUA6hA1AOoQNQDqEDUA6hA1AOoQNQDqEDUA6hA1AOoQNQDqEDUA6hA1AOoQNQDqEDUA6hA1AOoQNQDqEDUA6hA1AOoQNQDptU/0CgKZVFNLz59Lbt1J7u7RwoVSrTfWrwjgQNlTbx4/Ss2fSp0/S9OlSR4f04IF0/Lh07Jh0797o165aJe3eLW3fLn35Mvo9ixZJM2b8/FjlcUy6WlH41xJQMY7QzZvS1avSu3fS3LnShw/SwEAEzXH6UTmtOVZ790pr18bHnZ3SkiXSo0fSy5fS58/S69fSnDlSf7+0ejWBm2SEDdXj5eWFC9KZM9LDh9LMmdLs2RG606djCfo7LS3SgQPSli0x4XmyW748Jr47d6RXr6ThYWnWLGnDBmnduljKYlIQNlRrSnPIBgely5elS5diCvPxoSHpxo3xRa3k5eahQ9KbN/FYmzdLX7/GxLZgQXzNkydSV5e0YoW0cSOT2yThHBuqM6V52Xn9unT+vHTtWgSpry+mL18g+NPf8V6u7t8v9fbGMvTp01iWbtoUj+nA+TnmzYtpcNkyaeXKRv0PMQZhQ36eyBw1T2s+ue8pysHxBYBbt2Jqc5T+xt27ccXUfK7Oj++orVkT59keP47P+bn8dY4cS9KGq9XrdZaiyM3LQ09XIyOjS0X/+/vnOkdGdGUCZ2T6azUNt7VJra3xuA6l3xw4H/PnfLz8mOVow/kyD2FDpXV78JrA9/dIGrMpBE2grV6vT/VrABrLU5q3cngq89Tk6ckf+31RqMPLxAlob21V3VNZOZmV0+C0aTGheXrz5/zcfi3lcTQMV0VRjXNsp05JFy/GnjJH5v792LPmc2s+5+ZzY38TOAfKG3e7u+PNy0xvzPW5tfXrY3/b/PlxBdXB89YQH2egaCguHiA/x8ZXKh0VX50sQ7NtW2yoPXdOun07LiT8KW/C9fTnScx6emJ7h5/DV0gduXJKdES9DcTH0FBMbKgOb8k4eza2fnhq82baxYtj6jp6VDpyZDRQ4+Fgbd0qLV0a05rfO2Z+zLF3Iph/zBw134nAVdGGI2yoll/dz+m7BQ4elA4fHt9+Np8327dP2rEjlpXePsK9o02DsAElh+jECWnXLun9+zg29sejvFfUt1+dPBlLWTQlwgb8yPd4+kZ43y7lc28lXyTYs0fauTM22qJpETbgV/yj8eJFLDN9Ps7nyPh7bP8FwgYgHf40OIB0CBuAdAgbgHQIG4B0CBuAdAgbgHQIG4B0CBuAdAgbgHQIG4B0CBuAdAgbgHQIG4B0CBuAdAgbgHQIG4B0CBuAdAgbgHQIG4B0CBuAdAgbgHQIG4B0CBuAdAgbgHQIG4B0CBuAdAgbgHQIGwBl8w2vMXCzyZNU9QAAAABJRU5ErkJggg=='}}]}, {'role': 'assistant', 'content': 'Final Answer: 0.6'}, {'role': 'user', 'content': [{'type': 'text', 'text': '\nYou are given both an image and a text-based representation of the same stimulus. \nIn both, a red dot appears on a horizontal line\nThe left end of the line corresponds to 0.0, and the right end to 1.0.\n\nText representation (the dot is marked as """"O""""):\n|--~---~----------------=--- =-----O-----|\n\n\nEstimate the horizontal position of the **center** of the red dot as a decimal number between 0 and 1.\nDo not explain. Only output the final answer as a number between 0 and 1:\nFinal Answer:\n'}, {'type': 'image_url', 'image_url': {'url': 'data:image/png;base64,iVBORw0KGgoAAAANSUhEUgAAATYAAABNCAYAAAAsLkgfAAAAOnRFWHRTb2Z0d2FyZQBNYXRwbG90bGliIHZlcnNpb24zLjEwLjMsIGh0dHBzOi8vbWF0cGxvdGxpYi5vcmcvZiW1igAAAAlwSFlzAAAPYQAAD2EBqD+naQAABNNJREFUeJzt3MtvjG0Yx/HfVNUhrSgNYkLfSARJbUScYmdHxEKsJNZi5/+w8ieItZWNtcTCQlCHhOCtQ5yps2L6vPm9lyczeDvTaWv6uvr9JE0P087M6pvrvp/7aaUoikIAkEjXbL8BAJhphA1AOoQNQDqEDUA6hA1AOoQNQDqEDUA6hA1AOoQNQDqEDUA6hA1AOoQNQDqEDUA6hA1AOoQNQDqEDUA6hA1AOoQNQDqEDUA6hA1AOoQNQDqEDUA6hA1AOoQNQDqEDUA6hA1AOoQNQDqEDUA6hA1AOoQNQDrds/0GAPyBxsak58+lp0+lr1+lNWuk1aulSqX++IsX0pcvUk+PNDAgLVjQsbdH2AC01hiqx4+l06elM2cibKXBQen4cWn/funBA+n16/pj/f3S0JC0fHlHolcpiqKY0WcE8Gcb+x6ed++k9+9jInv0SHIqLl+WTpyIKE1k/nzp8GFp716pt1dasiQi19cnrV8v3b5dj56f21PeunXSypU/Rm4aASRsAOpevpQuXZKuX4+p69Ur6dmzCMq3b9LZsxG4ydi2Tdq1S1q1Kqa1Dx+kri5p4cKI2Nu3ETm/zqJF0oYN0ooV8bt27drEU18LhA1AfUI6d066elV6+DD20BwdLz3Hx+Nzu7nYvr2+/7Z2bUxwW7ZEJIeHpY8fpaVLYzLbtCmev3FicwAdQ7++l72e+nbsaDm5cVUUQPBy01Hz8tAcHX98+hST3FRmoBs3pCdPYgl74UIsKx2q0dFY6i5bJnV/3+qv1SJkIyPS/fv1qJk/+3tPkI5gC1w8ABDK6cwTlCPnCcnx8eTUbE+tGe/R+Tm9/PRS1EvPjRvr8SynsXJvzt87cOVjjfy99+Mm8V4q1WqVpSgw142Px2T2+XPEw+Hxz4pC/UWh4Wk89VClotEyWvPmxYenNAesDJtf079Thqv8/mdewvpCgp+jCR86IWwAJjQo6W9N3V+SRtRZ3dVqtcMvCeB/pVaLCc3Tkye2cmLyz2o19U3z6XsrFVU9ZXlK85LUe3WeuPwansDMX/vnfg/lpObXL/f1Gh/7eYn6H7gqCsx19+5JV67E1cubN6Xz5yN23hu7eDH22Lw/Vu6FtcPB8vDkK5579ki7d8fxER8F8c+bnVWbxjk2Lh4Ac11PT3x2uHxGzIdlHRDHyOfKbt2S7t6Nq5vt8vk0P5+j6eMePpfmK6GOlPl1Jlo1NnusBY57AHPdwEAcfvVVUN8l4K/LDf2dO+M2qX37Wm7Y/8J/7wO6W7dGzN68iXNoPmT7m+8bZSkKQP+eUytP+vuOAJ8lc5g8ZTlGPljrqe3YsdjvapUN/61vqzpyJJaSPkriwG3e3JGb4QkbgF/3tMosOFCN+1u+M+HgwTi4a435KC8AeIP/6FHpwIGYANu4Y2CmEDYA7fFdA6dOSSdPSnfu/PjfPQ4diqXm4sUROOfFy9BJ3uM5UwgbgKlxOnyLk+9O8ETmgHlqm+X/xWaEDUA6XBUFkA5hA5AOYQOQDmEDkA5hA5AOYQOQDmEDkA5hA5AOYQOQDmEDkA5hA5AOYQOQDmEDkA5hA5AOYQOQDmEDkA5hA5AOYQOQDmEDkA5hA5AOYQOQDmEDkA5hA5AOYQOQDmEDkA5hA5AOYQOQDmEDoGz+AaQ5oOTiCrZ7AAAAAElFTkSuQmCC'}}]}, {'role': 'assistant', 'content': 'Final Answer: 0.85'}, {'role': 'user', 'content': [{'type': 'text', 'text': '\nYou are given both an image and a text-based representation of the same stimulus. \nIn both, a red dot appears on a horizontal line\nThe left end of the line corresponds to 0.0, and the right end to 1.0.\n\nText representation (the dot is marked as """"O""""):\n|--~----~-----------------~=---O----=----|\n\n\nEstimate the horizontal position of the **center** of the red dot as a decimal number between 0 and 1.\nDo not explain. Only output the final answer as a number between 0 and 1:\nFinal Answer:\n'}, {'type': 'image_url', 'image_url': {'url': 'data:image/png;base64,iVBORw0KGgoAAAANSUhEUgAAATYAAABNCAYAAAAsLkgfAAAAOnRFWHRTb2Z0d2FyZQBNYXRwbG90bGliIHZlcnNpb24zLjEwLjMsIGh0dHBzOi8vbWF0cGxvdGxpYi5vcmcvZiW1igAAAAlwSFlzAAAPYQAAD2EBqD+naQAABDBJREFUeJzt3LlrVGsYgPHnJHFPlFFBZdR7XQtJISIW6VSsxEqwE8FaLfwvbG209h+wFgQt3BAE8QqKqFz3BY3B3Why5OVjGC/IJYmCOW+eHwyzJDmTZh6+5Zyp6rqukaREev70PyBJv5thk5SOYZOUjmGTlI5hk5SOYZOUjmGTlI5hk5SOYZOUjmGTlI5hk5SOYZOUjmGTlI5hk5SOYZOUjmGTlI5hk5SOYZOUjmGTlI5hk5SOYZOUjmGTlI5hk5SOYZOUjmGTlI5hk5SOYZOUjmGTlI5hk5SOYZOUTt+f/gckTcGXL/DqFYyOwuzZsHQpzJkDdQ2vX8P799DfD0uWQFUx0xg2qWkiXDdvwsuX5fHICPT2wosXcPo03L/f/d116+DwYThwAObN+3kME6rqOhIvqTEjtStX4MkTePoU7tyBW7fg8mUYGyujs/qHj3RntDZ3Lhw9Cps2wadP8O1bGc0NDZWRXRzn40eYPx82boSFC2kywyY1SQTt0iV4/hyuXoUbN8ptIqoKdu2CbdtKwJ49KzGM6PX0QF9fieLy5bB7N2zYQFMZNqlJa2nv3sHFiyVq587B3bv/HaFNJG5DQ2WKOj4O16/DwED3tZiuxlR28WI4eLCxIzfX2KTpvpb25k33tbdv4do1uHABHj+eXNRC/H5EMY65YkUJ57Jl5bhxvPXrYe3aMr2N6enWrTSRp3tI01EEJ6IWI7R2G1atKtPG8+fLVPTRo7JWNhVfv8LwcFlni1Hb589lE+HDh/J+MSWNqWmsuTVU1W63nYpK001ELAIUu52hE6C4HxujNTrKP7+wijQIjMyaVUZwEbF4HNPUeL94Hu8d63DxegPFlolhkxrmL+DfX/j7v4EH5NXXjmGupOk9YovNg7jF8/FxBuJx/HyK+oF2bEbEiCympDFa64zY4hY7pTElbSh3RaXpfL5arHnF4v7t23D2LLRasGBBic+xYyV2k1VV5Zg7dsDKlSVusZGwenW5T3AeW3OTLGUWi/mDg2UDIc5d64ykYtE/TsuIwG3fDmfOTP7YrRZs3lyOv2ZNuY9z1hJdheCITWrKeWwRuBjFxfMYdcWu5cmTZUo60Y9xby/s31/OW9u5s+y4Jgpah2GTmiTON/vx8qeHD2HfvhK22DH9P1UFhw7Bnj2wZUu5pCopwyY1XUxH9+7tnndW/+Ra0bii4MSJMkpLfPF7h2GTMohv+Dh1Co4fh3v3uq/HetyRI+XbPRYtYqYwbFIm8XEeHi67qXENaFzzOQO/j82wSUrHa0UlpWPYJKVj2CSlY9gkpWPYJKVj2CSlY9gkpWPYJKVj2CSlY9gkpWPYJKVj2CSlY9gkpWPYJKVj2CSlY9gkpWPYJKVj2CSlY9gkpWPYJKVj2CSlY9gkpWPYJKVj2CSlY9gkpWPYJKVj2CSlY9gkkc1310VHXTWff9MAAAAASUVORK5CYII='}}]}, {'role': 'assistant', 'content': 'Final Answer: 0.75'}, {'role': 'user', 'content': [{'type': 'text', 'text': '\nYou are given both an image and a text-based representation of the same stimulus. \nIn both, a red dot appears on a horizontal line\nThe left end of the line corresponds to 0.0, and the right end to 1.0.\n\nText representation (the dot is marked as """"O""""):\n|------~----------=.------- -O-------- --|\n\n\nEstimate the horizontal position of the **center** of the red dot as a decimal number between 0 and 1.\nDo not explain. Only output the final answer as a number between 0 and 1:\nFinal Answer:\n'}, {'type': 'image_url', 'image_url': {'url': 'data:image/png;base64,iVBORw0KGgoAAAANSUhEUgAAATYAAABNCAYAAAAsLkgfAAAAOnRFWHRTb2Z0d2FyZQBNYXRwbG90bGliIHZlcnNpb24zLjEwLjMsIGh0dHBzOi8vbWF0cGxvdGxpYi5vcmcvZiW1igAAAAlwSFlzAAAPYQAAD2EBqD+naQAABIJJREFUeJzt3EtLlGEchvF7PKSVVlZENJhGFEVGFJSiRPtqKa6CvkEfplW0q12rgnbRKoLETUgtaqGYYFGaSueD+cbN4+u4KGpqxpH/e/1gmJM6Q+Dlc5pKWZZlAoBAmhr9BgCg1ggbgHAIG4BwCBuAcAgbgHAIG4BwCBuAcAgbgHAIG4BwCBuAcAgbgHAIG4BwCBuAcAgbgHAIG4BwCBuAcAgbgHAIG4BwCBuAcAgbgHAIG4BwCBuAcAgbgHAIG4BwCBuAcAgbgHAIG4BwCBuAcAgbgHAIG4BwWhr9BgCsyDLp7Vvpwwepo0PatUv69k2am0vXmzZJu3dLbW2NfqcbHmEDGuXr1xQtX+7ckW7elCYnK8+Xy9LgoHTypNTaKrW3S3v3psf27WvkO9/wSlnmPxMA1pVHZk+fSnfvSlevSt+///5rm5uloSHp6FFp82app0caGanELQ8ko7pVhA2ot7Xh8a+br8fGpNu300jtb5RK0sWLUne39OWLdOiQdP681NQkvXolffxY+dquLqmvL01lC4qwAfWM2evX0vPn0rt3ae3M9xcXpWfPpIcPU+j+lkdup0+nsHlq6hGcp6eOnm8fOJBitrAgdXZKAwOFHbkRNqBe08w3b6THj6Xp6TRFfP9e+vQp3ffFsauWg+XpqC957Lzu5sf375eOHJGOH08RPXMmrdMVEJsHQK1Hao6aI+ZRlUdnW7dKMzPS7GwaXfkxP/8v/H0/flSmtb546rljh7S0lDYf2tqkPXvS1xRUqVwuM2IDasXR8UaAR1K+duhseTk95yWwpSU9+Y+JUp+kRQfS/HO8zubXa2lJt5tW7nua6usC8r8OYQPWUY+kqf/4/l5JL2r4fiJqKRd0Dg7UfcTm215Ty6eMvp9l6lwZuf2rDh9xW/uAR2/5KM1aW9P019cFxeYBUEueeo6OprUwr33duyc9eJDue+3LGwq+eHHf09NqOWLeOPD6mUPm+zt3puMdDqpfY3hYunSpsDuixuYBUEuOiSPjDQRvFnin0uH5/DmdQfNtB8nPzc9X//MdNa+l5a+Vbx7ko7XeXqm/v9BRM8IG1JrPkvkMWX4o158QuH8/TQ09Zdy2TZqaSiO7akZtHp35aIcP4zpu+RGPY8ekLVtSKM+eTYd3C46wAfXgEVO+fu2wOUQvX0rbt0snTqRzbPbo0Z8P6eY7oBcupJj5uIjPxXn059dwKP3Y4cPSuXOFH60Za2zAeh7a9acCzCM5j7zGx6Vr1ypnztb+OuZB82js+nXp1Km0Nue1NJ+L8/d4iuv7/nwoH45fRdiA9fKrD6vbxIR065Z044b0Ys1BjoMHpStXpMuX00jvTz+LkdoqwgZsFP5V9DqZd1A95fRUMx+1oSqEDUA4/NfgAMIhbADCIWwAwiFsAMIhbADCIWwAwiFsAMIhbADCIWwAwiFsAMIhbADCIWwAwiFsAMIhbADCIWwAwiFsAMIhbADCIWwAwiFsAMIhbADCIWwAwiFsAMIhbADCIWwAwiFsAMIhbADCIWwAwiFsABTNT3roXHIAyEx4AAAAAElFTkSuQmCC'}}]}, {'role': 'assistant', 'content': 'Final Answer: 0.65'}, {'role': 'user', 'content': [{'type': 'text', 'text': '\nYou are given both an image and a text-based representation of the same stimulus. \nIn both, a red dot appears on a horizontal line\nThe left end of the line corresponds to 0.0, and the right end to 1.0.\n\nText representation (the dot is marked as """"O""""):\n|-- ------ --=- ----=-O------------------|\n\n\nEstimate the horizontal position of the **center** of the red dot as a decimal number between 0 and 1.\nDo not explain. Only output the final answer as a number between 0 and 1:\nFinal Answer:\n'}, {'type': 'image_url', 'image_url': {'url': 'data:image/png;base64,iVBORw0KGgoAAAANSUhEUgAAATYAAABNCAYAAAAsLkgfAAAAOnRFWHRTb2Z0d2FyZQBNYXRwbG90bGliIHZlcnNpb24zLjEwLjMsIGh0dHBzOi8vbWF0cGxvdGxpYi5vcmcvZiW1igAAAAlwSFlzAAAPYQAAD2EBqD+naQAABHBJREFUeJzt28tvTH8Yx/HP1FCXVhTRMJIiLCTduCysLOxspCthw1L8AeIf8BfY6bJrSwsSKwuREAu6Qht1i1u1LnGvIx+Pk9atVMmZeeb9Sk46nXbOjPx+3p7zPefUiqIoBACJdFT9AQDgXyNsANIhbADSIWwA0iFsANIhbADSIWwA0iFsANIhbADSIWwA0iFsANIhbADSIWwA0iFsANIhbADSIWwA0iFsANIhbADSIWwA0iFsANIhbADSIWwA0iFsANIhbADSIWwA0iFsANIhbADSIWwA0iFsANIhbADSqVf9AYA5eftWunlTmpyUVqyQtmyRFi+u+lOhyRA2NK9376SnT6X376U3b6TTp6VTp6QHD6Z/Z+1a6dAh6eBBafXq2Do7q/zUaAK1oiiKqj8E8EPMHj2SRkcjapcuRdD8+Fccs+PHpT17pP5+adWqb8O4aBHRayNMbGgOjpAPMa9ejYns7t2IkuN25crvX+94nTghTUxIT55IO3ZId+7E96Wenunole9J+FJiYkP1xsdjKjt7Vhobi/Wzhw/j+WfP5ravBQukgQFp69bY+vqkFy8iYs+fS+vWSbt3S69eScPDs4cPLYuwoVoOzrlz0oULMa29fh2HoZ7aZjv0nM3y5RG1XbuklSulDx+kZcsien6/vXsjbC9fSr29UkeH9OlTvG93d7yOya2lcbkHqnX/vnTtWpwc8OZDQsfnb6NmDtaNG9KZM3EY6++9LV0a7+Hp8PHj6aiZv/p7T4g+PEVLqzUaDSY2VKc84+mJyY9rNenjR/UUha7PY7f9kiYdq3o9Ymnetzfz9LZw4Y8vnJqK5/1ztCz/VyZsaDp9km7P4/UbJI39w8+D1lJvNBpVfwa0s/IQ9Ouk9mVimppS9zx32yWp4YnNk9fM6WvJkumpzV9n/szv7edYX2t5nDxAtetrFy/GmdCREenePenWrfjqxf358HqZ70rwYejGjXFCwetqvgxk+/b4mS8vKc+K+q+BTzRwVjQFrmNDdbym5vWsbdtikvLivgPj532blC/78BQ3V47Z5s2x+YyoJzDvy+t4jlYZL29cx5YSExuqndguX5a8HOKAOT6+1sxnLT1N+bnz5yNIf8qHkjt3RrwcKcfK/LirS9q3T9q06b/9kdAcmNhQHUfHF8X6+jEfOq5ZE885ZOvXR4h8GDk4GL//u3+DHbX9++MCXE+C3le5xuZLSDyhsabcFpjYUC3fXTDzDoByrctrYOVhqdfhjhyJi3fL3/meJ7Jjx6SjR+Pxz/bJ+lnbIGyo3p/cs+nD1KEh6eTJONFQ8i1Thw9LBw7EIWb5Ou4DbWuEDa3F/7v67gDfSeDbnzyJlZdvAF8RNgDpcK8ogHQIG4B0CBuAdAgbgHQIG4B0CBuAdAgbgHQIG4B0CBuAdAgbgHQIG4B0CBuAdAgbgHQIG4B0CBuAdAgbgHQIG4B0CBuAdAgbgHQIG4B0CBuAdAgbgHQIG4B0CBuAdAgbgHQIG4B0CBuAdAgbAGXzGahxa5hlk7orAAAAAElFTkSuQmCC'}}]}, {'role': 'assistant', 'content': 'Final Answer: 0.4'}, {'role': 'user', 'content': [{'type': 'text', 'text': '\nYou are given both an image and a text-based representation of the same stimulus. \nIn both, a red dot appears on a horizontal line\nThe left end of the line corresponds to 0.0, and the right end to 1.0.\n\nText representation (the dot is marked as """"O""""):\n|---- ---------.------O---------------.-~|\n\n\nEstimate the horizontal position of the **center** of the red dot as a decimal number between 0 and 1.\nDo not explain. Only output the final answer as a number between 0 and 1:\nFinal Answer:\n'}, {'type': 'image_url', 'image_url': {'url': 'data:image/png;base64,iVBORw0KGgoAAAANSUhEUgAAATYAAABNCAYAAAAsLkgfAAAAOnRFWHRTb2Z0d2FyZQBNYXRwbG90bGliIHZlcnNpb24zLjEwLjMsIGh0dHBzOi8vbWF0cGxvdGxpYi5vcmcvZiW1igAAAAlwSFlzAAAPYQAAD2EBqD+naQAABENJREFUeJzt3MlqFG0chfHTMc6J8wSNGhfiFHAAB3ApKrgSxJ14B96KeAm6cqEggmvRhaAoIiiOoEYUnOfZJC3HlyYi36e0Bqpy8vygMF0m3SWGJ/+3qjqNVqvVEgAE6ar6AABgtBE2AHEIG4A4hA1AHMIGIA5hAxCHsAGIQ9gAxCFsAOIQNgBxCBuAOIQNQBzCBiAOYQMQh7ABiEPYAMQhbADiEDYAcQgbgDiEDUAcwgYgDmEDEIewAYhD2ADEIWwA4hA2AHEIG4A4hA1AHMIGIA5hAxCnu+oDADrSakkvXkjv30sTJ5bH375JkyZJ8+ZJkydXfYSoAcKG+vvyRbpxQzp8WDp+XHr0aOTvFi2Stm+Xli+XZs6U1qyRNm6UZsyo8ohRsUar5R95QA29fStdvCgdOSIdPSoNDv7/506YUIK2cKG0erW0a1d5zAQ3LjGxoR4T2fPn0rt3ZYnZ01MenzkjnTghXb785+cYGpLOn5fWrSsfP3kivXkjrV9flqtfv7JcHUeY2FAtny+7dk168EAaGChh82R26VLZd+9eZ8/XaEg7dpS4LVkiTZ1alquOpZ/XE51j56UrgYtF2FDtpOYpy3F7+lT6/LlsJ09KN29KHz+WSatTjpm3adPKlLZggTRrVjkH5/B5avMydcMGAheKpSiq4+Xmq1clLB8+SNOnSxcuSC9flunqd+fUfufTp5Gvd+D8Ov7YU5snudu3peHhMhFu3lwCN3fuaP/rUKFGs9lkYkM1HBnfqmEOjxcPnuKGhjR7cFBX/+Gp+yW99nRm/tNbV1e5yGC+VcT7/NgbU1sU/88TNtTOUkn3/+Hr+yQNjOLxYGzpbjabVR8DxjNPaF4WevPU5glueFi9nua87y/1SGr+PKm1TyV3d5d97QnNj9sTXHuaw5jHxQPU56rorVvSuXPlQoLduTOyVO2Ew+WLBb295eKBA+lzeFOmSCtWSCtXSosXl5t4fUOvX2/TJokf8jEIG+p1H9v169Lp09KVK+X2j4cPO38+x2z+/HJBwFOYr656MvPW1yetXVsitmxZeW0HcMsWzrMFIWyo5zsOPLmdPSsdPNjZ1OZpzdOXJzLf1mG+GurIOXie5Pwt72nNoZszR+rv56poGMKG+vI05feG7t9fYvSnb1VHbc8e6cCBsrz0Mtfx8kTmG3MdsPa7GngnQjTChvo7dUrau7eEzv7rW9Yn//ftk3bvlnbuLPsI2LhF2DA23L0rHTokHTsmPX48st9LyG3bpK1bpVWruNkWPxA2jB2e2J49K8tMT2J+D6iXmvw+NvyCsAGIw68GBxCHsAGIQ9gAxCFsAOIQNgBxCBuAOIQNQBzCBiAOYQMQh7ABiEPYAMQhbADiEDYAcQgbgDiEDUAcwgYgDmEDEIewAYhD2ADEIWwA4hA2AHEIG4A4hA1AHMIGIA5hAxCHsAGIQ9gAxCFsAJTmO2SDQNow6FxCAAAAAElFTkSuQmCC'}}]}, {'role': 'assistant', 'content': 'Final Answer: 0.5'}, {'role': 'user', 'content': [{'type': 'text', 'text': '\nYou are given both an image and a text-based representation of the same stimulus. \nIn both, a red dot appears on a horizontal line\nThe left end of the line corresponds to 0.0, and the right end to 1.0.\n\nText representation (the dot is marked as """"O""""):\n|--- --- ------------O-------------=-=-- |\n\n\nEstimate the horizontal position of the **center** of the red dot as a decimal number between 0 and 1.\nDo not explain. Only output the final answer as a number between 0 and 1:\nFinal Answer:\n'}, {'type': 'image_url', 'image_url': {'url': 'data:image/png;base64,iVBORw0KGgoAAAANSUhEUgAAATYAAABNCAYAAAAsLkgfAAAAOnRFWHRTb2Z0d2FyZQBNYXRwbG90bGliIHZlcnNpb24zLjEwLjMsIGh0dHBzOi8vbWF0cGxvdGxpYi5vcmcvZiW1igAAAAlwSFlzAAAPYQAAD2EBqD+naQAABFJJREFUeJzt3NuLzH0cwPH3jHVsl9YhMdiNCG1cKHGDCzdKSQ7lyq1S/hM3/gT5FyQJcSERYZVT8jw5n4mcmafP832mpSfPM2ZmTfvp/aqtndm1+5ua3vs9/VTq9XodSUqk2u0LkKROM2yS0jFsktIxbJLSMWyS0jFsktIxbJLSMWyS0jFsktIxbJLSMWyS0jFsktIxbJLSMWyS0jFsktIxbJLSMWyS0jFsktIxbJLSMWyS0jFsktIxbJLSMWyS0jFsktIxbJLSMWyS0jFsktIxbJLSMWyS0unp9gVIP/j4EZ49g0+fYMIEmDkTJk7s9lVpjDFs6m68xo+HSgU+fy6PHzyAV69Gvre/H4aGYMaMbl6xxhjDpt/r+XO4ehXu3YMTJ+DwYXj8eOTrs2bBzp2wfn2J3p07JXjr1jlyU9Mq9Xq93vy3Sy2MzN68gbdvy9Ty5k24fBn274cPH+Bnb7+eHti6FZYsgXHjYMcOWLzYaaqaYtg0uiOz69fhwgV4+rQ8H5GLkVqzb7vVq2FgANauhYUL4datEsRJk2DZMlizxmmq/sWwaXRGaqdPw7lzcPIkPHxY1tEianfvNh+1hgULYP58qNVK0KpV+PatjNo2bIDt2x256QeusanzU8/hYThyBC5dgtu34evXMrWM6Wgrf0cjhrEO9/49bNpUIhY/M9bpjh+HVatg6dLReEUaozzHps5NPc+ehTNn4NixMv2MqL1+De/elZ3O+LwVEcOIZkxDr1wpPy/W3ebNg5cv4caNTr8ajXGVWq3mVFTti/A0RmOxuB+P4whHPFet0l+vM9zGqscQ8PchkAhaTEFjBBjid0yZApMnd+Z1KIVK/D3s9kUovwHgjzb+/SDwZwevR7n11GJBVmpHrHfFyClGU/F5jNgaB25jkb9Soa/NPapeoBYbEPERvyfOuIUYufX2luelf7grqvbdvw/nz5ddyy9fyo7oxYvlLoJr10rc4vlWNw8iZIODZXobsZwzB1asKB9btpTzbdJ33BVV++KgbNz6FDuXs2fDypUldo8ewdy5ZRQXQYuvv3jx6z9/+vRyR0KM0uIM28aNsHlzudVq6tTReEUa4xyxqbMHcmOXsvE47jJ48mTkboEYtZ06VULXrJhiRsCmTStn2OLA7t69JZjSTxg2jd7/zNHXVx7HObQ46hFxitjt2VOmp/+lsWa2a1eZ4sah3OXLy2jNqOl/GDb9fkePwrZt5Txa+P4t2AhaHN84dKiM0Lw3VL/IsKk74sDuwYNw4EA5yNuwaBHs2we7d5cRntQCw6buirdfbCjEfaQxdY2NAo9uqE2GTVI63isqKR3DJikdwyYpHcMmKR3DJikdwyYpHcMmKR3DJikdwyYpHcMmKR3DJikdwyYpHcMmKR3DJikdwyYpHcMmKR3DJikdwyYpHcMmKR3DJikdwyYpHcMmKR3DJikdwyYpHcMmKR3DJikdwyYpHcMmiWz+AoHRW3E6aNocAAAAAElFTkSuQmCC'}}]}]",Final Answer: 0.55
anthropic/claude-3.7-sonnet,sample_008,0.84647,0.84647,0.8,"[{'role': 'system', 'content': 'You are a helpful assistant.'}, {'role': 'user', 'content': [{'type': 'text', 'text': '\nYou are given both an image and a text-based representation of the same stimulus. \nIn both, a red dot appears on a horizontal line\nThe left end of the line corresponds to 0.0, and the right end to 1.0.\n\nText representation (the dot is marked as """"O""""):\n|.-- -~=-------- ---------O--------------|\n\n\nEstimate the horizontal position of the **center** of the red dot as a decimal number between 0 and 1.\nDo not explain. Only output the final answer as a number between 0 and 1:\nFinal Answer:\n'}, {'type': 'image_url', 'image_url': {'url': 'data:image/png;base64,iVBORw0KGgoAAAANSUhEUgAAATYAAABNCAYAAAAsLkgfAAAAOnRFWHRTb2Z0d2FyZQBNYXRwbG90bGliIHZlcnNpb24zLjEwLjMsIGh0dHBzOi8vbWF0cGxvdGxpYi5vcmcvZiW1igAAAAlwSFlzAAAPYQAAD2EBqD+naQAABJVJREFUeJzt3ElvTXEYx/HfbWtuUaQSFy1i0bSRsECQ2HkNYmNnx9LGOxCJROyFlYXY8AZ0YVFCDCExxFBjYqgp5h755XHShohSt72e8/0kTfW0vfda9Nvnf87/tFYURSEASKRlql8AAPxrhA1AOoQNQDqEDUA6hA1AOoQNQDqEDUA6hA1AOoQNQDqEDUA6hA1AOoQNQDqEDUA6hA1AOoQNQDqEDUA6hA1AOoQNQDqEDUA6hA1AOoQNQDqEDUA6hA1AOoQNQDqEDUA6hA1AOoQNQDqEDUA6hA1AOoQNQDptU/0CgKZVFNLz59Lbt1J7u7RwoVSrTfWrwjgQNlTbx4/Ss2fSp0/S9OlSR4f04IF0/Lh07Jh0797o165aJe3eLW3fLn35Mvo9ixZJM2b8/FjlcUy6WlH41xJQMY7QzZvS1avSu3fS3LnShw/SwEAEzXH6UTmtOVZ790pr18bHnZ3SkiXSo0fSy5fS58/S69fSnDlSf7+0ejWBm2SEDdXj5eWFC9KZM9LDh9LMmdLs2RG606djCfo7LS3SgQPSli0x4XmyW748Jr47d6RXr6ThYWnWLGnDBmnduljKYlIQNlRrSnPIBgely5elS5diCvPxoSHpxo3xRa3k5eahQ9KbN/FYmzdLX7/GxLZgQXzNkydSV5e0YoW0cSOT2yThHBuqM6V52Xn9unT+vHTtWgSpry+mL18g+NPf8V6u7t8v9fbGMvTp01iWbtoUj+nA+TnmzYtpcNkyaeXKRv0PMQZhQ36eyBw1T2s+ue8pysHxBYBbt2Jqc5T+xt27ccXUfK7Oj++orVkT59keP47P+bn8dY4cS9KGq9XrdZaiyM3LQ09XIyOjS0X/+/vnOkdGdGUCZ2T6azUNt7VJra3xuA6l3xw4H/PnfLz8mOVow/kyD2FDpXV78JrA9/dIGrMpBE2grV6vT/VrABrLU5q3cngq89Tk6ckf+31RqMPLxAlob21V3VNZOZmV0+C0aTGheXrz5/zcfi3lcTQMV0VRjXNsp05JFy/GnjJH5v792LPmc2s+5+ZzY38TOAfKG3e7u+PNy0xvzPW5tfXrY3/b/PlxBdXB89YQH2egaCguHiA/x8ZXKh0VX50sQ7NtW2yoPXdOun07LiT8KW/C9fTnScx6emJ7h5/DV0gduXJKdES9DcTH0FBMbKgOb8k4eza2fnhq82baxYtj6jp6VDpyZDRQ4+Fgbd0qLV0a05rfO2Z+zLF3Iph/zBw134nAVdGGI2yoll/dz+m7BQ4elA4fHt9+Np8327dP2rEjlpXePsK9o02DsAElh+jECWnXLun9+zg29sejvFfUt1+dPBlLWTQlwgb8yPd4+kZ43y7lc28lXyTYs0fauTM22qJpETbgV/yj8eJFLDN9Ps7nyPh7bP8FwgYgHf40OIB0CBuAdAgbgHQIG4B0CBuAdAgbgHQIG4B0CBuAdAgbgHQIG4B0CBuAdAgbgHQIG4B0CBuAdAgbgHQIG4B0CBuAdAgbgHQIG4B0CBuAdAgbgHQIG4B0CBuAdAgbgHQIG4B0CBuAdAgbgHQIGwBl8w2vMXCzyZNU9QAAAABJRU5ErkJggg=='}}]}, {'role': 'assistant', 'content': 'Final Answer: 0.6'}, {'role': 'user', 'content': [{'type': 'text', 'text': '\nYou are given both an image and a text-based representation of the same stimulus. \nIn both, a red dot appears on a horizontal line\nThe left end of the line corresponds to 0.0, and the right end to 1.0.\n\nText representation (the dot is marked as """"O""""):\n|--~---~----------------=--- =-----O-----|\n\n\nEstimate the horizontal position of the **center** of the red dot as a decimal number between 0 and 1.\nDo not explain. Only output the final answer as a number between 0 and 1:\nFinal Answer:\n'}, {'type': 'image_url', 'image_url': {'url': 'data:image/png;base64,iVBORw0KGgoAAAANSUhEUgAAATYAAABNCAYAAAAsLkgfAAAAOnRFWHRTb2Z0d2FyZQBNYXRwbG90bGliIHZlcnNpb24zLjEwLjMsIGh0dHBzOi8vbWF0cGxvdGxpYi5vcmcvZiW1igAAAAlwSFlzAAAPYQAAD2EBqD+naQAABNNJREFUeJzt3MtvjG0Yx/HfVNUhrSgNYkLfSARJbUScYmdHxEKsJNZi5/+w8ieItZWNtcTCQlCHhOCtQ5yps2L6vPm9lyczeDvTaWv6uvr9JE0P087M6pvrvp/7aaUoikIAkEjXbL8BAJhphA1AOoQNQDqEDUA6hA1AOoQNQDqEDUA6hA1AOoQNQDqEDUA6hA1AOoQNQDqEDUA6hA1AOoQNQDqEDUA6hA1AOoQNQDqEDUA6hA1AOoQNQDqEDUA6hA1AOoQNQDqEDUA6hA1AOoQNQDqEDUA6hA1AOoQNQDrds/0GAPyBxsak58+lp0+lr1+lNWuk1aulSqX++IsX0pcvUk+PNDAgLVjQsbdH2AC01hiqx4+l06elM2cibKXBQen4cWn/funBA+n16/pj/f3S0JC0fHlHolcpiqKY0WcE8Gcb+x6ed++k9+9jInv0SHIqLl+WTpyIKE1k/nzp8GFp716pt1dasiQi19cnrV8v3b5dj56f21PeunXSypU/Rm4aASRsAOpevpQuXZKuX4+p69Ur6dmzCMq3b9LZsxG4ydi2Tdq1S1q1Kqa1Dx+kri5p4cKI2Nu3ETm/zqJF0oYN0ooV8bt27drEU18LhA1AfUI6d066elV6+DD20BwdLz3Hx+Nzu7nYvr2+/7Z2bUxwW7ZEJIeHpY8fpaVLYzLbtCmev3FicwAdQ7++l72e+nbsaDm5cVUUQPBy01Hz8tAcHX98+hST3FRmoBs3pCdPYgl74UIsKx2q0dFY6i5bJnV/3+qv1SJkIyPS/fv1qJk/+3tPkI5gC1w8ABDK6cwTlCPnCcnx8eTUbE+tGe/R+Tm9/PRS1EvPjRvr8SynsXJvzt87cOVjjfy99+Mm8V4q1WqVpSgw142Px2T2+XPEw+Hxz4pC/UWh4Wk89VClotEyWvPmxYenNAesDJtf079Thqv8/mdewvpCgp+jCR86IWwAJjQo6W9N3V+SRtRZ3dVqtcMvCeB/pVaLCc3Tkye2cmLyz2o19U3z6XsrFVU9ZXlK85LUe3WeuPwansDMX/vnfg/lpObXL/f1Gh/7eYn6H7gqCsx19+5JV67E1cubN6Xz5yN23hu7eDH22Lw/Vu6FtcPB8vDkK5579ki7d8fxER8F8c+bnVWbxjk2Lh4Ac11PT3x2uHxGzIdlHRDHyOfKbt2S7t6Nq5vt8vk0P5+j6eMePpfmK6GOlPl1Jlo1NnusBY57AHPdwEAcfvVVUN8l4K/LDf2dO+M2qX37Wm7Y/8J/7wO6W7dGzN68iXNoPmT7m+8bZSkKQP+eUytP+vuOAJ8lc5g8ZTlGPljrqe3YsdjvapUN/61vqzpyJJaSPkriwG3e3JGb4QkbgF/3tMosOFCN+1u+M+HgwTi4a435KC8AeIP/6FHpwIGYANu4Y2CmEDYA7fFdA6dOSSdPSnfu/PjfPQ4diqXm4sUROOfFy9BJ3uM5UwgbgKlxOnyLk+9O8ETmgHlqm+X/xWaEDUA6XBUFkA5hA5AOYQOQDmEDkA5hA5AOYQOQDmEDkA5hA5AOYQOQDmEDkA5hA5AOYQOQDmEDkA5hA5AOYQOQDmEDkA5hA5AOYQOQDmEDkA5hA5AOYQOQDmEDkA5hA5AOYQOQDmEDkA5hA5AOYQOQDmEDoGz+AaQ5oOTiCrZ7AAAAAElFTkSuQmCC'}}]}, {'role': 'assistant', 'content': 'Final Answer: 0.85'}, {'role': 'user', 'content': [{'type': 'text', 'text': '\nYou are given both an image and a text-based representation of the same stimulus. \nIn both, a red dot appears on a horizontal line\nThe left end of the line corresponds to 0.0, and the right end to 1.0.\n\nText representation (the dot is marked as """"O""""):\n|--~----~-----------------~=---O----=----|\n\n\nEstimate the horizontal position of the **center** of the red dot as a decimal number between 0 and 1.\nDo not explain. Only output the final answer as a number between 0 and 1:\nFinal Answer:\n'}, {'type': 'image_url', 'image_url': {'url': 'data:image/png;base64,iVBORw0KGgoAAAANSUhEUgAAATYAAABNCAYAAAAsLkgfAAAAOnRFWHRTb2Z0d2FyZQBNYXRwbG90bGliIHZlcnNpb24zLjEwLjMsIGh0dHBzOi8vbWF0cGxvdGxpYi5vcmcvZiW1igAAAAlwSFlzAAAPYQAAD2EBqD+naQAABDBJREFUeJzt3LlrVGsYgPHnJHFPlFFBZdR7XQtJISIW6VSsxEqwE8FaLfwvbG209h+wFgQt3BAE8QqKqFz3BY3B3Why5OVjGC/IJYmCOW+eHwyzJDmTZh6+5Zyp6rqukaREev70PyBJv5thk5SOYZOUjmGTlI5hk5SOYZOUjmGTlI5hk5SOYZOUjmGTlI5hk5SOYZOUjmGTlI5hk5SOYZOUjmGTlI5hk5SOYZOUjmGTlI5hk5SOYZOUjmGTlI5hk5SOYZOUjmGTlI5hk5SOYZOUjmGTlI5hk5SOYZOUTt+f/gckTcGXL/DqFYyOwuzZsHQpzJkDdQ2vX8P799DfD0uWQFUx0xg2qWkiXDdvwsuX5fHICPT2wosXcPo03L/f/d116+DwYThwAObN+3kME6rqOhIvqTEjtStX4MkTePoU7tyBW7fg8mUYGyujs/qHj3RntDZ3Lhw9Cps2wadP8O1bGc0NDZWRXRzn40eYPx82boSFC2kywyY1SQTt0iV4/hyuXoUbN8ptIqoKdu2CbdtKwJ49KzGM6PX0QF9fieLy5bB7N2zYQFMZNqlJa2nv3sHFiyVq587B3bv/HaFNJG5DQ2WKOj4O16/DwED3tZiuxlR28WI4eLCxIzfX2KTpvpb25k33tbdv4do1uHABHj+eXNRC/H5EMY65YkUJ57Jl5bhxvPXrYe3aMr2N6enWrTSRp3tI01EEJ6IWI7R2G1atKtPG8+fLVPTRo7JWNhVfv8LwcFlni1Hb589lE+HDh/J+MSWNqWmsuTVU1W63nYpK001ELAIUu52hE6C4HxujNTrKP7+wijQIjMyaVUZwEbF4HNPUeL94Hu8d63DxegPFlolhkxrmL+DfX/j7v4EH5NXXjmGupOk9YovNg7jF8/FxBuJx/HyK+oF2bEbEiCympDFa64zY4hY7pTElbSh3RaXpfL5arHnF4v7t23D2LLRasGBBic+xYyV2k1VV5Zg7dsDKlSVusZGwenW5T3AeW3OTLGUWi/mDg2UDIc5d64ykYtE/TsuIwG3fDmfOTP7YrRZs3lyOv2ZNuY9z1hJdheCITWrKeWwRuBjFxfMYdcWu5cmTZUo60Y9xby/s31/OW9u5s+y4Jgpah2GTmiTON/vx8qeHD2HfvhK22DH9P1UFhw7Bnj2wZUu5pCopwyY1XUxH9+7tnndW/+Ra0bii4MSJMkpLfPF7h2GTMohv+Dh1Co4fh3v3uq/HetyRI+XbPRYtYqYwbFIm8XEeHi67qXENaFzzOQO/j82wSUrHa0UlpWPYJKVj2CSlY9gkpWPYJKVj2CSlY9gkpWPYJKVj2CSlY9gkpWPYJKVj2CSlY9gkpWPYJKVj2CSlY9gkpWPYJKVj2CSlY9gkpWPYJKVj2CSlY9gkpWPYJKVj2CSlY9gkpWPYJKVj2CSlY9gkkc1310VHXTWff9MAAAAASUVORK5CYII='}}]}, {'role': 'assistant', 'content': 'Final Answer: 0.75'}, {'role': 'user', 'content': [{'type': 'text', 'text': '\nYou are given both an image and a text-based representation of the same stimulus. \nIn both, a red dot appears on a horizontal line\nThe left end of the line corresponds to 0.0, and the right end to 1.0.\n\nText representation (the dot is marked as """"O""""):\n|------~----------=.------- -O-------- --|\n\n\nEstimate the horizontal position of the **center** of the red dot as a decimal number between 0 and 1.\nDo not explain. Only output the final answer as a number between 0 and 1:\nFinal Answer:\n'}, {'type': 'image_url', 'image_url': {'url': 'data:image/png;base64,iVBORw0KGgoAAAANSUhEUgAAATYAAABNCAYAAAAsLkgfAAAAOnRFWHRTb2Z0d2FyZQBNYXRwbG90bGliIHZlcnNpb24zLjEwLjMsIGh0dHBzOi8vbWF0cGxvdGxpYi5vcmcvZiW1igAAAAlwSFlzAAAPYQAAD2EBqD+naQAABIJJREFUeJzt3EtLlGEchvF7PKSVVlZENJhGFEVGFJSiRPtqKa6CvkEfplW0q12rgnbRKoLETUgtaqGYYFGaSueD+cbN4+u4KGpqxpH/e/1gmJM6Q+Dlc5pKWZZlAoBAmhr9BgCg1ggbgHAIG4BwCBuAcAgbgHAIG4BwCBuAcAgbgHAIG4BwCBuAcAgbgHAIG4BwCBuAcAgbgHAIG4BwCBuAcAgbgHAIG4BwCBuAcAgbgHAIG4BwCBuAcAgbgHAIG4BwCBuAcAgbgHAIG4BwCBuAcAgbgHAIG4BwWhr9BgCsyDLp7Vvpwwepo0PatUv69k2am0vXmzZJu3dLbW2NfqcbHmEDGuXr1xQtX+7ckW7elCYnK8+Xy9LgoHTypNTaKrW3S3v3psf27WvkO9/wSlnmPxMA1pVHZk+fSnfvSlevSt+///5rm5uloSHp6FFp82app0caGanELQ8ko7pVhA2ot7Xh8a+br8fGpNu300jtb5RK0sWLUne39OWLdOiQdP681NQkvXolffxY+dquLqmvL01lC4qwAfWM2evX0vPn0rt3ae3M9xcXpWfPpIcPU+j+lkdup0+nsHlq6hGcp6eOnm8fOJBitrAgdXZKAwOFHbkRNqBe08w3b6THj6Xp6TRFfP9e+vQp3ffFsauWg+XpqC957Lzu5sf375eOHJGOH08RPXMmrdMVEJsHQK1Hao6aI+ZRlUdnW7dKMzPS7GwaXfkxP/8v/H0/flSmtb546rljh7S0lDYf2tqkPXvS1xRUqVwuM2IDasXR8UaAR1K+duhseTk95yWwpSU9+Y+JUp+kRQfS/HO8zubXa2lJt5tW7nua6usC8r8OYQPWUY+kqf/4/l5JL2r4fiJqKRd0Dg7UfcTm215Ty6eMvp9l6lwZuf2rDh9xW/uAR2/5KM1aW9P019cFxeYBUEueeo6OprUwr33duyc9eJDue+3LGwq+eHHf09NqOWLeOPD6mUPm+zt3puMdDqpfY3hYunSpsDuixuYBUEuOiSPjDQRvFnin0uH5/DmdQfNtB8nPzc9X//MdNa+l5a+Vbx7ko7XeXqm/v9BRM8IG1JrPkvkMWX4o158QuH8/TQ09Zdy2TZqaSiO7akZtHp35aIcP4zpu+RGPY8ekLVtSKM+eTYd3C46wAfXgEVO+fu2wOUQvX0rbt0snTqRzbPbo0Z8P6eY7oBcupJj5uIjPxXn059dwKP3Y4cPSuXOFH60Za2zAeh7a9acCzCM5j7zGx6Vr1ypnztb+OuZB82js+nXp1Km0Nue1NJ+L8/d4iuv7/nwoH45fRdiA9fKrD6vbxIR065Z044b0Ys1BjoMHpStXpMuX00jvTz+LkdoqwgZsFP5V9DqZd1A95fRUMx+1oSqEDUA4/NfgAMIhbADCIWwAwiFsAMIhbADCIWwAwiFsAMIhbADCIWwAwiFsAMIhbADCIWwAwiFsAMIhbADCIWwAwiFsAMIhbADCIWwAwiFsAMIhbADCIWwAwiFsAMIhbADCIWwAwiFsAMIhbADCIWwAwiFsABTNT3roXHIAyEx4AAAAAElFTkSuQmCC'}}]}, {'role': 'assistant', 'content': 'Final Answer: 0.65'}, {'role': 'user', 'content': [{'type': 'text', 'text': '\nYou are given both an image and a text-based representation of the same stimulus. \nIn both, a red dot appears on a horizontal line\nThe left end of the line corresponds to 0.0, and the right end to 1.0.\n\nText representation (the dot is marked as """"O""""):\n|-- ------ --=- ----=-O------------------|\n\n\nEstimate the horizontal position of the **center** of the red dot as a decimal number between 0 and 1.\nDo not explain. Only output the final answer as a number between 0 and 1:\nFinal Answer:\n'}, {'type': 'image_url', 'image_url': {'url': 'data:image/png;base64,iVBORw0KGgoAAAANSUhEUgAAATYAAABNCAYAAAAsLkgfAAAAOnRFWHRTb2Z0d2FyZQBNYXRwbG90bGliIHZlcnNpb24zLjEwLjMsIGh0dHBzOi8vbWF0cGxvdGxpYi5vcmcvZiW1igAAAAlwSFlzAAAPYQAAD2EBqD+naQAABHBJREFUeJzt28tvTH8Yx/HP1FCXVhTRMJIiLCTduCysLOxspCthw1L8AeIf8BfY6bJrSwsSKwuREAu6Qht1i1u1LnGvIx+Pk9atVMmZeeb9Sk46nXbOjPx+3p7zPefUiqIoBACJdFT9AQDgXyNsANIhbADSIWwA0iFsANIhbADSIWwA0iFsANIhbADSIWwA0iFsANIhbADSIWwA0iFsANIhbADSIWwA0iFsANIhbADSIWwA0iFsANIhbADSIWwA0iFsANIhbADSIWwA0iFsANIhbADSIWwA0iFsANIhbADSqVf9AYA5eftWunlTmpyUVqyQtmyRFi+u+lOhyRA2NK9376SnT6X376U3b6TTp6VTp6QHD6Z/Z+1a6dAh6eBBafXq2Do7q/zUaAK1oiiKqj8E8EPMHj2SRkcjapcuRdD8+Fccs+PHpT17pP5+adWqb8O4aBHRayNMbGgOjpAPMa9ejYns7t2IkuN25crvX+94nTghTUxIT55IO3ZId+7E96Wenunole9J+FJiYkP1xsdjKjt7Vhobi/Wzhw/j+WfP5ravBQukgQFp69bY+vqkFy8iYs+fS+vWSbt3S69eScPDs4cPLYuwoVoOzrlz0oULMa29fh2HoZ7aZjv0nM3y5RG1XbuklSulDx+kZcsien6/vXsjbC9fSr29UkeH9OlTvG93d7yOya2lcbkHqnX/vnTtWpwc8OZDQsfnb6NmDtaNG9KZM3EY6++9LV0a7+Hp8PHj6aiZv/p7T4g+PEVLqzUaDSY2VKc84+mJyY9rNenjR/UUha7PY7f9kiYdq3o9Ymnetzfz9LZw4Y8vnJqK5/1ztCz/VyZsaDp9km7P4/UbJI39w8+D1lJvNBpVfwa0s/IQ9Ouk9mVimppS9zx32yWp4YnNk9fM6WvJkumpzV9n/szv7edYX2t5nDxAtetrFy/GmdCREenePenWrfjqxf358HqZ70rwYejGjXFCwetqvgxk+/b4mS8vKc+K+q+BTzRwVjQFrmNDdbym5vWsbdtikvLivgPj532blC/78BQ3V47Z5s2x+YyoJzDvy+t4jlYZL29cx5YSExuqndguX5a8HOKAOT6+1sxnLT1N+bnz5yNIf8qHkjt3RrwcKcfK/LirS9q3T9q06b/9kdAcmNhQHUfHF8X6+jEfOq5ZE885ZOvXR4h8GDk4GL//u3+DHbX9++MCXE+C3le5xuZLSDyhsabcFpjYUC3fXTDzDoByrctrYOVhqdfhjhyJi3fL3/meJ7Jjx6SjR+Pxz/bJ+lnbIGyo3p/cs+nD1KEh6eTJONFQ8i1Thw9LBw7EIWb5Ou4DbWuEDa3F/7v67gDfSeDbnzyJlZdvAF8RNgDpcK8ogHQIG4B0CBuAdAgbgHQIG4B0CBuAdAgbgHQIG4B0CBuAdAgbgHQIG4B0CBuAdAgbgHQIG4B0CBuAdAgbgHQIG4B0CBuAdAgbgHQIG4B0CBuAdAgbgHQIG4B0CBuAdAgbgHQIG4B0CBuAdAgbAGXzGahxa5hlk7orAAAAAElFTkSuQmCC'}}]}, {'role': 'assistant', 'content': 'Final Answer: 0.4'}, {'role': 'user', 'content': [{'type': 'text', 'text': '\nYou are given both an image and a text-based representation of the same stimulus. \nIn both, a red dot appears on a horizontal line\nThe left end of the line corresponds to 0.0, and the right end to 1.0.\n\nText representation (the dot is marked as """"O""""):\n|---- ---------.------O---------------.-~|\n\n\nEstimate the horizontal position of the **center** of the red dot as a decimal number between 0 and 1.\nDo not explain. Only output the final answer as a number between 0 and 1:\nFinal Answer:\n'}, {'type': 'image_url', 'image_url': {'url': 'data:image/png;base64,iVBORw0KGgoAAAANSUhEUgAAATYAAABNCAYAAAAsLkgfAAAAOnRFWHRTb2Z0d2FyZQBNYXRwbG90bGliIHZlcnNpb24zLjEwLjMsIGh0dHBzOi8vbWF0cGxvdGxpYi5vcmcvZiW1igAAAAlwSFlzAAAPYQAAD2EBqD+naQAABENJREFUeJzt3MlqFG0chfHTMc6J8wSNGhfiFHAAB3ApKrgSxJ14B96KeAm6cqEggmvRhaAoIiiOoEYUnOfZJC3HlyYi36e0Bqpy8vygMF0m3SWGJ/+3qjqNVqvVEgAE6ar6AABgtBE2AHEIG4A4hA1AHMIGIA5hAxCHsAGIQ9gAxCFsAOIQNgBxCBuAOIQNQBzCBiAOYQMQh7ABiEPYAMQhbADiEDYAcQgbgDiEDUAcwgYgDmEDEIewAYhD2ADEIWwA4hA2AHEIG4A4hA1AHMIGIA5hAxCnu+oDADrSakkvXkjv30sTJ5bH375JkyZJ8+ZJkydXfYSoAcKG+vvyRbpxQzp8WDp+XHr0aOTvFi2Stm+Xli+XZs6U1qyRNm6UZsyo8ohRsUar5R95QA29fStdvCgdOSIdPSoNDv7/506YUIK2cKG0erW0a1d5zAQ3LjGxoR4T2fPn0rt3ZYnZ01MenzkjnTghXb785+cYGpLOn5fWrSsfP3kivXkjrV9flqtfv7JcHUeY2FAtny+7dk168EAaGChh82R26VLZd+9eZ8/XaEg7dpS4LVkiTZ1alquOpZ/XE51j56UrgYtF2FDtpOYpy3F7+lT6/LlsJ09KN29KHz+WSatTjpm3adPKlLZggTRrVjkH5/B5avMydcMGAheKpSiq4+Xmq1clLB8+SNOnSxcuSC9flunqd+fUfufTp5Gvd+D8Ov7YU5snudu3peHhMhFu3lwCN3fuaP/rUKFGs9lkYkM1HBnfqmEOjxcPnuKGhjR7cFBX/+Gp+yW99nRm/tNbV1e5yGC+VcT7/NgbU1sU/88TNtTOUkn3/+Hr+yQNjOLxYGzpbjabVR8DxjNPaF4WevPU5glueFi9nua87y/1SGr+PKm1TyV3d5d97QnNj9sTXHuaw5jHxQPU56rorVvSuXPlQoLduTOyVO2Ew+WLBb295eKBA+lzeFOmSCtWSCtXSosXl5t4fUOvX2/TJokf8jEIG+p1H9v169Lp09KVK+X2j4cPO38+x2z+/HJBwFOYr656MvPW1yetXVsitmxZeW0HcMsWzrMFIWyo5zsOPLmdPSsdPNjZ1OZpzdOXJzLf1mG+GurIOXie5Pwt72nNoZszR+rv56poGMKG+vI05feG7t9fYvSnb1VHbc8e6cCBsrz0Mtfx8kTmG3MdsPa7GngnQjTChvo7dUrau7eEzv7rW9Yn//ftk3bvlnbuLPsI2LhF2DA23L0rHTokHTsmPX48st9LyG3bpK1bpVWruNkWPxA2jB2e2J49K8tMT2J+D6iXmvw+NvyCsAGIw68GBxCHsAGIQ9gAxCFsAOIQNgBxCBuAOIQNQBzCBiAOYQMQh7ABiEPYAMQhbADiEDYAcQgbgDiEDUAcwgYgDmEDEIewAYhD2ADEIWwA4hA2AHEIG4A4hA1AHMIGIA5hAxCHsAGIQ9gAxCFsAJTmO2SDQNow6FxCAAAAAElFTkSuQmCC'}}]}, {'role': 'assistant', 'content': 'Final Answer: 0.5'}, {'role': 'user', 'content': [{'type': 'text', 'text': '\nYou are given both an image and a text-based representation of the same stimulus. \nIn both, a red dot appears on a horizontal line\nThe left end of the line corresponds to 0.0, and the right end to 1.0.\n\nText representation (the dot is marked as """"O""""):\n|--- --- ------------O-------------=-=-- |\n\n\nEstimate the horizontal position of the **center** of the red dot as a decimal number between 0 and 1.\nDo not explain. Only output the final answer as a number between 0 and 1:\nFinal Answer:\n'}, {'type': 'image_url', 'image_url': {'url': 'data:image/png;base64,iVBORw0KGgoAAAANSUhEUgAAATYAAABNCAYAAAAsLkgfAAAAOnRFWHRTb2Z0d2FyZQBNYXRwbG90bGliIHZlcnNpb24zLjEwLjMsIGh0dHBzOi8vbWF0cGxvdGxpYi5vcmcvZiW1igAAAAlwSFlzAAAPYQAAD2EBqD+naQAABFJJREFUeJzt3NuLzH0cwPH3jHVsl9YhMdiNCG1cKHGDCzdKSQ7lyq1S/hM3/gT5FyQJcSERYZVT8jw5n4mcmafP832mpSfPM2ZmTfvp/aqtndm1+5ua3vs9/VTq9XodSUqk2u0LkKROM2yS0jFsktIxbJLSMWyS0jFsktIxbJLSMWyS0jFsktIxbJLSMWyS0jFsktIxbJLSMWyS0jFsktIxbJLSMWyS0jFsktIxbJLSMWyS0jFsktIxbJLSMWyS0jFsktIxbJLSMWyS0jFsktIxbJLSMWyS0unp9gVIP/j4EZ49g0+fYMIEmDkTJk7s9lVpjDFs6m68xo+HSgU+fy6PHzyAV69Gvre/H4aGYMaMbl6xxhjDpt/r+XO4ehXu3YMTJ+DwYXj8eOTrs2bBzp2wfn2J3p07JXjr1jlyU9Mq9Xq93vy3Sy2MzN68gbdvy9Ty5k24fBn274cPH+Bnb7+eHti6FZYsgXHjYMcOWLzYaaqaYtg0uiOz69fhwgV4+rQ8H5GLkVqzb7vVq2FgANauhYUL4datEsRJk2DZMlizxmmq/sWwaXRGaqdPw7lzcPIkPHxY1tEianfvNh+1hgULYP58qNVK0KpV+PatjNo2bIDt2x256QeusanzU8/hYThyBC5dgtu34evXMrWM6Wgrf0cjhrEO9/49bNpUIhY/M9bpjh+HVatg6dLReEUaozzHps5NPc+ehTNn4NixMv2MqL1+De/elZ3O+LwVEcOIZkxDr1wpPy/W3ebNg5cv4caNTr8ajXGVWq3mVFTti/A0RmOxuB+P4whHPFet0l+vM9zGqscQ8PchkAhaTEFjBBjid0yZApMnd+Z1KIVK/D3s9kUovwHgjzb+/SDwZwevR7n11GJBVmpHrHfFyClGU/F5jNgaB25jkb9Soa/NPapeoBYbEPERvyfOuIUYufX2luelf7grqvbdvw/nz5ddyy9fyo7oxYvlLoJr10rc4vlWNw8iZIODZXobsZwzB1asKB9btpTzbdJ33BVV++KgbNz6FDuXs2fDypUldo8ewdy5ZRQXQYuvv3jx6z9/+vRyR0KM0uIM28aNsHlzudVq6tTReEUa4xyxqbMHcmOXsvE47jJ48mTkboEYtZ06VULXrJhiRsCmTStn2OLA7t69JZjSTxg2jd7/zNHXVx7HObQ46hFxitjt2VOmp/+lsWa2a1eZ4sah3OXLy2jNqOl/GDb9fkePwrZt5Txa+P4t2AhaHN84dKiM0Lw3VL/IsKk74sDuwYNw4EA5yNuwaBHs2we7d5cRntQCw6buirdfbCjEfaQxdY2NAo9uqE2GTVI63isqKR3DJikdwyYpHcMmKR3DJikdwyYpHcMmKR3DJikdwyYpHcMmKR3DJikdwyYpHcMmKR3DJikdwyYpHcMmKR3DJikdwyYpHcMmKR3DJikdwyYpHcMmKR3DJikdwyYpHcMmKR3DJikdwyYpHcMmiWz+AoHRW3E6aNocAAAAAElFTkSuQmCC'}}]}, {'role': 'assistant', 'content': 'Final Answer: 0.55'}, {'role': 'user', 'content': [{'type': 'text', 'text': '\nYou are given both an image and a text-based representation of the same stimulus. \nIn both, a red dot appears on a horizontal line\nThe left end of the line corresponds to 0.0, and the right end to 1.0.\n\nText representation (the dot is marked as """"O""""):\n|---.-- ----------- ------------ -O---~--|\n\n\nEstimate the horizontal position of the **center** of the red dot as a decimal number between 0 and 1.\nDo not explain. Only output the final answer as a number between 0 and 1:\nFinal Answer:\n'}, {'type': 'image_url', 'image_url': {'url': 'data:image/png;base64,iVBORw0KGgoAAAANSUhEUgAAATYAAABNCAYAAAAsLkgfAAAAOnRFWHRTb2Z0d2FyZQBNYXRwbG90bGliIHZlcnNpb24zLjEwLjMsIGh0dHBzOi8vbWF0cGxvdGxpYi5vcmcvZiW1igAAAAlwSFlzAAAPYQAAD2EBqD+naQAABDdJREFUeJzt3EtrU2kcgPEnWq2XVqkVL0ToiIqKRUUU3LjyshIU/ACCG3d+F/0I4kYEQRDBhSAiIioVHF0oiFNFvEbrnVabDH9eSqowQ60zSfz3+UFJek5yktXD+57znlQajUYDSUpkVru/gCT91wybpHQMm6R0DJukdAybpHQMm6R0DJukdAybpHQMm6R0DJukdAybpHQMm6R0DJukdAybpHQMm6R0DJukdAybpHQMm6R0DJukdAybpHQMm6R0DJukdAybpHQMm6R0DJukdAybpHQMm6R0DJukdAybpHQMm6R0utr9BSR1kEYDajX4+BF6eqC/H8bG4PVr+PChub23F5Yuhe5uOpFhk2ay0dESradP4fRpOHMGnjxp7l+1Cvbsgc2b4dmzEre5c2Hx4hK2TZtgxw5YtIhOUmk0ItGSZpxaDe7ehfPn4fhx+Pr1n187ezbs2lVCd/9+GdktW1YCt20bHDgA69bRKQybNBNHaLUaXLkCN27AqVMlVFOxejXMnw+zZsHatbByZZmODgzAkSMdM3JzKirNlKDduwfXr8Pz5/DoETx4ALduTT1qId4X8YqwffpUHnfuLNPUON727XQCwyZlV6vB5ctw4UIZrb15A69ewfv3UK///PE+fy5T07ioMDQEGzeWwMX2DuFyDyn7SG1oCG7eLOGJaWNsi/NpL19O75jfvpXH8fESzWvXSiS7uspFiBjVxWN8TptUqtWq59ikrMbHmyGbCFK9Tl+9zp8T/0/DIDBSqUD8xWhtzhxYsOD7F8W+2B77W6wSK1da/qmS2moA+OsX3v8HMEzn6qpWq+3+DpJaMWIbHy/b6nV64/kvjNh6KhWqE6O1WNcWz+fNK+feJovPiP0/bv+fudxDymx0tCzruHQJhofLObZ37+DxY7hzZ/pxW7ECliwpC3fXry93JOzeXda2TRaLfbdsKctEWsirolJm3d1lAW2c3I8roXFFNE7yx2LaOCd29erPH3PhQoiZ3oYNsHVrGanFMX9cwxZXXGPcFCO2FjNsUnb9/bB/fxk1xTq2iFxfXwlOrGOLUd1UJ24RsKNHy/vjlqoYtcXzL1/g7VtYvrxMTyNqL16U/fG6FnMqKs3EOw/GxkrYbt+Ggwebo6t/E8E6dw727v3+GBGumIrG7VkRtxDHiqgNDpawtphhk2a6ixfh0KHmAtvJSYiLAiGmrWfPwr59U49mG3/9w7BJgpEROHkSTpyAhw+b29esgWPH4PDhcsP7b8KwSWqKHMQFhvh5ovjNtZhOTozafiOGTVI63isqKR3DJikdwyYpHcMmKR3DJikdwyYpHcMmKR3DJikdwyYpHcMmKR3DJikdwyYpHcMmKR3DJikdwyYpHcMmKR3DJikdwyYpHcMmKR3DJikdwyYpHcMmKR3DJikdwyYpHcMmKR3DJikdwyYpHcMmiWz+BsBzN7FEbbkEAAAAAElFTkSuQmCC'}}]}]",Final Answer: 0.8
anthropic/claude-3.7-sonnet,sample_009,0.74045,0.74045,0.7,"[{'role': 'system', 'content': 'You are a helpful assistant.'}, {'role': 'user', 'content': [{'type': 'text', 'text': '\nYou are given both an image and a text-based representation of the same stimulus. \nIn both, a red dot appears on a horizontal line\nThe left end of the line corresponds to 0.0, and the right end to 1.0.\n\nText representation (the dot is marked as """"O""""):\n|.-- -~=-------- ---------O--------------|\n\n\nEstimate the horizontal position of the **center** of the red dot as a decimal number between 0 and 1.\nDo not explain. Only output the final answer as a number between 0 and 1:\nFinal Answer:\n'}, {'type': 'image_url', 'image_url': {'url': 'data:image/png;base64,iVBORw0KGgoAAAANSUhEUgAAATYAAABNCAYAAAAsLkgfAAAAOnRFWHRTb2Z0d2FyZQBNYXRwbG90bGliIHZlcnNpb24zLjEwLjMsIGh0dHBzOi8vbWF0cGxvdGxpYi5vcmcvZiW1igAAAAlwSFlzAAAPYQAAD2EBqD+naQAABJVJREFUeJzt3ElvTXEYx/HfbWtuUaQSFy1i0bSRsECQ2HkNYmNnx9LGOxCJROyFlYXY8AZ0YVFCDCExxFBjYqgp5h755XHShohSt72e8/0kTfW0vfda9Nvnf87/tFYURSEASKRlql8AAPxrhA1AOoQNQDqEDUA6hA1AOoQNQDqEDUA6hA1AOoQNQDqEDUA6hA1AOoQNQDqEDUA6hA1AOoQNQDqEDUA6hA1AOoQNQDqEDUA6hA1AOoQNQDqEDUA6hA1AOoQNQDqEDUA6hA1AOoQNQDqEDUA6hA1AOoQNQDptU/0CgKZVFNLz59Lbt1J7u7RwoVSrTfWrwjgQNlTbx4/Ss2fSp0/S9OlSR4f04IF0/Lh07Jh0797o165aJe3eLW3fLn35Mvo9ixZJM2b8/FjlcUy6WlH41xJQMY7QzZvS1avSu3fS3LnShw/SwEAEzXH6UTmtOVZ790pr18bHnZ3SkiXSo0fSy5fS58/S69fSnDlSf7+0ejWBm2SEDdXj5eWFC9KZM9LDh9LMmdLs2RG606djCfo7LS3SgQPSli0x4XmyW748Jr47d6RXr6ThYWnWLGnDBmnduljKYlIQNlRrSnPIBgely5elS5diCvPxoSHpxo3xRa3k5eahQ9KbN/FYmzdLX7/GxLZgQXzNkydSV5e0YoW0cSOT2yThHBuqM6V52Xn9unT+vHTtWgSpry+mL18g+NPf8V6u7t8v9fbGMvTp01iWbtoUj+nA+TnmzYtpcNkyaeXKRv0PMQZhQ36eyBw1T2s+ue8pysHxBYBbt2Jqc5T+xt27ccXUfK7Oj++orVkT59keP47P+bn8dY4cS9KGq9XrdZaiyM3LQ09XIyOjS0X/+/vnOkdGdGUCZ2T6azUNt7VJra3xuA6l3xw4H/PnfLz8mOVow/kyD2FDpXV78JrA9/dIGrMpBE2grV6vT/VrABrLU5q3cngq89Tk6ckf+31RqMPLxAlob21V3VNZOZmV0+C0aTGheXrz5/zcfi3lcTQMV0VRjXNsp05JFy/GnjJH5v792LPmc2s+5+ZzY38TOAfKG3e7u+PNy0xvzPW5tfXrY3/b/PlxBdXB89YQH2egaCguHiA/x8ZXKh0VX50sQ7NtW2yoPXdOun07LiT8KW/C9fTnScx6emJ7h5/DV0gduXJKdES9DcTH0FBMbKgOb8k4eza2fnhq82baxYtj6jp6VDpyZDRQ4+Fgbd0qLV0a05rfO2Z+zLF3Iph/zBw134nAVdGGI2yoll/dz+m7BQ4elA4fHt9+Np8327dP2rEjlpXePsK9o02DsAElh+jECWnXLun9+zg29sejvFfUt1+dPBlLWTQlwgb8yPd4+kZ43y7lc28lXyTYs0fauTM22qJpETbgV/yj8eJFLDN9Ps7nyPh7bP8FwgYgHf40OIB0CBuAdAgbgHQIG4B0CBuAdAgbgHQIG4B0CBuAdAgbgHQIG4B0CBuAdAgbgHQIG4B0CBuAdAgbgHQIG4B0CBuAdAgbgHQIG4B0CBuAdAgbgHQIG4B0CBuAdAgbgHQIG4B0CBuAdAgbgHQIGwBl8w2vMXCzyZNU9QAAAABJRU5ErkJggg=='}}]}, {'role': 'assistant', 'content': 'Final Answer: 0.6'}, {'role': 'user', 'content': [{'type': 'text', 'text': '\nYou are given both an image and a text-based representation of the same stimulus. \nIn both, a red dot appears on a horizontal line\nThe left end of the line corresponds to 0.0, and the right end to 1.0.\n\nText representation (the dot is marked as """"O""""):\n|--~---~----------------=--- =-----O-----|\n\n\nEstimate the horizontal position of the **center** of the red dot as a decimal number between 0 and 1.\nDo not explain. Only output the final answer as a number between 0 and 1:\nFinal Answer:\n'}, {'type': 'image_url', 'image_url': {'url': 'data:image/png;base64,iVBORw0KGgoAAAANSUhEUgAAATYAAABNCAYAAAAsLkgfAAAAOnRFWHRTb2Z0d2FyZQBNYXRwbG90bGliIHZlcnNpb24zLjEwLjMsIGh0dHBzOi8vbWF0cGxvdGxpYi5vcmcvZiW1igAAAAlwSFlzAAAPYQAAD2EBqD+naQAABNNJREFUeJzt3MtvjG0Yx/HfVNUhrSgNYkLfSARJbUScYmdHxEKsJNZi5/+w8ieItZWNtcTCQlCHhOCtQ5yps2L6vPm9lyczeDvTaWv6uvr9JE0P087M6pvrvp/7aaUoikIAkEjXbL8BAJhphA1AOoQNQDqEDUA6hA1AOoQNQDqEDUA6hA1AOoQNQDqEDUA6hA1AOoQNQDqEDUA6hA1AOoQNQDqEDUA6hA1AOoQNQDqEDUA6hA1AOoQNQDqEDUA6hA1AOoQNQDqEDUA6hA1AOoQNQDqEDUA6hA1AOoQNQDrds/0GAPyBxsak58+lp0+lr1+lNWuk1aulSqX++IsX0pcvUk+PNDAgLVjQsbdH2AC01hiqx4+l06elM2cibKXBQen4cWn/funBA+n16/pj/f3S0JC0fHlHolcpiqKY0WcE8Gcb+x6ed++k9+9jInv0SHIqLl+WTpyIKE1k/nzp8GFp716pt1dasiQi19cnrV8v3b5dj56f21PeunXSypU/Rm4aASRsAOpevpQuXZKuX4+p69Ur6dmzCMq3b9LZsxG4ydi2Tdq1S1q1Kqa1Dx+kri5p4cKI2Nu3ETm/zqJF0oYN0ooV8bt27drEU18LhA1AfUI6d066elV6+DD20BwdLz3Hx+Nzu7nYvr2+/7Z2bUxwW7ZEJIeHpY8fpaVLYzLbtCmev3FicwAdQ7++l72e+nbsaDm5cVUUQPBy01Hz8tAcHX98+hST3FRmoBs3pCdPYgl74UIsKx2q0dFY6i5bJnV/3+qv1SJkIyPS/fv1qJk/+3tPkI5gC1w8ABDK6cwTlCPnCcnx8eTUbE+tGe/R+Tm9/PRS1EvPjRvr8SynsXJvzt87cOVjjfy99+Mm8V4q1WqVpSgw142Px2T2+XPEw+Hxz4pC/UWh4Wk89VClotEyWvPmxYenNAesDJtf079Thqv8/mdewvpCgp+jCR86IWwAJjQo6W9N3V+SRtRZ3dVqtcMvCeB/pVaLCc3Tkye2cmLyz2o19U3z6XsrFVU9ZXlK85LUe3WeuPwansDMX/vnfg/lpObXL/f1Gh/7eYn6H7gqCsx19+5JV67E1cubN6Xz5yN23hu7eDH22Lw/Vu6FtcPB8vDkK5579ki7d8fxER8F8c+bnVWbxjk2Lh4Ac11PT3x2uHxGzIdlHRDHyOfKbt2S7t6Nq5vt8vk0P5+j6eMePpfmK6GOlPl1Jlo1NnusBY57AHPdwEAcfvVVUN8l4K/LDf2dO+M2qX37Wm7Y/8J/7wO6W7dGzN68iXNoPmT7m+8bZSkKQP+eUytP+vuOAJ8lc5g8ZTlGPljrqe3YsdjvapUN/61vqzpyJJaSPkriwG3e3JGb4QkbgF/3tMosOFCN+1u+M+HgwTi4a435KC8AeIP/6FHpwIGYANu4Y2CmEDYA7fFdA6dOSSdPSnfu/PjfPQ4diqXm4sUROOfFy9BJ3uM5UwgbgKlxOnyLk+9O8ETmgHlqm+X/xWaEDUA6XBUFkA5hA5AOYQOQDmEDkA5hA5AOYQOQDmEDkA5hA5AOYQOQDmEDkA5hA5AOYQOQDmEDkA5hA5AOYQOQDmEDkA5hA5AOYQOQDmEDkA5hA5AOYQOQDmEDkA5hA5AOYQOQDmEDkA5hA5AOYQOQDmEDoGz+AaQ5oOTiCrZ7AAAAAElFTkSuQmCC'}}]}, {'role': 'assistant', 'content': 'Final Answer: 0.85'}, {'role': 'user', 'content': [{'type': 'text', 'text': '\nYou are given both an image and a text-based representation of the same stimulus. \nIn both, a red dot appears on a horizontal line\nThe left end of the line corresponds to 0.0, and the right end to 1.0.\n\nText representation (the dot is marked as """"O""""):\n|--~----~-----------------~=---O----=----|\n\n\nEstimate the horizontal position of the **center** of the red dot as a decimal number between 0 and 1.\nDo not explain. Only output the final answer as a number between 0 and 1:\nFinal Answer:\n'}, {'type': 'image_url', 'image_url': {'url': 'data:image/png;base64,iVBORw0KGgoAAAANSUhEUgAAATYAAABNCAYAAAAsLkgfAAAAOnRFWHRTb2Z0d2FyZQBNYXRwbG90bGliIHZlcnNpb24zLjEwLjMsIGh0dHBzOi8vbWF0cGxvdGxpYi5vcmcvZiW1igAAAAlwSFlzAAAPYQAAD2EBqD+naQAABDBJREFUeJzt3LlrVGsYgPHnJHFPlFFBZdR7XQtJISIW6VSsxEqwE8FaLfwvbG209h+wFgQt3BAE8QqKqFz3BY3B3Why5OVjGC/IJYmCOW+eHwyzJDmTZh6+5Zyp6rqukaREev70PyBJv5thk5SOYZOUjmGTlI5hk5SOYZOUjmGTlI5hk5SOYZOUjmGTlI5hk5SOYZOUjmGTlI5hk5SOYZOUjmGTlI5hk5SOYZOUjmGTlI5hk5SOYZOUjmGTlI5hk5SOYZOUjmGTlI5hk5SOYZOUjmGTlI5hk5SOYZOUTt+f/gckTcGXL/DqFYyOwuzZsHQpzJkDdQ2vX8P799DfD0uWQFUx0xg2qWkiXDdvwsuX5fHICPT2wosXcPo03L/f/d116+DwYThwAObN+3kME6rqOhIvqTEjtStX4MkTePoU7tyBW7fg8mUYGyujs/qHj3RntDZ3Lhw9Cps2wadP8O1bGc0NDZWRXRzn40eYPx82boSFC2kywyY1SQTt0iV4/hyuXoUbN8ptIqoKdu2CbdtKwJ49KzGM6PX0QF9fieLy5bB7N2zYQFMZNqlJa2nv3sHFiyVq587B3bv/HaFNJG5DQ2WKOj4O16/DwED3tZiuxlR28WI4eLCxIzfX2KTpvpb25k33tbdv4do1uHABHj+eXNRC/H5EMY65YkUJ57Jl5bhxvPXrYe3aMr2N6enWrTSRp3tI01EEJ6IWI7R2G1atKtPG8+fLVPTRo7JWNhVfv8LwcFlni1Hb589lE+HDh/J+MSWNqWmsuTVU1W63nYpK001ELAIUu52hE6C4HxujNTrKP7+wijQIjMyaVUZwEbF4HNPUeL94Hu8d63DxegPFlolhkxrmL+DfX/j7v4EH5NXXjmGupOk9YovNg7jF8/FxBuJx/HyK+oF2bEbEiCympDFa64zY4hY7pTElbSh3RaXpfL5arHnF4v7t23D2LLRasGBBic+xYyV2k1VV5Zg7dsDKlSVusZGwenW5T3AeW3OTLGUWi/mDg2UDIc5d64ykYtE/TsuIwG3fDmfOTP7YrRZs3lyOv2ZNuY9z1hJdheCITWrKeWwRuBjFxfMYdcWu5cmTZUo60Y9xby/s31/OW9u5s+y4Jgpah2GTmiTON/vx8qeHD2HfvhK22DH9P1UFhw7Bnj2wZUu5pCopwyY1XUxH9+7tnndW/+Ra0bii4MSJMkpLfPF7h2GTMohv+Dh1Co4fh3v3uq/HetyRI+XbPRYtYqYwbFIm8XEeHi67qXENaFzzOQO/j82wSUrHa0UlpWPYJKVj2CSlY9gkpWPYJKVj2CSlY9gkpWPYJKVj2CSlY9gkpWPYJKVj2CSlY9gkpWPYJKVj2CSlY9gkpWPYJKVj2CSlY9gkpWPYJKVj2CSlY9gkpWPYJKVj2CSlY9gkpWPYJKVj2CSlY9gkkc1310VHXTWff9MAAAAASUVORK5CYII='}}]}, {'role': 'assistant', 'content': 'Final Answer: 0.75'}, {'role': 'user', 'content': [{'type': 'text', 'text': '\nYou are given both an image and a text-based representation of the same stimulus. \nIn both, a red dot appears on a horizontal line\nThe left end of the line corresponds to 0.0, and the right end to 1.0.\n\nText representation (the dot is marked as """"O""""):\n|------~----------=.------- -O-------- --|\n\n\nEstimate the horizontal position of the **center** of the red dot as a decimal number between 0 and 1.\nDo not explain. Only output the final answer as a number between 0 and 1:\nFinal Answer:\n'}, {'type': 'image_url', 'image_url': {'url': 'data:image/png;base64,iVBORw0KGgoAAAANSUhEUgAAATYAAABNCAYAAAAsLkgfAAAAOnRFWHRTb2Z0d2FyZQBNYXRwbG90bGliIHZlcnNpb24zLjEwLjMsIGh0dHBzOi8vbWF0cGxvdGxpYi5vcmcvZiW1igAAAAlwSFlzAAAPYQAAD2EBqD+naQAABIJJREFUeJzt3EtLlGEchvF7PKSVVlZENJhGFEVGFJSiRPtqKa6CvkEfplW0q12rgnbRKoLETUgtaqGYYFGaSueD+cbN4+u4KGpqxpH/e/1gmJM6Q+Dlc5pKWZZlAoBAmhr9BgCg1ggbgHAIG4BwCBuAcAgbgHAIG4BwCBuAcAgbgHAIG4BwCBuAcAgbgHAIG4BwCBuAcAgbgHAIG4BwCBuAcAgbgHAIG4BwCBuAcAgbgHAIG4BwCBuAcAgbgHAIG4BwCBuAcAgbgHAIG4BwCBuAcAgbgHAIG4BwWhr9BgCsyDLp7Vvpwwepo0PatUv69k2am0vXmzZJu3dLbW2NfqcbHmEDGuXr1xQtX+7ckW7elCYnK8+Xy9LgoHTypNTaKrW3S3v3psf27WvkO9/wSlnmPxMA1pVHZk+fSnfvSlevSt+///5rm5uloSHp6FFp82app0caGanELQ8ko7pVhA2ot7Xh8a+br8fGpNu300jtb5RK0sWLUne39OWLdOiQdP681NQkvXolffxY+dquLqmvL01lC4qwAfWM2evX0vPn0rt3ae3M9xcXpWfPpIcPU+j+lkdup0+nsHlq6hGcp6eOnm8fOJBitrAgdXZKAwOFHbkRNqBe08w3b6THj6Xp6TRFfP9e+vQp3ffFsauWg+XpqC957Lzu5sf375eOHJGOH08RPXMmrdMVEJsHQK1Hao6aI+ZRlUdnW7dKMzPS7GwaXfkxP/8v/H0/flSmtb546rljh7S0lDYf2tqkPXvS1xRUqVwuM2IDasXR8UaAR1K+duhseTk95yWwpSU9+Y+JUp+kRQfS/HO8zubXa2lJt5tW7nua6usC8r8OYQPWUY+kqf/4/l5JL2r4fiJqKRd0Dg7UfcTm215Ty6eMvp9l6lwZuf2rDh9xW/uAR2/5KM1aW9P019cFxeYBUEueeo6OprUwr33duyc9eJDue+3LGwq+eHHf09NqOWLeOPD6mUPm+zt3puMdDqpfY3hYunSpsDuixuYBUEuOiSPjDQRvFnin0uH5/DmdQfNtB8nPzc9X//MdNa+l5a+Vbx7ko7XeXqm/v9BRM8IG1JrPkvkMWX4o158QuH8/TQ09Zdy2TZqaSiO7akZtHp35aIcP4zpu+RGPY8ekLVtSKM+eTYd3C46wAfXgEVO+fu2wOUQvX0rbt0snTqRzbPbo0Z8P6eY7oBcupJj5uIjPxXn059dwKP3Y4cPSuXOFH60Za2zAeh7a9acCzCM5j7zGx6Vr1ypnztb+OuZB82js+nXp1Km0Nue1NJ+L8/d4iuv7/nwoH45fRdiA9fKrD6vbxIR065Z044b0Ys1BjoMHpStXpMuX00jvTz+LkdoqwgZsFP5V9DqZd1A95fRUMx+1oSqEDUA4/NfgAMIhbADCIWwAwiFsAMIhbADCIWwAwiFsAMIhbADCIWwAwiFsAMIhbADCIWwAwiFsAMIhbADCIWwAwiFsAMIhbADCIWwAwiFsAMIhbADCIWwAwiFsAMIhbADCIWwAwiFsAMIhbADCIWwAwiFsABTNT3roXHIAyEx4AAAAAElFTkSuQmCC'}}]}, {'role': 'assistant', 'content': 'Final Answer: 0.65'}, {'role': 'user', 'content': [{'type': 'text', 'text': '\nYou are given both an image and a text-based representation of the same stimulus. \nIn both, a red dot appears on a horizontal line\nThe left end of the line corresponds to 0.0, and the right end to 1.0.\n\nText representation (the dot is marked as """"O""""):\n|-- ------ --=- ----=-O------------------|\n\n\nEstimate the horizontal position of the **center** of the red dot as a decimal number between 0 and 1.\nDo not explain. Only output the final answer as a number between 0 and 1:\nFinal Answer:\n'}, {'type': 'image_url', 'image_url': {'url': 'data:image/png;base64,iVBORw0KGgoAAAANSUhEUgAAATYAAABNCAYAAAAsLkgfAAAAOnRFWHRTb2Z0d2FyZQBNYXRwbG90bGliIHZlcnNpb24zLjEwLjMsIGh0dHBzOi8vbWF0cGxvdGxpYi5vcmcvZiW1igAAAAlwSFlzAAAPYQAAD2EBqD+naQAABHBJREFUeJzt28tvTH8Yx/HP1FCXVhTRMJIiLCTduCysLOxspCthw1L8AeIf8BfY6bJrSwsSKwuREAu6Qht1i1u1LnGvIx+Pk9atVMmZeeb9Sk46nXbOjPx+3p7zPefUiqIoBACJdFT9AQDgXyNsANIhbADSIWwA0iFsANIhbADSIWwA0iFsANIhbADSIWwA0iFsANIhbADSIWwA0iFsANIhbADSIWwA0iFsANIhbADSIWwA0iFsANIhbADSIWwA0iFsANIhbADSIWwA0iFsANIhbADSIWwA0iFsANIhbADSqVf9AYA5eftWunlTmpyUVqyQtmyRFi+u+lOhyRA2NK9376SnT6X376U3b6TTp6VTp6QHD6Z/Z+1a6dAh6eBBafXq2Do7q/zUaAK1oiiKqj8E8EPMHj2SRkcjapcuRdD8+Fccs+PHpT17pP5+adWqb8O4aBHRayNMbGgOjpAPMa9ejYns7t2IkuN25crvX+94nTghTUxIT55IO3ZId+7E96Wenunole9J+FJiYkP1xsdjKjt7Vhobi/Wzhw/j+WfP5ravBQukgQFp69bY+vqkFy8iYs+fS+vWSbt3S69eScPDs4cPLYuwoVoOzrlz0oULMa29fh2HoZ7aZjv0nM3y5RG1XbuklSulDx+kZcsien6/vXsjbC9fSr29UkeH9OlTvG93d7yOya2lcbkHqnX/vnTtWpwc8OZDQsfnb6NmDtaNG9KZM3EY6++9LV0a7+Hp8PHj6aiZv/p7T4g+PEVLqzUaDSY2VKc84+mJyY9rNenjR/UUha7PY7f9kiYdq3o9Ymnetzfz9LZw4Y8vnJqK5/1ztCz/VyZsaDp9km7P4/UbJI39w8+D1lJvNBpVfwa0s/IQ9Ouk9mVimppS9zx32yWp4YnNk9fM6WvJkumpzV9n/szv7edYX2t5nDxAtetrFy/GmdCREenePenWrfjqxf358HqZ70rwYejGjXFCwetqvgxk+/b4mS8vKc+K+q+BTzRwVjQFrmNDdbym5vWsbdtikvLivgPj532blC/78BQ3V47Z5s2x+YyoJzDvy+t4jlYZL29cx5YSExuqndguX5a8HOKAOT6+1sxnLT1N+bnz5yNIf8qHkjt3RrwcKcfK/LirS9q3T9q06b/9kdAcmNhQHUfHF8X6+jEfOq5ZE885ZOvXR4h8GDk4GL//u3+DHbX9++MCXE+C3le5xuZLSDyhsabcFpjYUC3fXTDzDoByrctrYOVhqdfhjhyJi3fL3/meJ7Jjx6SjR+Pxz/bJ+lnbIGyo3p/cs+nD1KEh6eTJONFQ8i1Thw9LBw7EIWb5Ou4DbWuEDa3F/7v67gDfSeDbnzyJlZdvAF8RNgDpcK8ogHQIG4B0CBuAdAgbgHQIG4B0CBuAdAgbgHQIG4B0CBuAdAgbgHQIG4B0CBuAdAgbgHQIG4B0CBuAdAgbgHQIG4B0CBuAdAgbgHQIG4B0CBuAdAgbgHQIG4B0CBuAdAgbgHQIG4B0CBuAdAgbAGXzGahxa5hlk7orAAAAAElFTkSuQmCC'}}]}, {'role': 'assistant', 'content': 'Final Answer: 0.4'}, {'role': 'user', 'content': [{'type': 'text', 'text': '\nYou are given both an image and a text-based representation of the same stimulus. \nIn both, a red dot appears on a horizontal line\nThe left end of the line corresponds to 0.0, and the right end to 1.0.\n\nText representation (the dot is marked as """"O""""):\n|---- ---------.------O---------------.-~|\n\n\nEstimate the horizontal position of the **center** of the red dot as a decimal number between 0 and 1.\nDo not explain. Only output the final answer as a number between 0 and 1:\nFinal Answer:\n'}, {'type': 'image_url', 'image_url': {'url': 'data:image/png;base64,iVBORw0KGgoAAAANSUhEUgAAATYAAABNCAYAAAAsLkgfAAAAOnRFWHRTb2Z0d2FyZQBNYXRwbG90bGliIHZlcnNpb24zLjEwLjMsIGh0dHBzOi8vbWF0cGxvdGxpYi5vcmcvZiW1igAAAAlwSFlzAAAPYQAAD2EBqD+naQAABENJREFUeJzt3MlqFG0chfHTMc6J8wSNGhfiFHAAB3ApKrgSxJ14B96KeAm6cqEggmvRhaAoIiiOoEYUnOfZJC3HlyYi36e0Bqpy8vygMF0m3SWGJ/+3qjqNVqvVEgAE6ar6AABgtBE2AHEIG4A4hA1AHMIGIA5hAxCHsAGIQ9gAxCFsAOIQNgBxCBuAOIQNQBzCBiAOYQMQh7ABiEPYAMQhbADiEDYAcQgbgDiEDUAcwgYgDmEDEIewAYhD2ADEIWwA4hA2AHEIG4A4hA1AHMIGIA5hAxCnu+oDADrSakkvXkjv30sTJ5bH375JkyZJ8+ZJkydXfYSoAcKG+vvyRbpxQzp8WDp+XHr0aOTvFi2Stm+Xli+XZs6U1qyRNm6UZsyo8ohRsUar5R95QA29fStdvCgdOSIdPSoNDv7/506YUIK2cKG0erW0a1d5zAQ3LjGxoR4T2fPn0rt3ZYnZ01MenzkjnTghXb785+cYGpLOn5fWrSsfP3kivXkjrV9flqtfv7JcHUeY2FAtny+7dk168EAaGChh82R26VLZd+9eZ8/XaEg7dpS4LVkiTZ1alquOpZ/XE51j56UrgYtF2FDtpOYpy3F7+lT6/LlsJ09KN29KHz+WSatTjpm3adPKlLZggTRrVjkH5/B5avMydcMGAheKpSiq4+Xmq1clLB8+SNOnSxcuSC9flunqd+fUfufTp5Gvd+D8Ov7YU5snudu3peHhMhFu3lwCN3fuaP/rUKFGs9lkYkM1HBnfqmEOjxcPnuKGhjR7cFBX/+Gp+yW99nRm/tNbV1e5yGC+VcT7/NgbU1sU/88TNtTOUkn3/+Hr+yQNjOLxYGzpbjabVR8DxjNPaF4WevPU5glueFi9nua87y/1SGr+PKm1TyV3d5d97QnNj9sTXHuaw5jHxQPU56rorVvSuXPlQoLduTOyVO2Ew+WLBb295eKBA+lzeFOmSCtWSCtXSosXl5t4fUOvX2/TJokf8jEIG+p1H9v169Lp09KVK+X2j4cPO38+x2z+/HJBwFOYr656MvPW1yetXVsitmxZeW0HcMsWzrMFIWyo5zsOPLmdPSsdPNjZ1OZpzdOXJzLf1mG+GurIOXie5Pwt72nNoZszR+rv56poGMKG+vI05feG7t9fYvSnb1VHbc8e6cCBsrz0Mtfx8kTmG3MdsPa7GngnQjTChvo7dUrau7eEzv7rW9Yn//ftk3bvlnbuLPsI2LhF2DA23L0rHTokHTsmPX48st9LyG3bpK1bpVWruNkWPxA2jB2e2J49K8tMT2J+D6iXmvw+NvyCsAGIw68GBxCHsAGIQ9gAxCFsAOIQNgBxCBuAOIQNQBzCBiAOYQMQh7ABiEPYAMQhbADiEDYAcQgbgDiEDUAcwgYgDmEDEIewAYhD2ADEIWwA4hA2AHEIG4A4hA1AHMIGIA5hAxCHsAGIQ9gAxCFsAJTmO2SDQNow6FxCAAAAAElFTkSuQmCC'}}]}, {'role': 'assistant', 'content': 'Final Answer: 0.5'}, {'role': 'user', 'content': [{'type': 'text', 'text': '\nYou are given both an image and a text-based representation of the same stimulus. \nIn both, a red dot appears on a horizontal line\nThe left end of the line corresponds to 0.0, and the right end to 1.0.\n\nText representation (the dot is marked as """"O""""):\n|--- --- ------------O-------------=-=-- |\n\n\nEstimate the horizontal position of the **center** of the red dot as a decimal number between 0 and 1.\nDo not explain. Only output the final answer as a number between 0 and 1:\nFinal Answer:\n'}, {'type': 'image_url', 'image_url': {'url': 'data:image/png;base64,iVBORw0KGgoAAAANSUhEUgAAATYAAABNCAYAAAAsLkgfAAAAOnRFWHRTb2Z0d2FyZQBNYXRwbG90bGliIHZlcnNpb24zLjEwLjMsIGh0dHBzOi8vbWF0cGxvdGxpYi5vcmcvZiW1igAAAAlwSFlzAAAPYQAAD2EBqD+naQAABFJJREFUeJzt3NuLzH0cwPH3jHVsl9YhMdiNCG1cKHGDCzdKSQ7lyq1S/hM3/gT5FyQJcSERYZVT8jw5n4mcmafP832mpSfPM2ZmTfvp/aqtndm1+5ua3vs9/VTq9XodSUqk2u0LkKROM2yS0jFsktIxbJLSMWyS0jFsktIxbJLSMWyS0jFsktIxbJLSMWyS0jFsktIxbJLSMWyS0jFsktIxbJLSMWyS0jFsktIxbJLSMWyS0jFsktIxbJLSMWyS0jFsktIxbJLSMWyS0jFsktIxbJLSMWyS0unp9gVIP/j4EZ49g0+fYMIEmDkTJk7s9lVpjDFs6m68xo+HSgU+fy6PHzyAV69Gvre/H4aGYMaMbl6xxhjDpt/r+XO4ehXu3YMTJ+DwYXj8eOTrs2bBzp2wfn2J3p07JXjr1jlyU9Mq9Xq93vy3Sy2MzN68gbdvy9Ty5k24fBn274cPH+Bnb7+eHti6FZYsgXHjYMcOWLzYaaqaYtg0uiOz69fhwgV4+rQ8H5GLkVqzb7vVq2FgANauhYUL4datEsRJk2DZMlizxmmq/sWwaXRGaqdPw7lzcPIkPHxY1tEianfvNh+1hgULYP58qNVK0KpV+PatjNo2bIDt2x256QeusanzU8/hYThyBC5dgtu34evXMrWM6Wgrf0cjhrEO9/49bNpUIhY/M9bpjh+HVatg6dLReEUaozzHps5NPc+ehTNn4NixMv2MqL1+De/elZ3O+LwVEcOIZkxDr1wpPy/W3ebNg5cv4caNTr8ajXGVWq3mVFTti/A0RmOxuB+P4whHPFet0l+vM9zGqscQ8PchkAhaTEFjBBjid0yZApMnd+Z1KIVK/D3s9kUovwHgjzb+/SDwZwevR7n11GJBVmpHrHfFyClGU/F5jNgaB25jkb9Soa/NPapeoBYbEPERvyfOuIUYufX2luelf7grqvbdvw/nz5ddyy9fyo7oxYvlLoJr10rc4vlWNw8iZIODZXobsZwzB1asKB9btpTzbdJ33BVV++KgbNz6FDuXs2fDypUldo8ewdy5ZRQXQYuvv3jx6z9/+vRyR0KM0uIM28aNsHlzudVq6tTReEUa4xyxqbMHcmOXsvE47jJ48mTkboEYtZ06VULXrJhiRsCmTStn2OLA7t69JZjSTxg2jd7/zNHXVx7HObQ46hFxitjt2VOmp/+lsWa2a1eZ4sah3OXLy2jNqOl/GDb9fkePwrZt5Txa+P4t2AhaHN84dKiM0Lw3VL/IsKk74sDuwYNw4EA5yNuwaBHs2we7d5cRntQCw6buirdfbCjEfaQxdY2NAo9uqE2GTVI63isqKR3DJikdwyYpHcMmKR3DJikdwyYpHcMmKR3DJikdwyYpHcMmKR3DJikdwyYpHcMmKR3DJikdwyYpHcMmKR3DJikdwyYpHcMmKR3DJikdwyYpHcMmKR3DJikdwyYpHcMmKR3DJikdwyYpHcMmiWz+AoHRW3E6aNocAAAAAElFTkSuQmCC'}}]}, {'role': 'assistant', 'content': 'Final Answer: 0.55'}, {'role': 'user', 'content': [{'type': 'text', 'text': '\nYou are given both an image and a text-based representation of the same stimulus. \nIn both, a red dot appears on a horizontal line\nThe left end of the line corresponds to 0.0, and the right end to 1.0.\n\nText representation (the dot is marked as """"O""""):\n|---.-- ----------- ------------ -O---~--|\n\n\nEstimate the horizontal position of the **center** of the red dot as a decimal number between 0 and 1.\nDo not explain. Only output the final answer as a number between 0 and 1:\nFinal Answer:\n'}, {'type': 'image_url', 'image_url': {'url': 'data:image/png;base64,iVBORw0KGgoAAAANSUhEUgAAATYAAABNCAYAAAAsLkgfAAAAOnRFWHRTb2Z0d2FyZQBNYXRwbG90bGliIHZlcnNpb24zLjEwLjMsIGh0dHBzOi8vbWF0cGxvdGxpYi5vcmcvZiW1igAAAAlwSFlzAAAPYQAAD2EBqD+naQAABDdJREFUeJzt3EtrU2kcgPEnWq2XVqkVL0ToiIqKRUUU3LjyshIU/ACCG3d+F/0I4kYEQRDBhSAiIioVHF0oiFNFvEbrnVabDH9eSqowQ60zSfz3+UFJek5yktXD+57znlQajUYDSUpkVru/gCT91wybpHQMm6R0DJukdAybpHQMm6R0DJukdAybpHQMm6R0DJukdAybpHQMm6R0DJukdAybpHQMm6R0DJukdAybpHQMm6R0DJukdAybpHQMm6R0DJukdAybpHQMm6R0DJukdAybpHQMm6R0DJukdAybpHQMm6R0utr9BSR1kEYDajX4+BF6eqC/H8bG4PVr+PChub23F5Yuhe5uOpFhk2ay0dESradP4fRpOHMGnjxp7l+1Cvbsgc2b4dmzEre5c2Hx4hK2TZtgxw5YtIhOUmk0ItGSZpxaDe7ehfPn4fhx+Pr1n187ezbs2lVCd/9+GdktW1YCt20bHDgA69bRKQybNBNHaLUaXLkCN27AqVMlVFOxejXMnw+zZsHatbByZZmODgzAkSMdM3JzKirNlKDduwfXr8Pz5/DoETx4ALduTT1qId4X8YqwffpUHnfuLNPUON727XQCwyZlV6vB5ctw4UIZrb15A69ewfv3UK///PE+fy5T07ioMDQEGzeWwMX2DuFyDyn7SG1oCG7eLOGJaWNsi/NpL19O75jfvpXH8fESzWvXSiS7uspFiBjVxWN8TptUqtWq59ikrMbHmyGbCFK9Tl+9zp8T/0/DIDBSqUD8xWhtzhxYsOD7F8W+2B77W6wSK1da/qmS2moA+OsX3v8HMEzn6qpWq+3+DpJaMWIbHy/b6nV64/kvjNh6KhWqE6O1WNcWz+fNK+feJovPiP0/bv+fudxDymx0tCzruHQJhofLObZ37+DxY7hzZ/pxW7ECliwpC3fXry93JOzeXda2TRaLfbdsKctEWsirolJm3d1lAW2c3I8roXFFNE7yx2LaOCd29erPH3PhQoiZ3oYNsHVrGanFMX9cwxZXXGPcFCO2FjNsUnb9/bB/fxk1xTq2iFxfXwlOrGOLUd1UJ24RsKNHy/vjlqoYtcXzL1/g7VtYvrxMTyNqL16U/fG6FnMqKs3EOw/GxkrYbt+Ggwebo6t/E8E6dw727v3+GBGumIrG7VkRtxDHiqgNDpawtphhk2a6ixfh0KHmAtvJSYiLAiGmrWfPwr59U49mG3/9w7BJgpEROHkSTpyAhw+b29esgWPH4PDhcsP7b8KwSWqKHMQFhvh5ovjNtZhOTozafiOGTVI63isqKR3DJikdwyYpHcMmKR3DJikdwyYpHcMmKR3DJikdwyYpHcMmKR3DJikdwyYpHcMmKR3DJikdwyYpHcMmKR3DJikdwyYpHcMmKR3DJikdwyYpHcMmKR3DJikdwyYpHcMmKR3DJikdwyYpHcMmiWz+BsBzN7FEbbkEAAAAAElFTkSuQmCC'}}]}, {'role': 'assistant', 'content': 'Final Answer: 0.8'}, {'role': 'user', 'content': [{'type': 'text', 'text': '\nYou are given both an image and a text-based representation of the same stimulus. \nIn both, a red dot appears on a horizontal line\nThe left end of the line corresponds to 0.0, and the right end to 1.0.\n\nText representation (the dot is marked as """"O""""):\n|-~ --~-~-----------------.--O-----------|\n\n\nEstimate the horizontal position of the **center** of the red dot as a decimal number between 0 and 1.\nDo not explain. Only output the final answer as a number between 0 and 1:\nFinal Answer:\n'}, {'type': 'image_url', 'image_url': {'url': 'data:image/png;base64,iVBORw0KGgoAAAANSUhEUgAAATYAAABNCAYAAAAsLkgfAAAAOnRFWHRTb2Z0d2FyZQBNYXRwbG90bGliIHZlcnNpb24zLjEwLjMsIGh0dHBzOi8vbWF0cGxvdGxpYi5vcmcvZiW1igAAAAlwSFlzAAAPYQAAD2EBqD+naQAABERJREFUeJzt3E1vTGEYxvFrpkXQSlFtmASpthstYoGlNBUfwIJvYCGxtbDwBawsLS2b7nRl1x2JkIZEBPEuCNUgXqpm5MqdSUUiOmVm6j7/XzLpdDo5M5v+e5/zPNNSrVarCQASKbf7DQDAv0bYAKRD2ACkQ9gApEPYAKRD2ACkQ9gApEPYAKRD2ACkQ9gApEPYAKRD2ACkQ9gApEPYAKRD2ACkQ9gApEPYAKRD2ACkQ9gApEPYAKRD2ACkQ9gApEPYAKRD2ACkQ9gApEPYAKRD2ACkQ9gApEPYAKRD2ACk09nuNwDgJ7Wa9Pat9PGj1NUlbd4slUrtflf/HcIGtNPXr9KbN3GbnJQuXZKePFn8+dat0qlTcVu7Vnr+XHr1Kn7W3y9VKtKaNW17+ytVqVbznwgALefJ7PZt6coV6fx5aX7+9891vE6elDo7pU+fYrJbv14aGZGOHpW2bWvlO1/xCBvQ6unMAfP9mzel6Wnp4sUI1VLs2bM4pXmCK5cjbkeOSJs2SatXS729hZ/iCBvQyuns3Tvp/fu4f++edPmy9P17Y8dyuHzbtSumtrk5aWBAOnRIWlhYnOSGhgobOK6xAc3m6cwh+/BB2rIlrpN9+RKPNRo189TnxYVnz6S+vrg9fRrH8jW5hQXp/n3p4EFp//5YgCgYtnsAzeYQvX4dq5s3bkjXrkkvXkiPHi3/mNVqBNPHXbcuTmU9Cfo0d2AgJjW/huPp5xVMqVKpcCoKNNO3bzGh1e9Xq9pYreqW7y/TiKS5+jerVsW1Nn+1jo746oUGB8/X3eqPFYQ3yBA2oMV2SPqLeU07JT3+h+8nm86KV1gANIeve/n00KeOvu+v1aq6Pa35WtgydUmq1DfuelKrT20+frkcE5of82sWcWJjVRRooocPpZkZqbtbun5dunMnQueL+97usZy4OWhe+XTAtm+Xjh2TXr6UZmdjy8foqDQ8HNfW/LpeLS3Y6iirokAzeVqyDRsiMObtGf7eF/vv3m38mJ7EHKqeHmlsTNq9O+57S4lXQPv6YtXUkfO2j4JFzZjYgGby1HT1amz18EegHDPvX3PQ/NGoiYnGtnx4Sjt8WNq7VxoclA4ciJg5oJ7O/Drz84XfqEvYgFZuzjWHx4Hy9W1/8uDs2Vi9/NOvok9Bz52TxsfjWAU9zVwKwga0+uNUv05TU1PS8ePS58/x/c+/kvUFAj/3zBlp3774ef00s4Cbb5eCsAErga+7+T97XLggPXiw+Lg/NnX6tHTiROyB4zRzSQgbsJL419Grm75W5lNNT2b8P7aGETYA6fBZUQDpEDYA6RA2AOkQNgDpEDYA6RA2AOkQNgDpEDYA6RA2AOkQNgDpEDYA6RA2AOkQNgDpEDYA6RA2AOkQNgDpEDYA6RA2AOkQNgDpEDYA6RA2AOkQNgDpEDYA6RA2AOkQNgDpEDYA6RA2AOkQNgDK5gcW00CVbCY0GwAAAABJRU5ErkJggg=='}}]}]",Final Answer: 0.7
anthropic/claude-3.7-sonnet,sample_010,0.78323,0.78323,0.75,"[{'role': 'system', 'content': 'You are a helpful assistant.'}, {'role': 'user', 'content': [{'type': 'text', 'text': '\nYou are given both an image and a text-based representation of the same stimulus. \nIn both, a red dot appears on a horizontal line\nThe left end of the line corresponds to 0.0, and the right end to 1.0.\n\nText representation (the dot is marked as """"O""""):\n|.-- -~=-------- ---------O--------------|\n\n\nEstimate the horizontal position of the **center** of the red dot as a decimal number between 0 and 1.\nDo not explain. Only output the final answer as a number between 0 and 1:\nFinal Answer:\n'}, {'type': 'image_url', 'image_url': {'url': 'data:image/png;base64,iVBORw0KGgoAAAANSUhEUgAAATYAAABNCAYAAAAsLkgfAAAAOnRFWHRTb2Z0d2FyZQBNYXRwbG90bGliIHZlcnNpb24zLjEwLjMsIGh0dHBzOi8vbWF0cGxvdGxpYi5vcmcvZiW1igAAAAlwSFlzAAAPYQAAD2EBqD+naQAABJVJREFUeJzt3ElvTXEYx/HfbWtuUaQSFy1i0bSRsECQ2HkNYmNnx9LGOxCJROyFlYXY8AZ0YVFCDCExxFBjYqgp5h755XHShohSt72e8/0kTfW0vfda9Nvnf87/tFYURSEASKRlql8AAPxrhA1AOoQNQDqEDUA6hA1AOoQNQDqEDUA6hA1AOoQNQDqEDUA6hA1AOoQNQDqEDUA6hA1AOoQNQDqEDUA6hA1AOoQNQDqEDUA6hA1AOoQNQDqEDUA6hA1AOoQNQDqEDUA6hA1AOoQNQDqEDUA6hA1AOoQNQDptU/0CgKZVFNLz59Lbt1J7u7RwoVSrTfWrwjgQNlTbx4/Ss2fSp0/S9OlSR4f04IF0/Lh07Jh0797o165aJe3eLW3fLn35Mvo9ixZJM2b8/FjlcUy6WlH41xJQMY7QzZvS1avSu3fS3LnShw/SwEAEzXH6UTmtOVZ790pr18bHnZ3SkiXSo0fSy5fS58/S69fSnDlSf7+0ejWBm2SEDdXj5eWFC9KZM9LDh9LMmdLs2RG606djCfo7LS3SgQPSli0x4XmyW748Jr47d6RXr6ThYWnWLGnDBmnduljKYlIQNlRrSnPIBgely5elS5diCvPxoSHpxo3xRa3k5eahQ9KbN/FYmzdLX7/GxLZgQXzNkydSV5e0YoW0cSOT2yThHBuqM6V52Xn9unT+vHTtWgSpry+mL18g+NPf8V6u7t8v9fbGMvTp01iWbtoUj+nA+TnmzYtpcNkyaeXKRv0PMQZhQ36eyBw1T2s+ue8pysHxBYBbt2Jqc5T+xt27ccXUfK7Oj++orVkT59keP47P+bn8dY4cS9KGq9XrdZaiyM3LQ09XIyOjS0X/+/vnOkdGdGUCZ2T6azUNt7VJra3xuA6l3xw4H/PnfLz8mOVow/kyD2FDpXV78JrA9/dIGrMpBE2grV6vT/VrABrLU5q3cngq89Tk6ckf+31RqMPLxAlob21V3VNZOZmV0+C0aTGheXrz5/zcfi3lcTQMV0VRjXNsp05JFy/GnjJH5v792LPmc2s+5+ZzY38TOAfKG3e7u+PNy0xvzPW5tfXrY3/b/PlxBdXB89YQH2egaCguHiA/x8ZXKh0VX50sQ7NtW2yoPXdOun07LiT8KW/C9fTnScx6emJ7h5/DV0gduXJKdES9DcTH0FBMbKgOb8k4eza2fnhq82baxYtj6jp6VDpyZDRQ4+Fgbd0qLV0a05rfO2Z+zLF3Iph/zBw134nAVdGGI2yoll/dz+m7BQ4elA4fHt9+Np8327dP2rEjlpXePsK9o02DsAElh+jECWnXLun9+zg29sejvFfUt1+dPBlLWTQlwgb8yPd4+kZ43y7lc28lXyTYs0fauTM22qJpETbgV/yj8eJFLDN9Ps7nyPh7bP8FwgYgHf40OIB0CBuAdAgbgHQIG4B0CBuAdAgbgHQIG4B0CBuAdAgbgHQIG4B0CBuAdAgbgHQIG4B0CBuAdAgbgHQIG4B0CBuAdAgbgHQIG4B0CBuAdAgbgHQIG4B0CBuAdAgbgHQIG4B0CBuAdAgbgHQIGwBl8w2vMXCzyZNU9QAAAABJRU5ErkJggg=='}}]}, {'role': 'assistant', 'content': 'Final Answer: 0.6'}, {'role': 'user', 'content': [{'type': 'text', 'text': '\nYou are given both an image and a text-based representation of the same stimulus. \nIn both, a red dot appears on a horizontal line\nThe left end of the line corresponds to 0.0, and the right end to 1.0.\n\nText representation (the dot is marked as """"O""""):\n|--~---~----------------=--- =-----O-----|\n\n\nEstimate the horizontal position of the **center** of the red dot as a decimal number between 0 and 1.\nDo not explain. Only output the final answer as a number between 0 and 1:\nFinal Answer:\n'}, {'type': 'image_url', 'image_url': {'url': 'data:image/png;base64,iVBORw0KGgoAAAANSUhEUgAAATYAAABNCAYAAAAsLkgfAAAAOnRFWHRTb2Z0d2FyZQBNYXRwbG90bGliIHZlcnNpb24zLjEwLjMsIGh0dHBzOi8vbWF0cGxvdGxpYi5vcmcvZiW1igAAAAlwSFlzAAAPYQAAD2EBqD+naQAABNNJREFUeJzt3MtvjG0Yx/HfVNUhrSgNYkLfSARJbUScYmdHxEKsJNZi5/+w8ieItZWNtcTCQlCHhOCtQ5yps2L6vPm9lyczeDvTaWv6uvr9JE0P087M6pvrvp/7aaUoikIAkEjXbL8BAJhphA1AOoQNQDqEDUA6hA1AOoQNQDqEDUA6hA1AOoQNQDqEDUA6hA1AOoQNQDqEDUA6hA1AOoQNQDqEDUA6hA1AOoQNQDqEDUA6hA1AOoQNQDqEDUA6hA1AOoQNQDqEDUA6hA1AOoQNQDqEDUA6hA1AOoQNQDrds/0GAPyBxsak58+lp0+lr1+lNWuk1aulSqX++IsX0pcvUk+PNDAgLVjQsbdH2AC01hiqx4+l06elM2cibKXBQen4cWn/funBA+n16/pj/f3S0JC0fHlHolcpiqKY0WcE8Gcb+x6ed++k9+9jInv0SHIqLl+WTpyIKE1k/nzp8GFp716pt1dasiQi19cnrV8v3b5dj56f21PeunXSypU/Rm4aASRsAOpevpQuXZKuX4+p69Ur6dmzCMq3b9LZsxG4ydi2Tdq1S1q1Kqa1Dx+kri5p4cKI2Nu3ETm/zqJF0oYN0ooV8bt27drEU18LhA1AfUI6d066elV6+DD20BwdLz3Hx+Nzu7nYvr2+/7Z2bUxwW7ZEJIeHpY8fpaVLYzLbtCmev3FicwAdQ7++l72e+nbsaDm5cVUUQPBy01Hz8tAcHX98+hST3FRmoBs3pCdPYgl74UIsKx2q0dFY6i5bJnV/3+qv1SJkIyPS/fv1qJk/+3tPkI5gC1w8ABDK6cwTlCPnCcnx8eTUbE+tGe/R+Tm9/PRS1EvPjRvr8SynsXJvzt87cOVjjfy99+Mm8V4q1WqVpSgw142Px2T2+XPEw+Hxz4pC/UWh4Wk89VClotEyWvPmxYenNAesDJtf079Thqv8/mdewvpCgp+jCR86IWwAJjQo6W9N3V+SRtRZ3dVqtcMvCeB/pVaLCc3Tkye2cmLyz2o19U3z6XsrFVU9ZXlK85LUe3WeuPwansDMX/vnfg/lpObXL/f1Gh/7eYn6H7gqCsx19+5JV67E1cubN6Xz5yN23hu7eDH22Lw/Vu6FtcPB8vDkK5579ki7d8fxER8F8c+bnVWbxjk2Lh4Ac11PT3x2uHxGzIdlHRDHyOfKbt2S7t6Nq5vt8vk0P5+j6eMePpfmK6GOlPl1Jlo1NnusBY57AHPdwEAcfvVVUN8l4K/LDf2dO+M2qX37Wm7Y/8J/7wO6W7dGzN68iXNoPmT7m+8bZSkKQP+eUytP+vuOAJ8lc5g8ZTlGPljrqe3YsdjvapUN/61vqzpyJJaSPkriwG3e3JGb4QkbgF/3tMosOFCN+1u+M+HgwTi4a435KC8AeIP/6FHpwIGYANu4Y2CmEDYA7fFdA6dOSSdPSnfu/PjfPQ4diqXm4sUROOfFy9BJ3uM5UwgbgKlxOnyLk+9O8ETmgHlqm+X/xWaEDUA6XBUFkA5hA5AOYQOQDmEDkA5hA5AOYQOQDmEDkA5hA5AOYQOQDmEDkA5hA5AOYQOQDmEDkA5hA5AOYQOQDmEDkA5hA5AOYQOQDmEDkA5hA5AOYQOQDmEDkA5hA5AOYQOQDmEDkA5hA5AOYQOQDmEDoGz+AaQ5oOTiCrZ7AAAAAElFTkSuQmCC'}}]}, {'role': 'assistant', 'content': 'Final Answer: 0.85'}, {'role': 'user', 'content': [{'type': 'text', 'text': '\nYou are given both an image and a text-based representation of the same stimulus. \nIn both, a red dot appears on a horizontal line\nThe left end of the line corresponds to 0.0, and the right end to 1.0.\n\nText representation (the dot is marked as """"O""""):\n|--~----~-----------------~=---O----=----|\n\n\nEstimate the horizontal position of the **center** of the red dot as a decimal number between 0 and 1.\nDo not explain. Only output the final answer as a number between 0 and 1:\nFinal Answer:\n'}, {'type': 'image_url', 'image_url': {'url': 'data:image/png;base64,iVBORw0KGgoAAAANSUhEUgAAATYAAABNCAYAAAAsLkgfAAAAOnRFWHRTb2Z0d2FyZQBNYXRwbG90bGliIHZlcnNpb24zLjEwLjMsIGh0dHBzOi8vbWF0cGxvdGxpYi5vcmcvZiW1igAAAAlwSFlzAAAPYQAAD2EBqD+naQAABDBJREFUeJzt3LlrVGsYgPHnJHFPlFFBZdR7XQtJISIW6VSsxEqwE8FaLfwvbG209h+wFgQt3BAE8QqKqFz3BY3B3Why5OVjGC/IJYmCOW+eHwyzJDmTZh6+5Zyp6rqukaREev70PyBJv5thk5SOYZOUjmGTlI5hk5SOYZOUjmGTlI5hk5SOYZOUjmGTlI5hk5SOYZOUjmGTlI5hk5SOYZOUjmGTlI5hk5SOYZOUjmGTlI5hk5SOYZOUjmGTlI5hk5SOYZOUjmGTlI5hk5SOYZOUjmGTlI5hk5SOYZOUTt+f/gckTcGXL/DqFYyOwuzZsHQpzJkDdQ2vX8P799DfD0uWQFUx0xg2qWkiXDdvwsuX5fHICPT2wosXcPo03L/f/d116+DwYThwAObN+3kME6rqOhIvqTEjtStX4MkTePoU7tyBW7fg8mUYGyujs/qHj3RntDZ3Lhw9Cps2wadP8O1bGc0NDZWRXRzn40eYPx82boSFC2kywyY1SQTt0iV4/hyuXoUbN8ptIqoKdu2CbdtKwJ49KzGM6PX0QF9fieLy5bB7N2zYQFMZNqlJa2nv3sHFiyVq587B3bv/HaFNJG5DQ2WKOj4O16/DwED3tZiuxlR28WI4eLCxIzfX2KTpvpb25k33tbdv4do1uHABHj+eXNRC/H5EMY65YkUJ57Jl5bhxvPXrYe3aMr2N6enWrTSRp3tI01EEJ6IWI7R2G1atKtPG8+fLVPTRo7JWNhVfv8LwcFlni1Hb589lE+HDh/J+MSWNqWmsuTVU1W63nYpK001ELAIUu52hE6C4HxujNTrKP7+wijQIjMyaVUZwEbF4HNPUeL94Hu8d63DxegPFlolhkxrmL+DfX/j7v4EH5NXXjmGupOk9YovNg7jF8/FxBuJx/HyK+oF2bEbEiCympDFa64zY4hY7pTElbSh3RaXpfL5arHnF4v7t23D2LLRasGBBic+xYyV2k1VV5Zg7dsDKlSVusZGwenW5T3AeW3OTLGUWi/mDg2UDIc5d64ykYtE/TsuIwG3fDmfOTP7YrRZs3lyOv2ZNuY9z1hJdheCITWrKeWwRuBjFxfMYdcWu5cmTZUo60Y9xby/s31/OW9u5s+y4Jgpah2GTmiTON/vx8qeHD2HfvhK22DH9P1UFhw7Bnj2wZUu5pCopwyY1XUxH9+7tnndW/+Ra0bii4MSJMkpLfPF7h2GTMohv+Dh1Co4fh3v3uq/HetyRI+XbPRYtYqYwbFIm8XEeHi67qXENaFzzOQO/j82wSUrHa0UlpWPYJKVj2CSlY9gkpWPYJKVj2CSlY9gkpWPYJKVj2CSlY9gkpWPYJKVj2CSlY9gkpWPYJKVj2CSlY9gkpWPYJKVj2CSlY9gkpWPYJKVj2CSlY9gkpWPYJKVj2CSlY9gkpWPYJKVj2CSlY9gkkc1310VHXTWff9MAAAAASUVORK5CYII='}}]}, {'role': 'assistant', 'content': 'Final Answer: 0.75'}, {'role': 'user', 'content': [{'type': 'text', 'text': '\nYou are given both an image and a text-based representation of the same stimulus. \nIn both, a red dot appears on a horizontal line\nThe left end of the line corresponds to 0.0, and the right end to 1.0.\n\nText representation (the dot is marked as """"O""""):\n|------~----------=.------- -O-------- --|\n\n\nEstimate the horizontal position of the **center** of the red dot as a decimal number between 0 and 1.\nDo not explain. Only output the final answer as a number between 0 and 1:\nFinal Answer:\n'}, {'type': 'image_url', 'image_url': {'url': 'data:image/png;base64,iVBORw0KGgoAAAANSUhEUgAAATYAAABNCAYAAAAsLkgfAAAAOnRFWHRTb2Z0d2FyZQBNYXRwbG90bGliIHZlcnNpb24zLjEwLjMsIGh0dHBzOi8vbWF0cGxvdGxpYi5vcmcvZiW1igAAAAlwSFlzAAAPYQAAD2EBqD+naQAABIJJREFUeJzt3EtLlGEchvF7PKSVVlZENJhGFEVGFJSiRPtqKa6CvkEfplW0q12rgnbRKoLETUgtaqGYYFGaSueD+cbN4+u4KGpqxpH/e/1gmJM6Q+Dlc5pKWZZlAoBAmhr9BgCg1ggbgHAIG4BwCBuAcAgbgHAIG4BwCBuAcAgbgHAIG4BwCBuAcAgbgHAIG4BwCBuAcAgbgHAIG4BwCBuAcAgbgHAIG4BwCBuAcAgbgHAIG4BwCBuAcAgbgHAIG4BwCBuAcAgbgHAIG4BwCBuAcAgbgHAIG4BwWhr9BgCsyDLp7Vvpwwepo0PatUv69k2am0vXmzZJu3dLbW2NfqcbHmEDGuXr1xQtX+7ckW7elCYnK8+Xy9LgoHTypNTaKrW3S3v3psf27WvkO9/wSlnmPxMA1pVHZk+fSnfvSlevSt+///5rm5uloSHp6FFp82app0caGanELQ8ko7pVhA2ot7Xh8a+br8fGpNu300jtb5RK0sWLUne39OWLdOiQdP681NQkvXolffxY+dquLqmvL01lC4qwAfWM2evX0vPn0rt3ae3M9xcXpWfPpIcPU+j+lkdup0+nsHlq6hGcp6eOnm8fOJBitrAgdXZKAwOFHbkRNqBe08w3b6THj6Xp6TRFfP9e+vQp3ffFsauWg+XpqC957Lzu5sf375eOHJGOH08RPXMmrdMVEJsHQK1Hao6aI+ZRlUdnW7dKMzPS7GwaXfkxP/8v/H0/flSmtb546rljh7S0lDYf2tqkPXvS1xRUqVwuM2IDasXR8UaAR1K+duhseTk95yWwpSU9+Y+JUp+kRQfS/HO8zubXa2lJt5tW7nua6usC8r8OYQPWUY+kqf/4/l5JL2r4fiJqKRd0Dg7UfcTm215Ty6eMvp9l6lwZuf2rDh9xW/uAR2/5KM1aW9P019cFxeYBUEueeo6OprUwr33duyc9eJDue+3LGwq+eHHf09NqOWLeOPD6mUPm+zt3puMdDqpfY3hYunSpsDuixuYBUEuOiSPjDQRvFnin0uH5/DmdQfNtB8nPzc9X//MdNa+l5a+Vbx7ko7XeXqm/v9BRM8IG1JrPkvkMWX4o158QuH8/TQ09Zdy2TZqaSiO7akZtHp35aIcP4zpu+RGPY8ekLVtSKM+eTYd3C46wAfXgEVO+fu2wOUQvX0rbt0snTqRzbPbo0Z8P6eY7oBcupJj5uIjPxXn059dwKP3Y4cPSuXOFH60Za2zAeh7a9acCzCM5j7zGx6Vr1ypnztb+OuZB82js+nXp1Km0Nue1NJ+L8/d4iuv7/nwoH45fRdiA9fKrD6vbxIR065Z044b0Ys1BjoMHpStXpMuX00jvTz+LkdoqwgZsFP5V9DqZd1A95fRUMx+1oSqEDUA4/NfgAMIhbADCIWwAwiFsAMIhbADCIWwAwiFsAMIhbADCIWwAwiFsAMIhbADCIWwAwiFsAMIhbADCIWwAwiFsAMIhbADCIWwAwiFsAMIhbADCIWwAwiFsAMIhbADCIWwAwiFsAMIhbADCIWwAwiFsABTNT3roXHIAyEx4AAAAAElFTkSuQmCC'}}]}, {'role': 'assistant', 'content': 'Final Answer: 0.65'}, {'role': 'user', 'content': [{'type': 'text', 'text': '\nYou are given both an image and a text-based representation of the same stimulus. \nIn both, a red dot appears on a horizontal line\nThe left end of the line corresponds to 0.0, and the right end to 1.0.\n\nText representation (the dot is marked as """"O""""):\n|-- ------ --=- ----=-O------------------|\n\n\nEstimate the horizontal position of the **center** of the red dot as a decimal number between 0 and 1.\nDo not explain. Only output the final answer as a number between 0 and 1:\nFinal Answer:\n'}, {'type': 'image_url', 'image_url': {'url': 'data:image/png;base64,iVBORw0KGgoAAAANSUhEUgAAATYAAABNCAYAAAAsLkgfAAAAOnRFWHRTb2Z0d2FyZQBNYXRwbG90bGliIHZlcnNpb24zLjEwLjMsIGh0dHBzOi8vbWF0cGxvdGxpYi5vcmcvZiW1igAAAAlwSFlzAAAPYQAAD2EBqD+naQAABHBJREFUeJzt28tvTH8Yx/HP1FCXVhTRMJIiLCTduCysLOxspCthw1L8AeIf8BfY6bJrSwsSKwuREAu6Qht1i1u1LnGvIx+Pk9atVMmZeeb9Sk46nXbOjPx+3p7zPefUiqIoBACJdFT9AQDgXyNsANIhbADSIWwA0iFsANIhbADSIWwA0iFsANIhbADSIWwA0iFsANIhbADSIWwA0iFsANIhbADSIWwA0iFsANIhbADSIWwA0iFsANIhbADSIWwA0iFsANIhbADSIWwA0iFsANIhbADSIWwA0iFsANIhbADSqVf9AYA5eftWunlTmpyUVqyQtmyRFi+u+lOhyRA2NK9376SnT6X376U3b6TTp6VTp6QHD6Z/Z+1a6dAh6eBBafXq2Do7q/zUaAK1oiiKqj8E8EPMHj2SRkcjapcuRdD8+Fccs+PHpT17pP5+adWqb8O4aBHRayNMbGgOjpAPMa9ejYns7t2IkuN25crvX+94nTghTUxIT55IO3ZId+7E96Wenunole9J+FJiYkP1xsdjKjt7Vhobi/Wzhw/j+WfP5ravBQukgQFp69bY+vqkFy8iYs+fS+vWSbt3S69eScPDs4cPLYuwoVoOzrlz0oULMa29fh2HoZ7aZjv0nM3y5RG1XbuklSulDx+kZcsien6/vXsjbC9fSr29UkeH9OlTvG93d7yOya2lcbkHqnX/vnTtWpwc8OZDQsfnb6NmDtaNG9KZM3EY6++9LV0a7+Hp8PHj6aiZv/p7T4g+PEVLqzUaDSY2VKc84+mJyY9rNenjR/UUha7PY7f9kiYdq3o9Ymnetzfz9LZw4Y8vnJqK5/1ztCz/VyZsaDp9km7P4/UbJI39w8+D1lJvNBpVfwa0s/IQ9Ouk9mVimppS9zx32yWp4YnNk9fM6WvJkumpzV9n/szv7edYX2t5nDxAtetrFy/GmdCREenePenWrfjqxf358HqZ70rwYejGjXFCwetqvgxk+/b4mS8vKc+K+q+BTzRwVjQFrmNDdbym5vWsbdtikvLivgPj532blC/78BQ3V47Z5s2x+YyoJzDvy+t4jlYZL29cx5YSExuqndguX5a8HOKAOT6+1sxnLT1N+bnz5yNIf8qHkjt3RrwcKcfK/LirS9q3T9q06b/9kdAcmNhQHUfHF8X6+jEfOq5ZE885ZOvXR4h8GDk4GL//u3+DHbX9++MCXE+C3le5xuZLSDyhsabcFpjYUC3fXTDzDoByrctrYOVhqdfhjhyJi3fL3/meJ7Jjx6SjR+Pxz/bJ+lnbIGyo3p/cs+nD1KEh6eTJONFQ8i1Thw9LBw7EIWb5Ou4DbWuEDa3F/7v67gDfSeDbnzyJlZdvAF8RNgDpcK8ogHQIG4B0CBuAdAgbgHQIG4B0CBuAdAgbgHQIG4B0CBuAdAgbgHQIG4B0CBuAdAgbgHQIG4B0CBuAdAgbgHQIG4B0CBuAdAgbgHQIG4B0CBuAdAgbgHQIG4B0CBuAdAgbgHQIG4B0CBuAdAgbAGXzGahxa5hlk7orAAAAAElFTkSuQmCC'}}]}, {'role': 'assistant', 'content': 'Final Answer: 0.4'}, {'role': 'user', 'content': [{'type': 'text', 'text': '\nYou are given both an image and a text-based representation of the same stimulus. \nIn both, a red dot appears on a horizontal line\nThe left end of the line corresponds to 0.0, and the right end to 1.0.\n\nText representation (the dot is marked as """"O""""):\n|---- ---------.------O---------------.-~|\n\n\nEstimate the horizontal position of the **center** of the red dot as a decimal number between 0 and 1.\nDo not explain. Only output the final answer as a number between 0 and 1:\nFinal Answer:\n'}, {'type': 'image_url', 'image_url': {'url': 'data:image/png;base64,iVBORw0KGgoAAAANSUhEUgAAATYAAABNCAYAAAAsLkgfAAAAOnRFWHRTb2Z0d2FyZQBNYXRwbG90bGliIHZlcnNpb24zLjEwLjMsIGh0dHBzOi8vbWF0cGxvdGxpYi5vcmcvZiW1igAAAAlwSFlzAAAPYQAAD2EBqD+naQAABENJREFUeJzt3MlqFG0chfHTMc6J8wSNGhfiFHAAB3ApKrgSxJ14B96KeAm6cqEggmvRhaAoIiiOoEYUnOfZJC3HlyYi36e0Bqpy8vygMF0m3SWGJ/+3qjqNVqvVEgAE6ar6AABgtBE2AHEIG4A4hA1AHMIGIA5hAxCHsAGIQ9gAxCFsAOIQNgBxCBuAOIQNQBzCBiAOYQMQh7ABiEPYAMQhbADiEDYAcQgbgDiEDUAcwgYgDmEDEIewAYhD2ADEIWwA4hA2AHEIG4A4hA1AHMIGIA5hAxCnu+oDADrSakkvXkjv30sTJ5bH375JkyZJ8+ZJkydXfYSoAcKG+vvyRbpxQzp8WDp+XHr0aOTvFi2Stm+Xli+XZs6U1qyRNm6UZsyo8ohRsUar5R95QA29fStdvCgdOSIdPSoNDv7/506YUIK2cKG0erW0a1d5zAQ3LjGxoR4T2fPn0rt3ZYnZ01MenzkjnTghXb785+cYGpLOn5fWrSsfP3kivXkjrV9flqtfv7JcHUeY2FAtny+7dk168EAaGChh82R26VLZd+9eZ8/XaEg7dpS4LVkiTZ1alquOpZ/XE51j56UrgYtF2FDtpOYpy3F7+lT6/LlsJ09KN29KHz+WSatTjpm3adPKlLZggTRrVjkH5/B5avMydcMGAheKpSiq4+Xmq1clLB8+SNOnSxcuSC9flunqd+fUfufTp5Gvd+D8Ov7YU5snudu3peHhMhFu3lwCN3fuaP/rUKFGs9lkYkM1HBnfqmEOjxcPnuKGhjR7cFBX/+Gp+yW99nRm/tNbV1e5yGC+VcT7/NgbU1sU/88TNtTOUkn3/+Hr+yQNjOLxYGzpbjabVR8DxjNPaF4WevPU5glueFi9nua87y/1SGr+PKm1TyV3d5d97QnNj9sTXHuaw5jHxQPU56rorVvSuXPlQoLduTOyVO2Ew+WLBb295eKBA+lzeFOmSCtWSCtXSosXl5t4fUOvX2/TJokf8jEIG+p1H9v169Lp09KVK+X2j4cPO38+x2z+/HJBwFOYr656MvPW1yetXVsitmxZeW0HcMsWzrMFIWyo5zsOPLmdPSsdPNjZ1OZpzdOXJzLf1mG+GurIOXie5Pwt72nNoZszR+rv56poGMKG+vI05feG7t9fYvSnb1VHbc8e6cCBsrz0Mtfx8kTmG3MdsPa7GngnQjTChvo7dUrau7eEzv7rW9Yn//ftk3bvlnbuLPsI2LhF2DA23L0rHTokHTsmPX48st9LyG3bpK1bpVWruNkWPxA2jB2e2J49K8tMT2J+D6iXmvw+NvyCsAGIw68GBxCHsAGIQ9gAxCFsAOIQNgBxCBuAOIQNQBzCBiAOYQMQh7ABiEPYAMQhbADiEDYAcQgbgDiEDUAcwgYgDmEDEIewAYhD2ADEIWwA4hA2AHEIG4A4hA1AHMIGIA5hAxCHsAGIQ9gAxCFsAJTmO2SDQNow6FxCAAAAAElFTkSuQmCC'}}]}, {'role': 'assistant', 'content': 'Final Answer: 0.5'}, {'role': 'user', 'content': [{'type': 'text', 'text': '\nYou are given both an image and a text-based representation of the same stimulus. \nIn both, a red dot appears on a horizontal line\nThe left end of the line corresponds to 0.0, and the right end to 1.0.\n\nText representation (the dot is marked as """"O""""):\n|--- --- ------------O-------------=-=-- |\n\n\nEstimate the horizontal position of the **center** of the red dot as a decimal number between 0 and 1.\nDo not explain. Only output the final answer as a number between 0 and 1:\nFinal Answer:\n'}, {'type': 'image_url', 'image_url': {'url': 'data:image/png;base64,iVBORw0KGgoAAAANSUhEUgAAATYAAABNCAYAAAAsLkgfAAAAOnRFWHRTb2Z0d2FyZQBNYXRwbG90bGliIHZlcnNpb24zLjEwLjMsIGh0dHBzOi8vbWF0cGxvdGxpYi5vcmcvZiW1igAAAAlwSFlzAAAPYQAAD2EBqD+naQAABFJJREFUeJzt3NuLzH0cwPH3jHVsl9YhMdiNCG1cKHGDCzdKSQ7lyq1S/hM3/gT5FyQJcSERYZVT8jw5n4mcmafP832mpSfPM2ZmTfvp/aqtndm1+5ua3vs9/VTq9XodSUqk2u0LkKROM2yS0jFsktIxbJLSMWyS0jFsktIxbJLSMWyS0jFsktIxbJLSMWyS0jFsktIxbJLSMWyS0jFsktIxbJLSMWyS0jFsktIxbJLSMWyS0jFsktIxbJLSMWyS0jFsktIxbJLSMWyS0jFsktIxbJLSMWyS0unp9gVIP/j4EZ49g0+fYMIEmDkTJk7s9lVpjDFs6m68xo+HSgU+fy6PHzyAV69Gvre/H4aGYMaMbl6xxhjDpt/r+XO4ehXu3YMTJ+DwYXj8eOTrs2bBzp2wfn2J3p07JXjr1jlyU9Mq9Xq93vy3Sy2MzN68gbdvy9Ty5k24fBn274cPH+Bnb7+eHti6FZYsgXHjYMcOWLzYaaqaYtg0uiOz69fhwgV4+rQ8H5GLkVqzb7vVq2FgANauhYUL4datEsRJk2DZMlizxmmq/sWwaXRGaqdPw7lzcPIkPHxY1tEianfvNh+1hgULYP58qNVK0KpV+PatjNo2bIDt2x256QeusanzU8/hYThyBC5dgtu34evXMrWM6Wgrf0cjhrEO9/49bNpUIhY/M9bpjh+HVatg6dLReEUaozzHps5NPc+ehTNn4NixMv2MqL1+De/elZ3O+LwVEcOIZkxDr1wpPy/W3ebNg5cv4caNTr8ajXGVWq3mVFTti/A0RmOxuB+P4whHPFet0l+vM9zGqscQ8PchkAhaTEFjBBjid0yZApMnd+Z1KIVK/D3s9kUovwHgjzb+/SDwZwevR7n11GJBVmpHrHfFyClGU/F5jNgaB25jkb9Soa/NPapeoBYbEPERvyfOuIUYufX2luelf7grqvbdvw/nz5ddyy9fyo7oxYvlLoJr10rc4vlWNw8iZIODZXobsZwzB1asKB9btpTzbdJ33BVV++KgbNz6FDuXs2fDypUldo8ewdy5ZRQXQYuvv3jx6z9/+vRyR0KM0uIM28aNsHlzudVq6tTReEUa4xyxqbMHcmOXsvE47jJ48mTkboEYtZ06VULXrJhiRsCmTStn2OLA7t69JZjSTxg2jd7/zNHXVx7HObQ46hFxitjt2VOmp/+lsWa2a1eZ4sah3OXLy2jNqOl/GDb9fkePwrZt5Txa+P4t2AhaHN84dKiM0Lw3VL/IsKk74sDuwYNw4EA5yNuwaBHs2we7d5cRntQCw6buirdfbCjEfaQxdY2NAo9uqE2GTVI63isqKR3DJikdwyYpHcMmKR3DJikdwyYpHcMmKR3DJikdwyYpHcMmKR3DJikdwyYpHcMmKR3DJikdwyYpHcMmKR3DJikdwyYpHcMmKR3DJikdwyYpHcMmKR3DJikdwyYpHcMmKR3DJikdwyYpHcMmiWz+AoHRW3E6aNocAAAAAElFTkSuQmCC'}}]}, {'role': 'assistant', 'content': 'Final Answer: 0.55'}, {'role': 'user', 'content': [{'type': 'text', 'text': '\nYou are given both an image and a text-based representation of the same stimulus. \nIn both, a red dot appears on a horizontal line\nThe left end of the line corresponds to 0.0, and the right end to 1.0.\n\nText representation (the dot is marked as """"O""""):\n|---.-- ----------- ------------ -O---~--|\n\n\nEstimate the horizontal position of the **center** of the red dot as a decimal number between 0 and 1.\nDo not explain. Only output the final answer as a number between 0 and 1:\nFinal Answer:\n'}, {'type': 'image_url', 'image_url': {'url': 'data:image/png;base64,iVBORw0KGgoAAAANSUhEUgAAATYAAABNCAYAAAAsLkgfAAAAOnRFWHRTb2Z0d2FyZQBNYXRwbG90bGliIHZlcnNpb24zLjEwLjMsIGh0dHBzOi8vbWF0cGxvdGxpYi5vcmcvZiW1igAAAAlwSFlzAAAPYQAAD2EBqD+naQAABDdJREFUeJzt3EtrU2kcgPEnWq2XVqkVL0ToiIqKRUUU3LjyshIU/ACCG3d+F/0I4kYEQRDBhSAiIioVHF0oiFNFvEbrnVabDH9eSqowQ60zSfz3+UFJek5yktXD+57znlQajUYDSUpkVru/gCT91wybpHQMm6R0DJukdAybpHQMm6R0DJukdAybpHQMm6R0DJukdAybpHQMm6R0DJukdAybpHQMm6R0DJukdAybpHQMm6R0DJukdAybpHQMm6R0DJukdAybpHQMm6R0DJukdAybpHQMm6R0DJukdAybpHQMm6R0utr9BSR1kEYDajX4+BF6eqC/H8bG4PVr+PChub23F5Yuhe5uOpFhk2ay0dESradP4fRpOHMGnjxp7l+1Cvbsgc2b4dmzEre5c2Hx4hK2TZtgxw5YtIhOUmk0ItGSZpxaDe7ehfPn4fhx+Pr1n187ezbs2lVCd/9+GdktW1YCt20bHDgA69bRKQybNBNHaLUaXLkCN27AqVMlVFOxejXMnw+zZsHatbByZZmODgzAkSMdM3JzKirNlKDduwfXr8Pz5/DoETx4ALduTT1qId4X8YqwffpUHnfuLNPUON727XQCwyZlV6vB5ctw4UIZrb15A69ewfv3UK///PE+fy5T07ioMDQEGzeWwMX2DuFyDyn7SG1oCG7eLOGJaWNsi/NpL19O75jfvpXH8fESzWvXSiS7uspFiBjVxWN8TptUqtWq59ikrMbHmyGbCFK9Tl+9zp8T/0/DIDBSqUD8xWhtzhxYsOD7F8W+2B77W6wSK1da/qmS2moA+OsX3v8HMEzn6qpWq+3+DpJaMWIbHy/b6nV64/kvjNh6KhWqE6O1WNcWz+fNK+feJovPiP0/bv+fudxDymx0tCzruHQJhofLObZ37+DxY7hzZ/pxW7ECliwpC3fXry93JOzeXda2TRaLfbdsKctEWsirolJm3d1lAW2c3I8roXFFNE7yx2LaOCd29erPH3PhQoiZ3oYNsHVrGanFMX9cwxZXXGPcFCO2FjNsUnb9/bB/fxk1xTq2iFxfXwlOrGOLUd1UJ24RsKNHy/vjlqoYtcXzL1/g7VtYvrxMTyNqL16U/fG6FnMqKs3EOw/GxkrYbt+Ggwebo6t/E8E6dw727v3+GBGumIrG7VkRtxDHiqgNDpawtphhk2a6ixfh0KHmAtvJSYiLAiGmrWfPwr59U49mG3/9w7BJgpEROHkSTpyAhw+b29esgWPH4PDhcsP7b8KwSWqKHMQFhvh5ovjNtZhOTozafiOGTVI63isqKR3DJikdwyYpHcMmKR3DJikdwyYpHcMmKR3DJikdwyYpHcMmKR3DJikdwyYpHcMmKR3DJikdwyYpHcMmKR3DJikdwyYpHcMmKR3DJikdwyYpHcMmKR3DJikdwyYpHcMmKR3DJikdwyYpHcMmiWz+BsBzN7FEbbkEAAAAAElFTkSuQmCC'}}]}, {'role': 'assistant', 'content': 'Final Answer: 0.8'}, {'role': 'user', 'content': [{'type': 'text', 'text': '\nYou are given both an image and a text-based representation of the same stimulus. \nIn both, a red dot appears on a horizontal line\nThe left end of the line corresponds to 0.0, and the right end to 1.0.\n\nText representation (the dot is marked as """"O""""):\n|-~ --~-~-----------------.--O-----------|\n\n\nEstimate the horizontal position of the **center** of the red dot as a decimal number between 0 and 1.\nDo not explain. Only output the final answer as a number between 0 and 1:\nFinal Answer:\n'}, {'type': 'image_url', 'image_url': {'url': 'data:image/png;base64,iVBORw0KGgoAAAANSUhEUgAAATYAAABNCAYAAAAsLkgfAAAAOnRFWHRTb2Z0d2FyZQBNYXRwbG90bGliIHZlcnNpb24zLjEwLjMsIGh0dHBzOi8vbWF0cGxvdGxpYi5vcmcvZiW1igAAAAlwSFlzAAAPYQAAD2EBqD+naQAABERJREFUeJzt3E1vTGEYxvFrpkXQSlFtmASpthstYoGlNBUfwIJvYCGxtbDwBawsLS2b7nRl1x2JkIZEBPEuCNUgXqpm5MqdSUUiOmVm6j7/XzLpdDo5M5v+e5/zPNNSrVarCQASKbf7DQDAv0bYAKRD2ACkQ9gApEPYAKRD2ACkQ9gApEPYAKRD2ACkQ9gApEPYAKRD2ACkQ9gApEPYAKRD2ACkQ9gApEPYAKRD2ACkQ9gApEPYAKRD2ACkQ9gApEPYAKRD2ACkQ9gApEPYAKRD2ACkQ9gApEPYAKRD2ACk09nuNwDgJ7Wa9Pat9PGj1NUlbd4slUrtflf/HcIGtNPXr9KbN3GbnJQuXZKePFn8+dat0qlTcVu7Vnr+XHr1Kn7W3y9VKtKaNW17+ytVqVbznwgALefJ7PZt6coV6fx5aX7+9891vE6elDo7pU+fYrJbv14aGZGOHpW2bWvlO1/xCBvQ6unMAfP9mzel6Wnp4sUI1VLs2bM4pXmCK5cjbkeOSJs2SatXS729hZ/iCBvQyuns3Tvp/fu4f++edPmy9P17Y8dyuHzbtSumtrk5aWBAOnRIWlhYnOSGhgobOK6xAc3m6cwh+/BB2rIlrpN9+RKPNRo189TnxYVnz6S+vrg9fRrH8jW5hQXp/n3p4EFp//5YgCgYtnsAzeYQvX4dq5s3bkjXrkkvXkiPHi3/mNVqBNPHXbcuTmU9Cfo0d2AgJjW/huPp5xVMqVKpcCoKNNO3bzGh1e9Xq9pYreqW7y/TiKS5+jerVsW1Nn+1jo746oUGB8/X3eqPFYQ3yBA2oMV2SPqLeU07JT3+h+8nm86KV1gANIeve/n00KeOvu+v1aq6Pa35WtgydUmq1DfuelKrT20+frkcE5of82sWcWJjVRRooocPpZkZqbtbun5dunMnQueL+97usZy4OWhe+XTAtm+Xjh2TXr6UZmdjy8foqDQ8HNfW/LpeLS3Y6iirokAzeVqyDRsiMObtGf7eF/vv3m38mJ7EHKqeHmlsTNq9O+57S4lXQPv6YtXUkfO2j4JFzZjYgGby1HT1amz18EegHDPvX3PQ/NGoiYnGtnx4Sjt8WNq7VxoclA4ciJg5oJ7O/Drz84XfqEvYgFZuzjWHx4Hy9W1/8uDs2Vi9/NOvok9Bz52TxsfjWAU9zVwKwga0+uNUv05TU1PS8ePS58/x/c+/kvUFAj/3zBlp3774ef00s4Cbb5eCsAErga+7+T97XLggPXiw+Lg/NnX6tHTiROyB4zRzSQgbsJL419Grm75W5lNNT2b8P7aGETYA6fBZUQDpEDYA6RA2AOkQNgDpEDYA6RA2AOkQNgDpEDYA6RA2AOkQNgDpEDYA6RA2AOkQNgDpEDYA6RA2AOkQNgDpEDYA6RA2AOkQNgDpEDYA6RA2AOkQNgDpEDYA6RA2AOkQNgDpEDYA6RA2AOkQNgDK5gcW00CVbCY0GwAAAABJRU5ErkJggg=='}}]}, {'role': 'assistant', 'content': 'Final Answer: 0.7'}, {'role': 'user', 'content': [{'type': 'text', 'text': '\nYou are given both an image and a text-based representation of the same stimulus. \nIn both, a red dot appears on a horizontal line\nThe left end of the line corresponds to 0.0, and the right end to 1.0.\n\nText representation (the dot is marked as """"O""""):\n| ---------------.---------~---O-.-----=-|\n\n\nEstimate the horizontal position of the **center** of the red dot as a decimal number between 0 and 1.\nDo not explain. Only output the final answer as a number between 0 and 1:\nFinal Answer:\n'}, {'type': 'image_url', 'image_url': {'url': 'data:image/png;base64,iVBORw0KGgoAAAANSUhEUgAAATYAAABNCAYAAAAsLkgfAAAAOnRFWHRTb2Z0d2FyZQBNYXRwbG90bGliIHZlcnNpb24zLjEwLjMsIGh0dHBzOi8vbWF0cGxvdGxpYi5vcmcvZiW1igAAAAlwSFlzAAAPYQAAD2EBqD+naQAABHxJREFUeJzt3LlrVGEUhvH3jnEZTdS4hMi4xBXEURDBpbHwT1DstBLsLexsre0t02phYWkpohYibqiIRlFEcIn7mlx5OQwj4pJEYXLPPD8Ik0kmmSjk4Xzf/SZFWZalACCRWqd/AAD43wgbgHQIG4B0CBuAdAgbgHQIG4B0CBuAdAgbgHQIG4B0CBuAdAgbgHQIG4B0CBuAdAgbgHQIG4B0CBuAdAgbgHQIG4B0CBuAdAgbgHQIG4B0CBuAdAgbgHQIG4B0CBuAdAgbgHQIG4B0CBuAdAgbgHQIG4B0ejr9AwD4R2UpvXghvXsn9fZKixdLRaFuRtiAKvj8WXr+XPryJUJmb99KZ85Iw8PS/fvtxy5fLh08KB04IK1dK82erW5TlGXrfwnAtORp7MYN6dUr6c0b6dEj6fZt6dSpCN3vzJolHT0qHToU7/uxnz7F9/nwIe47gp7wlixJFUDCBky3icwRcmjsyRPp8uUI0rJl0tWr0vnz0tmzE/u+RSHt2iXt2SMtXCjduiW9fi2Nj8fn+/ulbdukTZukZjMilwBhA6bTRPb1a0xlDk9PTwRvZCSmqcePpTt3pAsX2svRicat2ZTmzImQ+f6MGdKaNdL79xG8HTukwUFp584Ukxt7bEAnOVyOmvfL5s2THjyI0N28GZ9ft06aOTOmrLt3Y2Kb7CxSltK9exG2ej2eZ8EC6du3uNjgSdET28uX8X6joaojbEAnOSSe1JYujZh578vx8ZLQU5unt2fP4uNjY3E7FR8/xtc7cg6a73ty8xLXz+G4bt365z27CikajQZLUaBTHBsvP83BqdUiaP64+b5jMz6u/rLU9dZjp6ApadQxax0F8XLUb34uT4Ve+s6dGx+rOP8LCRtQAaskjfzD1w9Jeqju0NNIsJ4GKr/P5qnJk5onNGstCT1JeZIbG1OfpzW/P0W9kho/Tmy+9fN5QvOVWN/6wkGGiY2rokCH+WLBlSvSpUux9+WNfS8LHTrvvzlu3lu7dk06d669TJ2sel3auDFu/eaIrVghDQ1J27dLo6Nxm2DY4eIB0Gm+ULB7d5xT8ya+j2DMnx8b/Y6Oj2V4orp4Ma6a+uroZNXr8SqE9esjkp7UfLzDx0A2bIjnXLSofX6u4ggbMB14enJkHJ6fD+q2zpWtXBnL1iNH2hccJqJWiyuePtKxZUv7SqiDOjAQrzF11Pz8Cc6wGUtRoGrL1pMnpWPHYqL7269vUUj79kl790qbN8cZNgezry/Ozv0qoAkQNqBqPLWdPi0dPhx7cvbjr3FRxH0H6/jxiJr3zRKF628IG1BV3uz3X/Y4cSJedtUyOCjt3x9L1tWr1Y0IG1B1/hV++jT+6oentIGBeCVDF01oPyNsANLhT4MDSIewAUiHsAFIh7ABSIewAUiHsAFIh7ABSIewAUiHsAFIh7ABSIewAUiHsAFIh7ABSIewAUiHsAFIh7ABSIewAUiHsAFIh7ABSIewAUiHsAFIh7ABSIewAUiHsAFIh7ABSIewAUiHsAFIh7ABUDbfAV+OWd7xBF6nAAAAAElFTkSuQmCC'}}]}]",Final Answer: 0.75
anthropic/claude-3.7-sonnet,sample_001,0.64982,0.64982,0.6,"[{'role': 'system', 'content': 'You are a helpful assistant.'}, {'role': 'user', 'content': [{'type': 'text', 'text': '\nYou are given both an image and a text-based representation of the same stimulus. \nIn both, a red dot appears on a horizontal line\nThe left end of the line corresponds to 0.0, and the right end to 1.0.\n\nText representation (the dot is marked as """"O""""):\n|.-- -~=-------- ---------O--------------|\n\n\nEstimate the horizontal position of the **center** of the red dot as a decimal number between 0 and 1.\nDo not explain. Only output the final answer as a number between 0 and 1:\nFinal Answer:\n'}, {'type': 'image_url', 'image_url': {'url': 'data:image/png;base64,iVBORw0KGgoAAAANSUhEUgAAATYAAABNCAYAAAAsLkgfAAAAOnRFWHRTb2Z0d2FyZQBNYXRwbG90bGliIHZlcnNpb24zLjEwLjMsIGh0dHBzOi8vbWF0cGxvdGxpYi5vcmcvZiW1igAAAAlwSFlzAAAPYQAAD2EBqD+naQAABJVJREFUeJzt3ElvTXEYx/HfbWtuUaQSFy1i0bSRsECQ2HkNYmNnx9LGOxCJROyFlYXY8AZ0YVFCDCExxFBjYqgp5h755XHShohSt72e8/0kTfW0vfda9Nvnf87/tFYURSEASKRlql8AAPxrhA1AOoQNQDqEDUA6hA1AOoQNQDqEDUA6hA1AOoQNQDqEDUA6hA1AOoQNQDqEDUA6hA1AOoQNQDqEDUA6hA1AOoQNQDqEDUA6hA1AOoQNQDqEDUA6hA1AOoQNQDqEDUA6hA1AOoQNQDqEDUA6hA1AOoQNQDptU/0CgKZVFNLz59Lbt1J7u7RwoVSrTfWrwjgQNlTbx4/Ss2fSp0/S9OlSR4f04IF0/Lh07Jh0797o165aJe3eLW3fLn35Mvo9ixZJM2b8/FjlcUy6WlH41xJQMY7QzZvS1avSu3fS3LnShw/SwEAEzXH6UTmtOVZ790pr18bHnZ3SkiXSo0fSy5fS58/S69fSnDlSf7+0ejWBm2SEDdXj5eWFC9KZM9LDh9LMmdLs2RG606djCfo7LS3SgQPSli0x4XmyW748Jr47d6RXr6ThYWnWLGnDBmnduljKYlIQNlRrSnPIBgely5elS5diCvPxoSHpxo3xRa3k5eahQ9KbN/FYmzdLX7/GxLZgQXzNkydSV5e0YoW0cSOT2yThHBuqM6V52Xn9unT+vHTtWgSpry+mL18g+NPf8V6u7t8v9fbGMvTp01iWbtoUj+nA+TnmzYtpcNkyaeXKRv0PMQZhQ36eyBw1T2s+ue8pysHxBYBbt2Jqc5T+xt27ccXUfK7Oj++orVkT59keP47P+bn8dY4cS9KGq9XrdZaiyM3LQ09XIyOjS0X/+/vnOkdGdGUCZ2T6azUNt7VJra3xuA6l3xw4H/PnfLz8mOVow/kyD2FDpXV78JrA9/dIGrMpBE2grV6vT/VrABrLU5q3cngq89Tk6ckf+31RqMPLxAlob21V3VNZOZmV0+C0aTGheXrz5/zcfi3lcTQMV0VRjXNsp05JFy/GnjJH5v792LPmc2s+5+ZzY38TOAfKG3e7u+PNy0xvzPW5tfXrY3/b/PlxBdXB89YQH2egaCguHiA/x8ZXKh0VX50sQ7NtW2yoPXdOun07LiT8KW/C9fTnScx6emJ7h5/DV0gduXJKdES9DcTH0FBMbKgOb8k4eza2fnhq82baxYtj6jp6VDpyZDRQ4+Fgbd0qLV0a05rfO2Z+zLF3Iph/zBw134nAVdGGI2yoll/dz+m7BQ4elA4fHt9+Np8327dP2rEjlpXePsK9o02DsAElh+jECWnXLun9+zg29sejvFfUt1+dPBlLWTQlwgb8yPd4+kZ43y7lc28lXyTYs0fauTM22qJpETbgV/yj8eJFLDN9Ps7nyPh7bP8FwgYgHf40OIB0CBuAdAgbgHQIG4B0CBuAdAgbgHQIG4B0CBuAdAgbgHQIG4B0CBuAdAgbgHQIG4B0CBuAdAgbgHQIG4B0CBuAdAgbgHQIG4B0CBuAdAgbgHQIG4B0CBuAdAgbgHQIG4B0CBuAdAgbgHQIGwBl8w2vMXCzyZNU9QAAAABJRU5ErkJggg=='}}]}]",Final Answer: 0.6
anthropic/claude-3.7-sonnet,sample_002,0.88029,0.88029,0.85,"[{'role': 'system', 'content': 'You are a helpful assistant.'}, {'role': 'user', 'content': [{'type': 'text', 'text': '\nYou are given both an image and a text-based representation of the same stimulus. \nIn both, a red dot appears on a horizontal line\nThe left end of the line corresponds to 0.0, and the right end to 1.0.\n\nText representation (the dot is marked as """"O""""):\n|.-- -~=-------- ---------O--------------|\n\n\nEstimate the horizontal position of the **center** of the red dot as a decimal number between 0 and 1.\nDo not explain. Only output the final answer as a number between 0 and 1:\nFinal Answer:\n'}, {'type': 'image_url', 'image_url': {'url': 'data:image/png;base64,iVBORw0KGgoAAAANSUhEUgAAATYAAABNCAYAAAAsLkgfAAAAOnRFWHRTb2Z0d2FyZQBNYXRwbG90bGliIHZlcnNpb24zLjEwLjMsIGh0dHBzOi8vbWF0cGxvdGxpYi5vcmcvZiW1igAAAAlwSFlzAAAPYQAAD2EBqD+naQAABJVJREFUeJzt3ElvTXEYx/HfbWtuUaQSFy1i0bSRsECQ2HkNYmNnx9LGOxCJROyFlYXY8AZ0YVFCDCExxFBjYqgp5h755XHShohSt72e8/0kTfW0vfda9Nvnf87/tFYURSEASKRlql8AAPxrhA1AOoQNQDqEDUA6hA1AOoQNQDqEDUA6hA1AOoQNQDqEDUA6hA1AOoQNQDqEDUA6hA1AOoQNQDqEDUA6hA1AOoQNQDqEDUA6hA1AOoQNQDqEDUA6hA1AOoQNQDqEDUA6hA1AOoQNQDqEDUA6hA1AOoQNQDptU/0CgKZVFNLz59Lbt1J7u7RwoVSrTfWrwjgQNlTbx4/Ss2fSp0/S9OlSR4f04IF0/Lh07Jh0797o165aJe3eLW3fLn35Mvo9ixZJM2b8/FjlcUy6WlH41xJQMY7QzZvS1avSu3fS3LnShw/SwEAEzXH6UTmtOVZ790pr18bHnZ3SkiXSo0fSy5fS58/S69fSnDlSf7+0ejWBm2SEDdXj5eWFC9KZM9LDh9LMmdLs2RG606djCfo7LS3SgQPSli0x4XmyW748Jr47d6RXr6ThYWnWLGnDBmnduljKYlIQNlRrSnPIBgely5elS5diCvPxoSHpxo3xRa3k5eahQ9KbN/FYmzdLX7/GxLZgQXzNkydSV5e0YoW0cSOT2yThHBuqM6V52Xn9unT+vHTtWgSpry+mL18g+NPf8V6u7t8v9fbGMvTp01iWbtoUj+nA+TnmzYtpcNkyaeXKRv0PMQZhQ36eyBw1T2s+ue8pysHxBYBbt2Jqc5T+xt27ccXUfK7Oj++orVkT59keP47P+bn8dY4cS9KGq9XrdZaiyM3LQ09XIyOjS0X/+/vnOkdGdGUCZ2T6azUNt7VJra3xuA6l3xw4H/PnfLz8mOVow/kyD2FDpXV78JrA9/dIGrMpBE2grV6vT/VrABrLU5q3cngq89Tk6ckf+31RqMPLxAlob21V3VNZOZmV0+C0aTGheXrz5/zcfi3lcTQMV0VRjXNsp05JFy/GnjJH5v792LPmc2s+5+ZzY38TOAfKG3e7u+PNy0xvzPW5tfXrY3/b/PlxBdXB89YQH2egaCguHiA/x8ZXKh0VX50sQ7NtW2yoPXdOun07LiT8KW/C9fTnScx6emJ7h5/DV0gduXJKdES9DcTH0FBMbKgOb8k4eza2fnhq82baxYtj6jp6VDpyZDRQ4+Fgbd0qLV0a05rfO2Z+zLF3Iph/zBw134nAVdGGI2yoll/dz+m7BQ4elA4fHt9+Np8327dP2rEjlpXePsK9o02DsAElh+jECWnXLun9+zg29sejvFfUt1+dPBlLWTQlwgb8yPd4+kZ43y7lc28lXyTYs0fauTM22qJpETbgV/yj8eJFLDN9Ps7nyPh7bP8FwgYgHf40OIB0CBuAdAgbgHQIG4B0CBuAdAgbgHQIG4B0CBuAdAgbgHQIG4B0CBuAdAgbgHQIG4B0CBuAdAgbgHQIG4B0CBuAdAgbgHQIG4B0CBuAdAgbgHQIG4B0CBuAdAgbgHQIG4B0CBuAdAgbgHQIGwBl8w2vMXCzyZNU9QAAAABJRU5ErkJggg=='}}]}, {'role': 'assistant', 'content': 'Final Answer: 0.6'}, {'role': 'user', 'content': [{'type': 'text', 'text': '\nYou are given both an image and a text-based representation of the same stimulus. \nIn both, a red dot appears on a horizontal line\nThe left end of the line corresponds to 0.0, and the right end to 1.0.\n\nText representation (the dot is marked as """"O""""):\n|--~---~----------------=--- =-----O-----|\n\n\nEstimate the horizontal position of the **center** of the red dot as a decimal number between 0 and 1.\nDo not explain. Only output the final answer as a number between 0 and 1:\nFinal Answer:\n'}, {'type': 'image_url', 'image_url': {'url': 'data:image/png;base64,iVBORw0KGgoAAAANSUhEUgAAATYAAABNCAYAAAAsLkgfAAAAOnRFWHRTb2Z0d2FyZQBNYXRwbG90bGliIHZlcnNpb24zLjEwLjMsIGh0dHBzOi8vbWF0cGxvdGxpYi5vcmcvZiW1igAAAAlwSFlzAAAPYQAAD2EBqD+naQAABNNJREFUeJzt3MtvjG0Yx/HfVNUhrSgNYkLfSARJbUScYmdHxEKsJNZi5/+w8ieItZWNtcTCQlCHhOCtQ5yps2L6vPm9lyczeDvTaWv6uvr9JE0P087M6pvrvp/7aaUoikIAkEjXbL8BAJhphA1AOoQNQDqEDUA6hA1AOoQNQDqEDUA6hA1AOoQNQDqEDUA6hA1AOoQNQDqEDUA6hA1AOoQNQDqEDUA6hA1AOoQNQDqEDUA6hA1AOoQNQDqEDUA6hA1AOoQNQDqEDUA6hA1AOoQNQDqEDUA6hA1AOoQNQDrds/0GAPyBxsak58+lp0+lr1+lNWuk1aulSqX++IsX0pcvUk+PNDAgLVjQsbdH2AC01hiqx4+l06elM2cibKXBQen4cWn/funBA+n16/pj/f3S0JC0fHlHolcpiqKY0WcE8Gcb+x6ed++k9+9jInv0SHIqLl+WTpyIKE1k/nzp8GFp716pt1dasiQi19cnrV8v3b5dj56f21PeunXSypU/Rm4aASRsAOpevpQuXZKuX4+p69Ur6dmzCMq3b9LZsxG4ydi2Tdq1S1q1Kqa1Dx+kri5p4cKI2Nu3ETm/zqJF0oYN0ooV8bt27drEU18LhA1AfUI6d066elV6+DD20BwdLz3Hx+Nzu7nYvr2+/7Z2bUxwW7ZEJIeHpY8fpaVLYzLbtCmev3FicwAdQ7++l72e+nbsaDm5cVUUQPBy01Hz8tAcHX98+hST3FRmoBs3pCdPYgl74UIsKx2q0dFY6i5bJnV/3+qv1SJkIyPS/fv1qJk/+3tPkI5gC1w8ABDK6cwTlCPnCcnx8eTUbE+tGe/R+Tm9/PRS1EvPjRvr8SynsXJvzt87cOVjjfy99+Mm8V4q1WqVpSgw142Px2T2+XPEw+Hxz4pC/UWh4Wk89VClotEyWvPmxYenNAesDJtf079Thqv8/mdewvpCgp+jCR86IWwAJjQo6W9N3V+SRtRZ3dVqtcMvCeB/pVaLCc3Tkye2cmLyz2o19U3z6XsrFVU9ZXlK85LUe3WeuPwansDMX/vnfg/lpObXL/f1Gh/7eYn6H7gqCsx19+5JV67E1cubN6Xz5yN23hu7eDH22Lw/Vu6FtcPB8vDkK5579ki7d8fxER8F8c+bnVWbxjk2Lh4Ac11PT3x2uHxGzIdlHRDHyOfKbt2S7t6Nq5vt8vk0P5+j6eMePpfmK6GOlPl1Jlo1NnusBY57AHPdwEAcfvVVUN8l4K/LDf2dO+M2qX37Wm7Y/8J/7wO6W7dGzN68iXNoPmT7m+8bZSkKQP+eUytP+vuOAJ8lc5g8ZTlGPljrqe3YsdjvapUN/61vqzpyJJaSPkriwG3e3JGb4QkbgF/3tMosOFCN+1u+M+HgwTi4a435KC8AeIP/6FHpwIGYANu4Y2CmEDYA7fFdA6dOSSdPSnfu/PjfPQ4diqXm4sUROOfFy9BJ3uM5UwgbgKlxOnyLk+9O8ETmgHlqm+X/xWaEDUA6XBUFkA5hA5AOYQOQDmEDkA5hA5AOYQOQDmEDkA5hA5AOYQOQDmEDkA5hA5AOYQOQDmEDkA5hA5AOYQOQDmEDkA5hA5AOYQOQDmEDkA5hA5AOYQOQDmEDkA5hA5AOYQOQDmEDkA5hA5AOYQOQDmEDoGz+AaQ5oOTiCrZ7AAAAAElFTkSuQmCC'}}]}]",Final Answer: 0.85
anthropic/claude-3.7-sonnet,sample_003,0.7928,0.7928,0.75,"[{'role': 'system', 'content': 'You are a helpful assistant.'}, {'role': 'user', 'content': [{'type': 'text', 'text': '\nYou are given both an image and a text-based representation of the same stimulus. \nIn both, a red dot appears on a horizontal line\nThe left end of the line corresponds to 0.0, and the right end to 1.0.\n\nText representation (the dot is marked as """"O""""):\n|.-- -~=-------- ---------O--------------|\n\n\nEstimate the horizontal position of the **center** of the red dot as a decimal number between 0 and 1.\nDo not explain. Only output the final answer as a number between 0 and 1:\nFinal Answer:\n'}, {'type': 'image_url', 'image_url': {'url': 'data:image/png;base64,iVBORw0KGgoAAAANSUhEUgAAATYAAABNCAYAAAAsLkgfAAAAOnRFWHRTb2Z0d2FyZQBNYXRwbG90bGliIHZlcnNpb24zLjEwLjMsIGh0dHBzOi8vbWF0cGxvdGxpYi5vcmcvZiW1igAAAAlwSFlzAAAPYQAAD2EBqD+naQAABJVJREFUeJzt3ElvTXEYx/HfbWtuUaQSFy1i0bSRsECQ2HkNYmNnx9LGOxCJROyFlYXY8AZ0YVFCDCExxFBjYqgp5h755XHShohSt72e8/0kTfW0vfda9Nvnf87/tFYURSEASKRlql8AAPxrhA1AOoQNQDqEDUA6hA1AOoQNQDqEDUA6hA1AOoQNQDqEDUA6hA1AOoQNQDqEDUA6hA1AOoQNQDqEDUA6hA1AOoQNQDqEDUA6hA1AOoQNQDqEDUA6hA1AOoQNQDqEDUA6hA1AOoQNQDqEDUA6hA1AOoQNQDptU/0CgKZVFNLz59Lbt1J7u7RwoVSrTfWrwjgQNlTbx4/Ss2fSp0/S9OlSR4f04IF0/Lh07Jh0797o165aJe3eLW3fLn35Mvo9ixZJM2b8/FjlcUy6WlH41xJQMY7QzZvS1avSu3fS3LnShw/SwEAEzXH6UTmtOVZ790pr18bHnZ3SkiXSo0fSy5fS58/S69fSnDlSf7+0ejWBm2SEDdXj5eWFC9KZM9LDh9LMmdLs2RG606djCfo7LS3SgQPSli0x4XmyW748Jr47d6RXr6ThYWnWLGnDBmnduljKYlIQNlRrSnPIBgely5elS5diCvPxoSHpxo3xRa3k5eahQ9KbN/FYmzdLX7/GxLZgQXzNkydSV5e0YoW0cSOT2yThHBuqM6V52Xn9unT+vHTtWgSpry+mL18g+NPf8V6u7t8v9fbGMvTp01iWbtoUj+nA+TnmzYtpcNkyaeXKRv0PMQZhQ36eyBw1T2s+ue8pysHxBYBbt2Jqc5T+xt27ccXUfK7Oj++orVkT59keP47P+bn8dY4cS9KGq9XrdZaiyM3LQ09XIyOjS0X/+/vnOkdGdGUCZ2T6azUNt7VJra3xuA6l3xw4H/PnfLz8mOVow/kyD2FDpXV78JrA9/dIGrMpBE2grV6vT/VrABrLU5q3cngq89Tk6ckf+31RqMPLxAlob21V3VNZOZmV0+C0aTGheXrz5/zcfi3lcTQMV0VRjXNsp05JFy/GnjJH5v792LPmc2s+5+ZzY38TOAfKG3e7u+PNy0xvzPW5tfXrY3/b/PlxBdXB89YQH2egaCguHiA/x8ZXKh0VX50sQ7NtW2yoPXdOun07LiT8KW/C9fTnScx6emJ7h5/DV0gduXJKdES9DcTH0FBMbKgOb8k4eza2fnhq82baxYtj6jp6VDpyZDRQ4+Fgbd0qLV0a05rfO2Z+zLF3Iph/zBw134nAVdGGI2yoll/dz+m7BQ4elA4fHt9+Np8327dP2rEjlpXePsK9o02DsAElh+jECWnXLun9+zg29sejvFfUt1+dPBlLWTQlwgb8yPd4+kZ43y7lc28lXyTYs0fauTM22qJpETbgV/yj8eJFLDN9Ps7nyPh7bP8FwgYgHf40OIB0CBuAdAgbgHQIG4B0CBuAdAgbgHQIG4B0CBuAdAgbgHQIG4B0CBuAdAgbgHQIG4B0CBuAdAgbgHQIG4B0CBuAdAgbgHQIG4B0CBuAdAgbgHQIG4B0CBuAdAgbgHQIG4B0CBuAdAgbgHQIGwBl8w2vMXCzyZNU9QAAAABJRU5ErkJggg=='}}]}, {'role': 'assistant', 'content': 'Final Answer: 0.6'}, {'role': 'user', 'content': [{'type': 'text', 'text': '\nYou are given both an image and a text-based representation of the same stimulus. \nIn both, a red dot appears on a horizontal line\nThe left end of the line corresponds to 0.0, and the right end to 1.0.\n\nText representation (the dot is marked as """"O""""):\n|--~---~----------------=--- =-----O-----|\n\n\nEstimate the horizontal position of the **center** of the red dot as a decimal number between 0 and 1.\nDo not explain. Only output the final answer as a number between 0 and 1:\nFinal Answer:\n'}, {'type': 'image_url', 'image_url': {'url': 'data:image/png;base64,iVBORw0KGgoAAAANSUhEUgAAATYAAABNCAYAAAAsLkgfAAAAOnRFWHRTb2Z0d2FyZQBNYXRwbG90bGliIHZlcnNpb24zLjEwLjMsIGh0dHBzOi8vbWF0cGxvdGxpYi5vcmcvZiW1igAAAAlwSFlzAAAPYQAAD2EBqD+naQAABNNJREFUeJzt3MtvjG0Yx/HfVNUhrSgNYkLfSARJbUScYmdHxEKsJNZi5/+w8ieItZWNtcTCQlCHhOCtQ5yps2L6vPm9lyczeDvTaWv6uvr9JE0P087M6pvrvp/7aaUoikIAkEjXbL8BAJhphA1AOoQNQDqEDUA6hA1AOoQNQDqEDUA6hA1AOoQNQDqEDUA6hA1AOoQNQDqEDUA6hA1AOoQNQDqEDUA6hA1AOoQNQDqEDUA6hA1AOoQNQDqEDUA6hA1AOoQNQDqEDUA6hA1AOoQNQDqEDUA6hA1AOoQNQDrds/0GAPyBxsak58+lp0+lr1+lNWuk1aulSqX++IsX0pcvUk+PNDAgLVjQsbdH2AC01hiqx4+l06elM2cibKXBQen4cWn/funBA+n16/pj/f3S0JC0fHlHolcpiqKY0WcE8Gcb+x6ed++k9+9jInv0SHIqLl+WTpyIKE1k/nzp8GFp716pt1dasiQi19cnrV8v3b5dj56f21PeunXSypU/Rm4aASRsAOpevpQuXZKuX4+p69Ur6dmzCMq3b9LZsxG4ydi2Tdq1S1q1Kqa1Dx+kri5p4cKI2Nu3ETm/zqJF0oYN0ooV8bt27drEU18LhA1AfUI6d066elV6+DD20BwdLz3Hx+Nzu7nYvr2+/7Z2bUxwW7ZEJIeHpY8fpaVLYzLbtCmev3FicwAdQ7++l72e+nbsaDm5cVUUQPBy01Hz8tAcHX98+hST3FRmoBs3pCdPYgl74UIsKx2q0dFY6i5bJnV/3+qv1SJkIyPS/fv1qJk/+3tPkI5gC1w8ABDK6cwTlCPnCcnx8eTUbE+tGe/R+Tm9/PRS1EvPjRvr8SynsXJvzt87cOVjjfy99+Mm8V4q1WqVpSgw142Px2T2+XPEw+Hxz4pC/UWh4Wk89VClotEyWvPmxYenNAesDJtf079Thqv8/mdewvpCgp+jCR86IWwAJjQo6W9N3V+SRtRZ3dVqtcMvCeB/pVaLCc3Tkye2cmLyz2o19U3z6XsrFVU9ZXlK85LUe3WeuPwansDMX/vnfg/lpObXL/f1Gh/7eYn6H7gqCsx19+5JV67E1cubN6Xz5yN23hu7eDH22Lw/Vu6FtcPB8vDkK5579ki7d8fxER8F8c+bnVWbxjk2Lh4Ac11PT3x2uHxGzIdlHRDHyOfKbt2S7t6Nq5vt8vk0P5+j6eMePpfmK6GOlPl1Jlo1NnusBY57AHPdwEAcfvVVUN8l4K/LDf2dO+M2qX37Wm7Y/8J/7wO6W7dGzN68iXNoPmT7m+8bZSkKQP+eUytP+vuOAJ8lc5g8ZTlGPljrqe3YsdjvapUN/61vqzpyJJaSPkriwG3e3JGb4QkbgF/3tMosOFCN+1u+M+HgwTi4a435KC8AeIP/6FHpwIGYANu4Y2CmEDYA7fFdA6dOSSdPSnfu/PjfPQ4diqXm4sUROOfFy9BJ3uM5UwgbgKlxOnyLk+9O8ETmgHlqm+X/xWaEDUA6XBUFkA5hA5AOYQOQDmEDkA5hA5AOYQOQDmEDkA5hA5AOYQOQDmEDkA5hA5AOYQOQDmEDkA5hA5AOYQOQDmEDkA5hA5AOYQOQDmEDkA5hA5AOYQOQDmEDkA5hA5AOYQOQDmEDkA5hA5AOYQOQDmEDoGz+AaQ5oOTiCrZ7AAAAAElFTkSuQmCC'}}]}, {'role': 'assistant', 'content': 'Final Answer: 0.85'}, {'role': 'user', 'content': [{'type': 'text', 'text': '\nYou are given both an image and a text-based representation of the same stimulus. \nIn both, a red dot appears on a horizontal line\nThe left end of the line corresponds to 0.0, and the right end to 1.0.\n\nText representation (the dot is marked as """"O""""):\n|--~----~-----------------~=---O----=----|\n\n\nEstimate the horizontal position of the **center** of the red dot as a decimal number between 0 and 1.\nDo not explain. Only output the final answer as a number between 0 and 1:\nFinal Answer:\n'}, {'type': 'image_url', 'image_url': {'url': 'data:image/png;base64,iVBORw0KGgoAAAANSUhEUgAAATYAAABNCAYAAAAsLkgfAAAAOnRFWHRTb2Z0d2FyZQBNYXRwbG90bGliIHZlcnNpb24zLjEwLjMsIGh0dHBzOi8vbWF0cGxvdGxpYi5vcmcvZiW1igAAAAlwSFlzAAAPYQAAD2EBqD+naQAABDBJREFUeJzt3LlrVGsYgPHnJHFPlFFBZdR7XQtJISIW6VSsxEqwE8FaLfwvbG209h+wFgQt3BAE8QqKqFz3BY3B3Why5OVjGC/IJYmCOW+eHwyzJDmTZh6+5Zyp6rqukaREev70PyBJv5thk5SOYZOUjmGTlI5hk5SOYZOUjmGTlI5hk5SOYZOUjmGTlI5hk5SOYZOUjmGTlI5hk5SOYZOUjmGTlI5hk5SOYZOUjmGTlI5hk5SOYZOUjmGTlI5hk5SOYZOUjmGTlI5hk5SOYZOUjmGTlI5hk5SOYZOUTt+f/gckTcGXL/DqFYyOwuzZsHQpzJkDdQ2vX8P799DfD0uWQFUx0xg2qWkiXDdvwsuX5fHICPT2wosXcPo03L/f/d116+DwYThwAObN+3kME6rqOhIvqTEjtStX4MkTePoU7tyBW7fg8mUYGyujs/qHj3RntDZ3Lhw9Cps2wadP8O1bGc0NDZWRXRzn40eYPx82boSFC2kywyY1SQTt0iV4/hyuXoUbN8ptIqoKdu2CbdtKwJ49KzGM6PX0QF9fieLy5bB7N2zYQFMZNqlJa2nv3sHFiyVq587B3bv/HaFNJG5DQ2WKOj4O16/DwED3tZiuxlR28WI4eLCxIzfX2KTpvpb25k33tbdv4do1uHABHj+eXNRC/H5EMY65YkUJ57Jl5bhxvPXrYe3aMr2N6enWrTSRp3tI01EEJ6IWI7R2G1atKtPG8+fLVPTRo7JWNhVfv8LwcFlni1Hb589lE+HDh/J+MSWNqWmsuTVU1W63nYpK001ELAIUu52hE6C4HxujNTrKP7+wijQIjMyaVUZwEbF4HNPUeL94Hu8d63DxegPFlolhkxrmL+DfX/j7v4EH5NXXjmGupOk9YovNg7jF8/FxBuJx/HyK+oF2bEbEiCympDFa64zY4hY7pTElbSh3RaXpfL5arHnF4v7t23D2LLRasGBBic+xYyV2k1VV5Zg7dsDKlSVusZGwenW5T3AeW3OTLGUWi/mDg2UDIc5d64ykYtE/TsuIwG3fDmfOTP7YrRZs3lyOv2ZNuY9z1hJdheCITWrKeWwRuBjFxfMYdcWu5cmTZUo60Y9xby/s31/OW9u5s+y4Jgpah2GTmiTON/vx8qeHD2HfvhK22DH9P1UFhw7Bnj2wZUu5pCopwyY1XUxH9+7tnndW/+Ra0bii4MSJMkpLfPF7h2GTMohv+Dh1Co4fh3v3uq/HetyRI+XbPRYtYqYwbFIm8XEeHi67qXENaFzzOQO/j82wSUrHa0UlpWPYJKVj2CSlY9gkpWPYJKVj2CSlY9gkpWPYJKVj2CSlY9gkpWPYJKVj2CSlY9gkpWPYJKVj2CSlY9gkpWPYJKVj2CSlY9gkpWPYJKVj2CSlY9gkpWPYJKVj2CSlY9gkpWPYJKVj2CSlY9gkkc1310VHXTWff9MAAAAASUVORK5CYII='}}]}]",Final Answer: 0.75
anthropic/claude-3.7-sonnet,sample_004,0.73946,0.73946,0.65,"[{'role': 'system', 'content': 'You are a helpful assistant.'}, {'role': 'user', 'content': [{'type': 'text', 'text': '\nYou are given both an image and a text-based representation of the same stimulus. \nIn both, a red dot appears on a horizontal line\nThe left end of the line corresponds to 0.0, and the right end to 1.0.\n\nText representation (the dot is marked as """"O""""):\n|.-- -~=-------- ---------O--------------|\n\n\nEstimate the horizontal position of the **center** of the red dot as a decimal number between 0 and 1.\nDo not explain. Only output the final answer as a number between 0 and 1:\nFinal Answer:\n'}, {'type': 'image_url', 'image_url': {'url': 'data:image/png;base64,iVBORw0KGgoAAAANSUhEUgAAATYAAABNCAYAAAAsLkgfAAAAOnRFWHRTb2Z0d2FyZQBNYXRwbG90bGliIHZlcnNpb24zLjEwLjMsIGh0dHBzOi8vbWF0cGxvdGxpYi5vcmcvZiW1igAAAAlwSFlzAAAPYQAAD2EBqD+naQAABJVJREFUeJzt3ElvTXEYx/HfbWtuUaQSFy1i0bSRsECQ2HkNYmNnx9LGOxCJROyFlYXY8AZ0YVFCDCExxFBjYqgp5h755XHShohSt72e8/0kTfW0vfda9Nvnf87/tFYURSEASKRlql8AAPxrhA1AOoQNQDqEDUA6hA1AOoQNQDqEDUA6hA1AOoQNQDqEDUA6hA1AOoQNQDqEDUA6hA1AOoQNQDqEDUA6hA1AOoQNQDqEDUA6hA1AOoQNQDqEDUA6hA1AOoQNQDqEDUA6hA1AOoQNQDqEDUA6hA1AOoQNQDptU/0CgKZVFNLz59Lbt1J7u7RwoVSrTfWrwjgQNlTbx4/Ss2fSp0/S9OlSR4f04IF0/Lh07Jh0797o165aJe3eLW3fLn35Mvo9ixZJM2b8/FjlcUy6WlH41xJQMY7QzZvS1avSu3fS3LnShw/SwEAEzXH6UTmtOVZ790pr18bHnZ3SkiXSo0fSy5fS58/S69fSnDlSf7+0ejWBm2SEDdXj5eWFC9KZM9LDh9LMmdLs2RG606djCfo7LS3SgQPSli0x4XmyW748Jr47d6RXr6ThYWnWLGnDBmnduljKYlIQNlRrSnPIBgely5elS5diCvPxoSHpxo3xRa3k5eahQ9KbN/FYmzdLX7/GxLZgQXzNkydSV5e0YoW0cSOT2yThHBuqM6V52Xn9unT+vHTtWgSpry+mL18g+NPf8V6u7t8v9fbGMvTp01iWbtoUj+nA+TnmzYtpcNkyaeXKRv0PMQZhQ36eyBw1T2s+ue8pysHxBYBbt2Jqc5T+xt27ccXUfK7Oj++orVkT59keP47P+bn8dY4cS9KGq9XrdZaiyM3LQ09XIyOjS0X/+/vnOkdGdGUCZ2T6azUNt7VJra3xuA6l3xw4H/PnfLz8mOVow/kyD2FDpXV78JrA9/dIGrMpBE2grV6vT/VrABrLU5q3cngq89Tk6ckf+31RqMPLxAlob21V3VNZOZmV0+C0aTGheXrz5/zcfi3lcTQMV0VRjXNsp05JFy/GnjJH5v792LPmc2s+5+ZzY38TOAfKG3e7u+PNy0xvzPW5tfXrY3/b/PlxBdXB89YQH2egaCguHiA/x8ZXKh0VX50sQ7NtW2yoPXdOun07LiT8KW/C9fTnScx6emJ7h5/DV0gduXJKdES9DcTH0FBMbKgOb8k4eza2fnhq82baxYtj6jp6VDpyZDRQ4+Fgbd0qLV0a05rfO2Z+zLF3Iph/zBw134nAVdGGI2yoll/dz+m7BQ4elA4fHt9+Np8327dP2rEjlpXePsK9o02DsAElh+jECWnXLun9+zg29sejvFfUt1+dPBlLWTQlwgb8yPd4+kZ43y7lc28lXyTYs0fauTM22qJpETbgV/yj8eJFLDN9Ps7nyPh7bP8FwgYgHf40OIB0CBuAdAgbgHQIG4B0CBuAdAgbgHQIG4B0CBuAdAgbgHQIG4B0CBuAdAgbgHQIG4B0CBuAdAgbgHQIG4B0CBuAdAgbgHQIG4B0CBuAdAgbgHQIG4B0CBuAdAgbgHQIG4B0CBuAdAgbgHQIGwBl8w2vMXCzyZNU9QAAAABJRU5ErkJggg=='}}]}, {'role': 'assistant', 'content': 'Final Answer: 0.6'}, {'role': 'user', 'content': [{'type': 'text', 'text': '\nYou are given both an image and a text-based representation of the same stimulus. \nIn both, a red dot appears on a horizontal line\nThe left end of the line corresponds to 0.0, and the right end to 1.0.\n\nText representation (the dot is marked as """"O""""):\n|--~---~----------------=--- =-----O-----|\n\n\nEstimate the horizontal position of the **center** of the red dot as a decimal number between 0 and 1.\nDo not explain. Only output the final answer as a number between 0 and 1:\nFinal Answer:\n'}, {'type': 'image_url', 'image_url': {'url': 'data:image/png;base64,iVBORw0KGgoAAAANSUhEUgAAATYAAABNCAYAAAAsLkgfAAAAOnRFWHRTb2Z0d2FyZQBNYXRwbG90bGliIHZlcnNpb24zLjEwLjMsIGh0dHBzOi8vbWF0cGxvdGxpYi5vcmcvZiW1igAAAAlwSFlzAAAPYQAAD2EBqD+naQAABNNJREFUeJzt3MtvjG0Yx/HfVNUhrSgNYkLfSARJbUScYmdHxEKsJNZi5/+w8ieItZWNtcTCQlCHhOCtQ5yps2L6vPm9lyczeDvTaWv6uvr9JE0P087M6pvrvp/7aaUoikIAkEjXbL8BAJhphA1AOoQNQDqEDUA6hA1AOoQNQDqEDUA6hA1AOoQNQDqEDUA6hA1AOoQNQDqEDUA6hA1AOoQNQDqEDUA6hA1AOoQNQDqEDUA6hA1AOoQNQDqEDUA6hA1AOoQNQDqEDUA6hA1AOoQNQDqEDUA6hA1AOoQNQDrds/0GAPyBxsak58+lp0+lr1+lNWuk1aulSqX++IsX0pcvUk+PNDAgLVjQsbdH2AC01hiqx4+l06elM2cibKXBQen4cWn/funBA+n16/pj/f3S0JC0fHlHolcpiqKY0WcE8Gcb+x6ed++k9+9jInv0SHIqLl+WTpyIKE1k/nzp8GFp716pt1dasiQi19cnrV8v3b5dj56f21PeunXSypU/Rm4aASRsAOpevpQuXZKuX4+p69Ur6dmzCMq3b9LZsxG4ydi2Tdq1S1q1Kqa1Dx+kri5p4cKI2Nu3ETm/zqJF0oYN0ooV8bt27drEU18LhA1AfUI6d066elV6+DD20BwdLz3Hx+Nzu7nYvr2+/7Z2bUxwW7ZEJIeHpY8fpaVLYzLbtCmev3FicwAdQ7++l72e+nbsaDm5cVUUQPBy01Hz8tAcHX98+hST3FRmoBs3pCdPYgl74UIsKx2q0dFY6i5bJnV/3+qv1SJkIyPS/fv1qJk/+3tPkI5gC1w8ABDK6cwTlCPnCcnx8eTUbE+tGe/R+Tm9/PRS1EvPjRvr8SynsXJvzt87cOVjjfy99+Mm8V4q1WqVpSgw142Px2T2+XPEw+Hxz4pC/UWh4Wk89VClotEyWvPmxYenNAesDJtf079Thqv8/mdewvpCgp+jCR86IWwAJjQo6W9N3V+SRtRZ3dVqtcMvCeB/pVaLCc3Tkye2cmLyz2o19U3z6XsrFVU9ZXlK85LUe3WeuPwansDMX/vnfg/lpObXL/f1Gh/7eYn6H7gqCsx19+5JV67E1cubN6Xz5yN23hu7eDH22Lw/Vu6FtcPB8vDkK5579ki7d8fxER8F8c+bnVWbxjk2Lh4Ac11PT3x2uHxGzIdlHRDHyOfKbt2S7t6Nq5vt8vk0P5+j6eMePpfmK6GOlPl1Jlo1NnusBY57AHPdwEAcfvVVUN8l4K/LDf2dO+M2qX37Wm7Y/8J/7wO6W7dGzN68iXNoPmT7m+8bZSkKQP+eUytP+vuOAJ8lc5g8ZTlGPljrqe3YsdjvapUN/61vqzpyJJaSPkriwG3e3JGb4QkbgF/3tMosOFCN+1u+M+HgwTi4a435KC8AeIP/6FHpwIGYANu4Y2CmEDYA7fFdA6dOSSdPSnfu/PjfPQ4diqXm4sUROOfFy9BJ3uM5UwgbgKlxOnyLk+9O8ETmgHlqm+X/xWaEDUA6XBUFkA5hA5AOYQOQDmEDkA5hA5AOYQOQDmEDkA5hA5AOYQOQDmEDkA5hA5AOYQOQDmEDkA5hA5AOYQOQDmEDkA5hA5AOYQOQDmEDkA5hA5AOYQOQDmEDkA5hA5AOYQOQDmEDkA5hA5AOYQOQDmEDoGz+AaQ5oOTiCrZ7AAAAAElFTkSuQmCC'}}]}, {'role': 'assistant', 'content': 'Final Answer: 0.85'}, {'role': 'user', 'content': [{'type': 'text', 'text': '\nYou are given both an image and a text-based representation of the same stimulus. \nIn both, a red dot appears on a horizontal line\nThe left end of the line corresponds to 0.0, and the right end to 1.0.\n\nText representation (the dot is marked as """"O""""):\n|--~----~-----------------~=---O----=----|\n\n\nEstimate the horizontal position of the **center** of the red dot as a decimal number between 0 and 1.\nDo not explain. Only output the final answer as a number between 0 and 1:\nFinal Answer:\n'}, {'type': 'image_url', 'image_url': {'url': 'data:image/png;base64,iVBORw0KGgoAAAANSUhEUgAAATYAAABNCAYAAAAsLkgfAAAAOnRFWHRTb2Z0d2FyZQBNYXRwbG90bGliIHZlcnNpb24zLjEwLjMsIGh0dHBzOi8vbWF0cGxvdGxpYi5vcmcvZiW1igAAAAlwSFlzAAAPYQAAD2EBqD+naQAABDBJREFUeJzt3LlrVGsYgPHnJHFPlFFBZdR7XQtJISIW6VSsxEqwE8FaLfwvbG209h+wFgQt3BAE8QqKqFz3BY3B3Why5OVjGC/IJYmCOW+eHwyzJDmTZh6+5Zyp6rqukaREev70PyBJv5thk5SOYZOUjmGTlI5hk5SOYZOUjmGTlI5hk5SOYZOUjmGTlI5hk5SOYZOUjmGTlI5hk5SOYZOUjmGTlI5hk5SOYZOUjmGTlI5hk5SOYZOUjmGTlI5hk5SOYZOUjmGTlI5hk5SOYZOUjmGTlI5hk5SOYZOUTt+f/gckTcGXL/DqFYyOwuzZsHQpzJkDdQ2vX8P799DfD0uWQFUx0xg2qWkiXDdvwsuX5fHICPT2wosXcPo03L/f/d116+DwYThwAObN+3kME6rqOhIvqTEjtStX4MkTePoU7tyBW7fg8mUYGyujs/qHj3RntDZ3Lhw9Cps2wadP8O1bGc0NDZWRXRzn40eYPx82boSFC2kywyY1SQTt0iV4/hyuXoUbN8ptIqoKdu2CbdtKwJ49KzGM6PX0QF9fieLy5bB7N2zYQFMZNqlJa2nv3sHFiyVq587B3bv/HaFNJG5DQ2WKOj4O16/DwED3tZiuxlR28WI4eLCxIzfX2KTpvpb25k33tbdv4do1uHABHj+eXNRC/H5EMY65YkUJ57Jl5bhxvPXrYe3aMr2N6enWrTSRp3tI01EEJ6IWI7R2G1atKtPG8+fLVPTRo7JWNhVfv8LwcFlni1Hb589lE+HDh/J+MSWNqWmsuTVU1W63nYpK001ELAIUu52hE6C4HxujNTrKP7+wijQIjMyaVUZwEbF4HNPUeL94Hu8d63DxegPFlolhkxrmL+DfX/j7v4EH5NXXjmGupOk9YovNg7jF8/FxBuJx/HyK+oF2bEbEiCympDFa64zY4hY7pTElbSh3RaXpfL5arHnF4v7t23D2LLRasGBBic+xYyV2k1VV5Zg7dsDKlSVusZGwenW5T3AeW3OTLGUWi/mDg2UDIc5d64ykYtE/TsuIwG3fDmfOTP7YrRZs3lyOv2ZNuY9z1hJdheCITWrKeWwRuBjFxfMYdcWu5cmTZUo60Y9xby/s31/OW9u5s+y4Jgpah2GTmiTON/vx8qeHD2HfvhK22DH9P1UFhw7Bnj2wZUu5pCopwyY1XUxH9+7tnndW/+Ra0bii4MSJMkpLfPF7h2GTMohv+Dh1Co4fh3v3uq/HetyRI+XbPRYtYqYwbFIm8XEeHi67qXENaFzzOQO/j82wSUrHa0UlpWPYJKVj2CSlY9gkpWPYJKVj2CSlY9gkpWPYJKVj2CSlY9gkpWPYJKVj2CSlY9gkpWPYJKVj2CSlY9gkpWPYJKVj2CSlY9gkpWPYJKVj2CSlY9gkpWPYJKVj2CSlY9gkpWPYJKVj2CSlY9gkkc1310VHXTWff9MAAAAASUVORK5CYII='}}]}, {'role': 'assistant', 'content': 'Final Answer: 0.75'}, {'role': 'user', 'content': [{'type': 'text', 'text': '\nYou are given both an image and a text-based representation of the same stimulus. \nIn both, a red dot appears on a horizontal line\nThe left end of the line corresponds to 0.0, and the right end to 1.0.\n\nText representation (the dot is marked as """"O""""):\n|------~----------=.------- -O-------- --|\n\n\nEstimate the horizontal position of the **center** of the red dot as a decimal number between 0 and 1.\nDo not explain. Only output the final answer as a number between 0 and 1:\nFinal Answer:\n'}, {'type': 'image_url', 'image_url': {'url': 'data:image/png;base64,iVBORw0KGgoAAAANSUhEUgAAATYAAABNCAYAAAAsLkgfAAAAOnRFWHRTb2Z0d2FyZQBNYXRwbG90bGliIHZlcnNpb24zLjEwLjMsIGh0dHBzOi8vbWF0cGxvdGxpYi5vcmcvZiW1igAAAAlwSFlzAAAPYQAAD2EBqD+naQAABIJJREFUeJzt3EtLlGEchvF7PKSVVlZENJhGFEVGFJSiRPtqKa6CvkEfplW0q12rgnbRKoLETUgtaqGYYFGaSueD+cbN4+u4KGpqxpH/e/1gmJM6Q+Dlc5pKWZZlAoBAmhr9BgCg1ggbgHAIG4BwCBuAcAgbgHAIG4BwCBuAcAgbgHAIG4BwCBuAcAgbgHAIG4BwCBuAcAgbgHAIG4BwCBuAcAgbgHAIG4BwCBuAcAgbgHAIG4BwCBuAcAgbgHAIG4BwCBuAcAgbgHAIG4BwCBuAcAgbgHAIG4BwWhr9BgCsyDLp7Vvpwwepo0PatUv69k2am0vXmzZJu3dLbW2NfqcbHmEDGuXr1xQtX+7ckW7elCYnK8+Xy9LgoHTypNTaKrW3S3v3psf27WvkO9/wSlnmPxMA1pVHZk+fSnfvSlevSt+///5rm5uloSHp6FFp82app0caGanELQ8ko7pVhA2ot7Xh8a+br8fGpNu300jtb5RK0sWLUne39OWLdOiQdP681NQkvXolffxY+dquLqmvL01lC4qwAfWM2evX0vPn0rt3ae3M9xcXpWfPpIcPU+j+lkdup0+nsHlq6hGcp6eOnm8fOJBitrAgdXZKAwOFHbkRNqBe08w3b6THj6Xp6TRFfP9e+vQp3ffFsauWg+XpqC957Lzu5sf375eOHJGOH08RPXMmrdMVEJsHQK1Hao6aI+ZRlUdnW7dKMzPS7GwaXfkxP/8v/H0/flSmtb546rljh7S0lDYf2tqkPXvS1xRUqVwuM2IDasXR8UaAR1K+duhseTk95yWwpSU9+Y+JUp+kRQfS/HO8zubXa2lJt5tW7nua6usC8r8OYQPWUY+kqf/4/l5JL2r4fiJqKRd0Dg7UfcTm215Ty6eMvp9l6lwZuf2rDh9xW/uAR2/5KM1aW9P019cFxeYBUEueeo6OprUwr33duyc9eJDue+3LGwq+eHHf09NqOWLeOPD6mUPm+zt3puMdDqpfY3hYunSpsDuixuYBUEuOiSPjDQRvFnin0uH5/DmdQfNtB8nPzc9X//MdNa+l5a+Vbx7ko7XeXqm/v9BRM8IG1JrPkvkMWX4o158QuH8/TQ09Zdy2TZqaSiO7akZtHp35aIcP4zpu+RGPY8ekLVtSKM+eTYd3C46wAfXgEVO+fu2wOUQvX0rbt0snTqRzbPbo0Z8P6eY7oBcupJj5uIjPxXn059dwKP3Y4cPSuXOFH60Za2zAeh7a9acCzCM5j7zGx6Vr1ypnztb+OuZB82js+nXp1Km0Nue1NJ+L8/d4iuv7/nwoH45fRdiA9fKrD6vbxIR065Z044b0Ys1BjoMHpStXpMuX00jvTz+LkdoqwgZsFP5V9DqZd1A95fRUMx+1oSqEDUA4/NfgAMIhbADCIWwAwiFsAMIhbADCIWwAwiFsAMIhbADCIWwAwiFsAMIhbADCIWwAwiFsAMIhbADCIWwAwiFsAMIhbADCIWwAwiFsAMIhbADCIWwAwiFsAMIhbADCIWwAwiFsAMIhbADCIWwAwiFsABTNT3roXHIAyEx4AAAAAElFTkSuQmCC'}}]}]",Final Answer: 0.65
anthropic/claude-3.7-sonnet,sample_005,0.56241,0.56241,0.4,"[{'role': 'system', 'content': 'You are a helpful assistant.'}, {'role': 'user', 'content': [{'type': 'text', 'text': '\nYou are given both an image and a text-based representation of the same stimulus. \nIn both, a red dot appears on a horizontal line\nThe left end of the line corresponds to 0.0, and the right end to 1.0.\n\nText representation (the dot is marked as """"O""""):\n|.-- -~=-------- ---------O--------------|\n\n\nEstimate the horizontal position of the **center** of the red dot as a decimal number between 0 and 1.\nDo not explain. Only output the final answer as a number between 0 and 1:\nFinal Answer:\n'}, {'type': 'image_url', 'image_url': {'url': 'data:image/png;base64,iVBORw0KGgoAAAANSUhEUgAAATYAAABNCAYAAAAsLkgfAAAAOnRFWHRTb2Z0d2FyZQBNYXRwbG90bGliIHZlcnNpb24zLjEwLjMsIGh0dHBzOi8vbWF0cGxvdGxpYi5vcmcvZiW1igAAAAlwSFlzAAAPYQAAD2EBqD+naQAABJVJREFUeJzt3ElvTXEYx/HfbWtuUaQSFy1i0bSRsECQ2HkNYmNnx9LGOxCJROyFlYXY8AZ0YVFCDCExxFBjYqgp5h755XHShohSt72e8/0kTfW0vfda9Nvnf87/tFYURSEASKRlql8AAPxrhA1AOoQNQDqEDUA6hA1AOoQNQDqEDUA6hA1AOoQNQDqEDUA6hA1AOoQNQDqEDUA6hA1AOoQNQDqEDUA6hA1AOoQNQDqEDUA6hA1AOoQNQDqEDUA6hA1AOoQNQDqEDUA6hA1AOoQNQDqEDUA6hA1AOoQNQDptU/0CgKZVFNLz59Lbt1J7u7RwoVSrTfWrwjgQNlTbx4/Ss2fSp0/S9OlSR4f04IF0/Lh07Jh0797o165aJe3eLW3fLn35Mvo9ixZJM2b8/FjlcUy6WlH41xJQMY7QzZvS1avSu3fS3LnShw/SwEAEzXH6UTmtOVZ790pr18bHnZ3SkiXSo0fSy5fS58/S69fSnDlSf7+0ejWBm2SEDdXj5eWFC9KZM9LDh9LMmdLs2RG606djCfo7LS3SgQPSli0x4XmyW748Jr47d6RXr6ThYWnWLGnDBmnduljKYlIQNlRrSnPIBgely5elS5diCvPxoSHpxo3xRa3k5eahQ9KbN/FYmzdLX7/GxLZgQXzNkydSV5e0YoW0cSOT2yThHBuqM6V52Xn9unT+vHTtWgSpry+mL18g+NPf8V6u7t8v9fbGMvTp01iWbtoUj+nA+TnmzYtpcNkyaeXKRv0PMQZhQ36eyBw1T2s+ue8pysHxBYBbt2Jqc5T+xt27ccXUfK7Oj++orVkT59keP47P+bn8dY4cS9KGq9XrdZaiyM3LQ09XIyOjS0X/+/vnOkdGdGUCZ2T6azUNt7VJra3xuA6l3xw4H/PnfLz8mOVow/kyD2FDpXV78JrA9/dIGrMpBE2grV6vT/VrABrLU5q3cngq89Tk6ckf+31RqMPLxAlob21V3VNZOZmV0+C0aTGheXrz5/zcfi3lcTQMV0VRjXNsp05JFy/GnjJH5v792LPmc2s+5+ZzY38TOAfKG3e7u+PNy0xvzPW5tfXrY3/b/PlxBdXB89YQH2egaCguHiA/x8ZXKh0VX50sQ7NtW2yoPXdOun07LiT8KW/C9fTnScx6emJ7h5/DV0gduXJKdES9DcTH0FBMbKgOb8k4eza2fnhq82baxYtj6jp6VDpyZDRQ4+Fgbd0qLV0a05rfO2Z+zLF3Iph/zBw134nAVdGGI2yoll/dz+m7BQ4elA4fHt9+Np8327dP2rEjlpXePsK9o02DsAElh+jECWnXLun9+zg29sejvFfUt1+dPBlLWTQlwgb8yPd4+kZ43y7lc28lXyTYs0fauTM22qJpETbgV/yj8eJFLDN9Ps7nyPh7bP8FwgYgHf40OIB0CBuAdAgbgHQIG4B0CBuAdAgbgHQIG4B0CBuAdAgbgHQIG4B0CBuAdAgbgHQIG4B0CBuAdAgbgHQIG4B0CBuAdAgbgHQIG4B0CBuAdAgbgHQIG4B0CBuAdAgbgHQIG4B0CBuAdAgbgHQIGwBl8w2vMXCzyZNU9QAAAABJRU5ErkJggg=='}}]}, {'role': 'assistant', 'content': 'Final Answer: 0.6'}, {'role': 'user', 'content': [{'type': 'text', 'text': '\nYou are given both an image and a text-based representation of the same stimulus. \nIn both, a red dot appears on a horizontal line\nThe left end of the line corresponds to 0.0, and the right end to 1.0.\n\nText representation (the dot is marked as """"O""""):\n|--~---~----------------=--- =-----O-----|\n\n\nEstimate the horizontal position of the **center** of the red dot as a decimal number between 0 and 1.\nDo not explain. Only output the final answer as a number between 0 and 1:\nFinal Answer:\n'}, {'type': 'image_url', 'image_url': {'url': 'data:image/png;base64,iVBORw0KGgoAAAANSUhEUgAAATYAAABNCAYAAAAsLkgfAAAAOnRFWHRTb2Z0d2FyZQBNYXRwbG90bGliIHZlcnNpb24zLjEwLjMsIGh0dHBzOi8vbWF0cGxvdGxpYi5vcmcvZiW1igAAAAlwSFlzAAAPYQAAD2EBqD+naQAABNNJREFUeJzt3MtvjG0Yx/HfVNUhrSgNYkLfSARJbUScYmdHxEKsJNZi5/+w8ieItZWNtcTCQlCHhOCtQ5yps2L6vPm9lyczeDvTaWv6uvr9JE0P087M6pvrvp/7aaUoikIAkEjXbL8BAJhphA1AOoQNQDqEDUA6hA1AOoQNQDqEDUA6hA1AOoQNQDqEDUA6hA1AOoQNQDqEDUA6hA1AOoQNQDqEDUA6hA1AOoQNQDqEDUA6hA1AOoQNQDqEDUA6hA1AOoQNQDqEDUA6hA1AOoQNQDqEDUA6hA1AOoQNQDrds/0GAPyBxsak58+lp0+lr1+lNWuk1aulSqX++IsX0pcvUk+PNDAgLVjQsbdH2AC01hiqx4+l06elM2cibKXBQen4cWn/funBA+n16/pj/f3S0JC0fHlHolcpiqKY0WcE8Gcb+x6ed++k9+9jInv0SHIqLl+WTpyIKE1k/nzp8GFp716pt1dasiQi19cnrV8v3b5dj56f21PeunXSypU/Rm4aASRsAOpevpQuXZKuX4+p69Ur6dmzCMq3b9LZsxG4ydi2Tdq1S1q1Kqa1Dx+kri5p4cKI2Nu3ETm/zqJF0oYN0ooV8bt27drEU18LhA1AfUI6d066elV6+DD20BwdLz3Hx+Nzu7nYvr2+/7Z2bUxwW7ZEJIeHpY8fpaVLYzLbtCmev3FicwAdQ7++l72e+nbsaDm5cVUUQPBy01Hz8tAcHX98+hST3FRmoBs3pCdPYgl74UIsKx2q0dFY6i5bJnV/3+qv1SJkIyPS/fv1qJk/+3tPkI5gC1w8ABDK6cwTlCPnCcnx8eTUbE+tGe/R+Tm9/PRS1EvPjRvr8SynsXJvzt87cOVjjfy99+Mm8V4q1WqVpSgw142Px2T2+XPEw+Hxz4pC/UWh4Wk89VClotEyWvPmxYenNAesDJtf079Thqv8/mdewvpCgp+jCR86IWwAJjQo6W9N3V+SRtRZ3dVqtcMvCeB/pVaLCc3Tkye2cmLyz2o19U3z6XsrFVU9ZXlK85LUe3WeuPwansDMX/vnfg/lpObXL/f1Gh/7eYn6H7gqCsx19+5JV67E1cubN6Xz5yN23hu7eDH22Lw/Vu6FtcPB8vDkK5579ki7d8fxER8F8c+bnVWbxjk2Lh4Ac11PT3x2uHxGzIdlHRDHyOfKbt2S7t6Nq5vt8vk0P5+j6eMePpfmK6GOlPl1Jlo1NnusBY57AHPdwEAcfvVVUN8l4K/LDf2dO+M2qX37Wm7Y/8J/7wO6W7dGzN68iXNoPmT7m+8bZSkKQP+eUytP+vuOAJ8lc5g8ZTlGPljrqe3YsdjvapUN/61vqzpyJJaSPkriwG3e3JGb4QkbgF/3tMosOFCN+1u+M+HgwTi4a435KC8AeIP/6FHpwIGYANu4Y2CmEDYA7fFdA6dOSSdPSnfu/PjfPQ4diqXm4sUROOfFy9BJ3uM5UwgbgKlxOnyLk+9O8ETmgHlqm+X/xWaEDUA6XBUFkA5hA5AOYQOQDmEDkA5hA5AOYQOQDmEDkA5hA5AOYQOQDmEDkA5hA5AOYQOQDmEDkA5hA5AOYQOQDmEDkA5hA5AOYQOQDmEDkA5hA5AOYQOQDmEDkA5hA5AOYQOQDmEDkA5hA5AOYQOQDmEDoGz+AaQ5oOTiCrZ7AAAAAElFTkSuQmCC'}}]}, {'role': 'assistant', 'content': 'Final Answer: 0.85'}, {'role': 'user', 'content': [{'type': 'text', 'text': '\nYou are given both an image and a text-based representation of the same stimulus. \nIn both, a red dot appears on a horizontal line\nThe left end of the line corresponds to 0.0, and the right end to 1.0.\n\nText representation (the dot is marked as """"O""""):\n|--~----~-----------------~=---O----=----|\n\n\nEstimate the horizontal position of the **center** of the red dot as a decimal number between 0 and 1.\nDo not explain. Only output the final answer as a number between 0 and 1:\nFinal Answer:\n'}, {'type': 'image_url', 'image_url': {'url': 'data:image/png;base64,iVBORw0KGgoAAAANSUhEUgAAATYAAABNCAYAAAAsLkgfAAAAOnRFWHRTb2Z0d2FyZQBNYXRwbG90bGliIHZlcnNpb24zLjEwLjMsIGh0dHBzOi8vbWF0cGxvdGxpYi5vcmcvZiW1igAAAAlwSFlzAAAPYQAAD2EBqD+naQAABDBJREFUeJzt3LlrVGsYgPHnJHFPlFFBZdR7XQtJISIW6VSsxEqwE8FaLfwvbG209h+wFgQt3BAE8QqKqFz3BY3B3Why5OVjGC/IJYmCOW+eHwyzJDmTZh6+5Zyp6rqukaREev70PyBJv5thk5SOYZOUjmGTlI5hk5SOYZOUjmGTlI5hk5SOYZOUjmGTlI5hk5SOYZOUjmGTlI5hk5SOYZOUjmGTlI5hk5SOYZOUjmGTlI5hk5SOYZOUjmGTlI5hk5SOYZOUjmGTlI5hk5SOYZOUjmGTlI5hk5SOYZOUTt+f/gckTcGXL/DqFYyOwuzZsHQpzJkDdQ2vX8P799DfD0uWQFUx0xg2qWkiXDdvwsuX5fHICPT2wosXcPo03L/f/d116+DwYThwAObN+3kME6rqOhIvqTEjtStX4MkTePoU7tyBW7fg8mUYGyujs/qHj3RntDZ3Lhw9Cps2wadP8O1bGc0NDZWRXRzn40eYPx82boSFC2kywyY1SQTt0iV4/hyuXoUbN8ptIqoKdu2CbdtKwJ49KzGM6PX0QF9fieLy5bB7N2zYQFMZNqlJa2nv3sHFiyVq587B3bv/HaFNJG5DQ2WKOj4O16/DwED3tZiuxlR28WI4eLCxIzfX2KTpvpb25k33tbdv4do1uHABHj+eXNRC/H5EMY65YkUJ57Jl5bhxvPXrYe3aMr2N6enWrTSRp3tI01EEJ6IWI7R2G1atKtPG8+fLVPTRo7JWNhVfv8LwcFlni1Hb589lE+HDh/J+MSWNqWmsuTVU1W63nYpK001ELAIUu52hE6C4HxujNTrKP7+wijQIjMyaVUZwEbF4HNPUeL94Hu8d63DxegPFlolhkxrmL+DfX/j7v4EH5NXXjmGupOk9YovNg7jF8/FxBuJx/HyK+oF2bEbEiCympDFa64zY4hY7pTElbSh3RaXpfL5arHnF4v7t23D2LLRasGBBic+xYyV2k1VV5Zg7dsDKlSVusZGwenW5T3AeW3OTLGUWi/mDg2UDIc5d64ykYtE/TsuIwG3fDmfOTP7YrRZs3lyOv2ZNuY9z1hJdheCITWrKeWwRuBjFxfMYdcWu5cmTZUo60Y9xby/s31/OW9u5s+y4Jgpah2GTmiTON/vx8qeHD2HfvhK22DH9P1UFhw7Bnj2wZUu5pCopwyY1XUxH9+7tnndW/+Ra0bii4MSJMkpLfPF7h2GTMohv+Dh1Co4fh3v3uq/HetyRI+XbPRYtYqYwbFIm8XEeHi67qXENaFzzOQO/j82wSUrHa0UlpWPYJKVj2CSlY9gkpWPYJKVj2CSlY9gkpWPYJKVj2CSlY9gkpWPYJKVj2CSlY9gkpWPYJKVj2CSlY9gkpWPYJKVj2CSlY9gkpWPYJKVj2CSlY9gkpWPYJKVj2CSlY9gkpWPYJKVj2CSlY9gkkc1310VHXTWff9MAAAAASUVORK5CYII='}}]}, {'role': 'assistant', 'content': 'Final Answer: 0.75'}, {'role': 'user', 'content': [{'type': 'text', 'text': '\nYou are given both an image and a text-based representation of the same stimulus. \nIn both, a red dot appears on a horizontal line\nThe left end of the line corresponds to 0.0, and the right end to 1.0.\n\nText representation (the dot is marked as """"O""""):\n|------~----------=.------- -O-------- --|\n\n\nEstimate the horizontal position of the **center** of the red dot as a decimal number between 0 and 1.\nDo not explain. Only output the final answer as a number between 0 and 1:\nFinal Answer:\n'}, {'type': 'image_url', 'image_url': {'url': 'data:image/png;base64,iVBORw0KGgoAAAANSUhEUgAAATYAAABNCAYAAAAsLkgfAAAAOnRFWHRTb2Z0d2FyZQBNYXRwbG90bGliIHZlcnNpb24zLjEwLjMsIGh0dHBzOi8vbWF0cGxvdGxpYi5vcmcvZiW1igAAAAlwSFlzAAAPYQAAD2EBqD+naQAABIJJREFUeJzt3EtLlGEchvF7PKSVVlZENJhGFEVGFJSiRPtqKa6CvkEfplW0q12rgnbRKoLETUgtaqGYYFGaSueD+cbN4+u4KGpqxpH/e/1gmJM6Q+Dlc5pKWZZlAoBAmhr9BgCg1ggbgHAIG4BwCBuAcAgbgHAIG4BwCBuAcAgbgHAIG4BwCBuAcAgbgHAIG4BwCBuAcAgbgHAIG4BwCBuAcAgbgHAIG4BwCBuAcAgbgHAIG4BwCBuAcAgbgHAIG4BwCBuAcAgbgHAIG4BwCBuAcAgbgHAIG4BwWhr9BgCsyDLp7Vvpwwepo0PatUv69k2am0vXmzZJu3dLbW2NfqcbHmEDGuXr1xQtX+7ckW7elCYnK8+Xy9LgoHTypNTaKrW3S3v3psf27WvkO9/wSlnmPxMA1pVHZk+fSnfvSlevSt+///5rm5uloSHp6FFp82app0caGanELQ8ko7pVhA2ot7Xh8a+br8fGpNu300jtb5RK0sWLUne39OWLdOiQdP681NQkvXolffxY+dquLqmvL01lC4qwAfWM2evX0vPn0rt3ae3M9xcXpWfPpIcPU+j+lkdup0+nsHlq6hGcp6eOnm8fOJBitrAgdXZKAwOFHbkRNqBe08w3b6THj6Xp6TRFfP9e+vQp3ffFsauWg+XpqC957Lzu5sf375eOHJGOH08RPXMmrdMVEJsHQK1Hao6aI+ZRlUdnW7dKMzPS7GwaXfkxP/8v/H0/flSmtb546rljh7S0lDYf2tqkPXvS1xRUqVwuM2IDasXR8UaAR1K+duhseTk95yWwpSU9+Y+JUp+kRQfS/HO8zubXa2lJt5tW7nua6usC8r8OYQPWUY+kqf/4/l5JL2r4fiJqKRd0Dg7UfcTm215Ty6eMvp9l6lwZuf2rDh9xW/uAR2/5KM1aW9P019cFxeYBUEueeo6OprUwr33duyc9eJDue+3LGwq+eHHf09NqOWLeOPD6mUPm+zt3puMdDqpfY3hYunSpsDuixuYBUEuOiSPjDQRvFnin0uH5/DmdQfNtB8nPzc9X//MdNa+l5a+Vbx7ko7XeXqm/v9BRM8IG1JrPkvkMWX4o158QuH8/TQ09Zdy2TZqaSiO7akZtHp35aIcP4zpu+RGPY8ekLVtSKM+eTYd3C46wAfXgEVO+fu2wOUQvX0rbt0snTqRzbPbo0Z8P6eY7oBcupJj5uIjPxXn059dwKP3Y4cPSuXOFH60Za2zAeh7a9acCzCM5j7zGx6Vr1ypnztb+OuZB82js+nXp1Km0Nue1NJ+L8/d4iuv7/nwoH45fRdiA9fKrD6vbxIR065Z044b0Ys1BjoMHpStXpMuX00jvTz+LkdoqwgZsFP5V9DqZd1A95fRUMx+1oSqEDUA4/NfgAMIhbADCIWwAwiFsAMIhbADCIWwAwiFsAMIhbADCIWwAwiFsAMIhbADCIWwAwiFsAMIhbADCIWwAwiFsAMIhbADCIWwAwiFsAMIhbADCIWwAwiFsAMIhbADCIWwAwiFsAMIhbADCIWwAwiFsABTNT3roXHIAyEx4AAAAAElFTkSuQmCC'}}]}, {'role': 'assistant', 'content': 'Final Answer: 0.65'}, {'role': 'user', 'content': [{'type': 'text', 'text': '\nYou are given both an image and a text-based representation of the same stimulus. \nIn both, a red dot appears on a horizontal line\nThe left end of the line corresponds to 0.0, and the right end to 1.0.\n\nText representation (the dot is marked as """"O""""):\n|-- ------ --=- ----=-O------------------|\n\n\nEstimate the horizontal position of the **center** of the red dot as a decimal number between 0 and 1.\nDo not explain. Only output the final answer as a number between 0 and 1:\nFinal Answer:\n'}, {'type': 'image_url', 'image_url': {'url': 'data:image/png;base64,iVBORw0KGgoAAAANSUhEUgAAATYAAABNCAYAAAAsLkgfAAAAOnRFWHRTb2Z0d2FyZQBNYXRwbG90bGliIHZlcnNpb24zLjEwLjMsIGh0dHBzOi8vbWF0cGxvdGxpYi5vcmcvZiW1igAAAAlwSFlzAAAPYQAAD2EBqD+naQAABHBJREFUeJzt28tvTH8Yx/HP1FCXVhTRMJIiLCTduCysLOxspCthw1L8AeIf8BfY6bJrSwsSKwuREAu6Qht1i1u1LnGvIx+Pk9atVMmZeeb9Sk46nXbOjPx+3p7zPefUiqIoBACJdFT9AQDgXyNsANIhbADSIWwA0iFsANIhbADSIWwA0iFsANIhbADSIWwA0iFsANIhbADSIWwA0iFsANIhbADSIWwA0iFsANIhbADSIWwA0iFsANIhbADSIWwA0iFsANIhbADSIWwA0iFsANIhbADSIWwA0iFsANIhbADSqVf9AYA5eftWunlTmpyUVqyQtmyRFi+u+lOhyRA2NK9376SnT6X376U3b6TTp6VTp6QHD6Z/Z+1a6dAh6eBBafXq2Do7q/zUaAK1oiiKqj8E8EPMHj2SRkcjapcuRdD8+Fccs+PHpT17pP5+adWqb8O4aBHRayNMbGgOjpAPMa9ejYns7t2IkuN25crvX+94nTghTUxIT55IO3ZId+7E96Wenunole9J+FJiYkP1xsdjKjt7Vhobi/Wzhw/j+WfP5ravBQukgQFp69bY+vqkFy8iYs+fS+vWSbt3S69eScPDs4cPLYuwoVoOzrlz0oULMa29fh2HoZ7aZjv0nM3y5RG1XbuklSulDx+kZcsien6/vXsjbC9fSr29UkeH9OlTvG93d7yOya2lcbkHqnX/vnTtWpwc8OZDQsfnb6NmDtaNG9KZM3EY6++9LV0a7+Hp8PHj6aiZv/p7T4g+PEVLqzUaDSY2VKc84+mJyY9rNenjR/UUha7PY7f9kiYdq3o9Ymnetzfz9LZw4Y8vnJqK5/1ztCz/VyZsaDp9km7P4/UbJI39w8+D1lJvNBpVfwa0s/IQ9Ouk9mVimppS9zx32yWp4YnNk9fM6WvJkumpzV9n/szv7edYX2t5nDxAtetrFy/GmdCREenePenWrfjqxf358HqZ70rwYejGjXFCwetqvgxk+/b4mS8vKc+K+q+BTzRwVjQFrmNDdbym5vWsbdtikvLivgPj532blC/78BQ3V47Z5s2x+YyoJzDvy+t4jlYZL29cx5YSExuqndguX5a8HOKAOT6+1sxnLT1N+bnz5yNIf8qHkjt3RrwcKcfK/LirS9q3T9q06b/9kdAcmNhQHUfHF8X6+jEfOq5ZE885ZOvXR4h8GDk4GL//u3+DHbX9++MCXE+C3le5xuZLSDyhsabcFpjYUC3fXTDzDoByrctrYOVhqdfhjhyJi3fL3/meJ7Jjx6SjR+Pxz/bJ+lnbIGyo3p/cs+nD1KEh6eTJONFQ8i1Thw9LBw7EIWb5Ou4DbWuEDa3F/7v67gDfSeDbnzyJlZdvAF8RNgDpcK8ogHQIG4B0CBuAdAgbgHQIG4B0CBuAdAgbgHQIG4B0CBuAdAgbgHQIG4B0CBuAdAgbgHQIG4B0CBuAdAgbgHQIG4B0CBuAdAgbgHQIG4B0CBuAdAgbgHQIG4B0CBuAdAgbgHQIG4B0CBuAdAgbAGXzGahxa5hlk7orAAAAAElFTkSuQmCC'}}]}]",Final Answer: 0.4
anthropic/claude-3.7-sonnet,sample_006,0.5624,0.5624,0.5,"[{'role': 'system', 'content': 'You are a helpful assistant.'}, {'role': 'user', 'content': [{'type': 'text', 'text': '\nYou are given both an image and a text-based representation of the same stimulus. \nIn both, a red dot appears on a horizontal line\nThe left end of the line corresponds to 0.0, and the right end to 1.0.\n\nText representation (the dot is marked as """"O""""):\n|.-- -~=-------- ---------O--------------|\n\n\nEstimate the horizontal position of the **center** of the red dot as a decimal number between 0 and 1.\nDo not explain. Only output the final answer as a number between 0 and 1:\nFinal Answer:\n'}, {'type': 'image_url', 'image_url': {'url': 'data:image/png;base64,iVBORw0KGgoAAAANSUhEUgAAATYAAABNCAYAAAAsLkgfAAAAOnRFWHRTb2Z0d2FyZQBNYXRwbG90bGliIHZlcnNpb24zLjEwLjMsIGh0dHBzOi8vbWF0cGxvdGxpYi5vcmcvZiW1igAAAAlwSFlzAAAPYQAAD2EBqD+naQAABJVJREFUeJzt3ElvTXEYx/HfbWtuUaQSFy1i0bSRsECQ2HkNYmNnx9LGOxCJROyFlYXY8AZ0YVFCDCExxFBjYqgp5h755XHShohSt72e8/0kTfW0vfda9Nvnf87/tFYURSEASKRlql8AAPxrhA1AOoQNQDqEDUA6hA1AOoQNQDqEDUA6hA1AOoQNQDqEDUA6hA1AOoQNQDqEDUA6hA1AOoQNQDqEDUA6hA1AOoQNQDqEDUA6hA1AOoQNQDqEDUA6hA1AOoQNQDqEDUA6hA1AOoQNQDqEDUA6hA1AOoQNQDptU/0CgKZVFNLz59Lbt1J7u7RwoVSrTfWrwjgQNlTbx4/Ss2fSp0/S9OlSR4f04IF0/Lh07Jh0797o165aJe3eLW3fLn35Mvo9ixZJM2b8/FjlcUy6WlH41xJQMY7QzZvS1avSu3fS3LnShw/SwEAEzXH6UTmtOVZ790pr18bHnZ3SkiXSo0fSy5fS58/S69fSnDlSf7+0ejWBm2SEDdXj5eWFC9KZM9LDh9LMmdLs2RG606djCfo7LS3SgQPSli0x4XmyW748Jr47d6RXr6ThYWnWLGnDBmnduljKYlIQNlRrSnPIBgely5elS5diCvPxoSHpxo3xRa3k5eahQ9KbN/FYmzdLX7/GxLZgQXzNkydSV5e0YoW0cSOT2yThHBuqM6V52Xn9unT+vHTtWgSpry+mL18g+NPf8V6u7t8v9fbGMvTp01iWbtoUj+nA+TnmzYtpcNkyaeXKRv0PMQZhQ36eyBw1T2s+ue8pysHxBYBbt2Jqc5T+xt27ccXUfK7Oj++orVkT59keP47P+bn8dY4cS9KGq9XrdZaiyM3LQ09XIyOjS0X/+/vnOkdGdGUCZ2T6azUNt7VJra3xuA6l3xw4H/PnfLz8mOVow/kyD2FDpXV78JrA9/dIGrMpBE2grV6vT/VrABrLU5q3cngq89Tk6ckf+31RqMPLxAlob21V3VNZOZmV0+C0aTGheXrz5/zcfi3lcTQMV0VRjXNsp05JFy/GnjJH5v792LPmc2s+5+ZzY38TOAfKG3e7u+PNy0xvzPW5tfXrY3/b/PlxBdXB89YQH2egaCguHiA/x8ZXKh0VX50sQ7NtW2yoPXdOun07LiT8KW/C9fTnScx6emJ7h5/DV0gduXJKdES9DcTH0FBMbKgOb8k4eza2fnhq82baxYtj6jp6VDpyZDRQ4+Fgbd0qLV0a05rfO2Z+zLF3Iph/zBw134nAVdGGI2yoll/dz+m7BQ4elA4fHt9+Np8327dP2rEjlpXePsK9o02DsAElh+jECWnXLun9+zg29sejvFfUt1+dPBlLWTQlwgb8yPd4+kZ43y7lc28lXyTYs0fauTM22qJpETbgV/yj8eJFLDN9Ps7nyPh7bP8FwgYgHf40OIB0CBuAdAgbgHQIG4B0CBuAdAgbgHQIG4B0CBuAdAgbgHQIG4B0CBuAdAgbgHQIG4B0CBuAdAgbgHQIG4B0CBuAdAgbgHQIG4B0CBuAdAgbgHQIG4B0CBuAdAgbgHQIG4B0CBuAdAgbgHQIGwBl8w2vMXCzyZNU9QAAAABJRU5ErkJggg=='}}]}, {'role': 'assistant', 'content': 'Final Answer: 0.6'}, {'role': 'user', 'content': [{'type': 'text', 'text': '\nYou are given both an image and a text-based representation of the same stimulus. \nIn both, a red dot appears on a horizontal line\nThe left end of the line corresponds to 0.0, and the right end to 1.0.\n\nText representation (the dot is marked as """"O""""):\n|--~---~----------------=--- =-----O-----|\n\n\nEstimate the horizontal position of the **center** of the red dot as a decimal number between 0 and 1.\nDo not explain. Only output the final answer as a number between 0 and 1:\nFinal Answer:\n'}, {'type': 'image_url', 'image_url': {'url': 'data:image/png;base64,iVBORw0KGgoAAAANSUhEUgAAATYAAABNCAYAAAAsLkgfAAAAOnRFWHRTb2Z0d2FyZQBNYXRwbG90bGliIHZlcnNpb24zLjEwLjMsIGh0dHBzOi8vbWF0cGxvdGxpYi5vcmcvZiW1igAAAAlwSFlzAAAPYQAAD2EBqD+naQAABNNJREFUeJzt3MtvjG0Yx/HfVNUhrSgNYkLfSARJbUScYmdHxEKsJNZi5/+w8ieItZWNtcTCQlCHhOCtQ5yps2L6vPm9lyczeDvTaWv6uvr9JE0P087M6pvrvp/7aaUoikIAkEjXbL8BAJhphA1AOoQNQDqEDUA6hA1AOoQNQDqEDUA6hA1AOoQNQDqEDUA6hA1AOoQNQDqEDUA6hA1AOoQNQDqEDUA6hA1AOoQNQDqEDUA6hA1AOoQNQDqEDUA6hA1AOoQNQDqEDUA6hA1AOoQNQDqEDUA6hA1AOoQNQDrds/0GAPyBxsak58+lp0+lr1+lNWuk1aulSqX++IsX0pcvUk+PNDAgLVjQsbdH2AC01hiqx4+l06elM2cibKXBQen4cWn/funBA+n16/pj/f3S0JC0fHlHolcpiqKY0WcE8Gcb+x6ed++k9+9jInv0SHIqLl+WTpyIKE1k/nzp8GFp716pt1dasiQi19cnrV8v3b5dj56f21PeunXSypU/Rm4aASRsAOpevpQuXZKuX4+p69Ur6dmzCMq3b9LZsxG4ydi2Tdq1S1q1Kqa1Dx+kri5p4cKI2Nu3ETm/zqJF0oYN0ooV8bt27drEU18LhA1AfUI6d066elV6+DD20BwdLz3Hx+Nzu7nYvr2+/7Z2bUxwW7ZEJIeHpY8fpaVLYzLbtCmev3FicwAdQ7++l72e+nbsaDm5cVUUQPBy01Hz8tAcHX98+hST3FRmoBs3pCdPYgl74UIsKx2q0dFY6i5bJnV/3+qv1SJkIyPS/fv1qJk/+3tPkI5gC1w8ABDK6cwTlCPnCcnx8eTUbE+tGe/R+Tm9/PRS1EvPjRvr8SynsXJvzt87cOVjjfy99+Mm8V4q1WqVpSgw142Px2T2+XPEw+Hxz4pC/UWh4Wk89VClotEyWvPmxYenNAesDJtf079Thqv8/mdewvpCgp+jCR86IWwAJjQo6W9N3V+SRtRZ3dVqtcMvCeB/pVaLCc3Tkye2cmLyz2o19U3z6XsrFVU9ZXlK85LUe3WeuPwansDMX/vnfg/lpObXL/f1Gh/7eYn6H7gqCsx19+5JV67E1cubN6Xz5yN23hu7eDH22Lw/Vu6FtcPB8vDkK5579ki7d8fxER8F8c+bnVWbxjk2Lh4Ac11PT3x2uHxGzIdlHRDHyOfKbt2S7t6Nq5vt8vk0P5+j6eMePpfmK6GOlPl1Jlo1NnusBY57AHPdwEAcfvVVUN8l4K/LDf2dO+M2qX37Wm7Y/8J/7wO6W7dGzN68iXNoPmT7m+8bZSkKQP+eUytP+vuOAJ8lc5g8ZTlGPljrqe3YsdjvapUN/61vqzpyJJaSPkriwG3e3JGb4QkbgF/3tMosOFCN+1u+M+HgwTi4a435KC8AeIP/6FHpwIGYANu4Y2CmEDYA7fFdA6dOSSdPSnfu/PjfPQ4diqXm4sUROOfFy9BJ3uM5UwgbgKlxOnyLk+9O8ETmgHlqm+X/xWaEDUA6XBUFkA5hA5AOYQOQDmEDkA5hA5AOYQOQDmEDkA5hA5AOYQOQDmEDkA5hA5AOYQOQDmEDkA5hA5AOYQOQDmEDkA5hA5AOYQOQDmEDkA5hA5AOYQOQDmEDkA5hA5AOYQOQDmEDkA5hA5AOYQOQDmEDoGz+AaQ5oOTiCrZ7AAAAAElFTkSuQmCC'}}]}, {'role': 'assistant', 'content': 'Final Answer: 0.85'}, {'role': 'user', 'content': [{'type': 'text', 'text': '\nYou are given both an image and a text-based representation of the same stimulus. \nIn both, a red dot appears on a horizontal line\nThe left end of the line corresponds to 0.0, and the right end to 1.0.\n\nText representation (the dot is marked as """"O""""):\n|--~----~-----------------~=---O----=----|\n\n\nEstimate the horizontal position of the **center** of the red dot as a decimal number between 0 and 1.\nDo not explain. Only output the final answer as a number between 0 and 1:\nFinal Answer:\n'}, {'type': 'image_url', 'image_url': {'url': 'data:image/png;base64,iVBORw0KGgoAAAANSUhEUgAAATYAAABNCAYAAAAsLkgfAAAAOnRFWHRTb2Z0d2FyZQBNYXRwbG90bGliIHZlcnNpb24zLjEwLjMsIGh0dHBzOi8vbWF0cGxvdGxpYi5vcmcvZiW1igAAAAlwSFlzAAAPYQAAD2EBqD+naQAABDBJREFUeJzt3LlrVGsYgPHnJHFPlFFBZdR7XQtJISIW6VSsxEqwE8FaLfwvbG209h+wFgQt3BAE8QqKqFz3BY3B3Why5OVjGC/IJYmCOW+eHwyzJDmTZh6+5Zyp6rqukaREev70PyBJv5thk5SOYZOUjmGTlI5hk5SOYZOUjmGTlI5hk5SOYZOUjmGTlI5hk5SOYZOUjmGTlI5hk5SOYZOUjmGTlI5hk5SOYZOUjmGTlI5hk5SOYZOUjmGTlI5hk5SOYZOUjmGTlI5hk5SOYZOUjmGTlI5hk5SOYZOUTt+f/gckTcGXL/DqFYyOwuzZsHQpzJkDdQ2vX8P799DfD0uWQFUx0xg2qWkiXDdvwsuX5fHICPT2wosXcPo03L/f/d116+DwYThwAObN+3kME6rqOhIvqTEjtStX4MkTePoU7tyBW7fg8mUYGyujs/qHj3RntDZ3Lhw9Cps2wadP8O1bGc0NDZWRXRzn40eYPx82boSFC2kywyY1SQTt0iV4/hyuXoUbN8ptIqoKdu2CbdtKwJ49KzGM6PX0QF9fieLy5bB7N2zYQFMZNqlJa2nv3sHFiyVq587B3bv/HaFNJG5DQ2WKOj4O16/DwED3tZiuxlR28WI4eLCxIzfX2KTpvpb25k33tbdv4do1uHABHj+eXNRC/H5EMY65YkUJ57Jl5bhxvPXrYe3aMr2N6enWrTSRp3tI01EEJ6IWI7R2G1atKtPG8+fLVPTRo7JWNhVfv8LwcFlni1Hb589lE+HDh/J+MSWNqWmsuTVU1W63nYpK001ELAIUu52hE6C4HxujNTrKP7+wijQIjMyaVUZwEbF4HNPUeL94Hu8d63DxegPFlolhkxrmL+DfX/j7v4EH5NXXjmGupOk9YovNg7jF8/FxBuJx/HyK+oF2bEbEiCympDFa64zY4hY7pTElbSh3RaXpfL5arHnF4v7t23D2LLRasGBBic+xYyV2k1VV5Zg7dsDKlSVusZGwenW5T3AeW3OTLGUWi/mDg2UDIc5d64ykYtE/TsuIwG3fDmfOTP7YrRZs3lyOv2ZNuY9z1hJdheCITWrKeWwRuBjFxfMYdcWu5cmTZUo60Y9xby/s31/OW9u5s+y4Jgpah2GTmiTON/vx8qeHD2HfvhK22DH9P1UFhw7Bnj2wZUu5pCopwyY1XUxH9+7tnndW/+Ra0bii4MSJMkpLfPF7h2GTMohv+Dh1Co4fh3v3uq/HetyRI+XbPRYtYqYwbFIm8XEeHi67qXENaFzzOQO/j82wSUrHa0UlpWPYJKVj2CSlY9gkpWPYJKVj2CSlY9gkpWPYJKVj2CSlY9gkpWPYJKVj2CSlY9gkpWPYJKVj2CSlY9gkpWPYJKVj2CSlY9gkpWPYJKVj2CSlY9gkpWPYJKVj2CSlY9gkpWPYJKVj2CSlY9gkkc1310VHXTWff9MAAAAASUVORK5CYII='}}]}, {'role': 'assistant', 'content': 'Final Answer: 0.75'}, {'role': 'user', 'content': [{'type': 'text', 'text': '\nYou are given both an image and a text-based representation of the same stimulus. \nIn both, a red dot appears on a horizontal line\nThe left end of the line corresponds to 0.0, and the right end to 1.0.\n\nText representation (the dot is marked as """"O""""):\n|------~----------=.------- -O-------- --|\n\n\nEstimate the horizontal position of the **center** of the red dot as a decimal number between 0 and 1.\nDo not explain. Only output the final answer as a number between 0 and 1:\nFinal Answer:\n'}, {'type': 'image_url', 'image_url': {'url': 'data:image/png;base64,iVBORw0KGgoAAAANSUhEUgAAATYAAABNCAYAAAAsLkgfAAAAOnRFWHRTb2Z0d2FyZQBNYXRwbG90bGliIHZlcnNpb24zLjEwLjMsIGh0dHBzOi8vbWF0cGxvdGxpYi5vcmcvZiW1igAAAAlwSFlzAAAPYQAAD2EBqD+naQAABIJJREFUeJzt3EtLlGEchvF7PKSVVlZENJhGFEVGFJSiRPtqKa6CvkEfplW0q12rgnbRKoLETUgtaqGYYFGaSueD+cbN4+u4KGpqxpH/e/1gmJM6Q+Dlc5pKWZZlAoBAmhr9BgCg1ggbgHAIG4BwCBuAcAgbgHAIG4BwCBuAcAgbgHAIG4BwCBuAcAgbgHAIG4BwCBuAcAgbgHAIG4BwCBuAcAgbgHAIG4BwCBuAcAgbgHAIG4BwCBuAcAgbgHAIG4BwCBuAcAgbgHAIG4BwCBuAcAgbgHAIG4BwWhr9BgCsyDLp7Vvpwwepo0PatUv69k2am0vXmzZJu3dLbW2NfqcbHmEDGuXr1xQtX+7ckW7elCYnK8+Xy9LgoHTypNTaKrW3S3v3psf27WvkO9/wSlnmPxMA1pVHZk+fSnfvSlevSt+///5rm5uloSHp6FFp82app0caGanELQ8ko7pVhA2ot7Xh8a+br8fGpNu300jtb5RK0sWLUne39OWLdOiQdP681NQkvXolffxY+dquLqmvL01lC4qwAfWM2evX0vPn0rt3ae3M9xcXpWfPpIcPU+j+lkdup0+nsHlq6hGcp6eOnm8fOJBitrAgdXZKAwOFHbkRNqBe08w3b6THj6Xp6TRFfP9e+vQp3ffFsauWg+XpqC957Lzu5sf375eOHJGOH08RPXMmrdMVEJsHQK1Hao6aI+ZRlUdnW7dKMzPS7GwaXfkxP/8v/H0/flSmtb546rljh7S0lDYf2tqkPXvS1xRUqVwuM2IDasXR8UaAR1K+duhseTk95yWwpSU9+Y+JUp+kRQfS/HO8zubXa2lJt5tW7nua6usC8r8OYQPWUY+kqf/4/l5JL2r4fiJqKRd0Dg7UfcTm215Ty6eMvp9l6lwZuf2rDh9xW/uAR2/5KM1aW9P019cFxeYBUEueeo6OprUwr33duyc9eJDue+3LGwq+eHHf09NqOWLeOPD6mUPm+zt3puMdDqpfY3hYunSpsDuixuYBUEuOiSPjDQRvFnin0uH5/DmdQfNtB8nPzc9X//MdNa+l5a+Vbx7ko7XeXqm/v9BRM8IG1JrPkvkMWX4o158QuH8/TQ09Zdy2TZqaSiO7akZtHp35aIcP4zpu+RGPY8ekLVtSKM+eTYd3C46wAfXgEVO+fu2wOUQvX0rbt0snTqRzbPbo0Z8P6eY7oBcupJj5uIjPxXn059dwKP3Y4cPSuXOFH60Za2zAeh7a9acCzCM5j7zGx6Vr1ypnztb+OuZB82js+nXp1Km0Nue1NJ+L8/d4iuv7/nwoH45fRdiA9fKrD6vbxIR065Z044b0Ys1BjoMHpStXpMuX00jvTz+LkdoqwgZsFP5V9DqZd1A95fRUMx+1oSqEDUA4/NfgAMIhbADCIWwAwiFsAMIhbADCIWwAwiFsAMIhbADCIWwAwiFsAMIhbADCIWwAwiFsAMIhbADCIWwAwiFsAMIhbADCIWwAwiFsAMIhbADCIWwAwiFsAMIhbADCIWwAwiFsAMIhbADCIWwAwiFsABTNT3roXHIAyEx4AAAAAElFTkSuQmCC'}}]}, {'role': 'assistant', 'content': 'Final Answer: 0.65'}, {'role': 'user', 'content': [{'type': 'text', 'text': '\nYou are given both an image and a text-based representation of the same stimulus. \nIn both, a red dot appears on a horizontal line\nThe left end of the line corresponds to 0.0, and the right end to 1.0.\n\nText representation (the dot is marked as """"O""""):\n|-- ------ --=- ----=-O------------------|\n\n\nEstimate the horizontal position of the **center** of the red dot as a decimal number between 0 and 1.\nDo not explain. Only output the final answer as a number between 0 and 1:\nFinal Answer:\n'}, {'type': 'image_url', 'image_url': {'url': 'data:image/png;base64,iVBORw0KGgoAAAANSUhEUgAAATYAAABNCAYAAAAsLkgfAAAAOnRFWHRTb2Z0d2FyZQBNYXRwbG90bGliIHZlcnNpb24zLjEwLjMsIGh0dHBzOi8vbWF0cGxvdGxpYi5vcmcvZiW1igAAAAlwSFlzAAAPYQAAD2EBqD+naQAABHBJREFUeJzt28tvTH8Yx/HP1FCXVhTRMJIiLCTduCysLOxspCthw1L8AeIf8BfY6bJrSwsSKwuREAu6Qht1i1u1LnGvIx+Pk9atVMmZeeb9Sk46nXbOjPx+3p7zPefUiqIoBACJdFT9AQDgXyNsANIhbADSIWwA0iFsANIhbADSIWwA0iFsANIhbADSIWwA0iFsANIhbADSIWwA0iFsANIhbADSIWwA0iFsANIhbADSIWwA0iFsANIhbADSIWwA0iFsANIhbADSIWwA0iFsANIhbADSIWwA0iFsANIhbADSqVf9AYA5eftWunlTmpyUVqyQtmyRFi+u+lOhyRA2NK9376SnT6X376U3b6TTp6VTp6QHD6Z/Z+1a6dAh6eBBafXq2Do7q/zUaAK1oiiKqj8E8EPMHj2SRkcjapcuRdD8+Fccs+PHpT17pP5+adWqb8O4aBHRayNMbGgOjpAPMa9ejYns7t2IkuN25crvX+94nTghTUxIT55IO3ZId+7E96Wenunole9J+FJiYkP1xsdjKjt7Vhobi/Wzhw/j+WfP5ravBQukgQFp69bY+vqkFy8iYs+fS+vWSbt3S69eScPDs4cPLYuwoVoOzrlz0oULMa29fh2HoZ7aZjv0nM3y5RG1XbuklSulDx+kZcsien6/vXsjbC9fSr29UkeH9OlTvG93d7yOya2lcbkHqnX/vnTtWpwc8OZDQsfnb6NmDtaNG9KZM3EY6++9LV0a7+Hp8PHj6aiZv/p7T4g+PEVLqzUaDSY2VKc84+mJyY9rNenjR/UUha7PY7f9kiYdq3o9Ymnetzfz9LZw4Y8vnJqK5/1ztCz/VyZsaDp9km7P4/UbJI39w8+D1lJvNBpVfwa0s/IQ9Ouk9mVimppS9zx32yWp4YnNk9fM6WvJkumpzV9n/szv7edYX2t5nDxAtetrFy/GmdCREenePenWrfjqxf358HqZ70rwYejGjXFCwetqvgxk+/b4mS8vKc+K+q+BTzRwVjQFrmNDdbym5vWsbdtikvLivgPj532blC/78BQ3V47Z5s2x+YyoJzDvy+t4jlYZL29cx5YSExuqndguX5a8HOKAOT6+1sxnLT1N+bnz5yNIf8qHkjt3RrwcKcfK/LirS9q3T9q06b/9kdAcmNhQHUfHF8X6+jEfOq5ZE885ZOvXR4h8GDk4GL//u3+DHbX9++MCXE+C3le5xuZLSDyhsabcFpjYUC3fXTDzDoByrctrYOVhqdfhjhyJi3fL3/meJ7Jjx6SjR+Pxz/bJ+lnbIGyo3p/cs+nD1KEh6eTJONFQ8i1Thw9LBw7EIWb5Ou4DbWuEDa3F/7v67gDfSeDbnzyJlZdvAF8RNgDpcK8ogHQIG4B0CBuAdAgbgHQIG4B0CBuAdAgbgHQIG4B0CBuAdAgbgHQIG4B0CBuAdAgbgHQIG4B0CBuAdAgbgHQIG4B0CBuAdAgbgHQIG4B0CBuAdAgbgHQIG4B0CBuAdAgbgHQIG4B0CBuAdAgbAGXzGahxa5hlk7orAAAAAElFTkSuQmCC'}}]}, {'role': 'assistant', 'content': 'Final Answer: 0.4'}, {'role': 'user', 'content': [{'type': 'text', 'text': '\nYou are given both an image and a text-based representation of the same stimulus. \nIn both, a red dot appears on a horizontal line\nThe left end of the line corresponds to 0.0, and the right end to 1.0.\n\nText representation (the dot is marked as """"O""""):\n|---- ---------.------O---------------.-~|\n\n\nEstimate the horizontal position of the **center** of the red dot as a decimal number between 0 and 1.\nDo not explain. Only output the final answer as a number between 0 and 1:\nFinal Answer:\n'}, {'type': 'image_url', 'image_url': {'url': 'data:image/png;base64,iVBORw0KGgoAAAANSUhEUgAAATYAAABNCAYAAAAsLkgfAAAAOnRFWHRTb2Z0d2FyZQBNYXRwbG90bGliIHZlcnNpb24zLjEwLjMsIGh0dHBzOi8vbWF0cGxvdGxpYi5vcmcvZiW1igAAAAlwSFlzAAAPYQAAD2EBqD+naQAABENJREFUeJzt3MlqFG0chfHTMc6J8wSNGhfiFHAAB3ApKrgSxJ14B96KeAm6cqEggmvRhaAoIiiOoEYUnOfZJC3HlyYi36e0Bqpy8vygMF0m3SWGJ/+3qjqNVqvVEgAE6ar6AABgtBE2AHEIG4A4hA1AHMIGIA5hAxCHsAGIQ9gAxCFsAOIQNgBxCBuAOIQNQBzCBiAOYQMQh7ABiEPYAMQhbADiEDYAcQgbgDiEDUAcwgYgDmEDEIewAYhD2ADEIWwA4hA2AHEIG4A4hA1AHMIGIA5hAxCnu+oDADrSakkvXkjv30sTJ5bH375JkyZJ8+ZJkydXfYSoAcKG+vvyRbpxQzp8WDp+XHr0aOTvFi2Stm+Xli+XZs6U1qyRNm6UZsyo8ohRsUar5R95QA29fStdvCgdOSIdPSoNDv7/506YUIK2cKG0erW0a1d5zAQ3LjGxoR4T2fPn0rt3ZYnZ01MenzkjnTghXb785+cYGpLOn5fWrSsfP3kivXkjrV9flqtfv7JcHUeY2FAtny+7dk168EAaGChh82R26VLZd+9eZ8/XaEg7dpS4LVkiTZ1alquOpZ/XE51j56UrgYtF2FDtpOYpy3F7+lT6/LlsJ09KN29KHz+WSatTjpm3adPKlLZggTRrVjkH5/B5avMydcMGAheKpSiq4+Xmq1clLB8+SNOnSxcuSC9flunqd+fUfufTp5Gvd+D8Ov7YU5snudu3peHhMhFu3lwCN3fuaP/rUKFGs9lkYkM1HBnfqmEOjxcPnuKGhjR7cFBX/+Gp+yW99nRm/tNbV1e5yGC+VcT7/NgbU1sU/88TNtTOUkn3/+Hr+yQNjOLxYGzpbjabVR8DxjNPaF4WevPU5glueFi9nua87y/1SGr+PKm1TyV3d5d97QnNj9sTXHuaw5jHxQPU56rorVvSuXPlQoLduTOyVO2Ew+WLBb295eKBA+lzeFOmSCtWSCtXSosXl5t4fUOvX2/TJokf8jEIG+p1H9v169Lp09KVK+X2j4cPO38+x2z+/HJBwFOYr656MvPW1yetXVsitmxZeW0HcMsWzrMFIWyo5zsOPLmdPSsdPNjZ1OZpzdOXJzLf1mG+GurIOXie5Pwt72nNoZszR+rv56poGMKG+vI05feG7t9fYvSnb1VHbc8e6cCBsrz0Mtfx8kTmG3MdsPa7GngnQjTChvo7dUrau7eEzv7rW9Yn//ftk3bvlnbuLPsI2LhF2DA23L0rHTokHTsmPX48st9LyG3bpK1bpVWruNkWPxA2jB2e2J49K8tMT2J+D6iXmvw+NvyCsAGIw68GBxCHsAGIQ9gAxCFsAOIQNgBxCBuAOIQNQBzCBiAOYQMQh7ABiEPYAMQhbADiEDYAcQgbgDiEDUAcwgYgDmEDEIewAYhD2ADEIWwA4hA2AHEIG4A4hA1AHMIGIA5hAxCHsAGIQ9gAxCFsAJTmO2SDQNow6FxCAAAAAElFTkSuQmCC'}}]}]",Final Answer: 0.5
anthropic/claude-3.7-sonnet,sample_007,0.52323,0.52323,0.55,"[{'role': 'system', 'content': 'You are a helpful assistant.'}, {'role': 'user', 'content': [{'type': 'text', 'text': '\nYou are given both an image and a text-based representation of the same stimulus. \nIn both, a red dot appears on a horizontal line\nThe left end of the line corresponds to 0.0, and the right end to 1.0.\n\nText representation (the dot is marked as """"O""""):\n|.-- -~=-------- ---------O--------------|\n\n\nEstimate the horizontal position of the **center** of the red dot as a decimal number between 0 and 1.\nDo not explain. Only output the final answer as a number between 0 and 1:\nFinal Answer:\n'}, {'type': 'image_url', 'image_url': {'url': 'data:image/png;base64,iVBORw0KGgoAAAANSUhEUgAAATYAAABNCAYAAAAsLkgfAAAAOnRFWHRTb2Z0d2FyZQBNYXRwbG90bGliIHZlcnNpb24zLjEwLjMsIGh0dHBzOi8vbWF0cGxvdGxpYi5vcmcvZiW1igAAAAlwSFlzAAAPYQAAD2EBqD+naQAABJVJREFUeJzt3ElvTXEYx/HfbWtuUaQSFy1i0bSRsECQ2HkNYmNnx9LGOxCJROyFlYXY8AZ0YVFCDCExxFBjYqgp5h755XHShohSt72e8/0kTfW0vfda9Nvnf87/tFYURSEASKRlql8AAPxrhA1AOoQNQDqEDUA6hA1AOoQNQDqEDUA6hA1AOoQNQDqEDUA6hA1AOoQNQDqEDUA6hA1AOoQNQDqEDUA6hA1AOoQNQDqEDUA6hA1AOoQNQDqEDUA6hA1AOoQNQDqEDUA6hA1AOoQNQDqEDUA6hA1AOoQNQDptU/0CgKZVFNLz59Lbt1J7u7RwoVSrTfWrwjgQNlTbx4/Ss2fSp0/S9OlSR4f04IF0/Lh07Jh0797o165aJe3eLW3fLn35Mvo9ixZJM2b8/FjlcUy6WlH41xJQMY7QzZvS1avSu3fS3LnShw/SwEAEzXH6UTmtOVZ790pr18bHnZ3SkiXSo0fSy5fS58/S69fSnDlSf7+0ejWBm2SEDdXj5eWFC9KZM9LDh9LMmdLs2RG606djCfo7LS3SgQPSli0x4XmyW748Jr47d6RXr6ThYWnWLGnDBmnduljKYlIQNlRrSnPIBgely5elS5diCvPxoSHpxo3xRa3k5eahQ9KbN/FYmzdLX7/GxLZgQXzNkydSV5e0YoW0cSOT2yThHBuqM6V52Xn9unT+vHTtWgSpry+mL18g+NPf8V6u7t8v9fbGMvTp01iWbtoUj+nA+TnmzYtpcNkyaeXKRv0PMQZhQ36eyBw1T2s+ue8pysHxBYBbt2Jqc5T+xt27ccXUfK7Oj++orVkT59keP47P+bn8dY4cS9KGq9XrdZaiyM3LQ09XIyOjS0X/+/vnOkdGdGUCZ2T6azUNt7VJra3xuA6l3xw4H/PnfLz8mOVow/kyD2FDpXV78JrA9/dIGrMpBE2grV6vT/VrABrLU5q3cngq89Tk6ckf+31RqMPLxAlob21V3VNZOZmV0+C0aTGheXrz5/zcfi3lcTQMV0VRjXNsp05JFy/GnjJH5v792LPmc2s+5+ZzY38TOAfKG3e7u+PNy0xvzPW5tfXrY3/b/PlxBdXB89YQH2egaCguHiA/x8ZXKh0VX50sQ7NtW2yoPXdOun07LiT8KW/C9fTnScx6emJ7h5/DV0gduXJKdES9DcTH0FBMbKgOb8k4eza2fnhq82baxYtj6jp6VDpyZDRQ4+Fgbd0qLV0a05rfO2Z+zLF3Iph/zBw134nAVdGGI2yoll/dz+m7BQ4elA4fHt9+Np8327dP2rEjlpXePsK9o02DsAElh+jECWnXLun9+zg29sejvFfUt1+dPBlLWTQlwgb8yPd4+kZ43y7lc28lXyTYs0fauTM22qJpETbgV/yj8eJFLDN9Ps7nyPh7bP8FwgYgHf40OIB0CBuAdAgbgHQIG4B0CBuAdAgbgHQIG4B0CBuAdAgbgHQIG4B0CBuAdAgbgHQIG4B0CBuAdAgbgHQIG4B0CBuAdAgbgHQIG4B0CBuAdAgbgHQIG4B0CBuAdAgbgHQIG4B0CBuAdAgbgHQIGwBl8w2vMXCzyZNU9QAAAABJRU5ErkJggg=='}}]}, {'role': 'assistant', 'content': 'Final Answer: 0.6'}, {'role': 'user', 'content': [{'type': 'text', 'text': '\nYou are given both an image and a text-based representation of the same stimulus. \nIn both, a red dot appears on a horizontal line\nThe left end of the line corresponds to 0.0, and the right end to 1.0.\n\nText representation (the dot is marked as """"O""""):\n|--~---~----------------=--- =-----O-----|\n\n\nEstimate the horizontal position of the **center** of the red dot as a decimal number between 0 and 1.\nDo not explain. Only output the final answer as a number between 0 and 1:\nFinal Answer:\n'}, {'type': 'image_url', 'image_url': {'url': 'data:image/png;base64,iVBORw0KGgoAAAANSUhEUgAAATYAAABNCAYAAAAsLkgfAAAAOnRFWHRTb2Z0d2FyZQBNYXRwbG90bGliIHZlcnNpb24zLjEwLjMsIGh0dHBzOi8vbWF0cGxvdGxpYi5vcmcvZiW1igAAAAlwSFlzAAAPYQAAD2EBqD+naQAABNNJREFUeJzt3MtvjG0Yx/HfVNUhrSgNYkLfSARJbUScYmdHxEKsJNZi5/+w8ieItZWNtcTCQlCHhOCtQ5yps2L6vPm9lyczeDvTaWv6uvr9JE0P087M6pvrvp/7aaUoikIAkEjXbL8BAJhphA1AOoQNQDqEDUA6hA1AOoQNQDqEDUA6hA1AOoQNQDqEDUA6hA1AOoQNQDqEDUA6hA1AOoQNQDqEDUA6hA1AOoQNQDqEDUA6hA1AOoQNQDqEDUA6hA1AOoQNQDqEDUA6hA1AOoQNQDqEDUA6hA1AOoQNQDrds/0GAPyBxsak58+lp0+lr1+lNWuk1aulSqX++IsX0pcvUk+PNDAgLVjQsbdH2AC01hiqx4+l06elM2cibKXBQen4cWn/funBA+n16/pj/f3S0JC0fHlHolcpiqKY0WcE8Gcb+x6ed++k9+9jInv0SHIqLl+WTpyIKE1k/nzp8GFp716pt1dasiQi19cnrV8v3b5dj56f21PeunXSypU/Rm4aASRsAOpevpQuXZKuX4+p69Ur6dmzCMq3b9LZsxG4ydi2Tdq1S1q1Kqa1Dx+kri5p4cKI2Nu3ETm/zqJF0oYN0ooV8bt27drEU18LhA1AfUI6d066elV6+DD20BwdLz3Hx+Nzu7nYvr2+/7Z2bUxwW7ZEJIeHpY8fpaVLYzLbtCmev3FicwAdQ7++l72e+nbsaDm5cVUUQPBy01Hz8tAcHX98+hST3FRmoBs3pCdPYgl74UIsKx2q0dFY6i5bJnV/3+qv1SJkIyPS/fv1qJk/+3tPkI5gC1w8ABDK6cwTlCPnCcnx8eTUbE+tGe/R+Tm9/PRS1EvPjRvr8SynsXJvzt87cOVjjfy99+Mm8V4q1WqVpSgw142Px2T2+XPEw+Hxz4pC/UWh4Wk89VClotEyWvPmxYenNAesDJtf079Thqv8/mdewvpCgp+jCR86IWwAJjQo6W9N3V+SRtRZ3dVqtcMvCeB/pVaLCc3Tkye2cmLyz2o19U3z6XsrFVU9ZXlK85LUe3WeuPwansDMX/vnfg/lpObXL/f1Gh/7eYn6H7gqCsx19+5JV67E1cubN6Xz5yN23hu7eDH22Lw/Vu6FtcPB8vDkK5579ki7d8fxER8F8c+bnVWbxjk2Lh4Ac11PT3x2uHxGzIdlHRDHyOfKbt2S7t6Nq5vt8vk0P5+j6eMePpfmK6GOlPl1Jlo1NnusBY57AHPdwEAcfvVVUN8l4K/LDf2dO+M2qX37Wm7Y/8J/7wO6W7dGzN68iXNoPmT7m+8bZSkKQP+eUytP+vuOAJ8lc5g8ZTlGPljrqe3YsdjvapUN/61vqzpyJJaSPkriwG3e3JGb4QkbgF/3tMosOFCN+1u+M+HgwTi4a435KC8AeIP/6FHpwIGYANu4Y2CmEDYA7fFdA6dOSSdPSnfu/PjfPQ4diqXm4sUROOfFy9BJ3uM5UwgbgKlxOnyLk+9O8ETmgHlqm+X/xWaEDUA6XBUFkA5hA5AOYQOQDmEDkA5hA5AOYQOQDmEDkA5hA5AOYQOQDmEDkA5hA5AOYQOQDmEDkA5hA5AOYQOQDmEDkA5hA5AOYQOQDmEDkA5hA5AOYQOQDmEDkA5hA5AOYQOQDmEDkA5hA5AOYQOQDmEDoGz+AaQ5oOTiCrZ7AAAAAElFTkSuQmCC'}}]}, {'role': 'assistant', 'content': 'Final Answer: 0.85'}, {'role': 'user', 'content': [{'type': 'text', 'text': '\nYou are given both an image and a text-based representation of the same stimulus. \nIn both, a red dot appears on a horizontal line\nThe left end of the line corresponds to 0.0, and the right end to 1.0.\n\nText representation (the dot is marked as """"O""""):\n|--~----~-----------------~=---O----=----|\n\n\nEstimate the horizontal position of the **center** of the red dot as a decimal number between 0 and 1.\nDo not explain. Only output the final answer as a number between 0 and 1:\nFinal Answer:\n'}, {'type': 'image_url', 'image_url': {'url': 'data:image/png;base64,iVBORw0KGgoAAAANSUhEUgAAATYAAABNCAYAAAAsLkgfAAAAOnRFWHRTb2Z0d2FyZQBNYXRwbG90bGliIHZlcnNpb24zLjEwLjMsIGh0dHBzOi8vbWF0cGxvdGxpYi5vcmcvZiW1igAAAAlwSFlzAAAPYQAAD2EBqD+naQAABDBJREFUeJzt3LlrVGsYgPHnJHFPlFFBZdR7XQtJISIW6VSsxEqwE8FaLfwvbG209h+wFgQt3BAE8QqKqFz3BY3B3Why5OVjGC/IJYmCOW+eHwyzJDmTZh6+5Zyp6rqukaREev70PyBJv5thk5SOYZOUjmGTlI5hk5SOYZOUjmGTlI5hk5SOYZOUjmGTlI5hk5SOYZOUjmGTlI5hk5SOYZOUjmGTlI5hk5SOYZOUjmGTlI5hk5SOYZOUjmGTlI5hk5SOYZOUjmGTlI5hk5SOYZOUjmGTlI5hk5SOYZOUTt+f/gckTcGXL/DqFYyOwuzZsHQpzJkDdQ2vX8P799DfD0uWQFUx0xg2qWkiXDdvwsuX5fHICPT2wosXcPo03L/f/d116+DwYThwAObN+3kME6rqOhIvqTEjtStX4MkTePoU7tyBW7fg8mUYGyujs/qHj3RntDZ3Lhw9Cps2wadP8O1bGc0NDZWRXRzn40eYPx82boSFC2kywyY1SQTt0iV4/hyuXoUbN8ptIqoKdu2CbdtKwJ49KzGM6PX0QF9fieLy5bB7N2zYQFMZNqlJa2nv3sHFiyVq587B3bv/HaFNJG5DQ2WKOj4O16/DwED3tZiuxlR28WI4eLCxIzfX2KTpvpb25k33tbdv4do1uHABHj+eXNRC/H5EMY65YkUJ57Jl5bhxvPXrYe3aMr2N6enWrTSRp3tI01EEJ6IWI7R2G1atKtPG8+fLVPTRo7JWNhVfv8LwcFlni1Hb589lE+HDh/J+MSWNqWmsuTVU1W63nYpK001ELAIUu52hE6C4HxujNTrKP7+wijQIjMyaVUZwEbF4HNPUeL94Hu8d63DxegPFlolhkxrmL+DfX/j7v4EH5NXXjmGupOk9YovNg7jF8/FxBuJx/HyK+oF2bEbEiCympDFa64zY4hY7pTElbSh3RaXpfL5arHnF4v7t23D2LLRasGBBic+xYyV2k1VV5Zg7dsDKlSVusZGwenW5T3AeW3OTLGUWi/mDg2UDIc5d64ykYtE/TsuIwG3fDmfOTP7YrRZs3lyOv2ZNuY9z1hJdheCITWrKeWwRuBjFxfMYdcWu5cmTZUo60Y9xby/s31/OW9u5s+y4Jgpah2GTmiTON/vx8qeHD2HfvhK22DH9P1UFhw7Bnj2wZUu5pCopwyY1XUxH9+7tnndW/+Ra0bii4MSJMkpLfPF7h2GTMohv+Dh1Co4fh3v3uq/HetyRI+XbPRYtYqYwbFIm8XEeHi67qXENaFzzOQO/j82wSUrHa0UlpWPYJKVj2CSlY9gkpWPYJKVj2CSlY9gkpWPYJKVj2CSlY9gkpWPYJKVj2CSlY9gkpWPYJKVj2CSlY9gkpWPYJKVj2CSlY9gkpWPYJKVj2CSlY9gkpWPYJKVj2CSlY9gkpWPYJKVj2CSlY9gkkc1310VHXTWff9MAAAAASUVORK5CYII='}}]}, {'role': 'assistant', 'content': 'Final Answer: 0.75'}, {'role': 'user', 'content': [{'type': 'text', 'text': '\nYou are given both an image and a text-based representation of the same stimulus. \nIn both, a red dot appears on a horizontal line\nThe left end of the line corresponds to 0.0, and the right end to 1.0.\n\nText representation (the dot is marked as """"O""""):\n|------~----------=.------- -O-------- --|\n\n\nEstimate the horizontal position of the **center** of the red dot as a decimal number between 0 and 1.\nDo not explain. Only output the final answer as a number between 0 and 1:\nFinal Answer:\n'}, {'type': 'image_url', 'image_url': {'url': 'data:image/png;base64,iVBORw0KGgoAAAANSUhEUgAAATYAAABNCAYAAAAsLkgfAAAAOnRFWHRTb2Z0d2FyZQBNYXRwbG90bGliIHZlcnNpb24zLjEwLjMsIGh0dHBzOi8vbWF0cGxvdGxpYi5vcmcvZiW1igAAAAlwSFlzAAAPYQAAD2EBqD+naQAABIJJREFUeJzt3EtLlGEchvF7PKSVVlZENJhGFEVGFJSiRPtqKa6CvkEfplW0q12rgnbRKoLETUgtaqGYYFGaSueD+cbN4+u4KGpqxpH/e/1gmJM6Q+Dlc5pKWZZlAoBAmhr9BgCg1ggbgHAIG4BwCBuAcAgbgHAIG4BwCBuAcAgbgHAIG4BwCBuAcAgbgHAIG4BwCBuAcAgbgHAIG4BwCBuAcAgbgHAIG4BwCBuAcAgbgHAIG4BwCBuAcAgbgHAIG4BwCBuAcAgbgHAIG4BwCBuAcAgbgHAIG4BwWhr9BgCsyDLp7Vvpwwepo0PatUv69k2am0vXmzZJu3dLbW2NfqcbHmEDGuXr1xQtX+7ckW7elCYnK8+Xy9LgoHTypNTaKrW3S3v3psf27WvkO9/wSlnmPxMA1pVHZk+fSnfvSlevSt+///5rm5uloSHp6FFp82app0caGanELQ8ko7pVhA2ot7Xh8a+br8fGpNu300jtb5RK0sWLUne39OWLdOiQdP681NQkvXolffxY+dquLqmvL01lC4qwAfWM2evX0vPn0rt3ae3M9xcXpWfPpIcPU+j+lkdup0+nsHlq6hGcp6eOnm8fOJBitrAgdXZKAwOFHbkRNqBe08w3b6THj6Xp6TRFfP9e+vQp3ffFsauWg+XpqC957Lzu5sf375eOHJGOH08RPXMmrdMVEJsHQK1Hao6aI+ZRlUdnW7dKMzPS7GwaXfkxP/8v/H0/flSmtb546rljh7S0lDYf2tqkPXvS1xRUqVwuM2IDasXR8UaAR1K+duhseTk95yWwpSU9+Y+JUp+kRQfS/HO8zubXa2lJt5tW7nua6usC8r8OYQPWUY+kqf/4/l5JL2r4fiJqKRd0Dg7UfcTm215Ty6eMvp9l6lwZuf2rDh9xW/uAR2/5KM1aW9P019cFxeYBUEueeo6OprUwr33duyc9eJDue+3LGwq+eHHf09NqOWLeOPD6mUPm+zt3puMdDqpfY3hYunSpsDuixuYBUEuOiSPjDQRvFnin0uH5/DmdQfNtB8nPzc9X//MdNa+l5a+Vbx7ko7XeXqm/v9BRM8IG1JrPkvkMWX4o158QuH8/TQ09Zdy2TZqaSiO7akZtHp35aIcP4zpu+RGPY8ekLVtSKM+eTYd3C46wAfXgEVO+fu2wOUQvX0rbt0snTqRzbPbo0Z8P6eY7oBcupJj5uIjPxXn059dwKP3Y4cPSuXOFH60Za2zAeh7a9acCzCM5j7zGx6Vr1ypnztb+OuZB82js+nXp1Km0Nue1NJ+L8/d4iuv7/nwoH45fRdiA9fKrD6vbxIR065Z044b0Ys1BjoMHpStXpMuX00jvTz+LkdoqwgZsFP5V9DqZd1A95fRUMx+1oSqEDUA4/NfgAMIhbADCIWwAwiFsAMIhbADCIWwAwiFsAMIhbADCIWwAwiFsAMIhbADCIWwAwiFsAMIhbADCIWwAwiFsAMIhbADCIWwAwiFsAMIhbADCIWwAwiFsAMIhbADCIWwAwiFsAMIhbADCIWwAwiFsABTNT3roXHIAyEx4AAAAAElFTkSuQmCC'}}]}, {'role': 'assistant', 'content': 'Final Answer: 0.65'}, {'role': 'user', 'content': [{'type': 'text', 'text': '\nYou are given both an image and a text-based representation of the same stimulus. \nIn both, a red dot appears on a horizontal line\nThe left end of the line corresponds to 0.0, and the right end to 1.0.\n\nText representation (the dot is marked as """"O""""):\n|-- ------ --=- ----=-O------------------|\n\n\nEstimate the horizontal position of the **center** of the red dot as a decimal number between 0 and 1.\nDo not explain. Only output the final answer as a number between 0 and 1:\nFinal Answer:\n'}, {'type': 'image_url', 'image_url': {'url': 'data:image/png;base64,iVBORw0KGgoAAAANSUhEUgAAATYAAABNCAYAAAAsLkgfAAAAOnRFWHRTb2Z0d2FyZQBNYXRwbG90bGliIHZlcnNpb24zLjEwLjMsIGh0dHBzOi8vbWF0cGxvdGxpYi5vcmcvZiW1igAAAAlwSFlzAAAPYQAAD2EBqD+naQAABHBJREFUeJzt28tvTH8Yx/HP1FCXVhTRMJIiLCTduCysLOxspCthw1L8AeIf8BfY6bJrSwsSKwuREAu6Qht1i1u1LnGvIx+Pk9atVMmZeeb9Sk46nXbOjPx+3p7zPefUiqIoBACJdFT9AQDgXyNsANIhbADSIWwA0iFsANIhbADSIWwA0iFsANIhbADSIWwA0iFsANIhbADSIWwA0iFsANIhbADSIWwA0iFsANIhbADSIWwA0iFsANIhbADSIWwA0iFsANIhbADSIWwA0iFsANIhbADSIWwA0iFsANIhbADSqVf9AYA5eftWunlTmpyUVqyQtmyRFi+u+lOhyRA2NK9376SnT6X376U3b6TTp6VTp6QHD6Z/Z+1a6dAh6eBBafXq2Do7q/zUaAK1oiiKqj8E8EPMHj2SRkcjapcuRdD8+Fccs+PHpT17pP5+adWqb8O4aBHRayNMbGgOjpAPMa9ejYns7t2IkuN25crvX+94nTghTUxIT55IO3ZId+7E96Wenunole9J+FJiYkP1xsdjKjt7Vhobi/Wzhw/j+WfP5ravBQukgQFp69bY+vqkFy8iYs+fS+vWSbt3S69eScPDs4cPLYuwoVoOzrlz0oULMa29fh2HoZ7aZjv0nM3y5RG1XbuklSulDx+kZcsien6/vXsjbC9fSr29UkeH9OlTvG93d7yOya2lcbkHqnX/vnTtWpwc8OZDQsfnb6NmDtaNG9KZM3EY6++9LV0a7+Hp8PHj6aiZv/p7T4g+PEVLqzUaDSY2VKc84+mJyY9rNenjR/UUha7PY7f9kiYdq3o9Ymnetzfz9LZw4Y8vnJqK5/1ztCz/VyZsaDp9km7P4/UbJI39w8+D1lJvNBpVfwa0s/IQ9Ouk9mVimppS9zx32yWp4YnNk9fM6WvJkumpzV9n/szv7edYX2t5nDxAtetrFy/GmdCREenePenWrfjqxf358HqZ70rwYejGjXFCwetqvgxk+/b4mS8vKc+K+q+BTzRwVjQFrmNDdbym5vWsbdtikvLivgPj532blC/78BQ3V47Z5s2x+YyoJzDvy+t4jlYZL29cx5YSExuqndguX5a8HOKAOT6+1sxnLT1N+bnz5yNIf8qHkjt3RrwcKcfK/LirS9q3T9q06b/9kdAcmNhQHUfHF8X6+jEfOq5ZE885ZOvXR4h8GDk4GL//u3+DHbX9++MCXE+C3le5xuZLSDyhsabcFpjYUC3fXTDzDoByrctrYOVhqdfhjhyJi3fL3/meJ7Jjx6SjR+Pxz/bJ+lnbIGyo3p/cs+nD1KEh6eTJONFQ8i1Thw9LBw7EIWb5Ou4DbWuEDa3F/7v67gDfSeDbnzyJlZdvAF8RNgDpcK8ogHQIG4B0CBuAdAgbgHQIG4B0CBuAdAgbgHQIG4B0CBuAdAgbgHQIG4B0CBuAdAgbgHQIG4B0CBuAdAgbgHQIG4B0CBuAdAgbgHQIG4B0CBuAdAgbgHQIG4B0CBuAdAgbgHQIG4B0CBuAdAgbAGXzGahxa5hlk7orAAAAAElFTkSuQmCC'}}]}, {'role': 'assistant', 'content': 'Final Answer: 0.4'}, {'role': 'user', 'content': [{'type': 'text', 'text': '\nYou are given both an image and a text-based representation of the same stimulus. \nIn both, a red dot appears on a horizontal line\nThe left end of the line corresponds to 0.0, and the right end to 1.0.\n\nText representation (the dot is marked as """"O""""):\n|---- ---------.------O---------------.-~|\n\n\nEstimate the horizontal position of the **center** of the red dot as a decimal number between 0 and 1.\nDo not explain. Only output the final answer as a number between 0 and 1:\nFinal Answer:\n'}, {'type': 'image_url', 'image_url': {'url': 'data:image/png;base64,iVBORw0KGgoAAAANSUhEUgAAATYAAABNCAYAAAAsLkgfAAAAOnRFWHRTb2Z0d2FyZQBNYXRwbG90bGliIHZlcnNpb24zLjEwLjMsIGh0dHBzOi8vbWF0cGxvdGxpYi5vcmcvZiW1igAAAAlwSFlzAAAPYQAAD2EBqD+naQAABENJREFUeJzt3MlqFG0chfHTMc6J8wSNGhfiFHAAB3ApKrgSxJ14B96KeAm6cqEggmvRhaAoIiiOoEYUnOfZJC3HlyYi36e0Bqpy8vygMF0m3SWGJ/+3qjqNVqvVEgAE6ar6AABgtBE2AHEIG4A4hA1AHMIGIA5hAxCHsAGIQ9gAxCFsAOIQNgBxCBuAOIQNQBzCBiAOYQMQh7ABiEPYAMQhbADiEDYAcQgbgDiEDUAcwgYgDmEDEIewAYhD2ADEIWwA4hA2AHEIG4A4hA1AHMIGIA5hAxCnu+oDADrSakkvXkjv30sTJ5bH375JkyZJ8+ZJkydXfYSoAcKG+vvyRbpxQzp8WDp+XHr0aOTvFi2Stm+Xli+XZs6U1qyRNm6UZsyo8ohRsUar5R95QA29fStdvCgdOSIdPSoNDv7/506YUIK2cKG0erW0a1d5zAQ3LjGxoR4T2fPn0rt3ZYnZ01MenzkjnTghXb785+cYGpLOn5fWrSsfP3kivXkjrV9flqtfv7JcHUeY2FAtny+7dk168EAaGChh82R26VLZd+9eZ8/XaEg7dpS4LVkiTZ1alquOpZ/XE51j56UrgYtF2FDtpOYpy3F7+lT6/LlsJ09KN29KHz+WSatTjpm3adPKlLZggTRrVjkH5/B5avMydcMGAheKpSiq4+Xmq1clLB8+SNOnSxcuSC9flunqd+fUfufTp5Gvd+D8Ov7YU5snudu3peHhMhFu3lwCN3fuaP/rUKFGs9lkYkM1HBnfqmEOjxcPnuKGhjR7cFBX/+Gp+yW99nRm/tNbV1e5yGC+VcT7/NgbU1sU/88TNtTOUkn3/+Hr+yQNjOLxYGzpbjabVR8DxjNPaF4WevPU5glueFi9nua87y/1SGr+PKm1TyV3d5d97QnNj9sTXHuaw5jHxQPU56rorVvSuXPlQoLduTOyVO2Ew+WLBb295eKBA+lzeFOmSCtWSCtXSosXl5t4fUOvX2/TJokf8jEIG+p1H9v169Lp09KVK+X2j4cPO38+x2z+/HJBwFOYr656MvPW1yetXVsitmxZeW0HcMsWzrMFIWyo5zsOPLmdPSsdPNjZ1OZpzdOXJzLf1mG+GurIOXie5Pwt72nNoZszR+rv56poGMKG+vI05feG7t9fYvSnb1VHbc8e6cCBsrz0Mtfx8kTmG3MdsPa7GngnQjTChvo7dUrau7eEzv7rW9Yn//ftk3bvlnbuLPsI2LhF2DA23L0rHTokHTsmPX48st9LyG3bpK1bpVWruNkWPxA2jB2e2J49K8tMT2J+D6iXmvw+NvyCsAGIw68GBxCHsAGIQ9gAxCFsAOIQNgBxCBuAOIQNQBzCBiAOYQMQh7ABiEPYAMQhbADiEDYAcQgbgDiEDUAcwgYgDmEDEIewAYhD2ADEIWwA4hA2AHEIG4A4hA1AHMIGIA5hAxCHsAGIQ9gAxCFsAJTmO2SDQNow6FxCAAAAAElFTkSuQmCC'}}]}, {'role': 'assistant', 'content': 'Final Answer: 0.5'}, {'role': 'user', 'content': [{'type': 'text', 'text': '\nYou are given both an image and a text-based representation of the same stimulus. \nIn both, a red dot appears on a horizontal line\nThe left end of the line corresponds to 0.0, and the right end to 1.0.\n\nText representation (the dot is marked as """"O""""):\n|--- --- ------------O-------------=-=-- |\n\n\nEstimate the horizontal position of the **center** of the red dot as a decimal number between 0 and 1.\nDo not explain. Only output the final answer as a number between 0 and 1:\nFinal Answer:\n'}, {'type': 'image_url', 'image_url': {'url': 'data:image/png;base64,iVBORw0KGgoAAAANSUhEUgAAATYAAABNCAYAAAAsLkgfAAAAOnRFWHRTb2Z0d2FyZQBNYXRwbG90bGliIHZlcnNpb24zLjEwLjMsIGh0dHBzOi8vbWF0cGxvdGxpYi5vcmcvZiW1igAAAAlwSFlzAAAPYQAAD2EBqD+naQAABFJJREFUeJzt3NuLzH0cwPH3jHVsl9YhMdiNCG1cKHGDCzdKSQ7lyq1S/hM3/gT5FyQJcSERYZVT8jw5n4mcmafP832mpSfPM2ZmTfvp/aqtndm1+5ua3vs9/VTq9XodSUqk2u0LkKROM2yS0jFsktIxbJLSMWyS0jFsktIxbJLSMWyS0jFsktIxbJLSMWyS0jFsktIxbJLSMWyS0jFsktIxbJLSMWyS0jFsktIxbJLSMWyS0jFsktIxbJLSMWyS0jFsktIxbJLSMWyS0jFsktIxbJLSMWyS0unp9gVIP/j4EZ49g0+fYMIEmDkTJk7s9lVpjDFs6m68xo+HSgU+fy6PHzyAV69Gvre/H4aGYMaMbl6xxhjDpt/r+XO4ehXu3YMTJ+DwYXj8eOTrs2bBzp2wfn2J3p07JXjr1jlyU9Mq9Xq93vy3Sy2MzN68gbdvy9Ty5k24fBn274cPH+Bnb7+eHti6FZYsgXHjYMcOWLzYaaqaYtg0uiOz69fhwgV4+rQ8H5GLkVqzb7vVq2FgANauhYUL4datEsRJk2DZMlizxmmq/sWwaXRGaqdPw7lzcPIkPHxY1tEianfvNh+1hgULYP58qNVK0KpV+PatjNo2bIDt2x256QeusanzU8/hYThyBC5dgtu34evXMrWM6Wgrf0cjhrEO9/49bNpUIhY/M9bpjh+HVatg6dLReEUaozzHps5NPc+ehTNn4NixMv2MqL1+De/elZ3O+LwVEcOIZkxDr1wpPy/W3ebNg5cv4caNTr8ajXGVWq3mVFTti/A0RmOxuB+P4whHPFet0l+vM9zGqscQ8PchkAhaTEFjBBjid0yZApMnd+Z1KIVK/D3s9kUovwHgjzb+/SDwZwevR7n11GJBVmpHrHfFyClGU/F5jNgaB25jkb9Soa/NPapeoBYbEPERvyfOuIUYufX2luelf7grqvbdvw/nz5ddyy9fyo7oxYvlLoJr10rc4vlWNw8iZIODZXobsZwzB1asKB9btpTzbdJ33BVV++KgbNz6FDuXs2fDypUldo8ewdy5ZRQXQYuvv3jx6z9/+vRyR0KM0uIM28aNsHlzudVq6tTReEUa4xyxqbMHcmOXsvE47jJ48mTkboEYtZ06VULXrJhiRsCmTStn2OLA7t69JZjSTxg2jd7/zNHXVx7HObQ46hFxitjt2VOmp/+lsWa2a1eZ4sah3OXLy2jNqOl/GDb9fkePwrZt5Txa+P4t2AhaHN84dKiM0Lw3VL/IsKk74sDuwYNw4EA5yNuwaBHs2we7d5cRntQCw6buirdfbCjEfaQxdY2NAo9uqE2GTVI63isqKR3DJikdwyYpHcMmKR3DJikdwyYpHcMmKR3DJikdwyYpHcMmKR3DJikdwyYpHcMmKR3DJikdwyYpHcMmKR3DJikdwyYpHcMmKR3DJikdwyYpHcMmKR3DJikdwyYpHcMmKR3DJikdwyYpHcMmiWz+AoHRW3E6aNocAAAAAElFTkSuQmCC'}}]}]",Final Answer: 0.55
anthropic/claude-3.7-sonnet,sample_008,0.84647,0.84647,0.8,"[{'role': 'system', 'content': 'You are a helpful assistant.'}, {'role': 'user', 'content': [{'type': 'text', 'text': '\nYou are given both an image and a text-based representation of the same stimulus. \nIn both, a red dot appears on a horizontal line\nThe left end of the line corresponds to 0.0, and the right end to 1.0.\n\nText representation (the dot is marked as """"O""""):\n|.-- -~=-------- ---------O--------------|\n\n\nEstimate the horizontal position of the **center** of the red dot as a decimal number between 0 and 1.\nDo not explain. Only output the final answer as a number between 0 and 1:\nFinal Answer:\n'}, {'type': 'image_url', 'image_url': {'url': 'data:image/png;base64,iVBORw0KGgoAAAANSUhEUgAAATYAAABNCAYAAAAsLkgfAAAAOnRFWHRTb2Z0d2FyZQBNYXRwbG90bGliIHZlcnNpb24zLjEwLjMsIGh0dHBzOi8vbWF0cGxvdGxpYi5vcmcvZiW1igAAAAlwSFlzAAAPYQAAD2EBqD+naQAABJVJREFUeJzt3ElvTXEYx/HfbWtuUaQSFy1i0bSRsECQ2HkNYmNnx9LGOxCJROyFlYXY8AZ0YVFCDCExxFBjYqgp5h755XHShohSt72e8/0kTfW0vfda9Nvnf87/tFYURSEASKRlql8AAPxrhA1AOoQNQDqEDUA6hA1AOoQNQDqEDUA6hA1AOoQNQDqEDUA6hA1AOoQNQDqEDUA6hA1AOoQNQDqEDUA6hA1AOoQNQDqEDUA6hA1AOoQNQDqEDUA6hA1AOoQNQDqEDUA6hA1AOoQNQDqEDUA6hA1AOoQNQDptU/0CgKZVFNLz59Lbt1J7u7RwoVSrTfWrwjgQNlTbx4/Ss2fSp0/S9OlSR4f04IF0/Lh07Jh0797o165aJe3eLW3fLn35Mvo9ixZJM2b8/FjlcUy6WlH41xJQMY7QzZvS1avSu3fS3LnShw/SwEAEzXH6UTmtOVZ790pr18bHnZ3SkiXSo0fSy5fS58/S69fSnDlSf7+0ejWBm2SEDdXj5eWFC9KZM9LDh9LMmdLs2RG606djCfo7LS3SgQPSli0x4XmyW748Jr47d6RXr6ThYWnWLGnDBmnduljKYlIQNlRrSnPIBgely5elS5diCvPxoSHpxo3xRa3k5eahQ9KbN/FYmzdLX7/GxLZgQXzNkydSV5e0YoW0cSOT2yThHBuqM6V52Xn9unT+vHTtWgSpry+mL18g+NPf8V6u7t8v9fbGMvTp01iWbtoUj+nA+TnmzYtpcNkyaeXKRv0PMQZhQ36eyBw1T2s+ue8pysHxBYBbt2Jqc5T+xt27ccXUfK7Oj++orVkT59keP47P+bn8dY4cS9KGq9XrdZaiyM3LQ09XIyOjS0X/+/vnOkdGdGUCZ2T6azUNt7VJra3xuA6l3xw4H/PnfLz8mOVow/kyD2FDpXV78JrA9/dIGrMpBE2grV6vT/VrABrLU5q3cngq89Tk6ckf+31RqMPLxAlob21V3VNZOZmV0+C0aTGheXrz5/zcfi3lcTQMV0VRjXNsp05JFy/GnjJH5v792LPmc2s+5+ZzY38TOAfKG3e7u+PNy0xvzPW5tfXrY3/b/PlxBdXB89YQH2egaCguHiA/x8ZXKh0VX50sQ7NtW2yoPXdOun07LiT8KW/C9fTnScx6emJ7h5/DV0gduXJKdES9DcTH0FBMbKgOb8k4eza2fnhq82baxYtj6jp6VDpyZDRQ4+Fgbd0qLV0a05rfO2Z+zLF3Iph/zBw134nAVdGGI2yoll/dz+m7BQ4elA4fHt9+Np8327dP2rEjlpXePsK9o02DsAElh+jECWnXLun9+zg29sejvFfUt1+dPBlLWTQlwgb8yPd4+kZ43y7lc28lXyTYs0fauTM22qJpETbgV/yj8eJFLDN9Ps7nyPh7bP8FwgYgHf40OIB0CBuAdAgbgHQIG4B0CBuAdAgbgHQIG4B0CBuAdAgbgHQIG4B0CBuAdAgbgHQIG4B0CBuAdAgbgHQIG4B0CBuAdAgbgHQIG4B0CBuAdAgbgHQIG4B0CBuAdAgbgHQIG4B0CBuAdAgbgHQIGwBl8w2vMXCzyZNU9QAAAABJRU5ErkJggg=='}}]}, {'role': 'assistant', 'content': 'Final Answer: 0.6'}, {'role': 'user', 'content': [{'type': 'text', 'text': '\nYou are given both an image and a text-based representation of the same stimulus. \nIn both, a red dot appears on a horizontal line\nThe left end of the line corresponds to 0.0, and the right end to 1.0.\n\nText representation (the dot is marked as """"O""""):\n|--~---~----------------=--- =-----O-----|\n\n\nEstimate the horizontal position of the **center** of the red dot as a decimal number between 0 and 1.\nDo not explain. Only output the final answer as a number between 0 and 1:\nFinal Answer:\n'}, {'type': 'image_url', 'image_url': {'url': 'data:image/png;base64,iVBORw0KGgoAAAANSUhEUgAAATYAAABNCAYAAAAsLkgfAAAAOnRFWHRTb2Z0d2FyZQBNYXRwbG90bGliIHZlcnNpb24zLjEwLjMsIGh0dHBzOi8vbWF0cGxvdGxpYi5vcmcvZiW1igAAAAlwSFlzAAAPYQAAD2EBqD+naQAABNNJREFUeJzt3MtvjG0Yx/HfVNUhrSgNYkLfSARJbUScYmdHxEKsJNZi5/+w8ieItZWNtcTCQlCHhOCtQ5yps2L6vPm9lyczeDvTaWv6uvr9JE0P087M6pvrvp/7aaUoikIAkEjXbL8BAJhphA1AOoQNQDqEDUA6hA1AOoQNQDqEDUA6hA1AOoQNQDqEDUA6hA1AOoQNQDqEDUA6hA1AOoQNQDqEDUA6hA1AOoQNQDqEDUA6hA1AOoQNQDqEDUA6hA1AOoQNQDqEDUA6hA1AOoQNQDqEDUA6hA1AOoQNQDrds/0GAPyBxsak58+lp0+lr1+lNWuk1aulSqX++IsX0pcvUk+PNDAgLVjQsbdH2AC01hiqx4+l06elM2cibKXBQen4cWn/funBA+n16/pj/f3S0JC0fHlHolcpiqKY0WcE8Gcb+x6ed++k9+9jInv0SHIqLl+WTpyIKE1k/nzp8GFp716pt1dasiQi19cnrV8v3b5dj56f21PeunXSypU/Rm4aASRsAOpevpQuXZKuX4+p69Ur6dmzCMq3b9LZsxG4ydi2Tdq1S1q1Kqa1Dx+kri5p4cKI2Nu3ETm/zqJF0oYN0ooV8bt27drEU18LhA1AfUI6d066elV6+DD20BwdLz3Hx+Nzu7nYvr2+/7Z2bUxwW7ZEJIeHpY8fpaVLYzLbtCmev3FicwAdQ7++l72e+nbsaDm5cVUUQPBy01Hz8tAcHX98+hST3FRmoBs3pCdPYgl74UIsKx2q0dFY6i5bJnV/3+qv1SJkIyPS/fv1qJk/+3tPkI5gC1w8ABDK6cwTlCPnCcnx8eTUbE+tGe/R+Tm9/PRS1EvPjRvr8SynsXJvzt87cOVjjfy99+Mm8V4q1WqVpSgw142Px2T2+XPEw+Hxz4pC/UWh4Wk89VClotEyWvPmxYenNAesDJtf079Thqv8/mdewvpCgp+jCR86IWwAJjQo6W9N3V+SRtRZ3dVqtcMvCeB/pVaLCc3Tkye2cmLyz2o19U3z6XsrFVU9ZXlK85LUe3WeuPwansDMX/vnfg/lpObXL/f1Gh/7eYn6H7gqCsx19+5JV67E1cubN6Xz5yN23hu7eDH22Lw/Vu6FtcPB8vDkK5579ki7d8fxER8F8c+bnVWbxjk2Lh4Ac11PT3x2uHxGzIdlHRDHyOfKbt2S7t6Nq5vt8vk0P5+j6eMePpfmK6GOlPl1Jlo1NnusBY57AHPdwEAcfvVVUN8l4K/LDf2dO+M2qX37Wm7Y/8J/7wO6W7dGzN68iXNoPmT7m+8bZSkKQP+eUytP+vuOAJ8lc5g8ZTlGPljrqe3YsdjvapUN/61vqzpyJJaSPkriwG3e3JGb4QkbgF/3tMosOFCN+1u+M+HgwTi4a435KC8AeIP/6FHpwIGYANu4Y2CmEDYA7fFdA6dOSSdPSnfu/PjfPQ4diqXm4sUROOfFy9BJ3uM5UwgbgKlxOnyLk+9O8ETmgHlqm+X/xWaEDUA6XBUFkA5hA5AOYQOQDmEDkA5hA5AOYQOQDmEDkA5hA5AOYQOQDmEDkA5hA5AOYQOQDmEDkA5hA5AOYQOQDmEDkA5hA5AOYQOQDmEDkA5hA5AOYQOQDmEDkA5hA5AOYQOQDmEDkA5hA5AOYQOQDmEDoGz+AaQ5oOTiCrZ7AAAAAElFTkSuQmCC'}}]}, {'role': 'assistant', 'content': 'Final Answer: 0.85'}, {'role': 'user', 'content': [{'type': 'text', 'text': '\nYou are given both an image and a text-based representation of the same stimulus. \nIn both, a red dot appears on a horizontal line\nThe left end of the line corresponds to 0.0, and the right end to 1.0.\n\nText representation (the dot is marked as """"O""""):\n|--~----~-----------------~=---O----=----|\n\n\nEstimate the horizontal position of the **center** of the red dot as a decimal number between 0 and 1.\nDo not explain. Only output the final answer as a number between 0 and 1:\nFinal Answer:\n'}, {'type': 'image_url', 'image_url': {'url': 'data:image/png;base64,iVBORw0KGgoAAAANSUhEUgAAATYAAABNCAYAAAAsLkgfAAAAOnRFWHRTb2Z0d2FyZQBNYXRwbG90bGliIHZlcnNpb24zLjEwLjMsIGh0dHBzOi8vbWF0cGxvdGxpYi5vcmcvZiW1igAAAAlwSFlzAAAPYQAAD2EBqD+naQAABDBJREFUeJzt3LlrVGsYgPHnJHFPlFFBZdR7XQtJISIW6VSsxEqwE8FaLfwvbG209h+wFgQt3BAE8QqKqFz3BY3B3Why5OVjGC/IJYmCOW+eHwyzJDmTZh6+5Zyp6rqukaREev70PyBJv5thk5SOYZOUjmGTlI5hk5SOYZOUjmGTlI5hk5SOYZOUjmGTlI5hk5SOYZOUjmGTlI5hk5SOYZOUjmGTlI5hk5SOYZOUjmGTlI5hk5SOYZOUjmGTlI5hk5SOYZOUjmGTlI5hk5SOYZOUjmGTlI5hk5SOYZOUTt+f/gckTcGXL/DqFYyOwuzZsHQpzJkDdQ2vX8P799DfD0uWQFUx0xg2qWkiXDdvwsuX5fHICPT2wosXcPo03L/f/d116+DwYThwAObN+3kME6rqOhIvqTEjtStX4MkTePoU7tyBW7fg8mUYGyujs/qHj3RntDZ3Lhw9Cps2wadP8O1bGc0NDZWRXRzn40eYPx82boSFC2kywyY1SQTt0iV4/hyuXoUbN8ptIqoKdu2CbdtKwJ49KzGM6PX0QF9fieLy5bB7N2zYQFMZNqlJa2nv3sHFiyVq587B3bv/HaFNJG5DQ2WKOj4O16/DwED3tZiuxlR28WI4eLCxIzfX2KTpvpb25k33tbdv4do1uHABHj+eXNRC/H5EMY65YkUJ57Jl5bhxvPXrYe3aMr2N6enWrTSRp3tI01EEJ6IWI7R2G1atKtPG8+fLVPTRo7JWNhVfv8LwcFlni1Hb589lE+HDh/J+MSWNqWmsuTVU1W63nYpK001ELAIUu52hE6C4HxujNTrKP7+wijQIjMyaVUZwEbF4HNPUeL94Hu8d63DxegPFlolhkxrmL+DfX/j7v4EH5NXXjmGupOk9YovNg7jF8/FxBuJx/HyK+oF2bEbEiCympDFa64zY4hY7pTElbSh3RaXpfL5arHnF4v7t23D2LLRasGBBic+xYyV2k1VV5Zg7dsDKlSVusZGwenW5T3AeW3OTLGUWi/mDg2UDIc5d64ykYtE/TsuIwG3fDmfOTP7YrRZs3lyOv2ZNuY9z1hJdheCITWrKeWwRuBjFxfMYdcWu5cmTZUo60Y9xby/s31/OW9u5s+y4Jgpah2GTmiTON/vx8qeHD2HfvhK22DH9P1UFhw7Bnj2wZUu5pCopwyY1XUxH9+7tnndW/+Ra0bii4MSJMkpLfPF7h2GTMohv+Dh1Co4fh3v3uq/HetyRI+XbPRYtYqYwbFIm8XEeHi67qXENaFzzOQO/j82wSUrHa0UlpWPYJKVj2CSlY9gkpWPYJKVj2CSlY9gkpWPYJKVj2CSlY9gkpWPYJKVj2CSlY9gkpWPYJKVj2CSlY9gkpWPYJKVj2CSlY9gkpWPYJKVj2CSlY9gkpWPYJKVj2CSlY9gkpWPYJKVj2CSlY9gkkc1310VHXTWff9MAAAAASUVORK5CYII='}}]}, {'role': 'assistant', 'content': 'Final Answer: 0.75'}, {'role': 'user', 'content': [{'type': 'text', 'text': '\nYou are given both an image and a text-based representation of the same stimulus. \nIn both, a red dot appears on a horizontal line\nThe left end of the line corresponds to 0.0, and the right end to 1.0.\n\nText representation (the dot is marked as """"O""""):\n|------~----------=.------- -O-------- --|\n\n\nEstimate the horizontal position of the **center** of the red dot as a decimal number between 0 and 1.\nDo not explain. Only output the final answer as a number between 0 and 1:\nFinal Answer:\n'}, {'type': 'image_url', 'image_url': {'url': 'data:image/png;base64,iVBORw0KGgoAAAANSUhEUgAAATYAAABNCAYAAAAsLkgfAAAAOnRFWHRTb2Z0d2FyZQBNYXRwbG90bGliIHZlcnNpb24zLjEwLjMsIGh0dHBzOi8vbWF0cGxvdGxpYi5vcmcvZiW1igAAAAlwSFlzAAAPYQAAD2EBqD+naQAABIJJREFUeJzt3EtLlGEchvF7PKSVVlZENJhGFEVGFJSiRPtqKa6CvkEfplW0q12rgnbRKoLETUgtaqGYYFGaSueD+cbN4+u4KGpqxpH/e/1gmJM6Q+Dlc5pKWZZlAoBAmhr9BgCg1ggbgHAIG4BwCBuAcAgbgHAIG4BwCBuAcAgbgHAIG4BwCBuAcAgbgHAIG4BwCBuAcAgbgHAIG4BwCBuAcAgbgHAIG4BwCBuAcAgbgHAIG4BwCBuAcAgbgHAIG4BwCBuAcAgbgHAIG4BwCBuAcAgbgHAIG4BwWhr9BgCsyDLp7Vvpwwepo0PatUv69k2am0vXmzZJu3dLbW2NfqcbHmEDGuXr1xQtX+7ckW7elCYnK8+Xy9LgoHTypNTaKrW3S3v3psf27WvkO9/wSlnmPxMA1pVHZk+fSnfvSlevSt+///5rm5uloSHp6FFp82app0caGanELQ8ko7pVhA2ot7Xh8a+br8fGpNu300jtb5RK0sWLUne39OWLdOiQdP681NQkvXolffxY+dquLqmvL01lC4qwAfWM2evX0vPn0rt3ae3M9xcXpWfPpIcPU+j+lkdup0+nsHlq6hGcp6eOnm8fOJBitrAgdXZKAwOFHbkRNqBe08w3b6THj6Xp6TRFfP9e+vQp3ffFsauWg+XpqC957Lzu5sf375eOHJGOH08RPXMmrdMVEJsHQK1Hao6aI+ZRlUdnW7dKMzPS7GwaXfkxP/8v/H0/flSmtb546rljh7S0lDYf2tqkPXvS1xRUqVwuM2IDasXR8UaAR1K+duhseTk95yWwpSU9+Y+JUp+kRQfS/HO8zubXa2lJt5tW7nua6usC8r8OYQPWUY+kqf/4/l5JL2r4fiJqKRd0Dg7UfcTm215Ty6eMvp9l6lwZuf2rDh9xW/uAR2/5KM1aW9P019cFxeYBUEueeo6OprUwr33duyc9eJDue+3LGwq+eHHf09NqOWLeOPD6mUPm+zt3puMdDqpfY3hYunSpsDuixuYBUEuOiSPjDQRvFnin0uH5/DmdQfNtB8nPzc9X//MdNa+l5a+Vbx7ko7XeXqm/v9BRM8IG1JrPkvkMWX4o158QuH8/TQ09Zdy2TZqaSiO7akZtHp35aIcP4zpu+RGPY8ekLVtSKM+eTYd3C46wAfXgEVO+fu2wOUQvX0rbt0snTqRzbPbo0Z8P6eY7oBcupJj5uIjPxXn059dwKP3Y4cPSuXOFH60Za2zAeh7a9acCzCM5j7zGx6Vr1ypnztb+OuZB82js+nXp1Km0Nue1NJ+L8/d4iuv7/nwoH45fRdiA9fKrD6vbxIR065Z044b0Ys1BjoMHpStXpMuX00jvTz+LkdoqwgZsFP5V9DqZd1A95fRUMx+1oSqEDUA4/NfgAMIhbADCIWwAwiFsAMIhbADCIWwAwiFsAMIhbADCIWwAwiFsAMIhbADCIWwAwiFsAMIhbADCIWwAwiFsAMIhbADCIWwAwiFsAMIhbADCIWwAwiFsAMIhbADCIWwAwiFsAMIhbADCIWwAwiFsABTNT3roXHIAyEx4AAAAAElFTkSuQmCC'}}]}, {'role': 'assistant', 'content': 'Final Answer: 0.65'}, {'role': 'user', 'content': [{'type': 'text', 'text': '\nYou are given both an image and a text-based representation of the same stimulus. \nIn both, a red dot appears on a horizontal line\nThe left end of the line corresponds to 0.0, and the right end to 1.0.\n\nText representation (the dot is marked as """"O""""):\n|-- ------ --=- ----=-O------------------|\n\n\nEstimate the horizontal position of the **center** of the red dot as a decimal number between 0 and 1.\nDo not explain. Only output the final answer as a number between 0 and 1:\nFinal Answer:\n'}, {'type': 'image_url', 'image_url': {'url': 'data:image/png;base64,iVBORw0KGgoAAAANSUhEUgAAATYAAABNCAYAAAAsLkgfAAAAOnRFWHRTb2Z0d2FyZQBNYXRwbG90bGliIHZlcnNpb24zLjEwLjMsIGh0dHBzOi8vbWF0cGxvdGxpYi5vcmcvZiW1igAAAAlwSFlzAAAPYQAAD2EBqD+naQAABHBJREFUeJzt28tvTH8Yx/HP1FCXVhTRMJIiLCTduCysLOxspCthw1L8AeIf8BfY6bJrSwsSKwuREAu6Qht1i1u1LnGvIx+Pk9atVMmZeeb9Sk46nXbOjPx+3p7zPefUiqIoBACJdFT9AQDgXyNsANIhbADSIWwA0iFsANIhbADSIWwA0iFsANIhbADSIWwA0iFsANIhbADSIWwA0iFsANIhbADSIWwA0iFsANIhbADSIWwA0iFsANIhbADSIWwA0iFsANIhbADSIWwA0iFsANIhbADSIWwA0iFsANIhbADSqVf9AYA5eftWunlTmpyUVqyQtmyRFi+u+lOhyRA2NK9376SnT6X376U3b6TTp6VTp6QHD6Z/Z+1a6dAh6eBBafXq2Do7q/zUaAK1oiiKqj8E8EPMHj2SRkcjapcuRdD8+Fccs+PHpT17pP5+adWqb8O4aBHRayNMbGgOjpAPMa9ejYns7t2IkuN25crvX+94nTghTUxIT55IO3ZId+7E96Wenunole9J+FJiYkP1xsdjKjt7Vhobi/Wzhw/j+WfP5ravBQukgQFp69bY+vqkFy8iYs+fS+vWSbt3S69eScPDs4cPLYuwoVoOzrlz0oULMa29fh2HoZ7aZjv0nM3y5RG1XbuklSulDx+kZcsien6/vXsjbC9fSr29UkeH9OlTvG93d7yOya2lcbkHqnX/vnTtWpwc8OZDQsfnb6NmDtaNG9KZM3EY6++9LV0a7+Hp8PHj6aiZv/p7T4g+PEVLqzUaDSY2VKc84+mJyY9rNenjR/UUha7PY7f9kiYdq3o9Ymnetzfz9LZw4Y8vnJqK5/1ztCz/VyZsaDp9km7P4/UbJI39w8+D1lJvNBpVfwa0s/IQ9Ouk9mVimppS9zx32yWp4YnNk9fM6WvJkumpzV9n/szv7edYX2t5nDxAtetrFy/GmdCREenePenWrfjqxf358HqZ70rwYejGjXFCwetqvgxk+/b4mS8vKc+K+q+BTzRwVjQFrmNDdbym5vWsbdtikvLivgPj532blC/78BQ3V47Z5s2x+YyoJzDvy+t4jlYZL29cx5YSExuqndguX5a8HOKAOT6+1sxnLT1N+bnz5yNIf8qHkjt3RrwcKcfK/LirS9q3T9q06b/9kdAcmNhQHUfHF8X6+jEfOq5ZE885ZOvXR4h8GDk4GL//u3+DHbX9++MCXE+C3le5xuZLSDyhsabcFpjYUC3fXTDzDoByrctrYOVhqdfhjhyJi3fL3/meJ7Jjx6SjR+Pxz/bJ+lnbIGyo3p/cs+nD1KEh6eTJONFQ8i1Thw9LBw7EIWb5Ou4DbWuEDa3F/7v67gDfSeDbnzyJlZdvAF8RNgDpcK8ogHQIG4B0CBuAdAgbgHQIG4B0CBuAdAgbgHQIG4B0CBuAdAgbgHQIG4B0CBuAdAgbgHQIG4B0CBuAdAgbgHQIG4B0CBuAdAgbgHQIG4B0CBuAdAgbgHQIG4B0CBuAdAgbgHQIG4B0CBuAdAgbAGXzGahxa5hlk7orAAAAAElFTkSuQmCC'}}]}, {'role': 'assistant', 'content': 'Final Answer: 0.4'}, {'role': 'user', 'content': [{'type': 'text', 'text': '\nYou are given both an image and a text-based representation of the same stimulus. \nIn both, a red dot appears on a horizontal line\nThe left end of the line corresponds to 0.0, and the right end to 1.0.\n\nText representation (the dot is marked as """"O""""):\n|---- ---------.------O---------------.-~|\n\n\nEstimate the horizontal position of the **center** of the red dot as a decimal number between 0 and 1.\nDo not explain. Only output the final answer as a number between 0 and 1:\nFinal Answer:\n'}, {'type': 'image_url', 'image_url': {'url': 'data:image/png;base64,iVBORw0KGgoAAAANSUhEUgAAATYAAABNCAYAAAAsLkgfAAAAOnRFWHRTb2Z0d2FyZQBNYXRwbG90bGliIHZlcnNpb24zLjEwLjMsIGh0dHBzOi8vbWF0cGxvdGxpYi5vcmcvZiW1igAAAAlwSFlzAAAPYQAAD2EBqD+naQAABENJREFUeJzt3MlqFG0chfHTMc6J8wSNGhfiFHAAB3ApKrgSxJ14B96KeAm6cqEggmvRhaAoIiiOoEYUnOfZJC3HlyYi36e0Bqpy8vygMF0m3SWGJ/+3qjqNVqvVEgAE6ar6AABgtBE2AHEIG4A4hA1AHMIGIA5hAxCHsAGIQ9gAxCFsAOIQNgBxCBuAOIQNQBzCBiAOYQMQh7ABiEPYAMQhbADiEDYAcQgbgDiEDUAcwgYgDmEDEIewAYhD2ADEIWwA4hA2AHEIG4A4hA1AHMIGIA5hAxCnu+oDADrSakkvXkjv30sTJ5bH375JkyZJ8+ZJkydXfYSoAcKG+vvyRbpxQzp8WDp+XHr0aOTvFi2Stm+Xli+XZs6U1qyRNm6UZsyo8ohRsUar5R95QA29fStdvCgdOSIdPSoNDv7/506YUIK2cKG0erW0a1d5zAQ3LjGxoR4T2fPn0rt3ZYnZ01MenzkjnTghXb785+cYGpLOn5fWrSsfP3kivXkjrV9flqtfv7JcHUeY2FAtny+7dk168EAaGChh82R26VLZd+9eZ8/XaEg7dpS4LVkiTZ1alquOpZ/XE51j56UrgYtF2FDtpOYpy3F7+lT6/LlsJ09KN29KHz+WSatTjpm3adPKlLZggTRrVjkH5/B5avMydcMGAheKpSiq4+Xmq1clLB8+SNOnSxcuSC9flunqd+fUfufTp5Gvd+D8Ov7YU5snudu3peHhMhFu3lwCN3fuaP/rUKFGs9lkYkM1HBnfqmEOjxcPnuKGhjR7cFBX/+Gp+yW99nRm/tNbV1e5yGC+VcT7/NgbU1sU/88TNtTOUkn3/+Hr+yQNjOLxYGzpbjabVR8DxjNPaF4WevPU5glueFi9nua87y/1SGr+PKm1TyV3d5d97QnNj9sTXHuaw5jHxQPU56rorVvSuXPlQoLduTOyVO2Ew+WLBb295eKBA+lzeFOmSCtWSCtXSosXl5t4fUOvX2/TJokf8jEIG+p1H9v169Lp09KVK+X2j4cPO38+x2z+/HJBwFOYr656MvPW1yetXVsitmxZeW0HcMsWzrMFIWyo5zsOPLmdPSsdPNjZ1OZpzdOXJzLf1mG+GurIOXie5Pwt72nNoZszR+rv56poGMKG+vI05feG7t9fYvSnb1VHbc8e6cCBsrz0Mtfx8kTmG3MdsPa7GngnQjTChvo7dUrau7eEzv7rW9Yn//ftk3bvlnbuLPsI2LhF2DA23L0rHTokHTsmPX48st9LyG3bpK1bpVWruNkWPxA2jB2e2J49K8tMT2J+D6iXmvw+NvyCsAGIw68GBxCHsAGIQ9gAxCFsAOIQNgBxCBuAOIQNQBzCBiAOYQMQh7ABiEPYAMQhbADiEDYAcQgbgDiEDUAcwgYgDmEDEIewAYhD2ADEIWwA4hA2AHEIG4A4hA1AHMIGIA5hAxCHsAGIQ9gAxCFsAJTmO2SDQNow6FxCAAAAAElFTkSuQmCC'}}]}, {'role': 'assistant', 'content': 'Final Answer: 0.5'}, {'role': 'user', 'content': [{'type': 'text', 'text': '\nYou are given both an image and a text-based representation of the same stimulus. \nIn both, a red dot appears on a horizontal line\nThe left end of the line corresponds to 0.0, and the right end to 1.0.\n\nText representation (the dot is marked as """"O""""):\n|--- --- ------------O-------------=-=-- |\n\n\nEstimate the horizontal position of the **center** of the red dot as a decimal number between 0 and 1.\nDo not explain. Only output the final answer as a number between 0 and 1:\nFinal Answer:\n'}, {'type': 'image_url', 'image_url': {'url': 'data:image/png;base64,iVBORw0KGgoAAAANSUhEUgAAATYAAABNCAYAAAAsLkgfAAAAOnRFWHRTb2Z0d2FyZQBNYXRwbG90bGliIHZlcnNpb24zLjEwLjMsIGh0dHBzOi8vbWF0cGxvdGxpYi5vcmcvZiW1igAAAAlwSFlzAAAPYQAAD2EBqD+naQAABFJJREFUeJzt3NuLzH0cwPH3jHVsl9YhMdiNCG1cKHGDCzdKSQ7lyq1S/hM3/gT5FyQJcSERYZVT8jw5n4mcmafP832mpSfPM2ZmTfvp/aqtndm1+5ua3vs9/VTq9XodSUqk2u0LkKROM2yS0jFsktIxbJLSMWyS0jFsktIxbJLSMWyS0jFsktIxbJLSMWyS0jFsktIxbJLSMWyS0jFsktIxbJLSMWyS0jFsktIxbJLSMWyS0jFsktIxbJLSMWyS0jFsktIxbJLSMWyS0jFsktIxbJLSMWyS0unp9gVIP/j4EZ49g0+fYMIEmDkTJk7s9lVpjDFs6m68xo+HSgU+fy6PHzyAV69Gvre/H4aGYMaMbl6xxhjDpt/r+XO4ehXu3YMTJ+DwYXj8eOTrs2bBzp2wfn2J3p07JXjr1jlyU9Mq9Xq93vy3Sy2MzN68gbdvy9Ty5k24fBn274cPH+Bnb7+eHti6FZYsgXHjYMcOWLzYaaqaYtg0uiOz69fhwgV4+rQ8H5GLkVqzb7vVq2FgANauhYUL4datEsRJk2DZMlizxmmq/sWwaXRGaqdPw7lzcPIkPHxY1tEianfvNh+1hgULYP58qNVK0KpV+PatjNo2bIDt2x256QeusanzU8/hYThyBC5dgtu34evXMrWM6Wgrf0cjhrEO9/49bNpUIhY/M9bpjh+HVatg6dLReEUaozzHps5NPc+ehTNn4NixMv2MqL1+De/elZ3O+LwVEcOIZkxDr1wpPy/W3ebNg5cv4caNTr8ajXGVWq3mVFTti/A0RmOxuB+P4whHPFet0l+vM9zGqscQ8PchkAhaTEFjBBjid0yZApMnd+Z1KIVK/D3s9kUovwHgjzb+/SDwZwevR7n11GJBVmpHrHfFyClGU/F5jNgaB25jkb9Soa/NPapeoBYbEPERvyfOuIUYufX2luelf7grqvbdvw/nz5ddyy9fyo7oxYvlLoJr10rc4vlWNw8iZIODZXobsZwzB1asKB9btpTzbdJ33BVV++KgbNz6FDuXs2fDypUldo8ewdy5ZRQXQYuvv3jx6z9/+vRyR0KM0uIM28aNsHlzudVq6tTReEUa4xyxqbMHcmOXsvE47jJ48mTkboEYtZ06VULXrJhiRsCmTStn2OLA7t69JZjSTxg2jd7/zNHXVx7HObQ46hFxitjt2VOmp/+lsWa2a1eZ4sah3OXLy2jNqOl/GDb9fkePwrZt5Txa+P4t2AhaHN84dKiM0Lw3VL/IsKk74sDuwYNw4EA5yNuwaBHs2we7d5cRntQCw6buirdfbCjEfaQxdY2NAo9uqE2GTVI63isqKR3DJikdwyYpHcMmKR3DJikdwyYpHcMmKR3DJikdwyYpHcMmKR3DJikdwyYpHcMmKR3DJikdwyYpHcMmKR3DJikdwyYpHcMmKR3DJikdwyYpHcMmKR3DJikdwyYpHcMmKR3DJikdwyYpHcMmiWz+AoHRW3E6aNocAAAAAElFTkSuQmCC'}}]}, {'role': 'assistant', 'content': 'Final Answer: 0.55'}, {'role': 'user', 'content': [{'type': 'text', 'text': '\nYou are given both an image and a text-based representation of the same stimulus. \nIn both, a red dot appears on a horizontal line\nThe left end of the line corresponds to 0.0, and the right end to 1.0.\n\nText representation (the dot is marked as """"O""""):\n|---.-- ----------- ------------ -O---~--|\n\n\nEstimate the horizontal position of the **center** of the red dot as a decimal number between 0 and 1.\nDo not explain. Only output the final answer as a number between 0 and 1:\nFinal Answer:\n'}, {'type': 'image_url', 'image_url': {'url': 'data:image/png;base64,iVBORw0KGgoAAAANSUhEUgAAATYAAABNCAYAAAAsLkgfAAAAOnRFWHRTb2Z0d2FyZQBNYXRwbG90bGliIHZlcnNpb24zLjEwLjMsIGh0dHBzOi8vbWF0cGxvdGxpYi5vcmcvZiW1igAAAAlwSFlzAAAPYQAAD2EBqD+naQAABDdJREFUeJzt3EtrU2kcgPEnWq2XVqkVL0ToiIqKRUUU3LjyshIU/ACCG3d+F/0I4kYEQRDBhSAiIioVHF0oiFNFvEbrnVabDH9eSqowQ60zSfz3+UFJek5yktXD+57znlQajUYDSUpkVru/gCT91wybpHQMm6R0DJukdAybpHQMm6R0DJukdAybpHQMm6R0DJukdAybpHQMm6R0DJukdAybpHQMm6R0DJukdAybpHQMm6R0DJukdAybpHQMm6R0DJukdAybpHQMm6R0DJukdAybpHQMm6R0DJukdAybpHQMm6R0utr9BSR1kEYDajX4+BF6eqC/H8bG4PVr+PChub23F5Yuhe5uOpFhk2ay0dESradP4fRpOHMGnjxp7l+1Cvbsgc2b4dmzEre5c2Hx4hK2TZtgxw5YtIhOUmk0ItGSZpxaDe7ehfPn4fhx+Pr1n187ezbs2lVCd/9+GdktW1YCt20bHDgA69bRKQybNBNHaLUaXLkCN27AqVMlVFOxejXMnw+zZsHatbByZZmODgzAkSMdM3JzKirNlKDduwfXr8Pz5/DoETx4ALduTT1qId4X8YqwffpUHnfuLNPUON727XQCwyZlV6vB5ctw4UIZrb15A69ewfv3UK///PE+fy5T07ioMDQEGzeWwMX2DuFyDyn7SG1oCG7eLOGJaWNsi/NpL19O75jfvpXH8fESzWvXSiS7uspFiBjVxWN8TptUqtWq59ikrMbHmyGbCFK9Tl+9zp8T/0/DIDBSqUD8xWhtzhxYsOD7F8W+2B77W6wSK1da/qmS2moA+OsX3v8HMEzn6qpWq+3+DpJaMWIbHy/b6nV64/kvjNh6KhWqE6O1WNcWz+fNK+feJovPiP0/bv+fudxDymx0tCzruHQJhofLObZ37+DxY7hzZ/pxW7ECliwpC3fXry93JOzeXda2TRaLfbdsKctEWsirolJm3d1lAW2c3I8roXFFNE7yx2LaOCd29erPH3PhQoiZ3oYNsHVrGanFMX9cwxZXXGPcFCO2FjNsUnb9/bB/fxk1xTq2iFxfXwlOrGOLUd1UJ24RsKNHy/vjlqoYtcXzL1/g7VtYvrxMTyNqL16U/fG6FnMqKs3EOw/GxkrYbt+Ggwebo6t/E8E6dw727v3+GBGumIrG7VkRtxDHiqgNDpawtphhk2a6ixfh0KHmAtvJSYiLAiGmrWfPwr59U49mG3/9w7BJgpEROHkSTpyAhw+b29esgWPH4PDhcsP7b8KwSWqKHMQFhvh5ovjNtZhOTozafiOGTVI63isqKR3DJikdwyYpHcMmKR3DJikdwyYpHcMmKR3DJikdwyYpHcMmKR3DJikdwyYpHcMmKR3DJikdwyYpHcMmKR3DJikdwyYpHcMmKR3DJikdwyYpHcMmKR3DJikdwyYpHcMmKR3DJikdwyYpHcMmiWz+BsBzN7FEbbkEAAAAAElFTkSuQmCC'}}]}]",Final Answer: 0.8
anthropic/claude-3.7-sonnet,sample_009,0.74045,0.74045,0.7,"[{'role': 'system', 'content': 'You are a helpful assistant.'}, {'role': 'user', 'content': [{'type': 'text', 'text': '\nYou are given both an image and a text-based representation of the same stimulus. \nIn both, a red dot appears on a horizontal line\nThe left end of the line corresponds to 0.0, and the right end to 1.0.\n\nText representation (the dot is marked as """"O""""):\n|.-- -~=-------- ---------O--------------|\n\n\nEstimate the horizontal position of the **center** of the red dot as a decimal number between 0 and 1.\nDo not explain. Only output the final answer as a number between 0 and 1:\nFinal Answer:\n'}, {'type': 'image_url', 'image_url': {'url': 'data:image/png;base64,iVBORw0KGgoAAAANSUhEUgAAATYAAABNCAYAAAAsLkgfAAAAOnRFWHRTb2Z0d2FyZQBNYXRwbG90bGliIHZlcnNpb24zLjEwLjMsIGh0dHBzOi8vbWF0cGxvdGxpYi5vcmcvZiW1igAAAAlwSFlzAAAPYQAAD2EBqD+naQAABJVJREFUeJzt3ElvTXEYx/HfbWtuUaQSFy1i0bSRsECQ2HkNYmNnx9LGOxCJROyFlYXY8AZ0YVFCDCExxFBjYqgp5h755XHShohSt72e8/0kTfW0vfda9Nvnf87/tFYURSEASKRlql8AAPxrhA1AOoQNQDqEDUA6hA1AOoQNQDqEDUA6hA1AOoQNQDqEDUA6hA1AOoQNQDqEDUA6hA1AOoQNQDqEDUA6hA1AOoQNQDqEDUA6hA1AOoQNQDqEDUA6hA1AOoQNQDqEDUA6hA1AOoQNQDqEDUA6hA1AOoQNQDptU/0CgKZVFNLz59Lbt1J7u7RwoVSrTfWrwjgQNlTbx4/Ss2fSp0/S9OlSR4f04IF0/Lh07Jh0797o165aJe3eLW3fLn35Mvo9ixZJM2b8/FjlcUy6WlH41xJQMY7QzZvS1avSu3fS3LnShw/SwEAEzXH6UTmtOVZ790pr18bHnZ3SkiXSo0fSy5fS58/S69fSnDlSf7+0ejWBm2SEDdXj5eWFC9KZM9LDh9LMmdLs2RG606djCfo7LS3SgQPSli0x4XmyW748Jr47d6RXr6ThYWnWLGnDBmnduljKYlIQNlRrSnPIBgely5elS5diCvPxoSHpxo3xRa3k5eahQ9KbN/FYmzdLX7/GxLZgQXzNkydSV5e0YoW0cSOT2yThHBuqM6V52Xn9unT+vHTtWgSpry+mL18g+NPf8V6u7t8v9fbGMvTp01iWbtoUj+nA+TnmzYtpcNkyaeXKRv0PMQZhQ36eyBw1T2s+ue8pysHxBYBbt2Jqc5T+xt27ccXUfK7Oj++orVkT59keP47P+bn8dY4cS9KGq9XrdZaiyM3LQ09XIyOjS0X/+/vnOkdGdGUCZ2T6azUNt7VJra3xuA6l3xw4H/PnfLz8mOVow/kyD2FDpXV78JrA9/dIGrMpBE2grV6vT/VrABrLU5q3cngq89Tk6ckf+31RqMPLxAlob21V3VNZOZmV0+C0aTGheXrz5/zcfi3lcTQMV0VRjXNsp05JFy/GnjJH5v792LPmc2s+5+ZzY38TOAfKG3e7u+PNy0xvzPW5tfXrY3/b/PlxBdXB89YQH2egaCguHiA/x8ZXKh0VX50sQ7NtW2yoPXdOun07LiT8KW/C9fTnScx6emJ7h5/DV0gduXJKdES9DcTH0FBMbKgOb8k4eza2fnhq82baxYtj6jp6VDpyZDRQ4+Fgbd0qLV0a05rfO2Z+zLF3Iph/zBw134nAVdGGI2yoll/dz+m7BQ4elA4fHt9+Np8327dP2rEjlpXePsK9o02DsAElh+jECWnXLun9+zg29sejvFfUt1+dPBlLWTQlwgb8yPd4+kZ43y7lc28lXyTYs0fauTM22qJpETbgV/yj8eJFLDN9Ps7nyPh7bP8FwgYgHf40OIB0CBuAdAgbgHQIG4B0CBuAdAgbgHQIG4B0CBuAdAgbgHQIG4B0CBuAdAgbgHQIG4B0CBuAdAgbgHQIG4B0CBuAdAgbgHQIG4B0CBuAdAgbgHQIG4B0CBuAdAgbgHQIG4B0CBuAdAgbgHQIGwBl8w2vMXCzyZNU9QAAAABJRU5ErkJggg=='}}]}, {'role': 'assistant', 'content': 'Final Answer: 0.6'}, {'role': 'user', 'content': [{'type': 'text', 'text': '\nYou are given both an image and a text-based representation of the same stimulus. \nIn both, a red dot appears on a horizontal line\nThe left end of the line corresponds to 0.0, and the right end to 1.0.\n\nText representation (the dot is marked as """"O""""):\n|--~---~----------------=--- =-----O-----|\n\n\nEstimate the horizontal position of the **center** of the red dot as a decimal number between 0 and 1.\nDo not explain. Only output the final answer as a number between 0 and 1:\nFinal Answer:\n'}, {'type': 'image_url', 'image_url': {'url': 'data:image/png;base64,iVBORw0KGgoAAAANSUhEUgAAATYAAABNCAYAAAAsLkgfAAAAOnRFWHRTb2Z0d2FyZQBNYXRwbG90bGliIHZlcnNpb24zLjEwLjMsIGh0dHBzOi8vbWF0cGxvdGxpYi5vcmcvZiW1igAAAAlwSFlzAAAPYQAAD2EBqD+naQAABNNJREFUeJzt3MtvjG0Yx/HfVNUhrSgNYkLfSARJbUScYmdHxEKsJNZi5/+w8ieItZWNtcTCQlCHhOCtQ5yps2L6vPm9lyczeDvTaWv6uvr9JE0P087M6pvrvp/7aaUoikIAkEjXbL8BAJhphA1AOoQNQDqEDUA6hA1AOoQNQDqEDUA6hA1AOoQNQDqEDUA6hA1AOoQNQDqEDUA6hA1AOoQNQDqEDUA6hA1AOoQNQDqEDUA6hA1AOoQNQDqEDUA6hA1AOoQNQDqEDUA6hA1AOoQNQDqEDUA6hA1AOoQNQDrds/0GAPyBxsak58+lp0+lr1+lNWuk1aulSqX++IsX0pcvUk+PNDAgLVjQsbdH2AC01hiqx4+l06elM2cibKXBQen4cWn/funBA+n16/pj/f3S0JC0fHlHolcpiqKY0WcE8Gcb+x6ed++k9+9jInv0SHIqLl+WTpyIKE1k/nzp8GFp716pt1dasiQi19cnrV8v3b5dj56f21PeunXSypU/Rm4aASRsAOpevpQuXZKuX4+p69Ur6dmzCMq3b9LZsxG4ydi2Tdq1S1q1Kqa1Dx+kri5p4cKI2Nu3ETm/zqJF0oYN0ooV8bt27drEU18LhA1AfUI6d066elV6+DD20BwdLz3Hx+Nzu7nYvr2+/7Z2bUxwW7ZEJIeHpY8fpaVLYzLbtCmev3FicwAdQ7++l72e+nbsaDm5cVUUQPBy01Hz8tAcHX98+hST3FRmoBs3pCdPYgl74UIsKx2q0dFY6i5bJnV/3+qv1SJkIyPS/fv1qJk/+3tPkI5gC1w8ABDK6cwTlCPnCcnx8eTUbE+tGe/R+Tm9/PRS1EvPjRvr8SynsXJvzt87cOVjjfy99+Mm8V4q1WqVpSgw142Px2T2+XPEw+Hxz4pC/UWh4Wk89VClotEyWvPmxYenNAesDJtf079Thqv8/mdewvpCgp+jCR86IWwAJjQo6W9N3V+SRtRZ3dVqtcMvCeB/pVaLCc3Tkye2cmLyz2o19U3z6XsrFVU9ZXlK85LUe3WeuPwansDMX/vnfg/lpObXL/f1Gh/7eYn6H7gqCsx19+5JV67E1cubN6Xz5yN23hu7eDH22Lw/Vu6FtcPB8vDkK5579ki7d8fxER8F8c+bnVWbxjk2Lh4Ac11PT3x2uHxGzIdlHRDHyOfKbt2S7t6Nq5vt8vk0P5+j6eMePpfmK6GOlPl1Jlo1NnusBY57AHPdwEAcfvVVUN8l4K/LDf2dO+M2qX37Wm7Y/8J/7wO6W7dGzN68iXNoPmT7m+8bZSkKQP+eUytP+vuOAJ8lc5g8ZTlGPljrqe3YsdjvapUN/61vqzpyJJaSPkriwG3e3JGb4QkbgF/3tMosOFCN+1u+M+HgwTi4a435KC8AeIP/6FHpwIGYANu4Y2CmEDYA7fFdA6dOSSdPSnfu/PjfPQ4diqXm4sUROOfFy9BJ3uM5UwgbgKlxOnyLk+9O8ETmgHlqm+X/xWaEDUA6XBUFkA5hA5AOYQOQDmEDkA5hA5AOYQOQDmEDkA5hA5AOYQOQDmEDkA5hA5AOYQOQDmEDkA5hA5AOYQOQDmEDkA5hA5AOYQOQDmEDkA5hA5AOYQOQDmEDkA5hA5AOYQOQDmEDkA5hA5AOYQOQDmEDoGz+AaQ5oOTiCrZ7AAAAAElFTkSuQmCC'}}]}, {'role': 'assistant', 'content': 'Final Answer: 0.85'}, {'role': 'user', 'content': [{'type': 'text', 'text': '\nYou are given both an image and a text-based representation of the same stimulus. \nIn both, a red dot appears on a horizontal line\nThe left end of the line corresponds to 0.0, and the right end to 1.0.\n\nText representation (the dot is marked as """"O""""):\n|--~----~-----------------~=---O----=----|\n\n\nEstimate the horizontal position of the **center** of the red dot as a decimal number between 0 and 1.\nDo not explain. Only output the final answer as a number between 0 and 1:\nFinal Answer:\n'}, {'type': 'image_url', 'image_url': {'url': 'data:image/png;base64,iVBORw0KGgoAAAANSUhEUgAAATYAAABNCAYAAAAsLkgfAAAAOnRFWHRTb2Z0d2FyZQBNYXRwbG90bGliIHZlcnNpb24zLjEwLjMsIGh0dHBzOi8vbWF0cGxvdGxpYi5vcmcvZiW1igAAAAlwSFlzAAAPYQAAD2EBqD+naQAABDBJREFUeJzt3LlrVGsYgPHnJHFPlFFBZdR7XQtJISIW6VSsxEqwE8FaLfwvbG209h+wFgQt3BAE8QqKqFz3BY3B3Why5OVjGC/IJYmCOW+eHwyzJDmTZh6+5Zyp6rqukaREev70PyBJv5thk5SOYZOUjmGTlI5hk5SOYZOUjmGTlI5hk5SOYZOUjmGTlI5hk5SOYZOUjmGTlI5hk5SOYZOUjmGTlI5hk5SOYZOUjmGTlI5hk5SOYZOUjmGTlI5hk5SOYZOUjmGTlI5hk5SOYZOUjmGTlI5hk5SOYZOUTt+f/gckTcGXL/DqFYyOwuzZsHQpzJkDdQ2vX8P799DfD0uWQFUx0xg2qWkiXDdvwsuX5fHICPT2wosXcPo03L/f/d116+DwYThwAObN+3kME6rqOhIvqTEjtStX4MkTePoU7tyBW7fg8mUYGyujs/qHj3RntDZ3Lhw9Cps2wadP8O1bGc0NDZWRXRzn40eYPx82boSFC2kywyY1SQTt0iV4/hyuXoUbN8ptIqoKdu2CbdtKwJ49KzGM6PX0QF9fieLy5bB7N2zYQFMZNqlJa2nv3sHFiyVq587B3bv/HaFNJG5DQ2WKOj4O16/DwED3tZiuxlR28WI4eLCxIzfX2KTpvpb25k33tbdv4do1uHABHj+eXNRC/H5EMY65YkUJ57Jl5bhxvPXrYe3aMr2N6enWrTSRp3tI01EEJ6IWI7R2G1atKtPG8+fLVPTRo7JWNhVfv8LwcFlni1Hb589lE+HDh/J+MSWNqWmsuTVU1W63nYpK001ELAIUu52hE6C4HxujNTrKP7+wijQIjMyaVUZwEbF4HNPUeL94Hu8d63DxegPFlolhkxrmL+DfX/j7v4EH5NXXjmGupOk9YovNg7jF8/FxBuJx/HyK+oF2bEbEiCympDFa64zY4hY7pTElbSh3RaXpfL5arHnF4v7t23D2LLRasGBBic+xYyV2k1VV5Zg7dsDKlSVusZGwenW5T3AeW3OTLGUWi/mDg2UDIc5d64ykYtE/TsuIwG3fDmfOTP7YrRZs3lyOv2ZNuY9z1hJdheCITWrKeWwRuBjFxfMYdcWu5cmTZUo60Y9xby/s31/OW9u5s+y4Jgpah2GTmiTON/vx8qeHD2HfvhK22DH9P1UFhw7Bnj2wZUu5pCopwyY1XUxH9+7tnndW/+Ra0bii4MSJMkpLfPF7h2GTMohv+Dh1Co4fh3v3uq/HetyRI+XbPRYtYqYwbFIm8XEeHi67qXENaFzzOQO/j82wSUrHa0UlpWPYJKVj2CSlY9gkpWPYJKVj2CSlY9gkpWPYJKVj2CSlY9gkpWPYJKVj2CSlY9gkpWPYJKVj2CSlY9gkpWPYJKVj2CSlY9gkpWPYJKVj2CSlY9gkpWPYJKVj2CSlY9gkpWPYJKVj2CSlY9gkkc1310VHXTWff9MAAAAASUVORK5CYII='}}]}, {'role': 'assistant', 'content': 'Final Answer: 0.75'}, {'role': 'user', 'content': [{'type': 'text', 'text': '\nYou are given both an image and a text-based representation of the same stimulus. \nIn both, a red dot appears on a horizontal line\nThe left end of the line corresponds to 0.0, and the right end to 1.0.\n\nText representation (the dot is marked as """"O""""):\n|------~----------=.------- -O-------- --|\n\n\nEstimate the horizontal position of the **center** of the red dot as a decimal number between 0 and 1.\nDo not explain. Only output the final answer as a number between 0 and 1:\nFinal Answer:\n'}, {'type': 'image_url', 'image_url': {'url': 'data:image/png;base64,iVBORw0KGgoAAAANSUhEUgAAATYAAABNCAYAAAAsLkgfAAAAOnRFWHRTb2Z0d2FyZQBNYXRwbG90bGliIHZlcnNpb24zLjEwLjMsIGh0dHBzOi8vbWF0cGxvdGxpYi5vcmcvZiW1igAAAAlwSFlzAAAPYQAAD2EBqD+naQAABIJJREFUeJzt3EtLlGEchvF7PKSVVlZENJhGFEVGFJSiRPtqKa6CvkEfplW0q12rgnbRKoLETUgtaqGYYFGaSueD+cbN4+u4KGpqxpH/e/1gmJM6Q+Dlc5pKWZZlAoBAmhr9BgCg1ggbgHAIG4BwCBuAcAgbgHAIG4BwCBuAcAgbgHAIG4BwCBuAcAgbgHAIG4BwCBuAcAgbgHAIG4BwCBuAcAgbgHAIG4BwCBuAcAgbgHAIG4BwCBuAcAgbgHAIG4BwCBuAcAgbgHAIG4BwCBuAcAgbgHAIG4BwWhr9BgCsyDLp7Vvpwwepo0PatUv69k2am0vXmzZJu3dLbW2NfqcbHmEDGuXr1xQtX+7ckW7elCYnK8+Xy9LgoHTypNTaKrW3S3v3psf27WvkO9/wSlnmPxMA1pVHZk+fSnfvSlevSt+///5rm5uloSHp6FFp82app0caGanELQ8ko7pVhA2ot7Xh8a+br8fGpNu300jtb5RK0sWLUne39OWLdOiQdP681NQkvXolffxY+dquLqmvL01lC4qwAfWM2evX0vPn0rt3ae3M9xcXpWfPpIcPU+j+lkdup0+nsHlq6hGcp6eOnm8fOJBitrAgdXZKAwOFHbkRNqBe08w3b6THj6Xp6TRFfP9e+vQp3ffFsauWg+XpqC957Lzu5sf375eOHJGOH08RPXMmrdMVEJsHQK1Hao6aI+ZRlUdnW7dKMzPS7GwaXfkxP/8v/H0/flSmtb546rljh7S0lDYf2tqkPXvS1xRUqVwuM2IDasXR8UaAR1K+duhseTk95yWwpSU9+Y+JUp+kRQfS/HO8zubXa2lJt5tW7nua6usC8r8OYQPWUY+kqf/4/l5JL2r4fiJqKRd0Dg7UfcTm215Ty6eMvp9l6lwZuf2rDh9xW/uAR2/5KM1aW9P019cFxeYBUEueeo6OprUwr33duyc9eJDue+3LGwq+eHHf09NqOWLeOPD6mUPm+zt3puMdDqpfY3hYunSpsDuixuYBUEuOiSPjDQRvFnin0uH5/DmdQfNtB8nPzc9X//MdNa+l5a+Vbx7ko7XeXqm/v9BRM8IG1JrPkvkMWX4o158QuH8/TQ09Zdy2TZqaSiO7akZtHp35aIcP4zpu+RGPY8ekLVtSKM+eTYd3C46wAfXgEVO+fu2wOUQvX0rbt0snTqRzbPbo0Z8P6eY7oBcupJj5uIjPxXn059dwKP3Y4cPSuXOFH60Za2zAeh7a9acCzCM5j7zGx6Vr1ypnztb+OuZB82js+nXp1Km0Nue1NJ+L8/d4iuv7/nwoH45fRdiA9fKrD6vbxIR065Z044b0Ys1BjoMHpStXpMuX00jvTz+LkdoqwgZsFP5V9DqZd1A95fRUMx+1oSqEDUA4/NfgAMIhbADCIWwAwiFsAMIhbADCIWwAwiFsAMIhbADCIWwAwiFsAMIhbADCIWwAwiFsAMIhbADCIWwAwiFsAMIhbADCIWwAwiFsAMIhbADCIWwAwiFsAMIhbADCIWwAwiFsAMIhbADCIWwAwiFsABTNT3roXHIAyEx4AAAAAElFTkSuQmCC'}}]}, {'role': 'assistant', 'content': 'Final Answer: 0.65'}, {'role': 'user', 'content': [{'type': 'text', 'text': '\nYou are given both an image and a text-based representation of the same stimulus. \nIn both, a red dot appears on a horizontal line\nThe left end of the line corresponds to 0.0, and the right end to 1.0.\n\nText representation (the dot is marked as """"O""""):\n|-- ------ --=- ----=-O------------------|\n\n\nEstimate the horizontal position of the **center** of the red dot as a decimal number between 0 and 1.\nDo not explain. Only output the final answer as a number between 0 and 1:\nFinal Answer:\n'}, {'type': 'image_url', 'image_url': {'url': 'data:image/png;base64,iVBORw0KGgoAAAANSUhEUgAAATYAAABNCAYAAAAsLkgfAAAAOnRFWHRTb2Z0d2FyZQBNYXRwbG90bGliIHZlcnNpb24zLjEwLjMsIGh0dHBzOi8vbWF0cGxvdGxpYi5vcmcvZiW1igAAAAlwSFlzAAAPYQAAD2EBqD+naQAABHBJREFUeJzt28tvTH8Yx/HP1FCXVhTRMJIiLCTduCysLOxspCthw1L8AeIf8BfY6bJrSwsSKwuREAu6Qht1i1u1LnGvIx+Pk9atVMmZeeb9Sk46nXbOjPx+3p7zPefUiqIoBACJdFT9AQDgXyNsANIhbADSIWwA0iFsANIhbADSIWwA0iFsANIhbADSIWwA0iFsANIhbADSIWwA0iFsANIhbADSIWwA0iFsANIhbADSIWwA0iFsANIhbADSIWwA0iFsANIhbADSIWwA0iFsANIhbADSIWwA0iFsANIhbADSqVf9AYA5eftWunlTmpyUVqyQtmyRFi+u+lOhyRA2NK9376SnT6X376U3b6TTp6VTp6QHD6Z/Z+1a6dAh6eBBafXq2Do7q/zUaAK1oiiKqj8E8EPMHj2SRkcjapcuRdD8+Fccs+PHpT17pP5+adWqb8O4aBHRayNMbGgOjpAPMa9ejYns7t2IkuN25crvX+94nTghTUxIT55IO3ZId+7E96Wenunole9J+FJiYkP1xsdjKjt7Vhobi/Wzhw/j+WfP5ravBQukgQFp69bY+vqkFy8iYs+fS+vWSbt3S69eScPDs4cPLYuwoVoOzrlz0oULMa29fh2HoZ7aZjv0nM3y5RG1XbuklSulDx+kZcsien6/vXsjbC9fSr29UkeH9OlTvG93d7yOya2lcbkHqnX/vnTtWpwc8OZDQsfnb6NmDtaNG9KZM3EY6++9LV0a7+Hp8PHj6aiZv/p7T4g+PEVLqzUaDSY2VKc84+mJyY9rNenjR/UUha7PY7f9kiYdq3o9Ymnetzfz9LZw4Y8vnJqK5/1ztCz/VyZsaDp9km7P4/UbJI39w8+D1lJvNBpVfwa0s/IQ9Ouk9mVimppS9zx32yWp4YnNk9fM6WvJkumpzV9n/szv7edYX2t5nDxAtetrFy/GmdCREenePenWrfjqxf358HqZ70rwYejGjXFCwetqvgxk+/b4mS8vKc+K+q+BTzRwVjQFrmNDdbym5vWsbdtikvLivgPj532blC/78BQ3V47Z5s2x+YyoJzDvy+t4jlYZL29cx5YSExuqndguX5a8HOKAOT6+1sxnLT1N+bnz5yNIf8qHkjt3RrwcKcfK/LirS9q3T9q06b/9kdAcmNhQHUfHF8X6+jEfOq5ZE885ZOvXR4h8GDk4GL//u3+DHbX9++MCXE+C3le5xuZLSDyhsabcFpjYUC3fXTDzDoByrctrYOVhqdfhjhyJi3fL3/meJ7Jjx6SjR+Pxz/bJ+lnbIGyo3p/cs+nD1KEh6eTJONFQ8i1Thw9LBw7EIWb5Ou4DbWuEDa3F/7v67gDfSeDbnzyJlZdvAF8RNgDpcK8ogHQIG4B0CBuAdAgbgHQIG4B0CBuAdAgbgHQIG4B0CBuAdAgbgHQIG4B0CBuAdAgbgHQIG4B0CBuAdAgbgHQIG4B0CBuAdAgbgHQIG4B0CBuAdAgbgHQIG4B0CBuAdAgbgHQIG4B0CBuAdAgbAGXzGahxa5hlk7orAAAAAElFTkSuQmCC'}}]}, {'role': 'assistant', 'content': 'Final Answer: 0.4'}, {'role': 'user', 'content': [{'type': 'text', 'text': '\nYou are given both an image and a text-based representation of the same stimulus. \nIn both, a red dot appears on a horizontal line\nThe left end of the line corresponds to 0.0, and the right end to 1.0.\n\nText representation (the dot is marked as """"O""""):\n|---- ---------.------O---------------.-~|\n\n\nEstimate the horizontal position of the **center** of the red dot as a decimal number between 0 and 1.\nDo not explain. Only output the final answer as a number between 0 and 1:\nFinal Answer:\n'}, {'type': 'image_url', 'image_url': {'url': 'data:image/png;base64,iVBORw0KGgoAAAANSUhEUgAAATYAAABNCAYAAAAsLkgfAAAAOnRFWHRTb2Z0d2FyZQBNYXRwbG90bGliIHZlcnNpb24zLjEwLjMsIGh0dHBzOi8vbWF0cGxvdGxpYi5vcmcvZiW1igAAAAlwSFlzAAAPYQAAD2EBqD+naQAABENJREFUeJzt3MlqFG0chfHTMc6J8wSNGhfiFHAAB3ApKrgSxJ14B96KeAm6cqEggmvRhaAoIiiOoEYUnOfZJC3HlyYi36e0Bqpy8vygMF0m3SWGJ/+3qjqNVqvVEgAE6ar6AABgtBE2AHEIG4A4hA1AHMIGIA5hAxCHsAGIQ9gAxCFsAOIQNgBxCBuAOIQNQBzCBiAOYQMQh7ABiEPYAMQhbADiEDYAcQgbgDiEDUAcwgYgDmEDEIewAYhD2ADEIWwA4hA2AHEIG4A4hA1AHMIGIA5hAxCnu+oDADrSakkvXkjv30sTJ5bH375JkyZJ8+ZJkydXfYSoAcKG+vvyRbpxQzp8WDp+XHr0aOTvFi2Stm+Xli+XZs6U1qyRNm6UZsyo8ohRsUar5R95QA29fStdvCgdOSIdPSoNDv7/506YUIK2cKG0erW0a1d5zAQ3LjGxoR4T2fPn0rt3ZYnZ01MenzkjnTghXb785+cYGpLOn5fWrSsfP3kivXkjrV9flqtfv7JcHUeY2FAtny+7dk168EAaGChh82R26VLZd+9eZ8/XaEg7dpS4LVkiTZ1alquOpZ/XE51j56UrgYtF2FDtpOYpy3F7+lT6/LlsJ09KN29KHz+WSatTjpm3adPKlLZggTRrVjkH5/B5avMydcMGAheKpSiq4+Xmq1clLB8+SNOnSxcuSC9flunqd+fUfufTp5Gvd+D8Ov7YU5snudu3peHhMhFu3lwCN3fuaP/rUKFGs9lkYkM1HBnfqmEOjxcPnuKGhjR7cFBX/+Gp+yW99nRm/tNbV1e5yGC+VcT7/NgbU1sU/88TNtTOUkn3/+Hr+yQNjOLxYGzpbjabVR8DxjNPaF4WevPU5glueFi9nua87y/1SGr+PKm1TyV3d5d97QnNj9sTXHuaw5jHxQPU56rorVvSuXPlQoLduTOyVO2Ew+WLBb295eKBA+lzeFOmSCtWSCtXSosXl5t4fUOvX2/TJokf8jEIG+p1H9v169Lp09KVK+X2j4cPO38+x2z+/HJBwFOYr656MvPW1yetXVsitmxZeW0HcMsWzrMFIWyo5zsOPLmdPSsdPNjZ1OZpzdOXJzLf1mG+GurIOXie5Pwt72nNoZszR+rv56poGMKG+vI05feG7t9fYvSnb1VHbc8e6cCBsrz0Mtfx8kTmG3MdsPa7GngnQjTChvo7dUrau7eEzv7rW9Yn//ftk3bvlnbuLPsI2LhF2DA23L0rHTokHTsmPX48st9LyG3bpK1bpVWruNkWPxA2jB2e2J49K8tMT2J+D6iXmvw+NvyCsAGIw68GBxCHsAGIQ9gAxCFsAOIQNgBxCBuAOIQNQBzCBiAOYQMQh7ABiEPYAMQhbADiEDYAcQgbgDiEDUAcwgYgDmEDEIewAYhD2ADEIWwA4hA2AHEIG4A4hA1AHMIGIA5hAxCHsAGIQ9gAxCFsAJTmO2SDQNow6FxCAAAAAElFTkSuQmCC'}}]}, {'role': 'assistant', 'content': 'Final Answer: 0.5'}, {'role': 'user', 'content': [{'type': 'text', 'text': '\nYou are given both an image and a text-based representation of the same stimulus. \nIn both, a red dot appears on a horizontal line\nThe left end of the line corresponds to 0.0, and the right end to 1.0.\n\nText representation (the dot is marked as """"O""""):\n|--- --- ------------O-------------=-=-- |\n\n\nEstimate the horizontal position of the **center** of the red dot as a decimal number between 0 and 1.\nDo not explain. Only output the final answer as a number between 0 and 1:\nFinal Answer:\n'}, {'type': 'image_url', 'image_url': {'url': 'data:image/png;base64,iVBORw0KGgoAAAANSUhEUgAAATYAAABNCAYAAAAsLkgfAAAAOnRFWHRTb2Z0d2FyZQBNYXRwbG90bGliIHZlcnNpb24zLjEwLjMsIGh0dHBzOi8vbWF0cGxvdGxpYi5vcmcvZiW1igAAAAlwSFlzAAAPYQAAD2EBqD+naQAABFJJREFUeJzt3NuLzH0cwPH3jHVsl9YhMdiNCG1cKHGDCzdKSQ7lyq1S/hM3/gT5FyQJcSERYZVT8jw5n4mcmafP832mpSfPM2ZmTfvp/aqtndm1+5ua3vs9/VTq9XodSUqk2u0LkKROM2yS0jFsktIxbJLSMWyS0jFsktIxbJLSMWyS0jFsktIxbJLSMWyS0jFsktIxbJLSMWyS0jFsktIxbJLSMWyS0jFsktIxbJLSMWyS0jFsktIxbJLSMWyS0jFsktIxbJLSMWyS0jFsktIxbJLSMWyS0unp9gVIP/j4EZ49g0+fYMIEmDkTJk7s9lVpjDFs6m68xo+HSgU+fy6PHzyAV69Gvre/H4aGYMaMbl6xxhjDpt/r+XO4ehXu3YMTJ+DwYXj8eOTrs2bBzp2wfn2J3p07JXjr1jlyU9Mq9Xq93vy3Sy2MzN68gbdvy9Ty5k24fBn274cPH+Bnb7+eHti6FZYsgXHjYMcOWLzYaaqaYtg0uiOz69fhwgV4+rQ8H5GLkVqzb7vVq2FgANauhYUL4datEsRJk2DZMlizxmmq/sWwaXRGaqdPw7lzcPIkPHxY1tEianfvNh+1hgULYP58qNVK0KpV+PatjNo2bIDt2x256QeusanzU8/hYThyBC5dgtu34evXMrWM6Wgrf0cjhrEO9/49bNpUIhY/M9bpjh+HVatg6dLReEUaozzHps5NPc+ehTNn4NixMv2MqL1+De/elZ3O+LwVEcOIZkxDr1wpPy/W3ebNg5cv4caNTr8ajXGVWq3mVFTti/A0RmOxuB+P4whHPFet0l+vM9zGqscQ8PchkAhaTEFjBBjid0yZApMnd+Z1KIVK/D3s9kUovwHgjzb+/SDwZwevR7n11GJBVmpHrHfFyClGU/F5jNgaB25jkb9Soa/NPapeoBYbEPERvyfOuIUYufX2luelf7grqvbdvw/nz5ddyy9fyo7oxYvlLoJr10rc4vlWNw8iZIODZXobsZwzB1asKB9btpTzbdJ33BVV++KgbNz6FDuXs2fDypUldo8ewdy5ZRQXQYuvv3jx6z9/+vRyR0KM0uIM28aNsHlzudVq6tTReEUa4xyxqbMHcmOXsvE47jJ48mTkboEYtZ06VULXrJhiRsCmTStn2OLA7t69JZjSTxg2jd7/zNHXVx7HObQ46hFxitjt2VOmp/+lsWa2a1eZ4sah3OXLy2jNqOl/GDb9fkePwrZt5Txa+P4t2AhaHN84dKiM0Lw3VL/IsKk74sDuwYNw4EA5yNuwaBHs2we7d5cRntQCw6buirdfbCjEfaQxdY2NAo9uqE2GTVI63isqKR3DJikdwyYpHcMmKR3DJikdwyYpHcMmKR3DJikdwyYpHcMmKR3DJikdwyYpHcMmKR3DJikdwyYpHcMmKR3DJikdwyYpHcMmKR3DJikdwyYpHcMmKR3DJikdwyYpHcMmKR3DJikdwyYpHcMmiWz+AoHRW3E6aNocAAAAAElFTkSuQmCC'}}]}, {'role': 'assistant', 'content': 'Final Answer: 0.55'}, {'role': 'user', 'content': [{'type': 'text', 'text': '\nYou are given both an image and a text-based representation of the same stimulus. \nIn both, a red dot appears on a horizontal line\nThe left end of the line corresponds to 0.0, and the right end to 1.0.\n\nText representation (the dot is marked as """"O""""):\n|---.-- ----------- ------------ -O---~--|\n\n\nEstimate the horizontal position of the **center** of the red dot as a decimal number between 0 and 1.\nDo not explain. Only output the final answer as a number between 0 and 1:\nFinal Answer:\n'}, {'type': 'image_url', 'image_url': {'url': 'data:image/png;base64,iVBORw0KGgoAAAANSUhEUgAAATYAAABNCAYAAAAsLkgfAAAAOnRFWHRTb2Z0d2FyZQBNYXRwbG90bGliIHZlcnNpb24zLjEwLjMsIGh0dHBzOi8vbWF0cGxvdGxpYi5vcmcvZiW1igAAAAlwSFlzAAAPYQAAD2EBqD+naQAABDdJREFUeJzt3EtrU2kcgPEnWq2XVqkVL0ToiIqKRUUU3LjyshIU/ACCG3d+F/0I4kYEQRDBhSAiIioVHF0oiFNFvEbrnVabDH9eSqowQ60zSfz3+UFJek5yktXD+57znlQajUYDSUpkVru/gCT91wybpHQMm6R0DJukdAybpHQMm6R0DJukdAybpHQMm6R0DJukdAybpHQMm6R0DJukdAybpHQMm6R0DJukdAybpHQMm6R0DJukdAybpHQMm6R0DJukdAybpHQMm6R0DJukdAybpHQMm6R0DJukdAybpHQMm6R0utr9BSR1kEYDajX4+BF6eqC/H8bG4PVr+PChub23F5Yuhe5uOpFhk2ay0dESradP4fRpOHMGnjxp7l+1Cvbsgc2b4dmzEre5c2Hx4hK2TZtgxw5YtIhOUmk0ItGSZpxaDe7ehfPn4fhx+Pr1n187ezbs2lVCd/9+GdktW1YCt20bHDgA69bRKQybNBNHaLUaXLkCN27AqVMlVFOxejXMnw+zZsHatbByZZmODgzAkSMdM3JzKirNlKDduwfXr8Pz5/DoETx4ALduTT1qId4X8YqwffpUHnfuLNPUON727XQCwyZlV6vB5ctw4UIZrb15A69ewfv3UK///PE+fy5T07ioMDQEGzeWwMX2DuFyDyn7SG1oCG7eLOGJaWNsi/NpL19O75jfvpXH8fESzWvXSiS7uspFiBjVxWN8TptUqtWq59ikrMbHmyGbCFK9Tl+9zp8T/0/DIDBSqUD8xWhtzhxYsOD7F8W+2B77W6wSK1da/qmS2moA+OsX3v8HMEzn6qpWq+3+DpJaMWIbHy/b6nV64/kvjNh6KhWqE6O1WNcWz+fNK+feJovPiP0/bv+fudxDymx0tCzruHQJhofLObZ37+DxY7hzZ/pxW7ECliwpC3fXry93JOzeXda2TRaLfbdsKctEWsirolJm3d1lAW2c3I8roXFFNE7yx2LaOCd29erPH3PhQoiZ3oYNsHVrGanFMX9cwxZXXGPcFCO2FjNsUnb9/bB/fxk1xTq2iFxfXwlOrGOLUd1UJ24RsKNHy/vjlqoYtcXzL1/g7VtYvrxMTyNqL16U/fG6FnMqKs3EOw/GxkrYbt+Ggwebo6t/E8E6dw727v3+GBGumIrG7VkRtxDHiqgNDpawtphhk2a6ixfh0KHmAtvJSYiLAiGmrWfPwr59U49mG3/9w7BJgpEROHkSTpyAhw+b29esgWPH4PDhcsP7b8KwSWqKHMQFhvh5ovjNtZhOTozafiOGTVI63isqKR3DJikdwyYpHcMmKR3DJikdwyYpHcMmKR3DJikdwyYpHcMmKR3DJikdwyYpHcMmKR3DJikdwyYpHcMmKR3DJikdwyYpHcMmKR3DJikdwyYpHcMmKR3DJikdwyYpHcMmKR3DJikdwyYpHcMmiWz+BsBzN7FEbbkEAAAAAElFTkSuQmCC'}}]}, {'role': 'assistant', 'content': 'Final Answer: 0.8'}, {'role': 'user', 'content': [{'type': 'text', 'text': '\nYou are given both an image and a text-based representation of the same stimulus. \nIn both, a red dot appears on a horizontal line\nThe left end of the line corresponds to 0.0, and the right end to 1.0.\n\nText representation (the dot is marked as """"O""""):\n|-~ --~-~-----------------.--O-----------|\n\n\nEstimate the horizontal position of the **center** of the red dot as a decimal number between 0 and 1.\nDo not explain. Only output the final answer as a number between 0 and 1:\nFinal Answer:\n'}, {'type': 'image_url', 'image_url': {'url': 'data:image/png;base64,iVBORw0KGgoAAAANSUhEUgAAATYAAABNCAYAAAAsLkgfAAAAOnRFWHRTb2Z0d2FyZQBNYXRwbG90bGliIHZlcnNpb24zLjEwLjMsIGh0dHBzOi8vbWF0cGxvdGxpYi5vcmcvZiW1igAAAAlwSFlzAAAPYQAAD2EBqD+naQAABERJREFUeJzt3E1vTGEYxvFrpkXQSlFtmASpthstYoGlNBUfwIJvYCGxtbDwBawsLS2b7nRl1x2JkIZEBPEuCNUgXqpm5MqdSUUiOmVm6j7/XzLpdDo5M5v+e5/zPNNSrVarCQASKbf7DQDAv0bYAKRD2ACkQ9gApEPYAKRD2ACkQ9gApEPYAKRD2ACkQ9gApEPYAKRD2ACkQ9gApEPYAKRD2ACkQ9gApEPYAKRD2ACkQ9gApEPYAKRD2ACkQ9gApEPYAKRD2ACkQ9gApEPYAKRD2ACkQ9gApEPYAKRD2ACk09nuNwDgJ7Wa9Pat9PGj1NUlbd4slUrtflf/HcIGtNPXr9KbN3GbnJQuXZKePFn8+dat0qlTcVu7Vnr+XHr1Kn7W3y9VKtKaNW17+ytVqVbznwgALefJ7PZt6coV6fx5aX7+9891vE6elDo7pU+fYrJbv14aGZGOHpW2bWvlO1/xCBvQ6unMAfP9mzel6Wnp4sUI1VLs2bM4pXmCK5cjbkeOSJs2SatXS729hZ/iCBvQyuns3Tvp/fu4f++edPmy9P17Y8dyuHzbtSumtrk5aWBAOnRIWlhYnOSGhgobOK6xAc3m6cwh+/BB2rIlrpN9+RKPNRo189TnxYVnz6S+vrg9fRrH8jW5hQXp/n3p4EFp//5YgCgYtnsAzeYQvX4dq5s3bkjXrkkvXkiPHi3/mNVqBNPHXbcuTmU9Cfo0d2AgJjW/huPp5xVMqVKpcCoKNNO3bzGh1e9Xq9pYreqW7y/TiKS5+jerVsW1Nn+1jo746oUGB8/X3eqPFYQ3yBA2oMV2SPqLeU07JT3+h+8nm86KV1gANIeve/n00KeOvu+v1aq6Pa35WtgydUmq1DfuelKrT20+frkcE5of82sWcWJjVRRooocPpZkZqbtbun5dunMnQueL+97usZy4OWhe+XTAtm+Xjh2TXr6UZmdjy8foqDQ8HNfW/LpeLS3Y6iirokAzeVqyDRsiMObtGf7eF/vv3m38mJ7EHKqeHmlsTNq9O+57S4lXQPv6YtXUkfO2j4JFzZjYgGby1HT1amz18EegHDPvX3PQ/NGoiYnGtnx4Sjt8WNq7VxoclA4ciJg5oJ7O/Drz84XfqEvYgFZuzjWHx4Hy9W1/8uDs2Vi9/NOvok9Bz52TxsfjWAU9zVwKwga0+uNUv05TU1PS8ePS58/x/c+/kvUFAj/3zBlp3774ef00s4Cbb5eCsAErga+7+T97XLggPXiw+Lg/NnX6tHTiROyB4zRzSQgbsJL419Grm75W5lNNT2b8P7aGETYA6fBZUQDpEDYA6RA2AOkQNgDpEDYA6RA2AOkQNgDpEDYA6RA2AOkQNgDpEDYA6RA2AOkQNgDpEDYA6RA2AOkQNgDpEDYA6RA2AOkQNgDpEDYA6RA2AOkQNgDpEDYA6RA2AOkQNgDpEDYA6RA2AOkQNgDK5gcW00CVbCY0GwAAAABJRU5ErkJggg=='}}]}]",Final Answer: 0.7
anthropic/claude-3.7-sonnet,sample_010,0.78323,0.78323,0.75,"[{'role': 'system', 'content': 'You are a helpful assistant.'}, {'role': 'user', 'content': [{'type': 'text', 'text': '\nYou are given both an image and a text-based representation of the same stimulus. \nIn both, a red dot appears on a horizontal line\nThe left end of the line corresponds to 0.0, and the right end to 1.0.\n\nText representation (the dot is marked as """"O""""):\n|.-- -~=-------- ---------O--------------|\n\n\nEstimate the horizontal position of the **center** of the red dot as a decimal number between 0 and 1.\nDo not explain. Only output the final answer as a number between 0 and 1:\nFinal Answer:\n'}, {'type': 'image_url', 'image_url': {'url': 'data:image/png;base64,iVBORw0KGgoAAAANSUhEUgAAATYAAABNCAYAAAAsLkgfAAAAOnRFWHRTb2Z0d2FyZQBNYXRwbG90bGliIHZlcnNpb24zLjEwLjMsIGh0dHBzOi8vbWF0cGxvdGxpYi5vcmcvZiW1igAAAAlwSFlzAAAPYQAAD2EBqD+naQAABJVJREFUeJzt3ElvTXEYx/HfbWtuUaQSFy1i0bSRsECQ2HkNYmNnx9LGOxCJROyFlYXY8AZ0YVFCDCExxFBjYqgp5h755XHShohSt72e8/0kTfW0vfda9Nvnf87/tFYURSEASKRlql8AAPxrhA1AOoQNQDqEDUA6hA1AOoQNQDqEDUA6hA1AOoQNQDqEDUA6hA1AOoQNQDqEDUA6hA1AOoQNQDqEDUA6hA1AOoQNQDqEDUA6hA1AOoQNQDqEDUA6hA1AOoQNQDqEDUA6hA1AOoQNQDqEDUA6hA1AOoQNQDptU/0CgKZVFNLz59Lbt1J7u7RwoVSrTfWrwjgQNlTbx4/Ss2fSp0/S9OlSR4f04IF0/Lh07Jh0797o165aJe3eLW3fLn35Mvo9ixZJM2b8/FjlcUy6WlH41xJQMY7QzZvS1avSu3fS3LnShw/SwEAEzXH6UTmtOVZ790pr18bHnZ3SkiXSo0fSy5fS58/S69fSnDlSf7+0ejWBm2SEDdXj5eWFC9KZM9LDh9LMmdLs2RG606djCfo7LS3SgQPSli0x4XmyW748Jr47d6RXr6ThYWnWLGnDBmnduljKYlIQNlRrSnPIBgely5elS5diCvPxoSHpxo3xRa3k5eahQ9KbN/FYmzdLX7/GxLZgQXzNkydSV5e0YoW0cSOT2yThHBuqM6V52Xn9unT+vHTtWgSpry+mL18g+NPf8V6u7t8v9fbGMvTp01iWbtoUj+nA+TnmzYtpcNkyaeXKRv0PMQZhQ36eyBw1T2s+ue8pysHxBYBbt2Jqc5T+xt27ccXUfK7Oj++orVkT59keP47P+bn8dY4cS9KGq9XrdZaiyM3LQ09XIyOjS0X/+/vnOkdGdGUCZ2T6azUNt7VJra3xuA6l3xw4H/PnfLz8mOVow/kyD2FDpXV78JrA9/dIGrMpBE2grV6vT/VrABrLU5q3cngq89Tk6ckf+31RqMPLxAlob21V3VNZOZmV0+C0aTGheXrz5/zcfi3lcTQMV0VRjXNsp05JFy/GnjJH5v792LPmc2s+5+ZzY38TOAfKG3e7u+PNy0xvzPW5tfXrY3/b/PlxBdXB89YQH2egaCguHiA/x8ZXKh0VX50sQ7NtW2yoPXdOun07LiT8KW/C9fTnScx6emJ7h5/DV0gduXJKdES9DcTH0FBMbKgOb8k4eza2fnhq82baxYtj6jp6VDpyZDRQ4+Fgbd0qLV0a05rfO2Z+zLF3Iph/zBw134nAVdGGI2yoll/dz+m7BQ4elA4fHt9+Np8327dP2rEjlpXePsK9o02DsAElh+jECWnXLun9+zg29sejvFfUt1+dPBlLWTQlwgb8yPd4+kZ43y7lc28lXyTYs0fauTM22qJpETbgV/yj8eJFLDN9Ps7nyPh7bP8FwgYgHf40OIB0CBuAdAgbgHQIG4B0CBuAdAgbgHQIG4B0CBuAdAgbgHQIG4B0CBuAdAgbgHQIG4B0CBuAdAgbgHQIG4B0CBuAdAgbgHQIG4B0CBuAdAgbgHQIG4B0CBuAdAgbgHQIG4B0CBuAdAgbgHQIGwBl8w2vMXCzyZNU9QAAAABJRU5ErkJggg=='}}]}, {'role': 'assistant', 'content': 'Final Answer: 0.6'}, {'role': 'user', 'content': [{'type': 'text', 'text': '\nYou are given both an image and a text-based representation of the same stimulus. \nIn both, a red dot appears on a horizontal line\nThe left end of the line corresponds to 0.0, and the right end to 1.0.\n\nText representation (the dot is marked as """"O""""):\n|--~---~----------------=--- =-----O-----|\n\n\nEstimate the horizontal position of the **center** of the red dot as a decimal number between 0 and 1.\nDo not explain. Only output the final answer as a number between 0 and 1:\nFinal Answer:\n'}, {'type': 'image_url', 'image_url': {'url': 'data:image/png;base64,iVBORw0KGgoAAAANSUhEUgAAATYAAABNCAYAAAAsLkgfAAAAOnRFWHRTb2Z0d2FyZQBNYXRwbG90bGliIHZlcnNpb24zLjEwLjMsIGh0dHBzOi8vbWF0cGxvdGxpYi5vcmcvZiW1igAAAAlwSFlzAAAPYQAAD2EBqD+naQAABNNJREFUeJzt3MtvjG0Yx/HfVNUhrSgNYkLfSARJbUScYmdHxEKsJNZi5/+w8ieItZWNtcTCQlCHhOCtQ5yps2L6vPm9lyczeDvTaWv6uvr9JE0P087M6pvrvp/7aaUoikIAkEjXbL8BAJhphA1AOoQNQDqEDUA6hA1AOoQNQDqEDUA6hA1AOoQNQDqEDUA6hA1AOoQNQDqEDUA6hA1AOoQNQDqEDUA6hA1AOoQNQDqEDUA6hA1AOoQNQDqEDUA6hA1AOoQNQDqEDUA6hA1AOoQNQDqEDUA6hA1AOoQNQDrds/0GAPyBxsak58+lp0+lr1+lNWuk1aulSqX++IsX0pcvUk+PNDAgLVjQsbdH2AC01hiqx4+l06elM2cibKXBQen4cWn/funBA+n16/pj/f3S0JC0fHlHolcpiqKY0WcE8Gcb+x6ed++k9+9jInv0SHIqLl+WTpyIKE1k/nzp8GFp716pt1dasiQi19cnrV8v3b5dj56f21PeunXSypU/Rm4aASRsAOpevpQuXZKuX4+p69Ur6dmzCMq3b9LZsxG4ydi2Tdq1S1q1Kqa1Dx+kri5p4cKI2Nu3ETm/zqJF0oYN0ooV8bt27drEU18LhA1AfUI6d066elV6+DD20BwdLz3Hx+Nzu7nYvr2+/7Z2bUxwW7ZEJIeHpY8fpaVLYzLbtCmev3FicwAdQ7++l72e+nbsaDm5cVUUQPBy01Hz8tAcHX98+hST3FRmoBs3pCdPYgl74UIsKx2q0dFY6i5bJnV/3+qv1SJkIyPS/fv1qJk/+3tPkI5gC1w8ABDK6cwTlCPnCcnx8eTUbE+tGe/R+Tm9/PRS1EvPjRvr8SynsXJvzt87cOVjjfy99+Mm8V4q1WqVpSgw142Px2T2+XPEw+Hxz4pC/UWh4Wk89VClotEyWvPmxYenNAesDJtf079Thqv8/mdewvpCgp+jCR86IWwAJjQo6W9N3V+SRtRZ3dVqtcMvCeB/pVaLCc3Tkye2cmLyz2o19U3z6XsrFVU9ZXlK85LUe3WeuPwansDMX/vnfg/lpObXL/f1Gh/7eYn6H7gqCsx19+5JV67E1cubN6Xz5yN23hu7eDH22Lw/Vu6FtcPB8vDkK5579ki7d8fxER8F8c+bnVWbxjk2Lh4Ac11PT3x2uHxGzIdlHRDHyOfKbt2S7t6Nq5vt8vk0P5+j6eMePpfmK6GOlPl1Jlo1NnusBY57AHPdwEAcfvVVUN8l4K/LDf2dO+M2qX37Wm7Y/8J/7wO6W7dGzN68iXNoPmT7m+8bZSkKQP+eUytP+vuOAJ8lc5g8ZTlGPljrqe3YsdjvapUN/61vqzpyJJaSPkriwG3e3JGb4QkbgF/3tMosOFCN+1u+M+HgwTi4a435KC8AeIP/6FHpwIGYANu4Y2CmEDYA7fFdA6dOSSdPSnfu/PjfPQ4diqXm4sUROOfFy9BJ3uM5UwgbgKlxOnyLk+9O8ETmgHlqm+X/xWaEDUA6XBUFkA5hA5AOYQOQDmEDkA5hA5AOYQOQDmEDkA5hA5AOYQOQDmEDkA5hA5AOYQOQDmEDkA5hA5AOYQOQDmEDkA5hA5AOYQOQDmEDkA5hA5AOYQOQDmEDkA5hA5AOYQOQDmEDkA5hA5AOYQOQDmEDoGz+AaQ5oOTiCrZ7AAAAAElFTkSuQmCC'}}]}, {'role': 'assistant', 'content': 'Final Answer: 0.85'}, {'role': 'user', 'content': [{'type': 'text', 'text': '\nYou are given both an image and a text-based representation of the same stimulus. \nIn both, a red dot appears on a horizontal line\nThe left end of the line corresponds to 0.0, and the right end to 1.0.\n\nText representation (the dot is marked as """"O""""):\n|--~----~-----------------~=---O----=----|\n\n\nEstimate the horizontal position of the **center** of the red dot as a decimal number between 0 and 1.\nDo not explain. Only output the final answer as a number between 0 and 1:\nFinal Answer:\n'}, {'type': 'image_url', 'image_url': {'url': 'data:image/png;base64,iVBORw0KGgoAAAANSUhEUgAAATYAAABNCAYAAAAsLkgfAAAAOnRFWHRTb2Z0d2FyZQBNYXRwbG90bGliIHZlcnNpb24zLjEwLjMsIGh0dHBzOi8vbWF0cGxvdGxpYi5vcmcvZiW1igAAAAlwSFlzAAAPYQAAD2EBqD+naQAABDBJREFUeJzt3LlrVGsYgPHnJHFPlFFBZdR7XQtJISIW6VSsxEqwE8FaLfwvbG209h+wFgQt3BAE8QqKqFz3BY3B3Why5OVjGC/IJYmCOW+eHwyzJDmTZh6+5Zyp6rqukaREev70PyBJv5thk5SOYZOUjmGTlI5hk5SOYZOUjmGTlI5hk5SOYZOUjmGTlI5hk5SOYZOUjmGTlI5hk5SOYZOUjmGTlI5hk5SOYZOUjmGTlI5hk5SOYZOUjmGTlI5hk5SOYZOUjmGTlI5hk5SOYZOUjmGTlI5hk5SOYZOUTt+f/gckTcGXL/DqFYyOwuzZsHQpzJkDdQ2vX8P799DfD0uWQFUx0xg2qWkiXDdvwsuX5fHICPT2wosXcPo03L/f/d116+DwYThwAObN+3kME6rqOhIvqTEjtStX4MkTePoU7tyBW7fg8mUYGyujs/qHj3RntDZ3Lhw9Cps2wadP8O1bGc0NDZWRXRzn40eYPx82boSFC2kywyY1SQTt0iV4/hyuXoUbN8ptIqoKdu2CbdtKwJ49KzGM6PX0QF9fieLy5bB7N2zYQFMZNqlJa2nv3sHFiyVq587B3bv/HaFNJG5DQ2WKOj4O16/DwED3tZiuxlR28WI4eLCxIzfX2KTpvpb25k33tbdv4do1uHABHj+eXNRC/H5EMY65YkUJ57Jl5bhxvPXrYe3aMr2N6enWrTSRp3tI01EEJ6IWI7R2G1atKtPG8+fLVPTRo7JWNhVfv8LwcFlni1Hb589lE+HDh/J+MSWNqWmsuTVU1W63nYpK001ELAIUu52hE6C4HxujNTrKP7+wijQIjMyaVUZwEbF4HNPUeL94Hu8d63DxegPFlolhkxrmL+DfX/j7v4EH5NXXjmGupOk9YovNg7jF8/FxBuJx/HyK+oF2bEbEiCympDFa64zY4hY7pTElbSh3RaXpfL5arHnF4v7t23D2LLRasGBBic+xYyV2k1VV5Zg7dsDKlSVusZGwenW5T3AeW3OTLGUWi/mDg2UDIc5d64ykYtE/TsuIwG3fDmfOTP7YrRZs3lyOv2ZNuY9z1hJdheCITWrKeWwRuBjFxfMYdcWu5cmTZUo60Y9xby/s31/OW9u5s+y4Jgpah2GTmiTON/vx8qeHD2HfvhK22DH9P1UFhw7Bnj2wZUu5pCopwyY1XUxH9+7tnndW/+Ra0bii4MSJMkpLfPF7h2GTMohv+Dh1Co4fh3v3uq/HetyRI+XbPRYtYqYwbFIm8XEeHi67qXENaFzzOQO/j82wSUrHa0UlpWPYJKVj2CSlY9gkpWPYJKVj2CSlY9gkpWPYJKVj2CSlY9gkpWPYJKVj2CSlY9gkpWPYJKVj2CSlY9gkpWPYJKVj2CSlY9gkpWPYJKVj2CSlY9gkpWPYJKVj2CSlY9gkpWPYJKVj2CSlY9gkkc1310VHXTWff9MAAAAASUVORK5CYII='}}]}, {'role': 'assistant', 'content': 'Final Answer: 0.75'}, {'role': 'user', 'content': [{'type': 'text', 'text': '\nYou are given both an image and a text-based representation of the same stimulus. \nIn both, a red dot appears on a horizontal line\nThe left end of the line corresponds to 0.0, and the right end to 1.0.\n\nText representation (the dot is marked as """"O""""):\n|------~----------=.------- -O-------- --|\n\n\nEstimate the horizontal position of the **center** of the red dot as a decimal number between 0 and 1.\nDo not explain. Only output the final answer as a number between 0 and 1:\nFinal Answer:\n'}, {'type': 'image_url', 'image_url': {'url': 'data:image/png;base64,iVBORw0KGgoAAAANSUhEUgAAATYAAABNCAYAAAAsLkgfAAAAOnRFWHRTb2Z0d2FyZQBNYXRwbG90bGliIHZlcnNpb24zLjEwLjMsIGh0dHBzOi8vbWF0cGxvdGxpYi5vcmcvZiW1igAAAAlwSFlzAAAPYQAAD2EBqD+naQAABIJJREFUeJzt3EtLlGEchvF7PKSVVlZENJhGFEVGFJSiRPtqKa6CvkEfplW0q12rgnbRKoLETUgtaqGYYFGaSueD+cbN4+u4KGpqxpH/e/1gmJM6Q+Dlc5pKWZZlAoBAmhr9BgCg1ggbgHAIG4BwCBuAcAgbgHAIG4BwCBuAcAgbgHAIG4BwCBuAcAgbgHAIG4BwCBuAcAgbgHAIG4BwCBuAcAgbgHAIG4BwCBuAcAgbgHAIG4BwCBuAcAgbgHAIG4BwCBuAcAgbgHAIG4BwCBuAcAgbgHAIG4BwWhr9BgCsyDLp7Vvpwwepo0PatUv69k2am0vXmzZJu3dLbW2NfqcbHmEDGuXr1xQtX+7ckW7elCYnK8+Xy9LgoHTypNTaKrW3S3v3psf27WvkO9/wSlnmPxMA1pVHZk+fSnfvSlevSt+///5rm5uloSHp6FFp82app0caGanELQ8ko7pVhA2ot7Xh8a+br8fGpNu300jtb5RK0sWLUne39OWLdOiQdP681NQkvXolffxY+dquLqmvL01lC4qwAfWM2evX0vPn0rt3ae3M9xcXpWfPpIcPU+j+lkdup0+nsHlq6hGcp6eOnm8fOJBitrAgdXZKAwOFHbkRNqBe08w3b6THj6Xp6TRFfP9e+vQp3ffFsauWg+XpqC957Lzu5sf375eOHJGOH08RPXMmrdMVEJsHQK1Hao6aI+ZRlUdnW7dKMzPS7GwaXfkxP/8v/H0/flSmtb546rljh7S0lDYf2tqkPXvS1xRUqVwuM2IDasXR8UaAR1K+duhseTk95yWwpSU9+Y+JUp+kRQfS/HO8zubXa2lJt5tW7nua6usC8r8OYQPWUY+kqf/4/l5JL2r4fiJqKRd0Dg7UfcTm215Ty6eMvp9l6lwZuf2rDh9xW/uAR2/5KM1aW9P019cFxeYBUEueeo6OprUwr33duyc9eJDue+3LGwq+eHHf09NqOWLeOPD6mUPm+zt3puMdDqpfY3hYunSpsDuixuYBUEuOiSPjDQRvFnin0uH5/DmdQfNtB8nPzc9X//MdNa+l5a+Vbx7ko7XeXqm/v9BRM8IG1JrPkvkMWX4o158QuH8/TQ09Zdy2TZqaSiO7akZtHp35aIcP4zpu+RGPY8ekLVtSKM+eTYd3C46wAfXgEVO+fu2wOUQvX0rbt0snTqRzbPbo0Z8P6eY7oBcupJj5uIjPxXn059dwKP3Y4cPSuXOFH60Za2zAeh7a9acCzCM5j7zGx6Vr1ypnztb+OuZB82js+nXp1Km0Nue1NJ+L8/d4iuv7/nwoH45fRdiA9fKrD6vbxIR065Z044b0Ys1BjoMHpStXpMuX00jvTz+LkdoqwgZsFP5V9DqZd1A95fRUMx+1oSqEDUA4/NfgAMIhbADCIWwAwiFsAMIhbADCIWwAwiFsAMIhbADCIWwAwiFsAMIhbADCIWwAwiFsAMIhbADCIWwAwiFsAMIhbADCIWwAwiFsAMIhbADCIWwAwiFsAMIhbADCIWwAwiFsAMIhbADCIWwAwiFsABTNT3roXHIAyEx4AAAAAElFTkSuQmCC'}}]}, {'role': 'assistant', 'content': 'Final Answer: 0.65'}, {'role': 'user', 'content': [{'type': 'text', 'text': '\nYou are given both an image and a text-based representation of the same stimulus. \nIn both, a red dot appears on a horizontal line\nThe left end of the line corresponds to 0.0, and the right end to 1.0.\n\nText representation (the dot is marked as """"O""""):\n|-- ------ --=- ----=-O------------------|\n\n\nEstimate the horizontal position of the **center** of the red dot as a decimal number between 0 and 1.\nDo not explain. Only output the final answer as a number between 0 and 1:\nFinal Answer:\n'}, {'type': 'image_url', 'image_url': {'url': 'data:image/png;base64,iVBORw0KGgoAAAANSUhEUgAAATYAAABNCAYAAAAsLkgfAAAAOnRFWHRTb2Z0d2FyZQBNYXRwbG90bGliIHZlcnNpb24zLjEwLjMsIGh0dHBzOi8vbWF0cGxvdGxpYi5vcmcvZiW1igAAAAlwSFlzAAAPYQAAD2EBqD+naQAABHBJREFUeJzt28tvTH8Yx/HP1FCXVhTRMJIiLCTduCysLOxspCthw1L8AeIf8BfY6bJrSwsSKwuREAu6Qht1i1u1LnGvIx+Pk9atVMmZeeb9Sk46nXbOjPx+3p7zPefUiqIoBACJdFT9AQDgXyNsANIhbADSIWwA0iFsANIhbADSIWwA0iFsANIhbADSIWwA0iFsANIhbADSIWwA0iFsANIhbADSIWwA0iFsANIhbADSIWwA0iFsANIhbADSIWwA0iFsANIhbADSIWwA0iFsANIhbADSIWwA0iFsANIhbADSqVf9AYA5eftWunlTmpyUVqyQtmyRFi+u+lOhyRA2NK9376SnT6X376U3b6TTp6VTp6QHD6Z/Z+1a6dAh6eBBafXq2Do7q/zUaAK1oiiKqj8E8EPMHj2SRkcjapcuRdD8+Fccs+PHpT17pP5+adWqb8O4aBHRayNMbGgOjpAPMa9ejYns7t2IkuN25crvX+94nTghTUxIT55IO3ZId+7E96Wenunole9J+FJiYkP1xsdjKjt7Vhobi/Wzhw/j+WfP5ravBQukgQFp69bY+vqkFy8iYs+fS+vWSbt3S69eScPDs4cPLYuwoVoOzrlz0oULMa29fh2HoZ7aZjv0nM3y5RG1XbuklSulDx+kZcsien6/vXsjbC9fSr29UkeH9OlTvG93d7yOya2lcbkHqnX/vnTtWpwc8OZDQsfnb6NmDtaNG9KZM3EY6++9LV0a7+Hp8PHj6aiZv/p7T4g+PEVLqzUaDSY2VKc84+mJyY9rNenjR/UUha7PY7f9kiYdq3o9Ymnetzfz9LZw4Y8vnJqK5/1ztCz/VyZsaDp9km7P4/UbJI39w8+D1lJvNBpVfwa0s/IQ9Ouk9mVimppS9zx32yWp4YnNk9fM6WvJkumpzV9n/szv7edYX2t5nDxAtetrFy/GmdCREenePenWrfjqxf358HqZ70rwYejGjXFCwetqvgxk+/b4mS8vKc+K+q+BTzRwVjQFrmNDdbym5vWsbdtikvLivgPj532blC/78BQ3V47Z5s2x+YyoJzDvy+t4jlYZL29cx5YSExuqndguX5a8HOKAOT6+1sxnLT1N+bnz5yNIf8qHkjt3RrwcKcfK/LirS9q3T9q06b/9kdAcmNhQHUfHF8X6+jEfOq5ZE885ZOvXR4h8GDk4GL//u3+DHbX9++MCXE+C3le5xuZLSDyhsabcFpjYUC3fXTDzDoByrctrYOVhqdfhjhyJi3fL3/meJ7Jjx6SjR+Pxz/bJ+lnbIGyo3p/cs+nD1KEh6eTJONFQ8i1Thw9LBw7EIWb5Ou4DbWuEDa3F/7v67gDfSeDbnzyJlZdvAF8RNgDpcK8ogHQIG4B0CBuAdAgbgHQIG4B0CBuAdAgbgHQIG4B0CBuAdAgbgHQIG4B0CBuAdAgbgHQIG4B0CBuAdAgbgHQIG4B0CBuAdAgbgHQIG4B0CBuAdAgbgHQIG4B0CBuAdAgbgHQIG4B0CBuAdAgbAGXzGahxa5hlk7orAAAAAElFTkSuQmCC'}}]}, {'role': 'assistant', 'content': 'Final Answer: 0.4'}, {'role': 'user', 'content': [{'type': 'text', 'text': '\nYou are given both an image and a text-based representation of the same stimulus. \nIn both, a red dot appears on a horizontal line\nThe left end of the line corresponds to 0.0, and the right end to 1.0.\n\nText representation (the dot is marked as """"O""""):\n|---- ---------.------O---------------.-~|\n\n\nEstimate the horizontal position of the **center** of the red dot as a decimal number between 0 and 1.\nDo not explain. Only output the final answer as a number between 0 and 1:\nFinal Answer:\n'}, {'type': 'image_url', 'image_url': {'url': 'data:image/png;base64,iVBORw0KGgoAAAANSUhEUgAAATYAAABNCAYAAAAsLkgfAAAAOnRFWHRTb2Z0d2FyZQBNYXRwbG90bGliIHZlcnNpb24zLjEwLjMsIGh0dHBzOi8vbWF0cGxvdGxpYi5vcmcvZiW1igAAAAlwSFlzAAAPYQAAD2EBqD+naQAABENJREFUeJzt3MlqFG0chfHTMc6J8wSNGhfiFHAAB3ApKrgSxJ14B96KeAm6cqEggmvRhaAoIiiOoEYUnOfZJC3HlyYi36e0Bqpy8vygMF0m3SWGJ/+3qjqNVqvVEgAE6ar6AABgtBE2AHEIG4A4hA1AHMIGIA5hAxCHsAGIQ9gAxCFsAOIQNgBxCBuAOIQNQBzCBiAOYQMQh7ABiEPYAMQhbADiEDYAcQgbgDiEDUAcwgYgDmEDEIewAYhD2ADEIWwA4hA2AHEIG4A4hA1AHMIGIA5hAxCnu+oDADrSakkvXkjv30sTJ5bH375JkyZJ8+ZJkydXfYSoAcKG+vvyRbpxQzp8WDp+XHr0aOTvFi2Stm+Xli+XZs6U1qyRNm6UZsyo8ohRsUar5R95QA29fStdvCgdOSIdPSoNDv7/506YUIK2cKG0erW0a1d5zAQ3LjGxoR4T2fPn0rt3ZYnZ01MenzkjnTghXb785+cYGpLOn5fWrSsfP3kivXkjrV9flqtfv7JcHUeY2FAtny+7dk168EAaGChh82R26VLZd+9eZ8/XaEg7dpS4LVkiTZ1alquOpZ/XE51j56UrgYtF2FDtpOYpy3F7+lT6/LlsJ09KN29KHz+WSatTjpm3adPKlLZggTRrVjkH5/B5avMydcMGAheKpSiq4+Xmq1clLB8+SNOnSxcuSC9flunqd+fUfufTp5Gvd+D8Ov7YU5snudu3peHhMhFu3lwCN3fuaP/rUKFGs9lkYkM1HBnfqmEOjxcPnuKGhjR7cFBX/+Gp+yW99nRm/tNbV1e5yGC+VcT7/NgbU1sU/88TNtTOUkn3/+Hr+yQNjOLxYGzpbjabVR8DxjNPaF4WevPU5glueFi9nua87y/1SGr+PKm1TyV3d5d97QnNj9sTXHuaw5jHxQPU56rorVvSuXPlQoLduTOyVO2Ew+WLBb295eKBA+lzeFOmSCtWSCtXSosXl5t4fUOvX2/TJokf8jEIG+p1H9v169Lp09KVK+X2j4cPO38+x2z+/HJBwFOYr656MvPW1yetXVsitmxZeW0HcMsWzrMFIWyo5zsOPLmdPSsdPNjZ1OZpzdOXJzLf1mG+GurIOXie5Pwt72nNoZszR+rv56poGMKG+vI05feG7t9fYvSnb1VHbc8e6cCBsrz0Mtfx8kTmG3MdsPa7GngnQjTChvo7dUrau7eEzv7rW9Yn//ftk3bvlnbuLPsI2LhF2DA23L0rHTokHTsmPX48st9LyG3bpK1bpVWruNkWPxA2jB2e2J49K8tMT2J+D6iXmvw+NvyCsAGIw68GBxCHsAGIQ9gAxCFsAOIQNgBxCBuAOIQNQBzCBiAOYQMQh7ABiEPYAMQhbADiEDYAcQgbgDiEDUAcwgYgDmEDEIewAYhD2ADEIWwA4hA2AHEIG4A4hA1AHMIGIA5hAxCHsAGIQ9gAxCFsAJTmO2SDQNow6FxCAAAAAElFTkSuQmCC'}}]}, {'role': 'assistant', 'content': 'Final Answer: 0.5'}, {'role': 'user', 'content': [{'type': 'text', 'text': '\nYou are given both an image and a text-based representation of the same stimulus. \nIn both, a red dot appears on a horizontal line\nThe left end of the line corresponds to 0.0, and the right end to 1.0.\n\nText representation (the dot is marked as """"O""""):\n|--- --- ------------O-------------=-=-- |\n\n\nEstimate the horizontal position of the **center** of the red dot as a decimal number between 0 and 1.\nDo not explain. Only output the final answer as a number between 0 and 1:\nFinal Answer:\n'}, {'type': 'image_url', 'image_url': {'url': 'data:image/png;base64,iVBORw0KGgoAAAANSUhEUgAAATYAAABNCAYAAAAsLkgfAAAAOnRFWHRTb2Z0d2FyZQBNYXRwbG90bGliIHZlcnNpb24zLjEwLjMsIGh0dHBzOi8vbWF0cGxvdGxpYi5vcmcvZiW1igAAAAlwSFlzAAAPYQAAD2EBqD+naQAABFJJREFUeJzt3NuLzH0cwPH3jHVsl9YhMdiNCG1cKHGDCzdKSQ7lyq1S/hM3/gT5FyQJcSERYZVT8jw5n4mcmafP832mpSfPM2ZmTfvp/aqtndm1+5ua3vs9/VTq9XodSUqk2u0LkKROM2yS0jFsktIxbJLSMWyS0jFsktIxbJLSMWyS0jFsktIxbJLSMWyS0jFsktIxbJLSMWyS0jFsktIxbJLSMWyS0jFsktIxbJLSMWyS0jFsktIxbJLSMWyS0jFsktIxbJLSMWyS0jFsktIxbJLSMWyS0unp9gVIP/j4EZ49g0+fYMIEmDkTJk7s9lVpjDFs6m68xo+HSgU+fy6PHzyAV69Gvre/H4aGYMaMbl6xxhjDpt/r+XO4ehXu3YMTJ+DwYXj8eOTrs2bBzp2wfn2J3p07JXjr1jlyU9Mq9Xq93vy3Sy2MzN68gbdvy9Ty5k24fBn274cPH+Bnb7+eHti6FZYsgXHjYMcOWLzYaaqaYtg0uiOz69fhwgV4+rQ8H5GLkVqzb7vVq2FgANauhYUL4datEsRJk2DZMlizxmmq/sWwaXRGaqdPw7lzcPIkPHxY1tEianfvNh+1hgULYP58qNVK0KpV+PatjNo2bIDt2x256QeusanzU8/hYThyBC5dgtu34evXMrWM6Wgrf0cjhrEO9/49bNpUIhY/M9bpjh+HVatg6dLReEUaozzHps5NPc+ehTNn4NixMv2MqL1+De/elZ3O+LwVEcOIZkxDr1wpPy/W3ebNg5cv4caNTr8ajXGVWq3mVFTti/A0RmOxuB+P4whHPFet0l+vM9zGqscQ8PchkAhaTEFjBBjid0yZApMnd+Z1KIVK/D3s9kUovwHgjzb+/SDwZwevR7n11GJBVmpHrHfFyClGU/F5jNgaB25jkb9Soa/NPapeoBYbEPERvyfOuIUYufX2luelf7grqvbdvw/nz5ddyy9fyo7oxYvlLoJr10rc4vlWNw8iZIODZXobsZwzB1asKB9btpTzbdJ33BVV++KgbNz6FDuXs2fDypUldo8ewdy5ZRQXQYuvv3jx6z9/+vRyR0KM0uIM28aNsHlzudVq6tTReEUa4xyxqbMHcmOXsvE47jJ48mTkboEYtZ06VULXrJhiRsCmTStn2OLA7t69JZjSTxg2jd7/zNHXVx7HObQ46hFxitjt2VOmp/+lsWa2a1eZ4sah3OXLy2jNqOl/GDb9fkePwrZt5Txa+P4t2AhaHN84dKiM0Lw3VL/IsKk74sDuwYNw4EA5yNuwaBHs2we7d5cRntQCw6buirdfbCjEfaQxdY2NAo9uqE2GTVI63isqKR3DJikdwyYpHcMmKR3DJikdwyYpHcMmKR3DJikdwyYpHcMmKR3DJikdwyYpHcMmKR3DJikdwyYpHcMmKR3DJikdwyYpHcMmKR3DJikdwyYpHcMmKR3DJikdwyYpHcMmKR3DJikdwyYpHcMmiWz+AoHRW3E6aNocAAAAAElFTkSuQmCC'}}]}, {'role': 'assistant', 'content': 'Final Answer: 0.55'}, {'role': 'user', 'content': [{'type': 'text', 'text': '\nYou are given both an image and a text-based representation of the same stimulus. \nIn both, a red dot appears on a horizontal line\nThe left end of the line corresponds to 0.0, and the right end to 1.0.\n\nText representation (the dot is marked as """"O""""):\n|---.-- ----------- ------------ -O---~--|\n\n\nEstimate the horizontal position of the **center** of the red dot as a decimal number between 0 and 1.\nDo not explain. Only output the final answer as a number between 0 and 1:\nFinal Answer:\n'}, {'type': 'image_url', 'image_url': {'url': 'data:image/png;base64,iVBORw0KGgoAAAANSUhEUgAAATYAAABNCAYAAAAsLkgfAAAAOnRFWHRTb2Z0d2FyZQBNYXRwbG90bGliIHZlcnNpb24zLjEwLjMsIGh0dHBzOi8vbWF0cGxvdGxpYi5vcmcvZiW1igAAAAlwSFlzAAAPYQAAD2EBqD+naQAABDdJREFUeJzt3EtrU2kcgPEnWq2XVqkVL0ToiIqKRUUU3LjyshIU/ACCG3d+F/0I4kYEQRDBhSAiIioVHF0oiFNFvEbrnVabDH9eSqowQ60zSfz3+UFJek5yktXD+57znlQajUYDSUpkVru/gCT91wybpHQMm6R0DJukdAybpHQMm6R0DJukdAybpHQMm6R0DJukdAybpHQMm6R0DJukdAybpHQMm6R0DJukdAybpHQMm6R0DJukdAybpHQMm6R0DJukdAybpHQMm6R0DJukdAybpHQMm6R0DJukdAybpHQMm6R0utr9BSR1kEYDajX4+BF6eqC/H8bG4PVr+PChub23F5Yuhe5uOpFhk2ay0dESradP4fRpOHMGnjxp7l+1Cvbsgc2b4dmzEre5c2Hx4hK2TZtgxw5YtIhOUmk0ItGSZpxaDe7ehfPn4fhx+Pr1n187ezbs2lVCd/9+GdktW1YCt20bHDgA69bRKQybNBNHaLUaXLkCN27AqVMlVFOxejXMnw+zZsHatbByZZmODgzAkSMdM3JzKirNlKDduwfXr8Pz5/DoETx4ALduTT1qId4X8YqwffpUHnfuLNPUON727XQCwyZlV6vB5ctw4UIZrb15A69ewfv3UK///PE+fy5T07ioMDQEGzeWwMX2DuFyDyn7SG1oCG7eLOGJaWNsi/NpL19O75jfvpXH8fESzWvXSiS7uspFiBjVxWN8TptUqtWq59ikrMbHmyGbCFK9Tl+9zp8T/0/DIDBSqUD8xWhtzhxYsOD7F8W+2B77W6wSK1da/qmS2moA+OsX3v8HMEzn6qpWq+3+DpJaMWIbHy/b6nV64/kvjNh6KhWqE6O1WNcWz+fNK+feJovPiP0/bv+fudxDymx0tCzruHQJhofLObZ37+DxY7hzZ/pxW7ECliwpC3fXry93JOzeXda2TRaLfbdsKctEWsirolJm3d1lAW2c3I8roXFFNE7yx2LaOCd29erPH3PhQoiZ3oYNsHVrGanFMX9cwxZXXGPcFCO2FjNsUnb9/bB/fxk1xTq2iFxfXwlOrGOLUd1UJ24RsKNHy/vjlqoYtcXzL1/g7VtYvrxMTyNqL16U/fG6FnMqKs3EOw/GxkrYbt+Ggwebo6t/E8E6dw727v3+GBGumIrG7VkRtxDHiqgNDpawtphhk2a6ixfh0KHmAtvJSYiLAiGmrWfPwr59U49mG3/9w7BJgpEROHkSTpyAhw+b29esgWPH4PDhcsP7b8KwSWqKHMQFhvh5ovjNtZhOTozafiOGTVI63isqKR3DJikdwyYpHcMmKR3DJikdwyYpHcMmKR3DJikdwyYpHcMmKR3DJikdwyYpHcMmKR3DJikdwyYpHcMmKR3DJikdwyYpHcMmKR3DJikdwyYpHcMmKR3DJikdwyYpHcMmKR3DJikdwyYpHcMmiWz+BsBzN7FEbbkEAAAAAElFTkSuQmCC'}}]}, {'role': 'assistant', 'content': 'Final Answer: 0.8'}, {'role': 'user', 'content': [{'type': 'text', 'text': '\nYou are given both an image and a text-based representation of the same stimulus. \nIn both, a red dot appears on a horizontal line\nThe left end of the line corresponds to 0.0, and the right end to 1.0.\n\nText representation (the dot is marked as """"O""""):\n|-~ --~-~-----------------.--O-----------|\n\n\nEstimate the horizontal position of the **center** of the red dot as a decimal number between 0 and 1.\nDo not explain. Only output the final answer as a number between 0 and 1:\nFinal Answer:\n'}, {'type': 'image_url', 'image_url': {'url': 'data:image/png;base64,iVBORw0KGgoAAAANSUhEUgAAATYAAABNCAYAAAAsLkgfAAAAOnRFWHRTb2Z0d2FyZQBNYXRwbG90bGliIHZlcnNpb24zLjEwLjMsIGh0dHBzOi8vbWF0cGxvdGxpYi5vcmcvZiW1igAAAAlwSFlzAAAPYQAAD2EBqD+naQAABERJREFUeJzt3E1vTGEYxvFrpkXQSlFtmASpthstYoGlNBUfwIJvYCGxtbDwBawsLS2b7nRl1x2JkIZEBPEuCNUgXqpm5MqdSUUiOmVm6j7/XzLpdDo5M5v+e5/zPNNSrVarCQASKbf7DQDAv0bYAKRD2ACkQ9gApEPYAKRD2ACkQ9gApEPYAKRD2ACkQ9gApEPYAKRD2ACkQ9gApEPYAKRD2ACkQ9gApEPYAKRD2ACkQ9gApEPYAKRD2ACkQ9gApEPYAKRD2ACkQ9gApEPYAKRD2ACkQ9gApEPYAKRD2ACk09nuNwDgJ7Wa9Pat9PGj1NUlbd4slUrtflf/HcIGtNPXr9KbN3GbnJQuXZKePFn8+dat0qlTcVu7Vnr+XHr1Kn7W3y9VKtKaNW17+ytVqVbznwgALefJ7PZt6coV6fx5aX7+9891vE6elDo7pU+fYrJbv14aGZGOHpW2bWvlO1/xCBvQ6unMAfP9mzel6Wnp4sUI1VLs2bM4pXmCK5cjbkeOSJs2SatXS729hZ/iCBvQyuns3Tvp/fu4f++edPmy9P17Y8dyuHzbtSumtrk5aWBAOnRIWlhYnOSGhgobOK6xAc3m6cwh+/BB2rIlrpN9+RKPNRo189TnxYVnz6S+vrg9fRrH8jW5hQXp/n3p4EFp//5YgCgYtnsAzeYQvX4dq5s3bkjXrkkvXkiPHi3/mNVqBNPHXbcuTmU9Cfo0d2AgJjW/huPp5xVMqVKpcCoKNNO3bzGh1e9Xq9pYreqW7y/TiKS5+jerVsW1Nn+1jo746oUGB8/X3eqPFYQ3yBA2oMV2SPqLeU07JT3+h+8nm86KV1gANIeve/n00KeOvu+v1aq6Pa35WtgydUmq1DfuelKrT20+frkcE5of82sWcWJjVRRooocPpZkZqbtbun5dunMnQueL+97usZy4OWhe+XTAtm+Xjh2TXr6UZmdjy8foqDQ8HNfW/LpeLS3Y6iirokAzeVqyDRsiMObtGf7eF/vv3m38mJ7EHKqeHmlsTNq9O+57S4lXQPv6YtXUkfO2j4JFzZjYgGby1HT1amz18EegHDPvX3PQ/NGoiYnGtnx4Sjt8WNq7VxoclA4ciJg5oJ7O/Drz84XfqEvYgFZuzjWHx4Hy9W1/8uDs2Vi9/NOvok9Bz52TxsfjWAU9zVwKwga0+uNUv05TU1PS8ePS58/x/c+/kvUFAj/3zBlp3774ef00s4Cbb5eCsAErga+7+T97XLggPXiw+Lg/NnX6tHTiROyB4zRzSQgbsJL419Grm75W5lNNT2b8P7aGETYA6fBZUQDpEDYA6RA2AOkQNgDpEDYA6RA2AOkQNgDpEDYA6RA2AOkQNgDpEDYA6RA2AOkQNgDpEDYA6RA2AOkQNgDpEDYA6RA2AOkQNgDpEDYA6RA2AOkQNgDpEDYA6RA2AOkQNgDpEDYA6RA2AOkQNgDK5gcW00CVbCY0GwAAAABJRU5ErkJggg=='}}]}, {'role': 'assistant', 'content': 'Final Answer: 0.7'}, {'role': 'user', 'content': [{'type': 'text', 'text': '\nYou are given both an image and a text-based representation of the same stimulus. \nIn both, a red dot appears on a horizontal line\nThe left end of the line corresponds to 0.0, and the right end to 1.0.\n\nText representation (the dot is marked as """"O""""):\n| ---------------.---------~---O-.-----=-|\n\n\nEstimate the horizontal position of the **center** of the red dot as a decimal number between 0 and 1.\nDo not explain. Only output the final answer as a number between 0 and 1:\nFinal Answer:\n'}, {'type': 'image_url', 'image_url': {'url': 'data:image/png;base64,iVBORw0KGgoAAAANSUhEUgAAATYAAABNCAYAAAAsLkgfAAAAOnRFWHRTb2Z0d2FyZQBNYXRwbG90bGliIHZlcnNpb24zLjEwLjMsIGh0dHBzOi8vbWF0cGxvdGxpYi5vcmcvZiW1igAAAAlwSFlzAAAPYQAAD2EBqD+naQAABHxJREFUeJzt3LlrVGEUhvH3jnEZTdS4hMi4xBXEURDBpbHwT1DstBLsLexsre0t02phYWkpohYibqiIRlFEcIn7mlx5OQwj4pJEYXLPPD8Ik0kmmSjk4Xzf/SZFWZalACCRWqd/AAD43wgbgHQIG4B0CBuAdAgbgHQIG4B0CBuAdAgbgHQIG4B0CBuAdAgbgHQIG4B0CBuAdAgbgHQIG4B0CBuAdAgbgHQIG4B0CBuAdAgbgHQIG4B0CBuAdAgbgHQIG4B0CBuAdAgbgHQIG4B0CBuAdAgbgHQIG4B0ejr9AwD4R2UpvXghvXsn9fZKixdLRaFuRtiAKvj8WXr+XPryJUJmb99KZ85Iw8PS/fvtxy5fLh08KB04IK1dK82erW5TlGXrfwnAtORp7MYN6dUr6c0b6dEj6fZt6dSpCN3vzJolHT0qHToU7/uxnz7F9/nwIe47gp7wlixJFUDCBky3icwRcmjsyRPp8uUI0rJl0tWr0vnz0tmzE/u+RSHt2iXt2SMtXCjduiW9fi2Nj8fn+/ulbdukTZukZjMilwBhA6bTRPb1a0xlDk9PTwRvZCSmqcePpTt3pAsX2svRicat2ZTmzImQ+f6MGdKaNdL79xG8HTukwUFp584Ukxt7bEAnOVyOmvfL5s2THjyI0N28GZ9ft06aOTOmrLt3Y2Kb7CxSltK9exG2ej2eZ8EC6du3uNjgSdET28uX8X6joaojbEAnOSSe1JYujZh578vx8ZLQU5unt2fP4uNjY3E7FR8/xtc7cg6a73ty8xLXz+G4bt365z27CikajQZLUaBTHBsvP83BqdUiaP64+b5jMz6u/rLU9dZjp6ApadQxax0F8XLUb34uT4Ve+s6dGx+rOP8LCRtQAaskjfzD1w9Jeqju0NNIsJ4GKr/P5qnJk5onNGstCT1JeZIbG1OfpzW/P0W9kho/Tmy+9fN5QvOVWN/6wkGGiY2rokCH+WLBlSvSpUux9+WNfS8LHTrvvzlu3lu7dk06d669TJ2sel3auDFu/eaIrVghDQ1J27dLo6Nxm2DY4eIB0Gm+ULB7d5xT8ya+j2DMnx8b/Y6Oj2V4orp4Ma6a+uroZNXr8SqE9esjkp7UfLzDx0A2bIjnXLSofX6u4ggbMB14enJkHJ6fD+q2zpWtXBnL1iNH2hccJqJWiyuePtKxZUv7SqiDOjAQrzF11Pz8Cc6wGUtRoGrL1pMnpWPHYqL7269vUUj79kl790qbN8cZNgezry/Ozv0qoAkQNqBqPLWdPi0dPhx7cvbjr3FRxH0H6/jxiJr3zRKF628IG1BV3uz3X/Y4cSJedtUyOCjt3x9L1tWr1Y0IG1B1/hV++jT+6oentIGBeCVDF01oPyNsANLhT4MDSIewAUiHsAFIh7ABSIewAUiHsAFIh7ABSIewAUiHsAFIh7ABSIewAUiHsAFIh7ABSIewAUiHsAFIh7ABSIewAUiHsAFIh7ABSIewAUiHsAFIh7ABSIewAUiHsAFIh7ABSIewAUiHsAFIh7ABUDbfAV+OWd7xBF6nAAAAAElFTkSuQmCC'}}]}]",Final Answer: 0.75
