model,sample_id,text,ground_truth,prediction,prompt_sent,response
google/gemini-2.5-flash-lite,sample_001,0.48727,0.48727,0.57,"[{""role"": ""system"", ""content"": ""You are a marker location estimator.""}, {""role"": ""user"", ""content"": [{""type"": ""text"", ""text"": ""\nYou are given both an image and a text-based representation of the same stimulus. \nIn both, a red dot appears on a horizontal line\nThe left end of the line corresponds to 0.0, and the right end to 1.0.\n\nText representation (the dot is marked as \""\""O\""\""):\n|-.----------.--.---O-----.-------------=|\n\n\nEstimate the horizontal position of the **center** of the red dot as a decimal number between 0 and 1.\nDo not explain. Only output the final answer as a number between 0 and 1:\nFinal Answer:\n""}, {""type"": ""image_url"", ""image_url"": {""url"": ""data:image/png;base64,iVBORw0KGgoAAAANSUhEUgAAATYAAABNCAYAAAAsLkgfAAAIfElEQVR4nO2daZLTSBBGtbjbfQfg/n85CZcAzkB71cRXzhTp6pLa2GIal9+LyCjJlmQPeB6ZqkXtMAxDAwBQEd1HfwEAgKVBbABQHYgNAKoDsQFAdSA2AKgOxAYA1YHYAKA6EBsAVAdiA4DqQGwAUB2IDQCqA7EBQHUgNgCoDsQGANWB2ACgOhAbAFQHYgOA6kBsAFAdiA0AqmP10V8A7pilHpfRtstcB8BAbHCbyG6RmwutdA1kBzfQ8pQqeJf8J+L78fWpY0qSivtT21PHA1wAYoPrZKa2tF06N8rpvXZue+41gAClKPy5zKaidE4uL4+5fZ07JzS/NoKDCcjYKmDRv8KCoJI+jsdzicX9/L38++Ti6rpzqRViyM8pXesGWqRYNWRsFbCY2OYyNMnLBebbIdpccJFcWi622GayS2IrhWdzU1ndhSC2ukFsjyy2udIzCG1waR0OTesyOxxOQrN2UGvHJcll5eKZzCzSa6X9XHq53Py63H+DCShF75ztdrvMhUr3zCSpmJlJbBKYRdre73+/5sfnWZsJahRX35+21fb9+WvviW5Kclfw/Py8zJ8d/HOQsd05BwnlFqY6BrzENGElke33o8ja3a4ZtK3XguCGWJaKWH5Goa1WJ6mZ3LQf3y+J7m/IDeoEsd05e4nlWvIhGtn9s5R9eUamdrc7tYrt9tTudqewY5LkSmKzzCwJzaQ2bls0UXba1/G2/0Zu3vpnxBYeHsR25+wkm6Uytlh6ernpWZrLTBJTu902nW+r9WNiSSqsIyCJzGX29DTK7Kht3/dWInPZudhi2TqXuQEgtgcXW16G5vfSPCOT3CQyE1qS2mbTDNbqGL2XMjaFX0dYGRozNJfZ0eP5+SQ122+C5GIWN0apNHUQHNB5cN98//79+pOnhnTkmZqXmptNklcS2WbT9K+vaTuFSS9lcDonz9iC2KLMUrteNwdJTPv2WpKaZCexueAsi5sU25Xl6JcvX67/M4R/FjK2R+wRLY1XiyVoLjUTWucye31tBm2/vja9MrfNJmV0Kavz+2y52CQ1E9vBJJZaiW29PkkthDomkuB0PcvcRrGV5GafddbCw4LY7piNhHILpaEdsQRVmetSc7FJZhLbr1+pbSwkvyS3/b7pXGw2iFbZ2lHh2ZpkJrGp3e1OIbnt96c4HFLou2h8nATnmeRZWRo7EgRCAwOxPXrHQRSbj0dzsfk9NZOaRNb/+tU0Fq1CUlOoRN1uT5mW32fLMrZ0D00Z2W6X5CZ5abjK4Xg8i+MwpGEjg7ehp9Y7FtL3nCpH4eFBbI84hm3u/looQ3XPzDsNBs/IlCXafbajWhObdyY0Pr4tE1vqBJD0lI2ZvHSE4tC2v6PrmqPCMjG9P84bjd/dx7vpc0rlKDw0q8+fP3/0d4Ar+fr167Jj1+Jg3DDDIHYopMG5lpWN2ZlaSVBS817UUIqmoRr2uUlS3plg548lqO7BWRnqpahK2DRdS/JSq/Oj0PW6f84VcuP3Xyernz9/fvR3gI+aI1pYbijNGtCuRRuOS+/4+9r31/NVPuJwDxGnZWXnxf+GeP34HYrvxzYuZ+QT5C+E33+drD59+vTR3wH+zxUqSqtixNcs89G10/VD72Pr5Z+2+z5FE9qxNFQbV+DIxqHF8+K547Z9jj5P4RPo0+dPTYr37x7bC+D3XyerHz9+fPR3gCv59u3bMhlbLgitwXY8Np3dpFfbPT2l3k4N5+ien08lqZesPj9UTon3vvzaEpSNSWs18Vznh9D10rg1G8Om4+IQDx+oe9Eg3T+UPb//OqHz4I7p9T/4kr2iIQuSHmJoQEU/DKew/RRt23QxgyvcY0tZ12rVtBLben0S2ctLiu7lpelfXppGsV6niLKTUEex+SyE0sR4QccBGIjtjnlSZrOk2CQN7yjw0rPrRnl59BZd35+yOcvoUgYWZh/kGZvENmZnJrY+Cs2kl4aCWObmw0SK80UZ6gETILY7Zi0hLNErKrJ119KQD8nIosuil6SenppeWZWE5FOrJsSWylqFpGYic5m1ytyC0Ma5o6UydG4JIwfJPTzMFX3U+aJzy3/7Srm+YofNQvA5oWmuqLZ9ipXPFfWljDKxjXNF4zxRn0ZlU6rezBXNlzIKHRdvFp4UV2RtzBOtFzK2O+fqVWDn5ouG6VVJUioFvdNA8lKWJtEpU/PVPvLli+JwD5eSlax554HCJ74fQ4fBmzXZ8iXDBYtNQgHE9sj32fKyNK5+G1fQdcEp/D6aiW2cehUWnEwRS1Ef8mHSSh0Cuo7dl+tK67H5/bRQfvrg3qLMkBoEENuds6jYJp53MMotW6NtlFlct82PC0NJUm+r9ZqOK+aaxCS34gq6vuLupUuCIzYIILY7ZyUhLCU2byce5jIKTpmWS86fexAe6jKe43jGZnNGo+DGsjM+5yBKzSX23vJEiA0CdB5UwCJPqsqnV1m8KU3jYpT5U6qi1KaeUpWVmXEZojdPqbrkwS08oQoKkLE96kDd0r9npQ6FbB5o8XF8cQJ9/lzR8NyDcUqUTZeSyNLYudLj9q4RGlkbGIjtUeeMls6ZKE2TqHwVjTjZPSwoeZap5WLzqVYxc4uii/v+VCvKTrgBStFKWPSvMRNcXOGjlMW92S6tvBGzr9K9syw7G8vQyEJCu+ofArgrEBv8ZuqnMFeiliKel2daUxHfj8eXQEzwDogN5sl/HjNruZVK0DOmhmnMyQyJwRUgNlhGclPHRKYEhsxgYRAbLNujegn0aMJfBrHBbdzy80Fm8JdguAfcBnKCfxBbIgEAoB4QGwBUB2IDgOpAbABQHYgNAKoDsQFAdSA2AKgOxAYA1YHYAKA6EBsAVAdiA4DqQGwAUB2IDQCqA7EBQHUgNgCoDsQGANWB2ACgqY3/ANGl1gCCZwauAAAAAElFTkSuQmCC""}}]}]",0.57
google/gemini-2.5-flash-lite,sample_002,0.77536,0.77536,0.72,"[{""role"": ""system"", ""content"": ""You are a marker location estimator.""}, {""role"": ""user"", ""content"": [{""type"": ""text"", ""text"": ""\nYou are given both an image and a text-based representation of the same stimulus. \nIn both, a red dot appears on a horizontal line\nThe left end of the line corresponds to 0.0, and the right end to 1.0.\n\nText representation (the dot is marked as \""\""O\""\""):\n|-.----------.--.---O-----.-------------=|\n\n\nEstimate the horizontal position of the **center** of the red dot as a decimal number between 0 and 1.\nDo not explain. Only output the final answer as a number between 0 and 1:\nFinal Answer:\n""}, {""type"": ""image_url"", ""image_url"": {""url"": ""data:image/png;base64,iVBORw0KGgoAAAANSUhEUgAAATYAAABNCAYAAAAsLkgfAAAIfElEQVR4nO2daZLTSBBGtbjbfQfg/n85CZcAzkB71cRXzhTp6pLa2GIal9+LyCjJlmQPeB6ZqkXtMAxDAwBQEd1HfwEAgKVBbABQHYgNAKoDsQFAdSA2AKgOxAYA1YHYAKA6EBsAVAdiA4DqQGwAUB2IDQCqA7EBQHUgNgCoDsQGANWB2ACgOhAbAFQHYgOA6kBsAFAdiA0AqmP10V8A7pilHpfRtstcB8BAbHCbyG6RmwutdA1kBzfQ8pQqeJf8J+L78fWpY0qSivtT21PHA1wAYoPrZKa2tF06N8rpvXZue+41gAClKPy5zKaidE4uL4+5fZ07JzS/NoKDCcjYKmDRv8KCoJI+jsdzicX9/L38++Ti6rpzqRViyM8pXesGWqRYNWRsFbCY2OYyNMnLBebbIdpccJFcWi622GayS2IrhWdzU1ndhSC2ukFsjyy2udIzCG1waR0OTesyOxxOQrN2UGvHJcll5eKZzCzSa6X9XHq53Py63H+DCShF75ztdrvMhUr3zCSpmJlJbBKYRdre73+/5sfnWZsJahRX35+21fb9+WvviW5Kclfw/Py8zJ8d/HOQsd05BwnlFqY6BrzENGElke33o8ja3a4ZtK3XguCGWJaKWH5Goa1WJ6mZ3LQf3y+J7m/IDeoEsd05e4nlWvIhGtn9s5R9eUamdrc7tYrt9tTudqewY5LkSmKzzCwJzaQ2bls0UXba1/G2/0Zu3vpnxBYeHsR25+wkm6Uytlh6ernpWZrLTBJTu902nW+r9WNiSSqsIyCJzGX29DTK7Kht3/dWInPZudhi2TqXuQEgtgcXW16G5vfSPCOT3CQyE1qS2mbTDNbqGL2XMjaFX0dYGRozNJfZ0eP5+SQ122+C5GIWN0apNHUQHNB5cN98//79+pOnhnTkmZqXmptNklcS2WbT9K+vaTuFSS9lcDonz9iC2KLMUrteNwdJTPv2WpKaZCexueAsi5sU25Xl6JcvX67/M4R/FjK2R+wRLY1XiyVoLjUTWucye31tBm2/vja9MrfNJmV0Kavz+2y52CQ1E9vBJJZaiW29PkkthDomkuB0PcvcRrGV5GafddbCw4LY7piNhHILpaEdsQRVmetSc7FJZhLbr1+pbSwkvyS3/b7pXGw2iFbZ2lHh2ZpkJrGp3e1OIbnt96c4HFLou2h8nATnmeRZWRo7EgRCAwOxPXrHQRSbj0dzsfk9NZOaRNb/+tU0Fq1CUlOoRN1uT5mW32fLMrZ0D00Z2W6X5CZ5abjK4Xg8i+MwpGEjg7ehp9Y7FtL3nCpH4eFBbI84hm3u/looQ3XPzDsNBs/IlCXafbajWhObdyY0Pr4tE1vqBJD0lI2ZvHSE4tC2v6PrmqPCMjG9P84bjd/dx7vpc0rlKDw0q8+fP3/0d4Ar+fr167Jj1+Jg3DDDIHYopMG5lpWN2ZlaSVBS817UUIqmoRr2uUlS3plg548lqO7BWRnqpahK2DRdS/JSq/Oj0PW6f84VcuP3Xyernz9/fvR3gI+aI1pYbijNGtCuRRuOS+/4+9r31/NVPuJwDxGnZWXnxf+GeP34HYrvxzYuZ+QT5C+E33+drD59+vTR3wH+zxUqSqtixNcs89G10/VD72Pr5Z+2+z5FE9qxNFQbV+DIxqHF8+K547Z9jj5P4RPo0+dPTYr37x7bC+D3XyerHz9+fPR3gCv59u3bMhlbLgitwXY8Np3dpFfbPT2l3k4N5+ien08lqZesPj9UTon3vvzaEpSNSWs18Vznh9D10rg1G8Om4+IQDx+oe9Eg3T+UPb//OqHz4I7p9T/4kr2iIQuSHmJoQEU/DKew/RRt23QxgyvcY0tZ12rVtBLben0S2ctLiu7lpelfXppGsV6niLKTUEex+SyE0sR4QccBGIjtjnlSZrOk2CQN7yjw0rPrRnl59BZd35+yOcvoUgYWZh/kGZvENmZnJrY+Cs2kl4aCWObmw0SK80UZ6gETILY7Zi0hLNErKrJ119KQD8nIosuil6SenppeWZWE5FOrJsSWylqFpGYic5m1ytyC0Ma5o6UydG4JIwfJPTzMFX3U+aJzy3/7Srm+YofNQvA5oWmuqLZ9ipXPFfWljDKxjXNF4zxRn0ZlU6rezBXNlzIKHRdvFp4UV2RtzBOtFzK2O+fqVWDn5ouG6VVJUioFvdNA8lKWJtEpU/PVPvLli+JwD5eSlax554HCJ74fQ4fBmzXZ8iXDBYtNQgHE9sj32fKyNK5+G1fQdcEp/D6aiW2cehUWnEwRS1Ef8mHSSh0Cuo7dl+tK67H5/bRQfvrg3qLMkBoEENuds6jYJp53MMotW6NtlFlct82PC0NJUm+r9ZqOK+aaxCS34gq6vuLupUuCIzYIILY7ZyUhLCU2byce5jIKTpmWS86fexAe6jKe43jGZnNGo+DGsjM+5yBKzSX23vJEiA0CdB5UwCJPqsqnV1m8KU3jYpT5U6qi1KaeUpWVmXEZojdPqbrkwS08oQoKkLE96kDd0r9npQ6FbB5o8XF8cQJ9/lzR8NyDcUqUTZeSyNLYudLj9q4RGlkbGIjtUeeMls6ZKE2TqHwVjTjZPSwoeZap5WLzqVYxc4uii/v+VCvKTrgBStFKWPSvMRNcXOGjlMW92S6tvBGzr9K9syw7G8vQyEJCu+ofArgrEBv8ZuqnMFeiliKel2daUxHfj8eXQEzwDogN5sl/HjNruZVK0DOmhmnMyQyJwRUgNlhGclPHRKYEhsxgYRAbLNujegn0aMJfBrHBbdzy80Fm8JdguAfcBnKCfxBbIgEAoB4QGwBUB2IDgOpAbABQHYgNAKoDsQFAdSA2AKgOxAYA1YHYAKA6EBsAVAdiA4DqQGwAUB2IDQCqA7EBQHUgNgCoDsQGANWB2ACgqY3/ANGl1gCCZwauAAAAAElFTkSuQmCC""}}]}, {""role"": ""assistant"", ""content"": ""0.57""}, {""role"": ""user"", ""content"": [{""type"": ""text"", ""text"": ""\nYou are given both an image and a text-based representation of the same stimulus. \nIn both, a red dot appears on a horizontal line\nThe left end of the line corresponds to 0.0, and the right end to 1.0.\n\nText representation (the dot is marked as \""\""O\""\""):\n|--------------------=-----=---O------ -.|\n\n\nEstimate the horizontal position of the **center** of the red dot as a decimal number between 0 and 1.\nDo not explain. Only output the final answer as a number between 0 and 1:\nFinal Answer:\n""}, {""type"": ""image_url"", ""image_url"": {""url"": ""data:image/png;base64,iVBORw0KGgoAAAANSUhEUgAAATYAAABNCAYAAAAsLkgfAAAI6UlEQVR4nO2dbY7aMBBA7STLxxna3v9vT9JLtL1Cd4ElqcbxpINxAl0+At73JMtJCAFV2texPWN813WdAwAoiGruLwAAcG0QGwAUB2IDgOJAbABQHIgNAIoDsQFAcSA2ACgOxAYAxYHYAKA4EBsAFAdiA4DiQGwAUByIDQCKA7EBQHEgNgAoDsQGAMWB2ACgOBAbABQHYgOA4mjm/gIAMMG1f5LEe/cZQGwAjy6znNzGhDcmLu8/9r4nxfMrVQAPLDN7PXftlKT8GcfnPOfJQGwAczIlLunHjtP35KTlT/Tp8dS1c157IBAbwCNFZ+mxtLY9PE/fMyYvnzR73d6bHufOx65NXZ8RxAZwBlf/M0nE5K24rMzSPm2WnMx8bFV1JLnuIxHdfwxn/YzCY/EA4N5iy0VlOaElzdvzXMRmWqcik94e23tORXK5Xj4vXYgYERhiAyhZbLmhp16LkgrPV4Ht9/2x9Pt9L7T93nV6Xe6xMrQRmMqrrnt5Sa9yq6peeGn0lhPcmOiuMU93BxiKApxgu91e72GZKG2IxKK4gtje33upJf2B+Oyfro3C6l5mQWp1/U9ucmwkF+6ZGr6eEp/9bNsbFouFmwMiNoAT7EUktxp+JhFaENj7e+ilddLvdr3o5DhGboMMFR1+alTWNEFoQWr22IpO783NwY1FdVOLEXr+ACA2gBO8i1QuIU3PMPNoOszUKE0lJn1o2+2/4yi30Oxcm51XE1k1UWTSv7z0fbymkhuiN+nH5uJycsssQjyi3BAbwAl2IpsrRmwHiwBplKYik367dVXsDwRn596i2EROIqpBaE2U2suLa1VuqeSS6O0ogssJLr02Nfc2I4gN4NZiS4ehKjTpVWjyGbtdL7LNppfaZuO6zSb0ck1eC9Ga3Gvn2VRsUVRd0/QyWyxC38ZezoPomuZ4eJrMvR21VHZ6Lmj/QHJj8QBggp8/f17+kFxKRzL81CitUpG9vbn67c1V0uK10EzUFt5vxRZl1RqZtctlON4vl73UVHIauYnkzLB0Um4TqSNTw9Fv3765e0PEBnCrFdFclYBZ/RyTWpDZ66vrothEcHLsNhv5QkFuwzxbErFJNNaKyERgUWgit/1220tut+vlZoemMWo7EtuY6HLDUyGVm16bAcQGMMFGZHIpaWqHzpHFYajLSK0WscXeidReX8NwVO4N92fEFqQWxdaK1FYrt9/t3P79fWitNrlHvodZaBjSRM6N3qZWS2cGsQHcY+EgFZuZWwsLA1FqtcpM2p8/zovQtL29hXs7aZrXpmLT1VAV22oVxCVt33X/mqSvdJ1rJSm4bfsm75PvZefb5Nmn5IbYAD5pDls6vxajtRCxyWKBiDOufoqwNCKTKE1k10ofWxiextdDflsiNqfDy7Z1kuEWmkRyVeX23ru99PFYrslr8l6572Ci3X5fjd7SOcKc3B5oAaH5+vXrrF8A4JH5/v37dXLX0vpPnfy3zSTmhuTc3W5oLunDKqrNY5OILX5mF6sPhtQPGXrG6K0V6WmL3ytEb7m6Vfu9LSI0vTYmNsV7N4djmt+/f9/9QwGehYuTBjLbDWmdZxebrfscakbN63I+iMcm5lqxCea1TiWXRGNpCVVYdEjOTw4x9TNzu4vY7xPvncMxzZcvX+7+oQDPwod3qMjtfGGqBKTJs8PzzeqiN3NYXs/reuiHphGTfo59ra6dN70ey1A1HMc8tnAemy4e+FP5a1MJurl/K+/dHI5pfv36dfcPBXgWfvz4cdkDMrtwhGORSNu6Kk7aV9Kapm8vL6H5xaIfliaVBuEpOsFvhqIiKBff5+S9plWSxyYJujFJ12mTe5NV0bPLq86cX5vDMSweAExQyx/7pdiCdyMJ+fMPLQ5Hq65zddsOTc5FfJIlJi1EeBp52VVReS3KyUexVauV69br0Kr12tWrlXOmhXui5Cqby6Y7fuTKqP5TaHOC2AAmeJGo5hbpHnao6b2rbBOheh9aONeITqQlVQmxIH5YFRV02CmiWi5dJ03Etlq5er12TpoIbbUKr4dk3Ri12dKqYYU1LXwXcom4Dyg1AbEBTLBcLq+3Kmon/2NybBCUCE7lJa2qQhRVx6FpHaOrkMAbKw8OxBblI+/V4WUn31ujs/W6F5rktkmLCby2KH5I65iaP5uS2YNUHAwfT60owA3rRXMF8LoLrm4iqWVVsQhei95rrUSQa9rrLh+2VlQenyboLmKSrkRmUoEgQ1ON1HSuzdaKplKbEtlEakfKHHWiAhEbwAku2gU2t8Gkik2kIoKKc2Nhdw8Zbuo8WZz0DzKTiEulprludhddjbji4oOTRYPl8qAFmdkhaLo3W05qTxKhpSA2gFvPsyVyC3lrma3Ag9C0j2Ia9mPT0iuVmt2PTYhJuZrGUcWhZpCaLhTo8DNKbdh00kjt6AdenkRkKYgN4M5iO1gl1SoEjd5keCpC0sjMDFOHonmN1ozYdLVVc9I6La8SQarMTKQ2DD81WhtLxh0TGGIDeG4aEcElTC0k2JVSG73FHDZbZqXHbuQ3D0LTRNvG7LdmFwmSxYKj3zzQZ53iwcXG4gHAvX6pKimtOvqVKvvze5qUa/tUavZ5WhKlQ8sm+Y2DJEo72gp8onLgo8z1C1UCERvALRN107ghNywVuWSGp0eiS388OalokPmxoSSq7vPaRFxDSVW6BfhUPeg5PHDUhtgAblkzmr4vNyyN1QcHhe1aD2qis6Nfgk+kaasaOlNvanfEPbjn1M4cTwxDUYAzueqfSrJtuD+1bZDt0x1DlLRawI/UesYKgtEV0Dn/I7jW5yM2gDuS+3NLJDcquNwcncWKqvpAfScRGwBchak5OO3HZJb7001LoYRzk24LArEBPIvkpo6VqUjMP1eS7SUgNoBnGq7+L/7zyMyC2AAenWv8ifrPITSFdA+AR+eTSekaxJ3jAADKAbEBQHEgNgAoDsQGAMWB2ACgOBAbABQHYgOA4kBsAFAciA0AigOxAUBxIDYAKA7EBgDFgdgAoDgQGwAUB2IDgOJAbABQHIgNAFxp/AX/qdllPni50AAAAABJRU5ErkJggg==""}}]}]",0.72
google/gemini-2.5-flash-lite,sample_003,0.666,0.666,0.65,"[{""role"": ""system"", ""content"": ""You are a marker location estimator.""}, {""role"": ""user"", ""content"": [{""type"": ""text"", ""text"": ""\nYou are given both an image and a text-based representation of the same stimulus. \nIn both, a red dot appears on a horizontal line\nThe left end of the line corresponds to 0.0, and the right end to 1.0.\n\nText representation (the dot is marked as \""\""O\""\""):\n|-.----------.--.---O-----.-------------=|\n\n\nEstimate the horizontal position of the **center** of the red dot as a decimal number between 0 and 1.\nDo not explain. Only output the final answer as a number between 0 and 1:\nFinal Answer:\n""}, {""type"": ""image_url"", ""image_url"": {""url"": ""data:image/png;base64,iVBORw0KGgoAAAANSUhEUgAAATYAAABNCAYAAAAsLkgfAAAIfElEQVR4nO2daZLTSBBGtbjbfQfg/n85CZcAzkB71cRXzhTp6pLa2GIal9+LyCjJlmQPeB6ZqkXtMAxDAwBQEd1HfwEAgKVBbABQHYgNAKoDsQFAdSA2AKgOxAYA1YHYAKA6EBsAVAdiA4DqQGwAUB2IDQCqA7EBQHUgNgCoDsQGANWB2ACgOhAbAFQHYgOA6kBsAFAdiA0AqmP10V8A7pilHpfRtstcB8BAbHCbyG6RmwutdA1kBzfQ8pQqeJf8J+L78fWpY0qSivtT21PHA1wAYoPrZKa2tF06N8rpvXZue+41gAClKPy5zKaidE4uL4+5fZ07JzS/NoKDCcjYKmDRv8KCoJI+jsdzicX9/L38++Ti6rpzqRViyM8pXesGWqRYNWRsFbCY2OYyNMnLBebbIdpccJFcWi622GayS2IrhWdzU1ndhSC2ukFsjyy2udIzCG1waR0OTesyOxxOQrN2UGvHJcll5eKZzCzSa6X9XHq53Py63H+DCShF75ztdrvMhUr3zCSpmJlJbBKYRdre73+/5sfnWZsJahRX35+21fb9+WvviW5Kclfw/Py8zJ8d/HOQsd05BwnlFqY6BrzENGElke33o8ja3a4ZtK3XguCGWJaKWH5Goa1WJ6mZ3LQf3y+J7m/IDeoEsd05e4nlWvIhGtn9s5R9eUamdrc7tYrt9tTudqewY5LkSmKzzCwJzaQ2bls0UXba1/G2/0Zu3vpnxBYeHsR25+wkm6Uytlh6ernpWZrLTBJTu902nW+r9WNiSSqsIyCJzGX29DTK7Kht3/dWInPZudhi2TqXuQEgtgcXW16G5vfSPCOT3CQyE1qS2mbTDNbqGL2XMjaFX0dYGRozNJfZ0eP5+SQ122+C5GIWN0apNHUQHNB5cN98//79+pOnhnTkmZqXmptNklcS2WbT9K+vaTuFSS9lcDonz9iC2KLMUrteNwdJTPv2WpKaZCexueAsi5sU25Xl6JcvX67/M4R/FjK2R+wRLY1XiyVoLjUTWucye31tBm2/vja9MrfNJmV0Kavz+2y52CQ1E9vBJJZaiW29PkkthDomkuB0PcvcRrGV5GafddbCw4LY7piNhHILpaEdsQRVmetSc7FJZhLbr1+pbSwkvyS3/b7pXGw2iFbZ2lHh2ZpkJrGp3e1OIbnt96c4HFLou2h8nATnmeRZWRo7EgRCAwOxPXrHQRSbj0dzsfk9NZOaRNb/+tU0Fq1CUlOoRN1uT5mW32fLMrZ0D00Z2W6X5CZ5abjK4Xg8i+MwpGEjg7ehp9Y7FtL3nCpH4eFBbI84hm3u/looQ3XPzDsNBs/IlCXafbajWhObdyY0Pr4tE1vqBJD0lI2ZvHSE4tC2v6PrmqPCMjG9P84bjd/dx7vpc0rlKDw0q8+fP3/0d4Ar+fr167Jj1+Jg3DDDIHYopMG5lpWN2ZlaSVBS817UUIqmoRr2uUlS3plg548lqO7BWRnqpahK2DRdS/JSq/Oj0PW6f84VcuP3Xyernz9/fvR3gI+aI1pYbijNGtCuRRuOS+/4+9r31/NVPuJwDxGnZWXnxf+GeP34HYrvxzYuZ+QT5C+E33+drD59+vTR3wH+zxUqSqtixNcs89G10/VD72Pr5Z+2+z5FE9qxNFQbV+DIxqHF8+K547Z9jj5P4RPo0+dPTYr37x7bC+D3XyerHz9+fPR3gCv59u3bMhlbLgitwXY8Np3dpFfbPT2l3k4N5+ien08lqZesPj9UTon3vvzaEpSNSWs18Vznh9D10rg1G8Om4+IQDx+oe9Eg3T+UPb//OqHz4I7p9T/4kr2iIQuSHmJoQEU/DKew/RRt23QxgyvcY0tZ12rVtBLben0S2ctLiu7lpelfXppGsV6niLKTUEex+SyE0sR4QccBGIjtjnlSZrOk2CQN7yjw0rPrRnl59BZd35+yOcvoUgYWZh/kGZvENmZnJrY+Cs2kl4aCWObmw0SK80UZ6gETILY7Zi0hLNErKrJ119KQD8nIosuil6SenppeWZWE5FOrJsSWylqFpGYic5m1ytyC0Ma5o6UydG4JIwfJPTzMFX3U+aJzy3/7Srm+YofNQvA5oWmuqLZ9ipXPFfWljDKxjXNF4zxRn0ZlU6rezBXNlzIKHRdvFp4UV2RtzBOtFzK2O+fqVWDn5ouG6VVJUioFvdNA8lKWJtEpU/PVPvLli+JwD5eSlax554HCJ74fQ4fBmzXZ8iXDBYtNQgHE9sj32fKyNK5+G1fQdcEp/D6aiW2cehUWnEwRS1Ef8mHSSh0Cuo7dl+tK67H5/bRQfvrg3qLMkBoEENuds6jYJp53MMotW6NtlFlct82PC0NJUm+r9ZqOK+aaxCS34gq6vuLupUuCIzYIILY7ZyUhLCU2byce5jIKTpmWS86fexAe6jKe43jGZnNGo+DGsjM+5yBKzSX23vJEiA0CdB5UwCJPqsqnV1m8KU3jYpT5U6qi1KaeUpWVmXEZojdPqbrkwS08oQoKkLE96kDd0r9npQ6FbB5o8XF8cQJ9/lzR8NyDcUqUTZeSyNLYudLj9q4RGlkbGIjtUeeMls6ZKE2TqHwVjTjZPSwoeZap5WLzqVYxc4uii/v+VCvKTrgBStFKWPSvMRNcXOGjlMW92S6tvBGzr9K9syw7G8vQyEJCu+ofArgrEBv8ZuqnMFeiliKel2daUxHfj8eXQEzwDogN5sl/HjNruZVK0DOmhmnMyQyJwRUgNlhGclPHRKYEhsxgYRAbLNujegn0aMJfBrHBbdzy80Fm8JdguAfcBnKCfxBbIgEAoB4QGwBUB2IDgOpAbABQHYgNAKoDsQFAdSA2AKgOxAYA1YHYAKA6EBsAVAdiA4DqQGwAUB2IDQCqA7EBQHUgNgCoDsQGANWB2ACgqY3/ANGl1gCCZwauAAAAAElFTkSuQmCC""}}]}, {""role"": ""assistant"", ""content"": ""0.57""}, {""role"": ""user"", ""content"": [{""type"": ""text"", ""text"": ""\nYou are given both an image and a text-based representation of the same stimulus. \nIn both, a red dot appears on a horizontal line\nThe left end of the line corresponds to 0.0, and the right end to 1.0.\n\nText representation (the dot is marked as \""\""O\""\""):\n|--------------------=-----=---O------ -.|\n\n\nEstimate the horizontal position of the **center** of the red dot as a decimal number between 0 and 1.\nDo not explain. Only output the final answer as a number between 0 and 1:\nFinal Answer:\n""}, {""type"": ""image_url"", ""image_url"": {""url"": ""data:image/png;base64,iVBORw0KGgoAAAANSUhEUgAAATYAAABNCAYAAAAsLkgfAAAI6UlEQVR4nO2dbY7aMBBA7STLxxna3v9vT9JLtL1Cd4ElqcbxpINxAl0+At73JMtJCAFV2texPWN813WdAwAoiGruLwAAcG0QGwAUB2IDgOJAbABQHIgNAIoDsQFAcSA2ACgOxAYAxYHYAKA4EBsAFAdiA4DiQGwAUByIDQCKA7EBQHEgNgAoDsQGAMWB2ACgOBAbABQHYgOA4mjm/gIAMMG1f5LEe/cZQGwAjy6znNzGhDcmLu8/9r4nxfMrVQAPLDN7PXftlKT8GcfnPOfJQGwAczIlLunHjtP35KTlT/Tp8dS1c157IBAbwCNFZ+mxtLY9PE/fMyYvnzR73d6bHufOx65NXZ8RxAZwBlf/M0nE5K24rMzSPm2WnMx8bFV1JLnuIxHdfwxn/YzCY/EA4N5iy0VlOaElzdvzXMRmWqcik94e23tORXK5Xj4vXYgYERhiAyhZbLmhp16LkgrPV4Ht9/2x9Pt9L7T93nV6Xe6xMrQRmMqrrnt5Sa9yq6peeGn0lhPcmOiuMU93BxiKApxgu91e72GZKG2IxKK4gtje33upJf2B+Oyfro3C6l5mQWp1/U9ucmwkF+6ZGr6eEp/9bNsbFouFmwMiNoAT7EUktxp+JhFaENj7e+ilddLvdr3o5DhGboMMFR1+alTWNEFoQWr22IpO783NwY1FdVOLEXr+ACA2gBO8i1QuIU3PMPNoOszUKE0lJn1o2+2/4yi30Oxcm51XE1k1UWTSv7z0fbymkhuiN+nH5uJycsssQjyi3BAbwAl2IpsrRmwHiwBplKYik367dVXsDwRn596i2EROIqpBaE2U2suLa1VuqeSS6O0ogssJLr02Nfc2I4gN4NZiS4ehKjTpVWjyGbtdL7LNppfaZuO6zSb0ck1eC9Ga3Gvn2VRsUVRd0/QyWyxC38ZezoPomuZ4eJrMvR21VHZ6Lmj/QHJj8QBggp8/f17+kFxKRzL81CitUpG9vbn67c1V0uK10EzUFt5vxRZl1RqZtctlON4vl73UVHIauYnkzLB0Um4TqSNTw9Fv3765e0PEBnCrFdFclYBZ/RyTWpDZ66vrothEcHLsNhv5QkFuwzxbErFJNNaKyERgUWgit/1220tut+vlZoemMWo7EtuY6HLDUyGVm16bAcQGMMFGZHIpaWqHzpHFYajLSK0WscXeidReX8NwVO4N92fEFqQWxdaK1FYrt9/t3P79fWitNrlHvodZaBjSRM6N3qZWS2cGsQHcY+EgFZuZWwsLA1FqtcpM2p8/zovQtL29hXs7aZrXpmLT1VAV22oVxCVt33X/mqSvdJ1rJSm4bfsm75PvZefb5Nmn5IbYAD5pDls6vxajtRCxyWKBiDOufoqwNCKTKE1k10ofWxiextdDflsiNqfDy7Z1kuEWmkRyVeX23ru99PFYrslr8l6572Ci3X5fjd7SOcKc3B5oAaH5+vXrrF8A4JH5/v37dXLX0vpPnfy3zSTmhuTc3W5oLunDKqrNY5OILX5mF6sPhtQPGXrG6K0V6WmL3ytEb7m6Vfu9LSI0vTYmNsV7N4djmt+/f9/9QwGehYuTBjLbDWmdZxebrfscakbN63I+iMcm5lqxCea1TiWXRGNpCVVYdEjOTw4x9TNzu4vY7xPvncMxzZcvX+7+oQDPwod3qMjtfGGqBKTJs8PzzeqiN3NYXs/reuiHphGTfo59ra6dN70ey1A1HMc8tnAemy4e+FP5a1MJurl/K+/dHI5pfv36dfcPBXgWfvz4cdkDMrtwhGORSNu6Kk7aV9Kapm8vL6H5xaIfliaVBuEpOsFvhqIiKBff5+S9plWSxyYJujFJ12mTe5NV0bPLq86cX5vDMSweAExQyx/7pdiCdyMJ+fMPLQ5Hq65zddsOTc5FfJIlJi1EeBp52VVReS3KyUexVauV69br0Kr12tWrlXOmhXui5Cqby6Y7fuTKqP5TaHOC2AAmeJGo5hbpHnao6b2rbBOheh9aONeITqQlVQmxIH5YFRV02CmiWi5dJ03Etlq5er12TpoIbbUKr4dk3Ri12dKqYYU1LXwXcom4Dyg1AbEBTLBcLq+3Kmon/2NybBCUCE7lJa2qQhRVx6FpHaOrkMAbKw8OxBblI+/V4WUn31ujs/W6F5rktkmLCby2KH5I65iaP5uS2YNUHAwfT60owA3rRXMF8LoLrm4iqWVVsQhei95rrUSQa9rrLh+2VlQenyboLmKSrkRmUoEgQ1ON1HSuzdaKplKbEtlEakfKHHWiAhEbwAku2gU2t8Gkik2kIoKKc2Nhdw8Zbuo8WZz0DzKTiEulprludhddjbji4oOTRYPl8qAFmdkhaLo3W05qTxKhpSA2gFvPsyVyC3lrma3Ag9C0j2Ia9mPT0iuVmt2PTYhJuZrGUcWhZpCaLhTo8DNKbdh00kjt6AdenkRkKYgN4M5iO1gl1SoEjd5keCpC0sjMDFOHonmN1ozYdLVVc9I6La8SQarMTKQ2DD81WhtLxh0TGGIDeG4aEcElTC0k2JVSG73FHDZbZqXHbuQ3D0LTRNvG7LdmFwmSxYKj3zzQZ53iwcXG4gHAvX6pKimtOvqVKvvze5qUa/tUavZ5WhKlQ8sm+Y2DJEo72gp8onLgo8z1C1UCERvALRN107ghNywVuWSGp0eiS388OalokPmxoSSq7vPaRFxDSVW6BfhUPeg5PHDUhtgAblkzmr4vNyyN1QcHhe1aD2qis6Nfgk+kaasaOlNvanfEPbjn1M4cTwxDUYAzueqfSrJtuD+1bZDt0x1DlLRawI/UesYKgtEV0Dn/I7jW5yM2gDuS+3NLJDcquNwcncWKqvpAfScRGwBchak5OO3HZJb7001LoYRzk24LArEBPIvkpo6VqUjMP1eS7SUgNoBnGq7+L/7zyMyC2AAenWv8ifrPITSFdA+AR+eTSekaxJ3jAADKAbEBQHEgNgAoDsQGAMWB2ACgOBAbABQHYgOA4kBsAFAciA0AigOxAUBxIDYAKA7EBgDFgdgAoDgQGwAUB2IDgOJAbABQHIgNAFxp/AX/qdllPni50AAAAABJRU5ErkJggg==""}}]}, {""role"": ""assistant"", ""content"": ""0.72""}, {""role"": ""user"", ""content"": [{""type"": ""text"", ""text"": ""\nYou are given both an image and a text-based representation of the same stimulus. \nIn both, a red dot appears on a horizontal line\nThe left end of the line corresponds to 0.0, and the right end to 1.0.\n\nText representation (the dot is marked as \""\""O\""\""):\n|-------------=---.-------O---.-----~----|\n\n\nEstimate the horizontal position of the **center** of the red dot as a decimal number between 0 and 1.\nDo not explain. Only output the final answer as a number between 0 and 1:\nFinal Answer:\n""}, {""type"": ""image_url"", ""image_url"": {""url"": ""data:image/png;base64,iVBORw0KGgoAAAANSUhEUgAAATYAAABNCAYAAAAsLkgfAAAIlElEQVR4nO2dYVLbSBBGR5LBJlcguf/fnCSXSLgCYGxLW994WmmJkcDYLM7ovaqukWxjvFT8tkc9Paq6rusCAEBB1F/9AQAALg1iA4DiQGwAUByIDQCKA7EBQHEgNgAoDsQGAMWB2ACgOBAbABQHYgOA4kBsAFAciA0AigOxAUBxIDYAKA7EBgDFgdgAoDgQGwAUB2IDgOJAbABQHKuv/gAAV8clbwNSVZd7L3g3iA1gSmg5weUey8nLHnvv6+GiVNylChaN/+efO556fkpUY2nNPTf1GJwNYoNlMicxjRb+fA4TVG7MyW1OgHA2TEVhWcwJrW2HUstFjrHEvMymzvVeczJDdGeB2OCq+ZQJhRNaNRaXyW1q9D8vxsKq69eC84/rx3MC9Jj4PkiFFBEbLExsuemmiWsiKn8+VQxI8uq8xDT6Y/+aXNh7vZXNvUGF2BAbFCy2qaqmi/j+JrDDIQSFzg+H/rxL5/E14ylpVf0VlYlM8tLYNMPzCdFNCs6DrE6C4gFcLS8vL5+aqQ0yMRPZfn881rjf/5WdPe/FaLKxLCyJrPNjileis2MvRPGW4N7J7e1tWDJkbHC1HCSSc5mqePopphdZim63C9VudxSdPabX+QJDEpBNP01k3Wo1eTyQnxPd5LU5QbZ2MogNrpa9pHLpCmgSUzXK0nqxvbxEocVwxya4wbU2E5vLwqLIkszieHNzFFp6PI4Smo2WySlyU1MDuZ0EYoOrZSehXLICqnE89dRoIjOZbbeh1uhDz9k01RURlK1FiUlsJrUks1ajj/Scl1w/VZ3K3gRSOxnEBuWKbaIC2gstSS3sdqGWuLbbo9S229Cl0c71mhh2zS1lbFFsLlszmWlsb29jRKnpWFKzcxNcyt76rC1XVBDI7SQoHsBV8vv37/PfJCc2q36mwoBlacrQosien0Pz/BxqHz6D80UEn7E1zVFmJjSN63U4SGTr9V/JWUhsbpray+2CWduPHz/CUiFjg7IqolOdBRajbE1hUjORdU9PoX56Cs3TU+ien0NQ6HnL2mw6axmbpKZsbbWKIpPADpLZy8tx3O2i5Nr9PrRaPuIiCk2S0/FcMcEgc3sXiA2ukq2mf5e8vmbXxUxqqRjQS01hMktjeHwM4ekpZnESW9BrbTrqMrbWxGZSU0hqu1047PexuiuhtW3bh8QY5SappWt+ryqlc90JMAtig2UUDnwngS3rsGnodhunn41lZ5LZ4+MxdKxI1926jNisaKAMrc/M2jYcum4Yql3oZ0ZhnzEuBFYgtrNBbFDmGrbx7hyjamitjC0VDTpNe11Idm0qHFQ2PVXGlsQWsz0nNqtyKgNru+4YyuSqKhzqOhya5hiSn6SXMrPWt1f5z+ynowK5nczq+/fvp/8UwCfz8+fPy1xjy/SDjlun+ulpmqJ2aTFul6arcZQA/Zo2+z3K2ExyaU1alFx6jzYzDbWpqEbf0vVKYG6tXM8Jgvu+4O/26uHh4as/A8Arzi7Wj3s63U4ecQrod/awKaEdWw+pG2e3MPK9p/bQaBePceN7nMK6iufsf61v3zrh7/Kw4O/26v7+/qs/A8DldqhwmdSr8xR67/j+br1YPE/Tv6ppQpWyLx0HH1a9VIYlfOfAatW/vtKxW8rRH7vX6XfYwtxqrrVq+Id595/ifsHf7dWfP3+++jMAvOLXr1+Xv8aWkBrqVCWtdb1ttQr1zU287qaobm5CdXs7bIS3nT0kFpvGCkkpLdmo1usQ1us4WtTrdVzHFkON6Yq0hm2wjs23V5lk44f9+Dq2Pwv+blM8gKuk0Rf8s5Z7KENLWaFkVXddaBRtG6O2SM/F11kGZ1XRJLaYdSkDS2KLIttsQnd3F+pv30JzdxfCZhOCRi87idTE5ncA8Z0H8RdQNPgIiA2ukhtlNJfeKVcykpwkt5Qh1VU1iCZFPNfzijSVjFmcCgg+Y0vTVT1Xpy4DE1tjQttsQrXZRKHF5SApa/M7fwz2bGOZx9kgNrhK1prWfUbngVvyEYWkaWjT/I26jtmijhs9p0jSiv2kJjZ77yS+OLVMYlNmJqFVXmibzbB3VOGv3Y17RAUdBx+GXlEot190qlfUyy0t1I0dCGlnj8baq/yoNW0mNr+7hzXAu6b31kS22cSWqs5lav0uH2kK2r0ltQ8K7ceC+0QFGRtcLWfvAjsWm3AbTPYN7Skzi9fJdO3LMjTJTNfENEp61rEwytis8lmnrK0vHqRja3yPu3v4KahVRX2FVrCjx9kgNljOdTaN7q5TfeZmUlM2liqiEluUk2VqJrbRfmyD5R5JisrKTGyxQDCXqaUsbdCBgNDOBrFBuWKbud7WZ20aJTZlYSY3CcwKBRKUtVG5pR9GXP+WCgj9JpNJZpLkqx10ndQGd7Q6vtlwhA+D2OBqWUkE55LrEMg1xqcpaczeJDFJTiJTIcC2Dh/f0EVY1uUW5o53yu3F5m7oMim18TF8CIoHsIw7VWVu6tIvAbH1baPe0T5D81uC+5u5CLuRi0lrfE+Dia2/By1WFxba7cLvUCUQG5S7y8fUfUVtzFVL/S4gTnSDmyfn7ivqb6/nRZZbo/aeXTvOkFxzicXN/zhMReGqOeuu5rmfnWiMj7LxO21YP6gXXq4BftR3agIb9H7qPNcQP/UZ4WzI2ODq+ZR/ouk9o9hyi3jHx+MpaKa5PnuH90wngd/V46r+R1AQiA2WxSnT07e2KhJeUm+Ff72BiD4FxAbLZmpJiI254xxjec0t4UBmnw5iAxDjr8FYcrnXeHLiIjv7MhAbwHsl9x5y8kJo/zuIDWCOj349kNmXwnIPgDkQ1D9JWikIAFAOiA0AigOxAUBxIDYAKA7EBgDFgdgAoDgQGwAUB2IDgOJAbABQHIgNAIoDsQFAcSA2ACgOxAYAxYHYAKA4EBsAFAdiA4DiQGwAEErjP5FJi7ZzfsrhAAAAAElFTkSuQmCC""}}]}]",0.65
google/gemini-2.5-flash-lite,sample_004,0.59933,0.59933,0.5,"[{""role"": ""system"", ""content"": ""You are a marker location estimator.""}, {""role"": ""user"", ""content"": [{""type"": ""text"", ""text"": ""\nYou are given both an image and a text-based representation of the same stimulus. \nIn both, a red dot appears on a horizontal line\nThe left end of the line corresponds to 0.0, and the right end to 1.0.\n\nText representation (the dot is marked as \""\""O\""\""):\n|-.----------.--.---O-----.-------------=|\n\n\nEstimate the horizontal position of the **center** of the red dot as a decimal number between 0 and 1.\nDo not explain. Only output the final answer as a number between 0 and 1:\nFinal Answer:\n""}, {""type"": ""image_url"", ""image_url"": {""url"": ""data:image/png;base64,iVBORw0KGgoAAAANSUhEUgAAATYAAABNCAYAAAAsLkgfAAAIfElEQVR4nO2daZLTSBBGtbjbfQfg/n85CZcAzkB71cRXzhTp6pLa2GIal9+LyCjJlmQPeB6ZqkXtMAxDAwBQEd1HfwEAgKVBbABQHYgNAKoDsQFAdSA2AKgOxAYA1YHYAKA6EBsAVAdiA4DqQGwAUB2IDQCqA7EBQHUgNgCoDsQGANWB2ACgOhAbAFQHYgOA6kBsAFAdiA0AqmP10V8A7pilHpfRtstcB8BAbHCbyG6RmwutdA1kBzfQ8pQqeJf8J+L78fWpY0qSivtT21PHA1wAYoPrZKa2tF06N8rpvXZue+41gAClKPy5zKaidE4uL4+5fZ07JzS/NoKDCcjYKmDRv8KCoJI+jsdzicX9/L38++Ti6rpzqRViyM8pXesGWqRYNWRsFbCY2OYyNMnLBebbIdpccJFcWi622GayS2IrhWdzU1ndhSC2ukFsjyy2udIzCG1waR0OTesyOxxOQrN2UGvHJcll5eKZzCzSa6X9XHq53Py63H+DCShF75ztdrvMhUr3zCSpmJlJbBKYRdre73+/5sfnWZsJahRX35+21fb9+WvviW5Kclfw/Py8zJ8d/HOQsd05BwnlFqY6BrzENGElke33o8ja3a4ZtK3XguCGWJaKWH5Goa1WJ6mZ3LQf3y+J7m/IDeoEsd05e4nlWvIhGtn9s5R9eUamdrc7tYrt9tTudqewY5LkSmKzzCwJzaQ2bls0UXba1/G2/0Zu3vpnxBYeHsR25+wkm6Uytlh6ernpWZrLTBJTu902nW+r9WNiSSqsIyCJzGX29DTK7Kht3/dWInPZudhi2TqXuQEgtgcXW16G5vfSPCOT3CQyE1qS2mbTDNbqGL2XMjaFX0dYGRozNJfZ0eP5+SQ122+C5GIWN0apNHUQHNB5cN98//79+pOnhnTkmZqXmptNklcS2WbT9K+vaTuFSS9lcDonz9iC2KLMUrteNwdJTPv2WpKaZCexueAsi5sU25Xl6JcvX67/M4R/FjK2R+wRLY1XiyVoLjUTWucye31tBm2/vja9MrfNJmV0Kavz+2y52CQ1E9vBJJZaiW29PkkthDomkuB0PcvcRrGV5GafddbCw4LY7piNhHILpaEdsQRVmetSc7FJZhLbr1+pbSwkvyS3/b7pXGw2iFbZ2lHh2ZpkJrGp3e1OIbnt96c4HFLou2h8nATnmeRZWRo7EgRCAwOxPXrHQRSbj0dzsfk9NZOaRNb/+tU0Fq1CUlOoRN1uT5mW32fLMrZ0D00Z2W6X5CZ5abjK4Xg8i+MwpGEjg7ehp9Y7FtL3nCpH4eFBbI84hm3u/looQ3XPzDsNBs/IlCXafbajWhObdyY0Pr4tE1vqBJD0lI2ZvHSE4tC2v6PrmqPCMjG9P84bjd/dx7vpc0rlKDw0q8+fP3/0d4Ar+fr167Jj1+Jg3DDDIHYopMG5lpWN2ZlaSVBS817UUIqmoRr2uUlS3plg548lqO7BWRnqpahK2DRdS/JSq/Oj0PW6f84VcuP3Xyernz9/fvR3gI+aI1pYbijNGtCuRRuOS+/4+9r31/NVPuJwDxGnZWXnxf+GeP34HYrvxzYuZ+QT5C+E33+drD59+vTR3wH+zxUqSqtixNcs89G10/VD72Pr5Z+2+z5FE9qxNFQbV+DIxqHF8+K547Z9jj5P4RPo0+dPTYr37x7bC+D3XyerHz9+fPR3gCv59u3bMhlbLgitwXY8Np3dpFfbPT2l3k4N5+ien08lqZesPj9UTon3vvzaEpSNSWs18Vznh9D10rg1G8Om4+IQDx+oe9Eg3T+UPb//OqHz4I7p9T/4kr2iIQuSHmJoQEU/DKew/RRt23QxgyvcY0tZ12rVtBLben0S2ctLiu7lpelfXppGsV6niLKTUEex+SyE0sR4QccBGIjtjnlSZrOk2CQN7yjw0rPrRnl59BZd35+yOcvoUgYWZh/kGZvENmZnJrY+Cs2kl4aCWObmw0SK80UZ6gETILY7Zi0hLNErKrJ119KQD8nIosuil6SenppeWZWE5FOrJsSWylqFpGYic5m1ytyC0Ma5o6UydG4JIwfJPTzMFX3U+aJzy3/7Srm+YofNQvA5oWmuqLZ9ipXPFfWljDKxjXNF4zxRn0ZlU6rezBXNlzIKHRdvFp4UV2RtzBOtFzK2O+fqVWDn5ouG6VVJUioFvdNA8lKWJtEpU/PVPvLli+JwD5eSlax554HCJ74fQ4fBmzXZ8iXDBYtNQgHE9sj32fKyNK5+G1fQdcEp/D6aiW2cehUWnEwRS1Ef8mHSSh0Cuo7dl+tK67H5/bRQfvrg3qLMkBoEENuds6jYJp53MMotW6NtlFlct82PC0NJUm+r9ZqOK+aaxCS34gq6vuLupUuCIzYIILY7ZyUhLCU2byce5jIKTpmWS86fexAe6jKe43jGZnNGo+DGsjM+5yBKzSX23vJEiA0CdB5UwCJPqsqnV1m8KU3jYpT5U6qi1KaeUpWVmXEZojdPqbrkwS08oQoKkLE96kDd0r9npQ6FbB5o8XF8cQJ9/lzR8NyDcUqUTZeSyNLYudLj9q4RGlkbGIjtUeeMls6ZKE2TqHwVjTjZPSwoeZap5WLzqVYxc4uii/v+VCvKTrgBStFKWPSvMRNcXOGjlMW92S6tvBGzr9K9syw7G8vQyEJCu+ofArgrEBv8ZuqnMFeiliKel2daUxHfj8eXQEzwDogN5sl/HjNruZVK0DOmhmnMyQyJwRUgNlhGclPHRKYEhsxgYRAbLNujegn0aMJfBrHBbdzy80Fm8JdguAfcBnKCfxBbIgEAoB4QGwBUB2IDgOpAbABQHYgNAKoDsQFAdSA2AKgOxAYA1YHYAKA6EBsAVAdiA4DqQGwAUB2IDQCqA7EBQHUgNgCoDsQGANWB2ACgqY3/ANGl1gCCZwauAAAAAElFTkSuQmCC""}}]}, {""role"": ""assistant"", ""content"": ""0.57""}, {""role"": ""user"", ""content"": [{""type"": ""text"", ""text"": ""\nYou are given both an image and a text-based representation of the same stimulus. \nIn both, a red dot appears on a horizontal line\nThe left end of the line corresponds to 0.0, and the right end to 1.0.\n\nText representation (the dot is marked as \""\""O\""\""):\n|--------------------=-----=---O------ -.|\n\n\nEstimate the horizontal position of the **center** of the red dot as a decimal number between 0 and 1.\nDo not explain. Only output the final answer as a number between 0 and 1:\nFinal Answer:\n""}, {""type"": ""image_url"", ""image_url"": {""url"": ""data:image/png;base64,iVBORw0KGgoAAAANSUhEUgAAATYAAABNCAYAAAAsLkgfAAAI6UlEQVR4nO2dbY7aMBBA7STLxxna3v9vT9JLtL1Cd4ElqcbxpINxAl0+At73JMtJCAFV2texPWN813WdAwAoiGruLwAAcG0QGwAUB2IDgOJAbABQHIgNAIoDsQFAcSA2ACgOxAYAxYHYAKA4EBsAFAdiA4DiQGwAUByIDQCKA7EBQHEgNgAoDsQGAMWB2ACgOBAbABQHYgOA4mjm/gIAMMG1f5LEe/cZQGwAjy6znNzGhDcmLu8/9r4nxfMrVQAPLDN7PXftlKT8GcfnPOfJQGwAczIlLunHjtP35KTlT/Tp8dS1c157IBAbwCNFZ+mxtLY9PE/fMyYvnzR73d6bHufOx65NXZ8RxAZwBlf/M0nE5K24rMzSPm2WnMx8bFV1JLnuIxHdfwxn/YzCY/EA4N5iy0VlOaElzdvzXMRmWqcik94e23tORXK5Xj4vXYgYERhiAyhZbLmhp16LkgrPV4Ht9/2x9Pt9L7T93nV6Xe6xMrQRmMqrrnt5Sa9yq6peeGn0lhPcmOiuMU93BxiKApxgu91e72GZKG2IxKK4gtje33upJf2B+Oyfro3C6l5mQWp1/U9ucmwkF+6ZGr6eEp/9bNsbFouFmwMiNoAT7EUktxp+JhFaENj7e+ilddLvdr3o5DhGboMMFR1+alTWNEFoQWr22IpO783NwY1FdVOLEXr+ACA2gBO8i1QuIU3PMPNoOszUKE0lJn1o2+2/4yi30Oxcm51XE1k1UWTSv7z0fbymkhuiN+nH5uJycsssQjyi3BAbwAl2IpsrRmwHiwBplKYik367dVXsDwRn596i2EROIqpBaE2U2suLa1VuqeSS6O0ogssJLr02Nfc2I4gN4NZiS4ehKjTpVWjyGbtdL7LNppfaZuO6zSb0ck1eC9Ga3Gvn2VRsUVRd0/QyWyxC38ZezoPomuZ4eJrMvR21VHZ6Lmj/QHJj8QBggp8/f17+kFxKRzL81CitUpG9vbn67c1V0uK10EzUFt5vxRZl1RqZtctlON4vl73UVHIauYnkzLB0Um4TqSNTw9Fv3765e0PEBnCrFdFclYBZ/RyTWpDZ66vrothEcHLsNhv5QkFuwzxbErFJNNaKyERgUWgit/1220tut+vlZoemMWo7EtuY6HLDUyGVm16bAcQGMMFGZHIpaWqHzpHFYajLSK0WscXeidReX8NwVO4N92fEFqQWxdaK1FYrt9/t3P79fWitNrlHvodZaBjSRM6N3qZWS2cGsQHcY+EgFZuZWwsLA1FqtcpM2p8/zovQtL29hXs7aZrXpmLT1VAV22oVxCVt33X/mqSvdJ1rJSm4bfsm75PvZefb5Nmn5IbYAD5pDls6vxajtRCxyWKBiDOufoqwNCKTKE1k10ofWxiextdDflsiNqfDy7Z1kuEWmkRyVeX23ru99PFYrslr8l6572Ci3X5fjd7SOcKc3B5oAaH5+vXrrF8A4JH5/v37dXLX0vpPnfy3zSTmhuTc3W5oLunDKqrNY5OILX5mF6sPhtQPGXrG6K0V6WmL3ytEb7m6Vfu9LSI0vTYmNsV7N4djmt+/f9/9QwGehYuTBjLbDWmdZxebrfscakbN63I+iMcm5lqxCea1TiWXRGNpCVVYdEjOTw4x9TNzu4vY7xPvncMxzZcvX+7+oQDPwod3qMjtfGGqBKTJs8PzzeqiN3NYXs/reuiHphGTfo59ra6dN70ey1A1HMc8tnAemy4e+FP5a1MJurl/K+/dHI5pfv36dfcPBXgWfvz4cdkDMrtwhGORSNu6Kk7aV9Kapm8vL6H5xaIfliaVBuEpOsFvhqIiKBff5+S9plWSxyYJujFJ12mTe5NV0bPLq86cX5vDMSweAExQyx/7pdiCdyMJ+fMPLQ5Hq65zddsOTc5FfJIlJi1EeBp52VVReS3KyUexVauV69br0Kr12tWrlXOmhXui5Cqby6Y7fuTKqP5TaHOC2AAmeJGo5hbpHnao6b2rbBOheh9aONeITqQlVQmxIH5YFRV02CmiWi5dJ03Etlq5er12TpoIbbUKr4dk3Ri12dKqYYU1LXwXcom4Dyg1AbEBTLBcLq+3Kmon/2NybBCUCE7lJa2qQhRVx6FpHaOrkMAbKw8OxBblI+/V4WUn31ujs/W6F5rktkmLCby2KH5I65iaP5uS2YNUHAwfT60owA3rRXMF8LoLrm4iqWVVsQhei95rrUSQa9rrLh+2VlQenyboLmKSrkRmUoEgQ1ON1HSuzdaKplKbEtlEakfKHHWiAhEbwAku2gU2t8Gkik2kIoKKc2Nhdw8Zbuo8WZz0DzKTiEulprludhddjbji4oOTRYPl8qAFmdkhaLo3W05qTxKhpSA2gFvPsyVyC3lrma3Ag9C0j2Ia9mPT0iuVmt2PTYhJuZrGUcWhZpCaLhTo8DNKbdh00kjt6AdenkRkKYgN4M5iO1gl1SoEjd5keCpC0sjMDFOHonmN1ozYdLVVc9I6La8SQarMTKQ2DD81WhtLxh0TGGIDeG4aEcElTC0k2JVSG73FHDZbZqXHbuQ3D0LTRNvG7LdmFwmSxYKj3zzQZ53iwcXG4gHAvX6pKimtOvqVKvvze5qUa/tUavZ5WhKlQ8sm+Y2DJEo72gp8onLgo8z1C1UCERvALRN107ghNywVuWSGp0eiS388OalokPmxoSSq7vPaRFxDSVW6BfhUPeg5PHDUhtgAblkzmr4vNyyN1QcHhe1aD2qis6Nfgk+kaasaOlNvanfEPbjn1M4cTwxDUYAzueqfSrJtuD+1bZDt0x1DlLRawI/UesYKgtEV0Dn/I7jW5yM2gDuS+3NLJDcquNwcncWKqvpAfScRGwBchak5OO3HZJb7001LoYRzk24LArEBPIvkpo6VqUjMP1eS7SUgNoBnGq7+L/7zyMyC2AAenWv8ifrPITSFdA+AR+eTSekaxJ3jAADKAbEBQHEgNgAoDsQGAMWB2ACgOBAbABQHYgOA4kBsAFAciA0AigOxAUBxIDYAKA7EBgDFgdgAoDgQGwAUB2IDgOJAbABQHIgNAFxp/AX/qdllPni50AAAAABJRU5ErkJggg==""}}]}, {""role"": ""assistant"", ""content"": ""0.72""}, {""role"": ""user"", ""content"": [{""type"": ""text"", ""text"": ""\nYou are given both an image and a text-based representation of the same stimulus. \nIn both, a red dot appears on a horizontal line\nThe left end of the line corresponds to 0.0, and the right end to 1.0.\n\nText representation (the dot is marked as \""\""O\""\""):\n|-------------=---.-------O---.-----~----|\n\n\nEstimate the horizontal position of the **center** of the red dot as a decimal number between 0 and 1.\nDo not explain. Only output the final answer as a number between 0 and 1:\nFinal Answer:\n""}, {""type"": ""image_url"", ""image_url"": {""url"": ""data:image/png;base64,iVBORw0KGgoAAAANSUhEUgAAATYAAABNCAYAAAAsLkgfAAAIlElEQVR4nO2dYVLbSBBGR5LBJlcguf/fnCSXSLgCYGxLW994WmmJkcDYLM7ovaqukWxjvFT8tkc9Paq6rusCAEBB1F/9AQAALg1iA4DiQGwAUByIDQCKA7EBQHEgNgAoDsQGAMWB2ACgOBAbABQHYgOA4kBsAFAciA0AigOxAUBxIDYAKA7EBgDFgdgAoDgQGwAUB2IDgOJAbABQHKuv/gAAV8clbwNSVZd7L3g3iA1gSmg5weUey8nLHnvv6+GiVNylChaN/+efO556fkpUY2nNPTf1GJwNYoNlMicxjRb+fA4TVG7MyW1OgHA2TEVhWcwJrW2HUstFjrHEvMymzvVeczJDdGeB2OCq+ZQJhRNaNRaXyW1q9D8vxsKq69eC84/rx3MC9Jj4PkiFFBEbLExsuemmiWsiKn8+VQxI8uq8xDT6Y/+aXNh7vZXNvUGF2BAbFCy2qaqmi/j+JrDDIQSFzg+H/rxL5/E14ylpVf0VlYlM8tLYNMPzCdFNCs6DrE6C4gFcLS8vL5+aqQ0yMRPZfn881rjf/5WdPe/FaLKxLCyJrPNjileis2MvRPGW4N7J7e1tWDJkbHC1HCSSc5mqePopphdZim63C9VudxSdPabX+QJDEpBNP01k3Wo1eTyQnxPd5LU5QbZ2MogNrpa9pHLpCmgSUzXK0nqxvbxEocVwxya4wbU2E5vLwqLIkszieHNzFFp6PI4Smo2WySlyU1MDuZ0EYoOrZSehXLICqnE89dRoIjOZbbeh1uhDz9k01RURlK1FiUlsJrUks1ajj/Scl1w/VZ3K3gRSOxnEBuWKbaIC2gstSS3sdqGWuLbbo9S229Cl0c71mhh2zS1lbFFsLlszmWlsb29jRKnpWFKzcxNcyt76rC1XVBDI7SQoHsBV8vv37/PfJCc2q36mwoBlacrQosien0Pz/BxqHz6D80UEn7E1zVFmJjSN63U4SGTr9V/JWUhsbpray+2CWduPHz/CUiFjg7IqolOdBRajbE1hUjORdU9PoX56Cs3TU+ien0NQ6HnL2mw6axmbpKZsbbWKIpPADpLZy8tx3O2i5Nr9PrRaPuIiCk2S0/FcMcEgc3sXiA2ukq2mf5e8vmbXxUxqqRjQS01hMktjeHwM4ekpZnESW9BrbTrqMrbWxGZSU0hqu1047PexuiuhtW3bh8QY5SappWt+ryqlc90JMAtig2UUDnwngS3rsGnodhunn41lZ5LZ4+MxdKxI1926jNisaKAMrc/M2jYcum4Yql3oZ0ZhnzEuBFYgtrNBbFDmGrbx7hyjamitjC0VDTpNe11Idm0qHFQ2PVXGlsQWsz0nNqtyKgNru+4YyuSqKhzqOhya5hiSn6SXMrPWt1f5z+ynowK5nczq+/fvp/8UwCfz8+fPy1xjy/SDjlun+ulpmqJ2aTFul6arcZQA/Zo2+z3K2ExyaU1alFx6jzYzDbWpqEbf0vVKYG6tXM8Jgvu+4O/26uHh4as/A8Arzi7Wj3s63U4ecQrod/awKaEdWw+pG2e3MPK9p/bQaBePceN7nMK6iufsf61v3zrh7/Kw4O/26v7+/qs/A8DldqhwmdSr8xR67/j+br1YPE/Tv6ppQpWyLx0HH1a9VIYlfOfAatW/vtKxW8rRH7vX6XfYwtxqrrVq+Id595/ifsHf7dWfP3+++jMAvOLXr1+Xv8aWkBrqVCWtdb1ttQr1zU287qaobm5CdXs7bIS3nT0kFpvGCkkpLdmo1usQ1us4WtTrdVzHFkON6Yq0hm2wjs23V5lk44f9+Dq2Pwv+blM8gKuk0Rf8s5Z7KENLWaFkVXddaBRtG6O2SM/F11kGZ1XRJLaYdSkDS2KLIttsQnd3F+pv30JzdxfCZhOCRi87idTE5ncA8Z0H8RdQNPgIiA2ukhtlNJfeKVcykpwkt5Qh1VU1iCZFPNfzijSVjFmcCgg+Y0vTVT1Xpy4DE1tjQttsQrXZRKHF5SApa/M7fwz2bGOZx9kgNrhK1prWfUbngVvyEYWkaWjT/I26jtmijhs9p0jSiv2kJjZ77yS+OLVMYlNmJqFVXmibzbB3VOGv3Y17RAUdBx+GXlEot190qlfUyy0t1I0dCGlnj8baq/yoNW0mNr+7hzXAu6b31kS22cSWqs5lav0uH2kK2r0ltQ8K7ceC+0QFGRtcLWfvAjsWm3AbTPYN7Skzi9fJdO3LMjTJTNfENEp61rEwytis8lmnrK0vHqRja3yPu3v4KahVRX2FVrCjx9kgNljOdTaN7q5TfeZmUlM2liqiEluUk2VqJrbRfmyD5R5JisrKTGyxQDCXqaUsbdCBgNDOBrFBuWKbud7WZ20aJTZlYSY3CcwKBRKUtVG5pR9GXP+WCgj9JpNJZpLkqx10ndQGd7Q6vtlwhA+D2OBqWUkE55LrEMg1xqcpaczeJDFJTiJTIcC2Dh/f0EVY1uUW5o53yu3F5m7oMim18TF8CIoHsIw7VWVu6tIvAbH1baPe0T5D81uC+5u5CLuRi0lrfE+Dia2/By1WFxba7cLvUCUQG5S7y8fUfUVtzFVL/S4gTnSDmyfn7ivqb6/nRZZbo/aeXTvOkFxzicXN/zhMReGqOeuu5rmfnWiMj7LxO21YP6gXXq4BftR3agIb9H7qPNcQP/UZ4WzI2ODq+ZR/ouk9o9hyi3jHx+MpaKa5PnuH90wngd/V46r+R1AQiA2WxSnT07e2KhJeUm+Ff72BiD4FxAbLZmpJiI254xxjec0t4UBmnw5iAxDjr8FYcrnXeHLiIjv7MhAbwHsl9x5y8kJo/zuIDWCOj349kNmXwnIPgDkQ1D9JWikIAFAOiA0AigOxAUBxIDYAKA7EBgDFgdgAoDgQGwAUB2IDgOJAbABQHIgNAIoDsQFAcSA2ACgOxAYAxYHYAKA4EBsAFAdiA4DiQGwAEErjP5FJi7ZzfsrhAAAAAElFTkSuQmCC""}}]}, {""role"": ""assistant"", ""content"": ""0.65""}, {""role"": ""user"", ""content"": [{""type"": ""text"", ""text"": ""\nYou are given both an image and a text-based representation of the same stimulus. \nIn both, a red dot appears on a horizontal line\nThe left end of the line corresponds to 0.0, and the right end to 1.0.\n\nText representation (the dot is marked as \""\""O\""\""):\n|.---~------~----------=O-----------~----|\n\n\nEstimate the horizontal position of the **center** of the red dot as a decimal number between 0 and 1.\nDo not explain. Only output the final answer as a number between 0 and 1:\nFinal Answer:\n""}, {""type"": ""image_url"", ""image_url"": {""url"": ""data:image/png;base64,iVBORw0KGgoAAAANSUhEUgAAATYAAABNCAYAAAAsLkgfAAAIiklEQVR4nO2df3LaTAxA/YOE3KHt/f/tSXqJtmdoAgF/IyE5QlmgX+yMzfa9Gc0aFxbagVetd7Vuh2EYGgCAiuiW/gAAAHOD2ACgOhAbAFQHYgOA6kBsAFAdiA0AqgOxAUB1IDYAqA7EBgDVgdgAoDoQGwBUB2IDgOpAbABQHYgNAKoDsQFAdSA2AKgOxAYA1YHYAKA6EBsAVMdm6Q8AMAtz3bqjbefpBxYFsUFdMvvbcyWBybn8XER3l7TcpQrujviVvXV87evt0oryKp0rPYZVg9jgPshf0yiuLLHSuRJRYpeOY5tfB6sFscE6uTakzAK7FSWyyK5Ffv6lvmA1IDaYjU/5KqXhZVsS1/H4/jieu3TdrOve5OXH8ZzFcEly+fgDtEjxU2DyANYpttL1siwreRzDzrX5XJRblFPXNYOLrO/fxBbDxSbH/rooOel3gpwQ2+eA2GB5sd0adgax6XuYtFRgh8Pp8eEwPh7Cec3w5HHsOmZpEn1/EpzITcKFV5Dc1WGqg6wWh6EozMJut5uno9J1NMu8VFzy2KUlrUX7+npq4zmXXh6OShbmIhOJSbvZnFqL8TiKLw9Xra+r19/+gsfHx2n/ZvAOMjaYhYNIZCrXJgVihhYEJkKTGPb70zkRnJ/zLM7lJoShpctrEKltNie5ueD8XBRdzuCsvznkBvOC2GAWXkUoc2ZqaULApeby0gxNWhFaDDvngnt3rc2zNRGbSUzbh4e3EKF5GwR3lsXdyt5gURAbzMJeZDKVlKWdTQJEqWWZ7XZNt9uNx1Fy45DVhDmY2DQ8QzOhHR8fT8feWoySs0yuODQVENtqQGywvNhKQ9AgtXHY6bLa708is+heXprB5fby0nTyWeSan113a0pis0ztGKTmoWKz48YfxywuZ25xYkFAbovD5AFM5ufPn9M6yGK7lqlZRiYykxCR9XY8hkvOhqzFjK3vVWrHKLXttjlst82w3Y6P5dgzOJWcDU/fyW3itbZv375N+zeEM8jYYLkZ0bxWLYvNs604/DRpdc/PJ4k9PzeDHD8/q+CGl5emkZDn+LW2gtiOlq0dTGwiNBXb05O2R2n3++ZoExMqN+lLsrgot0tZm0DmthiIDSbzIiKZShRbWJPmEwU6IWDDTheaykzE9uePto2FZHE6FJXMLoptGE5SC2JTuVmmJlI77PcaIjSNw0FbXx8nM60yJB0nFXzZSJ5IgEVBbLD8xEFesxbXqMUhqF9DM6H1f/40jUUrQvNWhqi7nV53G0oZm81wjsNQEZkI7fVVl61oHI8aR5FhjFDhoMciNem/NByFxUBssOwatkvX1+KaNMm8QsY2Djc9Q3t+bo4iNRPb+BwZQvo1Nqs+0DVsvsTDMzIRmElM/iYabauh2Z3JStqxaiF+7jwcFZDbomy+fv267CeAu+f79+/zrl0L1QNx8iBGXO6hmZlFE1ufRQ1i0/Vr9niIWZxlcjpEjSFZnb2nPNbXSsRlHvHvE8/9D7nxO5yXze/fv2fuEv41Jk2sl0qo0k4ePgwcd/bwYWA41sfeushyROLzUx/xvMvWP8N4ra5UHREzudJuvFfgdzgvmy9fvszcJfxrfHiHiiiD2J46HaP194jn4nHXaUi2pOdz6VPuN8xmjq/z49h/etz6ULTweaZuacTvcF42v379mrlL+Nf48ePHx18cMzURQcysvAJhs2k6ycL6vunkOMbDw9t6NS+Etz5HOYXJA5WUrUFrbW1a6/HwoP2dlVbFNWuxrCpGnBn94DU2fofzwuQBTKaXH/Xcs6I5Y7MtiCS647HpJYZB207OeXgGZ+VPXlbl76FZl0jNxKYis4W43Xbb9E9PTSOx3Wq0dl7Wsbn0dLlHrEIoTR7AoiA2mMyD/NDnXscWllH4MFCORVxyeV6jbRtRai/nJTyjkywuVh6k3T1UavJcz8xk8a1IzWQmYmufnppOFulayHl/3tk6tlL1ASwOYoPJbOXH/lmVByYPl5EKKUqs75veMi9tJbOyWtIui83EI69XIcUMTIaiIUNToVnrQpP2rPLAF+hSL7o6qBWF5etFb9WKWuG7SioUvmutqCzUjSVWXnLlz/cqBt+yKNaKhuoDrxc9mMRUakFoKjUX4aWSKuEDWRt1ovNDxgazMGkX2Fu7e4jY7HqZTCSIYHS4aRf9VWSSabn0fI2brYHLGZtf7JdsT/qSPtvQnw5PRWxe+O5F8Hn7IrK11YLYYJ3X2eJ+bCIRryAQAYm0goi0MsFLrjxTC8PQothcbiYrl9vZrGjejy1kanFrcaS2PhAbrENsl6oQPGsToXgVgi3x0OGpiC1vPhnvgZDueeCTEDJzOu6ea20bNp4cJwdim5d45Nv1nd5g2r8DzAJig1nYyI//s+55kO9KFbM3P85C891z07bgOWuTyQgX21hDeuvmLpd2z40tLAqTB7CuO1Vdkdt4K710Q5ezzSjz7fh8wW+qPoi31/MbtcRtiMabt8Q7WV27DR93qFoVZGyw/ELd0v+t8ZZ5LjQ/J+/jWxvlnXZTfehYX+rYzGgsvRoX7UbZle4rWpKa9XkGWdviIDZYvma09Lp8zc1qPsesLQiuKLN8P9GQscWqBr8T/FgnmmtOw3MuCg2RrQ6GojArs36dCgt4VSFRWvE6XBZaztacS0PJPBng8ssym2n77w//RwA3QWywTvLXsrS90aWIf577KmVbpUzsWmbG0HP1IDa4D3L2ltsr+7q9o5Rx3dp6CJndFYgN6srkrj3nlqBuyQuZ3Q2IDe6TSzOpH+WStJDZXYLYoA7m+hojsipguQfUAUKCQLrNDgDA/YPYAKA6EBsAVAdiA4DqQGwAUB2IDQCqA7EBQHUgNgCoDsQGANWB2ACgOhAbAFQHYgOA6kBsAFAdiA0AqgOxAUB1IDYAqA7EBgBNbfwHpukVnIP1gA0AAAAASUVORK5CYII=""}}]}]",0.50
google/gemini-2.5-flash-lite,sample_005,0.37801,0.37801,0.36,"[{""role"": ""system"", ""content"": ""You are a marker location estimator.""}, {""role"": ""user"", ""content"": [{""type"": ""text"", ""text"": ""\nYou are given both an image and a text-based representation of the same stimulus. \nIn both, a red dot appears on a horizontal line\nThe left end of the line corresponds to 0.0, and the right end to 1.0.\n\nText representation (the dot is marked as \""\""O\""\""):\n|-.----------.--.---O-----.-------------=|\n\n\nEstimate the horizontal position of the **center** of the red dot as a decimal number between 0 and 1.\nDo not explain. Only output the final answer as a number between 0 and 1:\nFinal Answer:\n""}, {""type"": ""image_url"", ""image_url"": {""url"": ""data:image/png;base64,iVBORw0KGgoAAAANSUhEUgAAATYAAABNCAYAAAAsLkgfAAAIfElEQVR4nO2daZLTSBBGtbjbfQfg/n85CZcAzkB71cRXzhTp6pLa2GIal9+LyCjJlmQPeB6ZqkXtMAxDAwBQEd1HfwEAgKVBbABQHYgNAKoDsQFAdSA2AKgOxAYA1YHYAKA6EBsAVAdiA4DqQGwAUB2IDQCqA7EBQHUgNgCoDsQGANWB2ACgOhAbAFQHYgOA6kBsAFAdiA0AqmP10V8A7pilHpfRtstcB8BAbHCbyG6RmwutdA1kBzfQ8pQqeJf8J+L78fWpY0qSivtT21PHA1wAYoPrZKa2tF06N8rpvXZue+41gAClKPy5zKaidE4uL4+5fZ07JzS/NoKDCcjYKmDRv8KCoJI+jsdzicX9/L38++Ti6rpzqRViyM8pXesGWqRYNWRsFbCY2OYyNMnLBebbIdpccJFcWi622GayS2IrhWdzU1ndhSC2ukFsjyy2udIzCG1waR0OTesyOxxOQrN2UGvHJcll5eKZzCzSa6X9XHq53Py63H+DCShF75ztdrvMhUr3zCSpmJlJbBKYRdre73+/5sfnWZsJahRX35+21fb9+WvviW5Kclfw/Py8zJ8d/HOQsd05BwnlFqY6BrzENGElke33o8ja3a4ZtK3XguCGWJaKWH5Goa1WJ6mZ3LQf3y+J7m/IDeoEsd05e4nlWvIhGtn9s5R9eUamdrc7tYrt9tTudqewY5LkSmKzzCwJzaQ2bls0UXba1/G2/0Zu3vpnxBYeHsR25+wkm6Uytlh6ernpWZrLTBJTu902nW+r9WNiSSqsIyCJzGX29DTK7Kht3/dWInPZudhi2TqXuQEgtgcXW16G5vfSPCOT3CQyE1qS2mbTDNbqGL2XMjaFX0dYGRozNJfZ0eP5+SQ122+C5GIWN0apNHUQHNB5cN98//79+pOnhnTkmZqXmptNklcS2WbT9K+vaTuFSS9lcDonz9iC2KLMUrteNwdJTPv2WpKaZCexueAsi5sU25Xl6JcvX67/M4R/FjK2R+wRLY1XiyVoLjUTWucye31tBm2/vja9MrfNJmV0Kavz+2y52CQ1E9vBJJZaiW29PkkthDomkuB0PcvcRrGV5GafddbCw4LY7piNhHILpaEdsQRVmetSc7FJZhLbr1+pbSwkvyS3/b7pXGw2iFbZ2lHh2ZpkJrGp3e1OIbnt96c4HFLou2h8nATnmeRZWRo7EgRCAwOxPXrHQRSbj0dzsfk9NZOaRNb/+tU0Fq1CUlOoRN1uT5mW32fLMrZ0D00Z2W6X5CZ5abjK4Xg8i+MwpGEjg7ehp9Y7FtL3nCpH4eFBbI84hm3u/looQ3XPzDsNBs/IlCXafbajWhObdyY0Pr4tE1vqBJD0lI2ZvHSE4tC2v6PrmqPCMjG9P84bjd/dx7vpc0rlKDw0q8+fP3/0d4Ar+fr167Jj1+Jg3DDDIHYopMG5lpWN2ZlaSVBS817UUIqmoRr2uUlS3plg548lqO7BWRnqpahK2DRdS/JSq/Oj0PW6f84VcuP3Xyernz9/fvR3gI+aI1pYbijNGtCuRRuOS+/4+9r31/NVPuJwDxGnZWXnxf+GeP34HYrvxzYuZ+QT5C+E33+drD59+vTR3wH+zxUqSqtixNcs89G10/VD72Pr5Z+2+z5FE9qxNFQbV+DIxqHF8+K547Z9jj5P4RPo0+dPTYr37x7bC+D3XyerHz9+fPR3gCv59u3bMhlbLgitwXY8Np3dpFfbPT2l3k4N5+ien08lqZesPj9UTon3vvzaEpSNSWs18Vznh9D10rg1G8Om4+IQDx+oe9Eg3T+UPb//OqHz4I7p9T/4kr2iIQuSHmJoQEU/DKew/RRt23QxgyvcY0tZ12rVtBLben0S2ctLiu7lpelfXppGsV6niLKTUEex+SyE0sR4QccBGIjtjnlSZrOk2CQN7yjw0rPrRnl59BZd35+yOcvoUgYWZh/kGZvENmZnJrY+Cs2kl4aCWObmw0SK80UZ6gETILY7Zi0hLNErKrJ119KQD8nIosuil6SenppeWZWE5FOrJsSWylqFpGYic5m1ytyC0Ma5o6UydG4JIwfJPTzMFX3U+aJzy3/7Srm+YofNQvA5oWmuqLZ9ipXPFfWljDKxjXNF4zxRn0ZlU6rezBXNlzIKHRdvFp4UV2RtzBOtFzK2O+fqVWDn5ouG6VVJUioFvdNA8lKWJtEpU/PVPvLli+JwD5eSlax554HCJ74fQ4fBmzXZ8iXDBYtNQgHE9sj32fKyNK5+G1fQdcEp/D6aiW2cehUWnEwRS1Ef8mHSSh0Cuo7dl+tK67H5/bRQfvrg3qLMkBoEENuds6jYJp53MMotW6NtlFlct82PC0NJUm+r9ZqOK+aaxCS34gq6vuLupUuCIzYIILY7ZyUhLCU2byce5jIKTpmWS86fexAe6jKe43jGZnNGo+DGsjM+5yBKzSX23vJEiA0CdB5UwCJPqsqnV1m8KU3jYpT5U6qi1KaeUpWVmXEZojdPqbrkwS08oQoKkLE96kDd0r9npQ6FbB5o8XF8cQJ9/lzR8NyDcUqUTZeSyNLYudLj9q4RGlkbGIjtUeeMls6ZKE2TqHwVjTjZPSwoeZap5WLzqVYxc4uii/v+VCvKTrgBStFKWPSvMRNcXOGjlMW92S6tvBGzr9K9syw7G8vQyEJCu+ofArgrEBv8ZuqnMFeiliKel2daUxHfj8eXQEzwDogN5sl/HjNruZVK0DOmhmnMyQyJwRUgNlhGclPHRKYEhsxgYRAbLNujegn0aMJfBrHBbdzy80Fm8JdguAfcBnKCfxBbIgEAoB4QGwBUB2IDgOpAbABQHYgNAKoDsQFAdSA2AKgOxAYA1YHYAKA6EBsAVAdiA4DqQGwAUB2IDQCqA7EBQHUgNgCoDsQGANWB2ACgqY3/ANGl1gCCZwauAAAAAElFTkSuQmCC""}}]}, {""role"": ""assistant"", ""content"": ""0.57""}, {""role"": ""user"", ""content"": [{""type"": ""text"", ""text"": ""\nYou are given both an image and a text-based representation of the same stimulus. \nIn both, a red dot appears on a horizontal line\nThe left end of the line corresponds to 0.0, and the right end to 1.0.\n\nText representation (the dot is marked as \""\""O\""\""):\n|--------------------=-----=---O------ -.|\n\n\nEstimate the horizontal position of the **center** of the red dot as a decimal number between 0 and 1.\nDo not explain. Only output the final answer as a number between 0 and 1:\nFinal Answer:\n""}, {""type"": ""image_url"", ""image_url"": {""url"": ""data:image/png;base64,iVBORw0KGgoAAAANSUhEUgAAATYAAABNCAYAAAAsLkgfAAAI6UlEQVR4nO2dbY7aMBBA7STLxxna3v9vT9JLtL1Cd4ElqcbxpINxAl0+At73JMtJCAFV2texPWN813WdAwAoiGruLwAAcG0QGwAUB2IDgOJAbABQHIgNAIoDsQFAcSA2ACgOxAYAxYHYAKA4EBsAFAdiA4DiQGwAUByIDQCKA7EBQHEgNgAoDsQGAMWB2ACgOBAbABQHYgOA4mjm/gIAMMG1f5LEe/cZQGwAjy6znNzGhDcmLu8/9r4nxfMrVQAPLDN7PXftlKT8GcfnPOfJQGwAczIlLunHjtP35KTlT/Tp8dS1c157IBAbwCNFZ+mxtLY9PE/fMyYvnzR73d6bHufOx65NXZ8RxAZwBlf/M0nE5K24rMzSPm2WnMx8bFV1JLnuIxHdfwxn/YzCY/EA4N5iy0VlOaElzdvzXMRmWqcik94e23tORXK5Xj4vXYgYERhiAyhZbLmhp16LkgrPV4Ht9/2x9Pt9L7T93nV6Xe6xMrQRmMqrrnt5Sa9yq6peeGn0lhPcmOiuMU93BxiKApxgu91e72GZKG2IxKK4gtje33upJf2B+Oyfro3C6l5mQWp1/U9ucmwkF+6ZGr6eEp/9bNsbFouFmwMiNoAT7EUktxp+JhFaENj7e+ilddLvdr3o5DhGboMMFR1+alTWNEFoQWr22IpO783NwY1FdVOLEXr+ACA2gBO8i1QuIU3PMPNoOszUKE0lJn1o2+2/4yi30Oxcm51XE1k1UWTSv7z0fbymkhuiN+nH5uJycsssQjyi3BAbwAl2IpsrRmwHiwBplKYik367dVXsDwRn596i2EROIqpBaE2U2suLa1VuqeSS6O0ogssJLr02Nfc2I4gN4NZiS4ehKjTpVWjyGbtdL7LNppfaZuO6zSb0ck1eC9Ga3Gvn2VRsUVRd0/QyWyxC38ZezoPomuZ4eJrMvR21VHZ6Lmj/QHJj8QBggp8/f17+kFxKRzL81CitUpG9vbn67c1V0uK10EzUFt5vxRZl1RqZtctlON4vl73UVHIauYnkzLB0Um4TqSNTw9Fv3765e0PEBnCrFdFclYBZ/RyTWpDZ66vrothEcHLsNhv5QkFuwzxbErFJNNaKyERgUWgit/1220tut+vlZoemMWo7EtuY6HLDUyGVm16bAcQGMMFGZHIpaWqHzpHFYajLSK0WscXeidReX8NwVO4N92fEFqQWxdaK1FYrt9/t3P79fWitNrlHvodZaBjSRM6N3qZWS2cGsQHcY+EgFZuZWwsLA1FqtcpM2p8/zovQtL29hXs7aZrXpmLT1VAV22oVxCVt33X/mqSvdJ1rJSm4bfsm75PvZefb5Nmn5IbYAD5pDls6vxajtRCxyWKBiDOufoqwNCKTKE1k10ofWxiextdDflsiNqfDy7Z1kuEWmkRyVeX23ru99PFYrslr8l6572Ci3X5fjd7SOcKc3B5oAaH5+vXrrF8A4JH5/v37dXLX0vpPnfy3zSTmhuTc3W5oLunDKqrNY5OILX5mF6sPhtQPGXrG6K0V6WmL3ytEb7m6Vfu9LSI0vTYmNsV7N4djmt+/f9/9QwGehYuTBjLbDWmdZxebrfscakbN63I+iMcm5lqxCea1TiWXRGNpCVVYdEjOTw4x9TNzu4vY7xPvncMxzZcvX+7+oQDPwod3qMjtfGGqBKTJs8PzzeqiN3NYXs/reuiHphGTfo59ra6dN70ey1A1HMc8tnAemy4e+FP5a1MJurl/K+/dHI5pfv36dfcPBXgWfvz4cdkDMrtwhGORSNu6Kk7aV9Kapm8vL6H5xaIfliaVBuEpOsFvhqIiKBff5+S9plWSxyYJujFJ12mTe5NV0bPLq86cX5vDMSweAExQyx/7pdiCdyMJ+fMPLQ5Hq65zddsOTc5FfJIlJi1EeBp52VVReS3KyUexVauV69br0Kr12tWrlXOmhXui5Cqby6Y7fuTKqP5TaHOC2AAmeJGo5hbpHnao6b2rbBOheh9aONeITqQlVQmxIH5YFRV02CmiWi5dJ03Etlq5er12TpoIbbUKr4dk3Ri12dKqYYU1LXwXcom4Dyg1AbEBTLBcLq+3Kmon/2NybBCUCE7lJa2qQhRVx6FpHaOrkMAbKw8OxBblI+/V4WUn31ujs/W6F5rktkmLCby2KH5I65iaP5uS2YNUHAwfT60owA3rRXMF8LoLrm4iqWVVsQhei95rrUSQa9rrLh+2VlQenyboLmKSrkRmUoEgQ1ON1HSuzdaKplKbEtlEakfKHHWiAhEbwAku2gU2t8Gkik2kIoKKc2Nhdw8Zbuo8WZz0DzKTiEulprludhddjbji4oOTRYPl8qAFmdkhaLo3W05qTxKhpSA2gFvPsyVyC3lrma3Ag9C0j2Ia9mPT0iuVmt2PTYhJuZrGUcWhZpCaLhTo8DNKbdh00kjt6AdenkRkKYgN4M5iO1gl1SoEjd5keCpC0sjMDFOHonmN1ozYdLVVc9I6La8SQarMTKQ2DD81WhtLxh0TGGIDeG4aEcElTC0k2JVSG73FHDZbZqXHbuQ3D0LTRNvG7LdmFwmSxYKj3zzQZ53iwcXG4gHAvX6pKimtOvqVKvvze5qUa/tUavZ5WhKlQ8sm+Y2DJEo72gp8onLgo8z1C1UCERvALRN107ghNywVuWSGp0eiS388OalokPmxoSSq7vPaRFxDSVW6BfhUPeg5PHDUhtgAblkzmr4vNyyN1QcHhe1aD2qis6Nfgk+kaasaOlNvanfEPbjn1M4cTwxDUYAzueqfSrJtuD+1bZDt0x1DlLRawI/UesYKgtEV0Dn/I7jW5yM2gDuS+3NLJDcquNwcncWKqvpAfScRGwBchak5OO3HZJb7001LoYRzk24LArEBPIvkpo6VqUjMP1eS7SUgNoBnGq7+L/7zyMyC2AAenWv8ifrPITSFdA+AR+eTSekaxJ3jAADKAbEBQHEgNgAoDsQGAMWB2ACgOBAbABQHYgOA4kBsAFAciA0AigOxAUBxIDYAKA7EBgDFgdgAoDgQGwAUB2IDgOJAbABQHIgNAFxp/AX/qdllPni50AAAAABJRU5ErkJggg==""}}]}, {""role"": ""assistant"", ""content"": ""0.72""}, {""role"": ""user"", ""content"": [{""type"": ""text"", ""text"": ""\nYou are given both an image and a text-based representation of the same stimulus. \nIn both, a red dot appears on a horizontal line\nThe left end of the line corresponds to 0.0, and the right end to 1.0.\n\nText representation (the dot is marked as \""\""O\""\""):\n|-------------=---.-------O---.-----~----|\n\n\nEstimate the horizontal position of the **center** of the red dot as a decimal number between 0 and 1.\nDo not explain. Only output the final answer as a number between 0 and 1:\nFinal Answer:\n""}, {""type"": ""image_url"", ""image_url"": {""url"": ""data:image/png;base64,iVBORw0KGgoAAAANSUhEUgAAATYAAABNCAYAAAAsLkgfAAAIlElEQVR4nO2dYVLbSBBGR5LBJlcguf/fnCSXSLgCYGxLW994WmmJkcDYLM7ovaqukWxjvFT8tkc9Paq6rusCAEBB1F/9AQAALg1iA4DiQGwAUByIDQCKA7EBQHEgNgAoDsQGAMWB2ACgOBAbABQHYgOA4kBsAFAciA0AigOxAUBxIDYAKA7EBgDFgdgAoDgQGwAUB2IDgOJAbABQHKuv/gAAV8clbwNSVZd7L3g3iA1gSmg5weUey8nLHnvv6+GiVNylChaN/+efO556fkpUY2nNPTf1GJwNYoNlMicxjRb+fA4TVG7MyW1OgHA2TEVhWcwJrW2HUstFjrHEvMymzvVeczJDdGeB2OCq+ZQJhRNaNRaXyW1q9D8vxsKq69eC84/rx3MC9Jj4PkiFFBEbLExsuemmiWsiKn8+VQxI8uq8xDT6Y/+aXNh7vZXNvUGF2BAbFCy2qaqmi/j+JrDDIQSFzg+H/rxL5/E14ylpVf0VlYlM8tLYNMPzCdFNCs6DrE6C4gFcLS8vL5+aqQ0yMRPZfn881rjf/5WdPe/FaLKxLCyJrPNjileis2MvRPGW4N7J7e1tWDJkbHC1HCSSc5mqePopphdZim63C9VudxSdPabX+QJDEpBNP01k3Wo1eTyQnxPd5LU5QbZ2MogNrpa9pHLpCmgSUzXK0nqxvbxEocVwxya4wbU2E5vLwqLIkszieHNzFFp6PI4Smo2WySlyU1MDuZ0EYoOrZSehXLICqnE89dRoIjOZbbeh1uhDz9k01RURlK1FiUlsJrUks1ajj/Scl1w/VZ3K3gRSOxnEBuWKbaIC2gstSS3sdqGWuLbbo9S229Cl0c71mhh2zS1lbFFsLlszmWlsb29jRKnpWFKzcxNcyt76rC1XVBDI7SQoHsBV8vv37/PfJCc2q36mwoBlacrQosien0Pz/BxqHz6D80UEn7E1zVFmJjSN63U4SGTr9V/JWUhsbpray+2CWduPHz/CUiFjg7IqolOdBRajbE1hUjORdU9PoX56Cs3TU+ien0NQ6HnL2mw6axmbpKZsbbWKIpPADpLZy8tx3O2i5Nr9PrRaPuIiCk2S0/FcMcEgc3sXiA2ukq2mf5e8vmbXxUxqqRjQS01hMktjeHwM4ekpZnESW9BrbTrqMrbWxGZSU0hqu1047PexuiuhtW3bh8QY5SappWt+ryqlc90JMAtig2UUDnwngS3rsGnodhunn41lZ5LZ4+MxdKxI1926jNisaKAMrc/M2jYcum4Yql3oZ0ZhnzEuBFYgtrNBbFDmGrbx7hyjamitjC0VDTpNe11Idm0qHFQ2PVXGlsQWsz0nNqtyKgNru+4YyuSqKhzqOhya5hiSn6SXMrPWt1f5z+ynowK5nczq+/fvp/8UwCfz8+fPy1xjy/SDjlun+ulpmqJ2aTFul6arcZQA/Zo2+z3K2ExyaU1alFx6jzYzDbWpqEbf0vVKYG6tXM8Jgvu+4O/26uHh4as/A8Arzi7Wj3s63U4ecQrod/awKaEdWw+pG2e3MPK9p/bQaBePceN7nMK6iufsf61v3zrh7/Kw4O/26v7+/qs/A8DldqhwmdSr8xR67/j+br1YPE/Tv6ppQpWyLx0HH1a9VIYlfOfAatW/vtKxW8rRH7vX6XfYwtxqrrVq+Id595/ifsHf7dWfP3+++jMAvOLXr1+Xv8aWkBrqVCWtdb1ttQr1zU287qaobm5CdXs7bIS3nT0kFpvGCkkpLdmo1usQ1us4WtTrdVzHFkON6Yq0hm2wjs23V5lk44f9+Dq2Pwv+blM8gKuk0Rf8s5Z7KENLWaFkVXddaBRtG6O2SM/F11kGZ1XRJLaYdSkDS2KLIttsQnd3F+pv30JzdxfCZhOCRi87idTE5ncA8Z0H8RdQNPgIiA2ukhtlNJfeKVcykpwkt5Qh1VU1iCZFPNfzijSVjFmcCgg+Y0vTVT1Xpy4DE1tjQttsQrXZRKHF5SApa/M7fwz2bGOZx9kgNrhK1prWfUbngVvyEYWkaWjT/I26jtmijhs9p0jSiv2kJjZ77yS+OLVMYlNmJqFVXmibzbB3VOGv3Y17RAUdBx+GXlEot190qlfUyy0t1I0dCGlnj8baq/yoNW0mNr+7hzXAu6b31kS22cSWqs5lav0uH2kK2r0ltQ8K7ceC+0QFGRtcLWfvAjsWm3AbTPYN7Skzi9fJdO3LMjTJTNfENEp61rEwytis8lmnrK0vHqRja3yPu3v4KahVRX2FVrCjx9kgNljOdTaN7q5TfeZmUlM2liqiEluUk2VqJrbRfmyD5R5JisrKTGyxQDCXqaUsbdCBgNDOBrFBuWKbud7WZ20aJTZlYSY3CcwKBRKUtVG5pR9GXP+WCgj9JpNJZpLkqx10ndQGd7Q6vtlwhA+D2OBqWUkE55LrEMg1xqcpaczeJDFJTiJTIcC2Dh/f0EVY1uUW5o53yu3F5m7oMim18TF8CIoHsIw7VWVu6tIvAbH1baPe0T5D81uC+5u5CLuRi0lrfE+Dia2/By1WFxba7cLvUCUQG5S7y8fUfUVtzFVL/S4gTnSDmyfn7ivqb6/nRZZbo/aeXTvOkFxzicXN/zhMReGqOeuu5rmfnWiMj7LxO21YP6gXXq4BftR3agIb9H7qPNcQP/UZ4WzI2ODq+ZR/ouk9o9hyi3jHx+MpaKa5PnuH90wngd/V46r+R1AQiA2WxSnT07e2KhJeUm+Ff72BiD4FxAbLZmpJiI254xxjec0t4UBmnw5iAxDjr8FYcrnXeHLiIjv7MhAbwHsl9x5y8kJo/zuIDWCOj349kNmXwnIPgDkQ1D9JWikIAFAOiA0AigOxAUBxIDYAKA7EBgDFgdgAoDgQGwAUB2IDgOJAbABQHIgNAIoDsQFAcSA2ACgOxAYAxYHYAKA4EBsAFAdiA4DiQGwAEErjP5FJi7ZzfsrhAAAAAElFTkSuQmCC""}}]}, {""role"": ""assistant"", ""content"": ""0.65""}, {""role"": ""user"", ""content"": [{""type"": ""text"", ""text"": ""\nYou are given both an image and a text-based representation of the same stimulus. \nIn both, a red dot appears on a horizontal line\nThe left end of the line corresponds to 0.0, and the right end to 1.0.\n\nText representation (the dot is marked as \""\""O\""\""):\n|.---~------~----------=O-----------~----|\n\n\nEstimate the horizontal position of the **center** of the red dot as a decimal number between 0 and 1.\nDo not explain. Only output the final answer as a number between 0 and 1:\nFinal Answer:\n""}, {""type"": ""image_url"", ""image_url"": {""url"": ""data:image/png;base64,iVBORw0KGgoAAAANSUhEUgAAATYAAABNCAYAAAAsLkgfAAAIiklEQVR4nO2df3LaTAxA/YOE3KHt/f/tSXqJtmdoAgF/IyE5QlmgX+yMzfa9Gc0aFxbagVetd7Vuh2EYGgCAiuiW/gAAAHOD2ACgOhAbAFQHYgOA6kBsAFAdiA0AqgOxAUB1IDYAqA7EBgDVgdgAoDoQGwBUB2IDgOpAbABQHYgNAKoDsQFAdSA2AKgOxAYA1YHYAKA6EBsAVMdm6Q8AMAtz3bqjbefpBxYFsUFdMvvbcyWBybn8XER3l7TcpQrujviVvXV87evt0oryKp0rPYZVg9jgPshf0yiuLLHSuRJRYpeOY5tfB6sFscE6uTakzAK7FSWyyK5Ffv6lvmA1IDaYjU/5KqXhZVsS1/H4/jieu3TdrOve5OXH8ZzFcEly+fgDtEjxU2DyANYpttL1siwreRzDzrX5XJRblFPXNYOLrO/fxBbDxSbH/rooOel3gpwQ2+eA2GB5sd0adgax6XuYtFRgh8Pp8eEwPh7Cec3w5HHsOmZpEn1/EpzITcKFV5Dc1WGqg6wWh6EozMJut5uno9J1NMu8VFzy2KUlrUX7+npq4zmXXh6OShbmIhOJSbvZnFqL8TiKLw9Xra+r19/+gsfHx2n/ZvAOMjaYhYNIZCrXJgVihhYEJkKTGPb70zkRnJ/zLM7lJoShpctrEKltNie5ueD8XBRdzuCsvznkBvOC2GAWXkUoc2ZqaULApeby0gxNWhFaDDvngnt3rc2zNRGbSUzbh4e3EKF5GwR3lsXdyt5gURAbzMJeZDKVlKWdTQJEqWWZ7XZNt9uNx1Fy45DVhDmY2DQ8QzOhHR8fT8feWoySs0yuODQVENtqQGywvNhKQ9AgtXHY6bLa708is+heXprB5fby0nTyWeSan113a0pis0ztGKTmoWKz48YfxywuZ25xYkFAbovD5AFM5ufPn9M6yGK7lqlZRiYykxCR9XY8hkvOhqzFjK3vVWrHKLXttjlst82w3Y6P5dgzOJWcDU/fyW3itbZv375N+zeEM8jYYLkZ0bxWLYvNs604/DRpdc/PJ4k9PzeDHD8/q+CGl5emkZDn+LW2gtiOlq0dTGwiNBXb05O2R2n3++ZoExMqN+lLsrgot0tZm0DmthiIDSbzIiKZShRbWJPmEwU6IWDDTheaykzE9uePto2FZHE6FJXMLoptGE5SC2JTuVmmJlI77PcaIjSNw0FbXx8nM60yJB0nFXzZSJ5IgEVBbLD8xEFesxbXqMUhqF9DM6H1f/40jUUrQvNWhqi7nV53G0oZm81wjsNQEZkI7fVVl61oHI8aR5FhjFDhoMciNem/NByFxUBssOwatkvX1+KaNMm8QsY2Djc9Q3t+bo4iNRPb+BwZQvo1Nqs+0DVsvsTDMzIRmElM/iYabauh2Z3JStqxaiF+7jwcFZDbomy+fv267CeAu+f79+/zrl0L1QNx8iBGXO6hmZlFE1ufRQ1i0/Vr9niIWZxlcjpEjSFZnb2nPNbXSsRlHvHvE8/9D7nxO5yXze/fv2fuEv41Jk2sl0qo0k4ePgwcd/bwYWA41sfeushyROLzUx/xvMvWP8N4ra5UHREzudJuvFfgdzgvmy9fvszcJfxrfHiHiiiD2J46HaP194jn4nHXaUi2pOdz6VPuN8xmjq/z49h/etz6ULTweaZuacTvcF42v379mrlL+Nf48ePHx18cMzURQcysvAJhs2k6ycL6vunkOMbDw9t6NS+Etz5HOYXJA5WUrUFrbW1a6/HwoP2dlVbFNWuxrCpGnBn94DU2fofzwuQBTKaXH/Xcs6I5Y7MtiCS647HpJYZB207OeXgGZ+VPXlbl76FZl0jNxKYis4W43Xbb9E9PTSOx3Wq0dl7Wsbn0dLlHrEIoTR7AoiA2mMyD/NDnXscWllH4MFCORVxyeV6jbRtRai/nJTyjkywuVh6k3T1UavJcz8xk8a1IzWQmYmufnppOFulayHl/3tk6tlL1ASwOYoPJbOXH/lmVByYPl5EKKUqs75veMi9tJbOyWtIui83EI69XIcUMTIaiIUNToVnrQpP2rPLAF+hSL7o6qBWF5etFb9WKWuG7SioUvmutqCzUjSVWXnLlz/cqBt+yKNaKhuoDrxc9mMRUakFoKjUX4aWSKuEDWRt1ovNDxgazMGkX2Fu7e4jY7HqZTCSIYHS4aRf9VWSSabn0fI2brYHLGZtf7JdsT/qSPtvQnw5PRWxe+O5F8Hn7IrK11YLYYJ3X2eJ+bCIRryAQAYm0goi0MsFLrjxTC8PQothcbiYrl9vZrGjejy1kanFrcaS2PhAbrENsl6oQPGsToXgVgi3x0OGpiC1vPhnvgZDueeCTEDJzOu6ea20bNp4cJwdim5d45Nv1nd5g2r8DzAJig1nYyI//s+55kO9KFbM3P85C891z07bgOWuTyQgX21hDeuvmLpd2z40tLAqTB7CuO1Vdkdt4K710Q5ezzSjz7fh8wW+qPoi31/MbtcRtiMabt8Q7WV27DR93qFoVZGyw/ELd0v+t8ZZ5LjQ/J+/jWxvlnXZTfehYX+rYzGgsvRoX7UbZle4rWpKa9XkGWdviIDZYvma09Lp8zc1qPsesLQiuKLN8P9GQscWqBr8T/FgnmmtOw3MuCg2RrQ6GojArs36dCgt4VSFRWvE6XBZaztacS0PJPBng8ssym2n77w//RwA3QWywTvLXsrS90aWIf577KmVbpUzsWmbG0HP1IDa4D3L2ltsr+7q9o5Rx3dp6CJndFYgN6srkrj3nlqBuyQuZ3Q2IDe6TSzOpH+WStJDZXYLYoA7m+hojsipguQfUAUKCQLrNDgDA/YPYAKA6EBsAVAdiA4DqQGwAUB2IDQCqA7EBQHUgNgCoDsQGANWB2ACgOhAbAFQHYgOA6kBsAFAdiA0AqgOxAUB1IDYAqA7EBgBNbfwHpukVnIP1gA0AAAAASUVORK5CYII=""}}]}, {""role"": ""assistant"", ""content"": ""0.50""}, {""role"": ""user"", ""content"": [{""type"": ""text"", ""text"": ""\nYou are given both an image and a text-based representation of the same stimulus. \nIn both, a red dot appears on a horizontal line\nThe left end of the line corresponds to 0.0, and the right end to 1.0.\n\nText representation (the dot is marked as \""\""O\""\""):\n|----------~----O-=-- -------.-----------|\n\n\nEstimate the horizontal position of the **center** of the red dot as a decimal number between 0 and 1.\nDo not explain. Only output the final answer as a number between 0 and 1:\nFinal Answer:\n""}, {""type"": ""image_url"", ""image_url"": {""url"": ""data:image/png;base64,iVBORw0KGgoAAAANSUhEUgAAATYAAABNCAYAAAAsLkgfAAAIs0lEQVR4nO2d7XLaPBBGbUMg99D2/v/2SnoTbW8hX3y48yi7yqLYTmMggOacGY0EsQ1vmvfMSqu1277v+wYAoCK6S38BAIBTg9gAoDoQGwBUB2IDgOpAbABQHYgNAKoDsQFAdSA2AKgOxAYA1YHYAKA6EBsAVAdiA4DqQGwAUB2IDQCqA7EBQHUgNgCoDsQGANWB2ACgOhAbAFTH8tJfAGZwisdUtO0pvgnAVYLYblVmU3LTz8bE5e/H85EcVEbLU6puUGbx/bFxKa0or7Hx0GuAG4SI7VaEFqU2NB46rxRbKbkhqZXXQHRwgxCx3UJ0FgW23x++Nya5IamNtfLY8vwxkB5cKYjtCE7+qyummm2UVxSaj8ckV4qn694kNja2lq8wFdUdQYsM4QtgKnotYhuK0KLIXGK73cG4LQXn1yijsq5reokstig369MVhiI5Hx+ZdEBs8BUgtkuJbWwdLbTepSWBudwkNr02wfXq7bgc4TmSmUtrschC631sfT7GJWfnJuZMVZEXXBimojN5eXk5X6QmSbnIXGwmtGa7zeN2u80RXD7erxUjNQnMmo8P3nPJ+fFT63BDYvukyFar1Wl+dwAjELHNZCehnElqWVRRYBKatd76ZrPJ0lPkdhCx+ZpZFNly2fTW0nsal6LTOTF6+0yyYeg1wAVAbDPZSizHUO5Ji+tmMUqTxCSwzeZVbC8v6XVuHrXFtbdSbEFo/d3du94ll6M3X48bWIOb3D5SjgEuBGKbyUayOZYQqaVoy+UUozQXmIRmrXO5ee/T07jOZlJLzUUW2n61envt0ovRW0gyvJPcWPRWjgEuBGK7lNhGMp8xSktyc5E9P6emcf/09Pqe/UzHp1ZEbBJSjNSSzFar1HvTa/18r8itFFyZRS3FFhMMyA2uCJIHM/j9+/dp19bKJEGcakpm1tqnp2YhqZnY0vvqQ9SWIjbhEZvJKstsvX5tq1WzW6/fRBejN5++FtnTyT1w9pkH/QQ/fvw47ncIMAER21dnRCcSBh555bW0ILUks8fH12jt8bFZPD+nsSI6iVByy9cpxCZpucgktdTf3ze7l5csuXdyszW33Ib2vw1FbERucAUgthk8Pz8ff5GhrR1BamkK6kJzmUls1jeS2tNTkl/KjkpuvqctiG1fRGs7E9pus8ktyW27zQJM0ZoEV24TGdvcOyY2gAuB2C6ZOLA1sby1w9fW4pqapp8us4eHpnl8bNqHhzQtbTXWcZtN06t58iFGbJ4skLwkMQlsu03bVXLb71Pba9uINv3qHPU2JT0QW9jvhtjgWkFsX72HbWh9LW6+9WmleiUKFJGpeYT29NTsXWoWzfU2HT3Yy+Ybc/W+EgQSl1rfN1Kfmv4rdm372uy9pEUdo8oHSS1+T13PN/9OiQ25wYVZfv/+/dLf4eb4+fPnvBNjniYWspelUp7ljFs+fHOuZGcRmqarqbfXvuUjIbko0rLXXk2QMqUWge19qupjNROW+pQV1TXLaMzX1vy9GWts/N3BOVn+/fv3rB9QIyerES33sVl9qFo7VDOq6aFeh3EWY2zCZRPEmc+zlq8Zzw3fwb9rHo/dWqnEhTbxe+LvDs7J8tu3b2f9gBqZfYcKn8YV1QFx3Pr1Q0uvLZJqrfk4Twl9mvj2Jd8t9Lehz9fUuEgGpJ+HmtGDzxkrs/pkxMbfHZyT5Z8/f876ATXy69ev06yxeXTlryWdxaLpLBOpvlsum+7uLq27qW+9xUqDKJ9iKtpqnczOaVart/N1zVhapeNi8zKrsW0fY2VWsZ+Avzs4JyQPZrDQ/+DHEBb483aPGLFZplSt2++bxW7XLNTb667vm65tU0sRnL6PZOXVB8KjruXyVWSrVdNpQ+79fWoaL+7vm2a9zi0dY9UIkmgUW976MbXVwz4X4NIgthncKfo5hqFbFPn00qeJJi4t06fWts1CreuaTk2RnJqiMG0P8T1wMWLT9SQ2O66X2ExuSWrW2vU6ic73u0mSfSm2WIHwP9NQgAuC2GawVoRzisRBzIz6lg9NH9VsDS1JLExLFS0qmkqlVRKS9rppmuolVX5NE1vncpKo9L0lLpNZa5FbLrWKhfFWO9pMlVVRcQBXCrWiX10vOlZSVWz3iHf08JpQbcZNQvMyK6sTzbWiavHuHr61I5RVRYmlWtEQqXlBvEvtYPo5Fq3NkBp1onBuiNhmMvsusGPPNijvwWZTSEVaKWkgsdkaWBKaSy9KzSM2x4Vk09acPFCvZkXwqTJBMisSCe/KqD6qNCBSgysBsV3DOpuXVXnkJqmpl4QkLpeRxpp+xptNhjvresIh4zIyUXkWNF3LhBmjtHhn3ZgFzc9EGIrWBEKDKwOxXUJsU1Gb35NNvbKcJrdcID8kNLuLbl5fs+vn/W7lDSctU3ow7Syyn+VzED5MFCA3uCIQ20yWEsExjK21xUypPkPCknx8qhlvbRQf7uLnhDW23ExWSXDlMw8GtnMcTEH/J/uJ1ODKIHlwySdVTURu724VXiYY4pOrPMory55CfeiBtGJiIN4p14/56EEufu0Z8IQq+AqI2L56o+5YvWWUkkdeun58apXLLUxXY3v3XFFJrSiJSpt2bTuJy+zgmQZTUdqUzIja4IpAbF9dMzp0Tik3ycUTCjZ+dzeQeC+3sSfBx7rTkAQoaz9zraiJcHTqibzgRmAqeiQn+/WVj+Mr7vAxmGgYet+vESU09BCWkalmFps4ceZz9s0DAD4JYrsGpqan3o+tx5U/G+Kju3H8b3SGmOBGQGzXxNT9zoZk5/3YeUMR15TEyHZCJSC2Wxfd0HFDjE0ricygQhDbLTD0T3TMPxsyg8pBbLfIKf7JEBlUDNs9bhGkBDBJeNwQAEAdIDYAqA7EBgDVgdgAoDoQGwBUB2IDgOpAbABQHYgNAKoDsQFAdSA2AKgOxAYA1YHYAKA6EBsAVAdiA4DqQGwAUB2IDQCqA7EBQFMb/wCp3rrC7i21WwAAAABJRU5ErkJggg==""}}]}]",0.36
google/gemini-2.5-flash-lite,sample_006,0.378,0.378,0.33,"[{""role"": ""system"", ""content"": ""You are a marker location estimator.""}, {""role"": ""user"", ""content"": [{""type"": ""text"", ""text"": ""\nYou are given both an image and a text-based representation of the same stimulus. \nIn both, a red dot appears on a horizontal line\nThe left end of the line corresponds to 0.0, and the right end to 1.0.\n\nText representation (the dot is marked as \""\""O\""\""):\n|-.----------.--.---O-----.-------------=|\n\n\nEstimate the horizontal position of the **center** of the red dot as a decimal number between 0 and 1.\nDo not explain. Only output the final answer as a number between 0 and 1:\nFinal Answer:\n""}, {""type"": ""image_url"", ""image_url"": {""url"": ""data:image/png;base64,iVBORw0KGgoAAAANSUhEUgAAATYAAABNCAYAAAAsLkgfAAAIfElEQVR4nO2daZLTSBBGtbjbfQfg/n85CZcAzkB71cRXzhTp6pLa2GIal9+LyCjJlmQPeB6ZqkXtMAxDAwBQEd1HfwEAgKVBbABQHYgNAKoDsQFAdSA2AKgOxAYA1YHYAKA6EBsAVAdiA4DqQGwAUB2IDQCqA7EBQHUgNgCoDsQGANWB2ACgOhAbAFQHYgOA6kBsAFAdiA0AqmP10V8A7pilHpfRtstcB8BAbHCbyG6RmwutdA1kBzfQ8pQqeJf8J+L78fWpY0qSivtT21PHA1wAYoPrZKa2tF06N8rpvXZue+41gAClKPy5zKaidE4uL4+5fZ07JzS/NoKDCcjYKmDRv8KCoJI+jsdzicX9/L38++Ti6rpzqRViyM8pXesGWqRYNWRsFbCY2OYyNMnLBebbIdpccJFcWi622GayS2IrhWdzU1ndhSC2ukFsjyy2udIzCG1waR0OTesyOxxOQrN2UGvHJcll5eKZzCzSa6X9XHq53Py63H+DCShF75ztdrvMhUr3zCSpmJlJbBKYRdre73+/5sfnWZsJahRX35+21fb9+WvviW5Kclfw/Py8zJ8d/HOQsd05BwnlFqY6BrzENGElke33o8ja3a4ZtK3XguCGWJaKWH5Goa1WJ6mZ3LQf3y+J7m/IDeoEsd05e4nlWvIhGtn9s5R9eUamdrc7tYrt9tTudqewY5LkSmKzzCwJzaQ2bls0UXba1/G2/0Zu3vpnxBYeHsR25+wkm6Uytlh6ernpWZrLTBJTu902nW+r9WNiSSqsIyCJzGX29DTK7Kht3/dWInPZudhi2TqXuQEgtgcXW16G5vfSPCOT3CQyE1qS2mbTDNbqGL2XMjaFX0dYGRozNJfZ0eP5+SQ122+C5GIWN0apNHUQHNB5cN98//79+pOnhnTkmZqXmptNklcS2WbT9K+vaTuFSS9lcDonz9iC2KLMUrteNwdJTPv2WpKaZCexueAsi5sU25Xl6JcvX67/M4R/FjK2R+wRLY1XiyVoLjUTWucye31tBm2/vja9MrfNJmV0Kavz+2y52CQ1E9vBJJZaiW29PkkthDomkuB0PcvcRrGV5GafddbCw4LY7piNhHILpaEdsQRVmetSc7FJZhLbr1+pbSwkvyS3/b7pXGw2iFbZ2lHh2ZpkJrGp3e1OIbnt96c4HFLou2h8nATnmeRZWRo7EgRCAwOxPXrHQRSbj0dzsfk9NZOaRNb/+tU0Fq1CUlOoRN1uT5mW32fLMrZ0D00Z2W6X5CZ5abjK4Xg8i+MwpGEjg7ehp9Y7FtL3nCpH4eFBbI84hm3u/looQ3XPzDsNBs/IlCXafbajWhObdyY0Pr4tE1vqBJD0lI2ZvHSE4tC2v6PrmqPCMjG9P84bjd/dx7vpc0rlKDw0q8+fP3/0d4Ar+fr167Jj1+Jg3DDDIHYopMG5lpWN2ZlaSVBS817UUIqmoRr2uUlS3plg548lqO7BWRnqpahK2DRdS/JSq/Oj0PW6f84VcuP3Xyernz9/fvR3gI+aI1pYbijNGtCuRRuOS+/4+9r31/NVPuJwDxGnZWXnxf+GeP34HYrvxzYuZ+QT5C+E33+drD59+vTR3wH+zxUqSqtixNcs89G10/VD72Pr5Z+2+z5FE9qxNFQbV+DIxqHF8+K547Z9jj5P4RPo0+dPTYr37x7bC+D3XyerHz9+fPR3gCv59u3bMhlbLgitwXY8Np3dpFfbPT2l3k4N5+ien08lqZesPj9UTon3vvzaEpSNSWs18Vznh9D10rg1G8Om4+IQDx+oe9Eg3T+UPb//OqHz4I7p9T/4kr2iIQuSHmJoQEU/DKew/RRt23QxgyvcY0tZ12rVtBLben0S2ctLiu7lpelfXppGsV6niLKTUEex+SyE0sR4QccBGIjtjnlSZrOk2CQN7yjw0rPrRnl59BZd35+yOcvoUgYWZh/kGZvENmZnJrY+Cs2kl4aCWObmw0SK80UZ6gETILY7Zi0hLNErKrJ119KQD8nIosuil6SenppeWZWE5FOrJsSWylqFpGYic5m1ytyC0Ma5o6UydG4JIwfJPTzMFX3U+aJzy3/7Srm+YofNQvA5oWmuqLZ9ipXPFfWljDKxjXNF4zxRn0ZlU6rezBXNlzIKHRdvFp4UV2RtzBOtFzK2O+fqVWDn5ouG6VVJUioFvdNA8lKWJtEpU/PVPvLli+JwD5eSlax554HCJ74fQ4fBmzXZ8iXDBYtNQgHE9sj32fKyNK5+G1fQdcEp/D6aiW2cehUWnEwRS1Ef8mHSSh0Cuo7dl+tK67H5/bRQfvrg3qLMkBoEENuds6jYJp53MMotW6NtlFlct82PC0NJUm+r9ZqOK+aaxCS34gq6vuLupUuCIzYIILY7ZyUhLCU2byce5jIKTpmWS86fexAe6jKe43jGZnNGo+DGsjM+5yBKzSX23vJEiA0CdB5UwCJPqsqnV1m8KU3jYpT5U6qi1KaeUpWVmXEZojdPqbrkwS08oQoKkLE96kDd0r9npQ6FbB5o8XF8cQJ9/lzR8NyDcUqUTZeSyNLYudLj9q4RGlkbGIjtUeeMls6ZKE2TqHwVjTjZPSwoeZap5WLzqVYxc4uii/v+VCvKTrgBStFKWPSvMRNcXOGjlMW92S6tvBGzr9K9syw7G8vQyEJCu+ofArgrEBv8ZuqnMFeiliKel2daUxHfj8eXQEzwDogN5sl/HjNruZVK0DOmhmnMyQyJwRUgNlhGclPHRKYEhsxgYRAbLNujegn0aMJfBrHBbdzy80Fm8JdguAfcBnKCfxBbIgEAoB4QGwBUB2IDgOpAbABQHYgNAKoDsQFAdSA2AKgOxAYA1YHYAKA6EBsAVAdiA4DqQGwAUB2IDQCqA7EBQHUgNgCoDsQGANWB2ACgqY3/ANGl1gCCZwauAAAAAElFTkSuQmCC""}}]}, {""role"": ""assistant"", ""content"": ""0.57""}, {""role"": ""user"", ""content"": [{""type"": ""text"", ""text"": ""\nYou are given both an image and a text-based representation of the same stimulus. \nIn both, a red dot appears on a horizontal line\nThe left end of the line corresponds to 0.0, and the right end to 1.0.\n\nText representation (the dot is marked as \""\""O\""\""):\n|--------------------=-----=---O------ -.|\n\n\nEstimate the horizontal position of the **center** of the red dot as a decimal number between 0 and 1.\nDo not explain. Only output the final answer as a number between 0 and 1:\nFinal Answer:\n""}, {""type"": ""image_url"", ""image_url"": {""url"": ""data:image/png;base64,iVBORw0KGgoAAAANSUhEUgAAATYAAABNCAYAAAAsLkgfAAAI6UlEQVR4nO2dbY7aMBBA7STLxxna3v9vT9JLtL1Cd4ElqcbxpINxAl0+At73JMtJCAFV2texPWN813WdAwAoiGruLwAAcG0QGwAUB2IDgOJAbABQHIgNAIoDsQFAcSA2ACgOxAYAxYHYAKA4EBsAFAdiA4DiQGwAUByIDQCKA7EBQHEgNgAoDsQGAMWB2ACgOBAbABQHYgOA4mjm/gIAMMG1f5LEe/cZQGwAjy6znNzGhDcmLu8/9r4nxfMrVQAPLDN7PXftlKT8GcfnPOfJQGwAczIlLunHjtP35KTlT/Tp8dS1c157IBAbwCNFZ+mxtLY9PE/fMyYvnzR73d6bHufOx65NXZ8RxAZwBlf/M0nE5K24rMzSPm2WnMx8bFV1JLnuIxHdfwxn/YzCY/EA4N5iy0VlOaElzdvzXMRmWqcik94e23tORXK5Xj4vXYgYERhiAyhZbLmhp16LkgrPV4Ht9/2x9Pt9L7T93nV6Xe6xMrQRmMqrrnt5Sa9yq6peeGn0lhPcmOiuMU93BxiKApxgu91e72GZKG2IxKK4gtje33upJf2B+Oyfro3C6l5mQWp1/U9ucmwkF+6ZGr6eEp/9bNsbFouFmwMiNoAT7EUktxp+JhFaENj7e+ilddLvdr3o5DhGboMMFR1+alTWNEFoQWr22IpO783NwY1FdVOLEXr+ACA2gBO8i1QuIU3PMPNoOszUKE0lJn1o2+2/4yi30Oxcm51XE1k1UWTSv7z0fbymkhuiN+nH5uJycsssQjyi3BAbwAl2IpsrRmwHiwBplKYik367dVXsDwRn596i2EROIqpBaE2U2suLa1VuqeSS6O0ogssJLr02Nfc2I4gN4NZiS4ehKjTpVWjyGbtdL7LNppfaZuO6zSb0ck1eC9Ga3Gvn2VRsUVRd0/QyWyxC38ZezoPomuZ4eJrMvR21VHZ6Lmj/QHJj8QBggp8/f17+kFxKRzL81CitUpG9vbn67c1V0uK10EzUFt5vxRZl1RqZtctlON4vl73UVHIauYnkzLB0Um4TqSNTw9Fv3765e0PEBnCrFdFclYBZ/RyTWpDZ66vrothEcHLsNhv5QkFuwzxbErFJNNaKyERgUWgit/1220tut+vlZoemMWo7EtuY6HLDUyGVm16bAcQGMMFGZHIpaWqHzpHFYajLSK0WscXeidReX8NwVO4N92fEFqQWxdaK1FYrt9/t3P79fWitNrlHvodZaBjSRM6N3qZWS2cGsQHcY+EgFZuZWwsLA1FqtcpM2p8/zovQtL29hXs7aZrXpmLT1VAV22oVxCVt33X/mqSvdJ1rJSm4bfsm75PvZefb5Nmn5IbYAD5pDls6vxajtRCxyWKBiDOufoqwNCKTKE1k10ofWxiextdDflsiNqfDy7Z1kuEWmkRyVeX23ru99PFYrslr8l6572Ci3X5fjd7SOcKc3B5oAaH5+vXrrF8A4JH5/v37dXLX0vpPnfy3zSTmhuTc3W5oLunDKqrNY5OILX5mF6sPhtQPGXrG6K0V6WmL3ytEb7m6Vfu9LSI0vTYmNsV7N4djmt+/f9/9QwGehYuTBjLbDWmdZxebrfscakbN63I+iMcm5lqxCea1TiWXRGNpCVVYdEjOTw4x9TNzu4vY7xPvncMxzZcvX+7+oQDPwod3qMjtfGGqBKTJs8PzzeqiN3NYXs/reuiHphGTfo59ra6dN70ey1A1HMc8tnAemy4e+FP5a1MJurl/K+/dHI5pfv36dfcPBXgWfvz4cdkDMrtwhGORSNu6Kk7aV9Kapm8vL6H5xaIfliaVBuEpOsFvhqIiKBff5+S9plWSxyYJujFJ12mTe5NV0bPLq86cX5vDMSweAExQyx/7pdiCdyMJ+fMPLQ5Hq65zddsOTc5FfJIlJi1EeBp52VVReS3KyUexVauV69br0Kr12tWrlXOmhXui5Cqby6Y7fuTKqP5TaHOC2AAmeJGo5hbpHnao6b2rbBOheh9aONeITqQlVQmxIH5YFRV02CmiWi5dJ03Etlq5er12TpoIbbUKr4dk3Ri12dKqYYU1LXwXcom4Dyg1AbEBTLBcLq+3Kmon/2NybBCUCE7lJa2qQhRVx6FpHaOrkMAbKw8OxBblI+/V4WUn31ujs/W6F5rktkmLCby2KH5I65iaP5uS2YNUHAwfT60owA3rRXMF8LoLrm4iqWVVsQhei95rrUSQa9rrLh+2VlQenyboLmKSrkRmUoEgQ1ON1HSuzdaKplKbEtlEakfKHHWiAhEbwAku2gU2t8Gkik2kIoKKc2Nhdw8Zbuo8WZz0DzKTiEulprludhddjbji4oOTRYPl8qAFmdkhaLo3W05qTxKhpSA2gFvPsyVyC3lrma3Ag9C0j2Ia9mPT0iuVmt2PTYhJuZrGUcWhZpCaLhTo8DNKbdh00kjt6AdenkRkKYgN4M5iO1gl1SoEjd5keCpC0sjMDFOHonmN1ozYdLVVc9I6La8SQarMTKQ2DD81WhtLxh0TGGIDeG4aEcElTC0k2JVSG73FHDZbZqXHbuQ3D0LTRNvG7LdmFwmSxYKj3zzQZ53iwcXG4gHAvX6pKimtOvqVKvvze5qUa/tUavZ5WhKlQ8sm+Y2DJEo72gp8onLgo8z1C1UCERvALRN107ghNywVuWSGp0eiS388OalokPmxoSSq7vPaRFxDSVW6BfhUPeg5PHDUhtgAblkzmr4vNyyN1QcHhe1aD2qis6Nfgk+kaasaOlNvanfEPbjn1M4cTwxDUYAzueqfSrJtuD+1bZDt0x1DlLRawI/UesYKgtEV0Dn/I7jW5yM2gDuS+3NLJDcquNwcncWKqvpAfScRGwBchak5OO3HZJb7001LoYRzk24LArEBPIvkpo6VqUjMP1eS7SUgNoBnGq7+L/7zyMyC2AAenWv8ifrPITSFdA+AR+eTSekaxJ3jAADKAbEBQHEgNgAoDsQGAMWB2ACgOBAbABQHYgOA4kBsAFAciA0AigOxAUBxIDYAKA7EBgDFgdgAoDgQGwAUB2IDgOJAbABQHIgNAFxp/AX/qdllPni50AAAAABJRU5ErkJggg==""}}]}, {""role"": ""assistant"", ""content"": ""0.72""}, {""role"": ""user"", ""content"": [{""type"": ""text"", ""text"": ""\nYou are given both an image and a text-based representation of the same stimulus. \nIn both, a red dot appears on a horizontal line\nThe left end of the line corresponds to 0.0, and the right end to 1.0.\n\nText representation (the dot is marked as \""\""O\""\""):\n|-------------=---.-------O---.-----~----|\n\n\nEstimate the horizontal position of the **center** of the red dot as a decimal number between 0 and 1.\nDo not explain. Only output the final answer as a number between 0 and 1:\nFinal Answer:\n""}, {""type"": ""image_url"", ""image_url"": {""url"": ""data:image/png;base64,iVBORw0KGgoAAAANSUhEUgAAATYAAABNCAYAAAAsLkgfAAAIlElEQVR4nO2dYVLbSBBGR5LBJlcguf/fnCSXSLgCYGxLW994WmmJkcDYLM7ovaqukWxjvFT8tkc9Paq6rusCAEBB1F/9AQAALg1iA4DiQGwAUByIDQCKA7EBQHEgNgAoDsQGAMWB2ACgOBAbABQHYgOA4kBsAFAciA0AigOxAUBxIDYAKA7EBgDFgdgAoDgQGwAUB2IDgOJAbABQHKuv/gAAV8clbwNSVZd7L3g3iA1gSmg5weUey8nLHnvv6+GiVNylChaN/+efO556fkpUY2nNPTf1GJwNYoNlMicxjRb+fA4TVG7MyW1OgHA2TEVhWcwJrW2HUstFjrHEvMymzvVeczJDdGeB2OCq+ZQJhRNaNRaXyW1q9D8vxsKq69eC84/rx3MC9Jj4PkiFFBEbLExsuemmiWsiKn8+VQxI8uq8xDT6Y/+aXNh7vZXNvUGF2BAbFCy2qaqmi/j+JrDDIQSFzg+H/rxL5/E14ylpVf0VlYlM8tLYNMPzCdFNCs6DrE6C4gFcLS8vL5+aqQ0yMRPZfn881rjf/5WdPe/FaLKxLCyJrPNjileis2MvRPGW4N7J7e1tWDJkbHC1HCSSc5mqePopphdZim63C9VudxSdPabX+QJDEpBNP01k3Wo1eTyQnxPd5LU5QbZ2MogNrpa9pHLpCmgSUzXK0nqxvbxEocVwxya4wbU2E5vLwqLIkszieHNzFFp6PI4Smo2WySlyU1MDuZ0EYoOrZSehXLICqnE89dRoIjOZbbeh1uhDz9k01RURlK1FiUlsJrUks1ajj/Scl1w/VZ3K3gRSOxnEBuWKbaIC2gstSS3sdqGWuLbbo9S229Cl0c71mhh2zS1lbFFsLlszmWlsb29jRKnpWFKzcxNcyt76rC1XVBDI7SQoHsBV8vv37/PfJCc2q36mwoBlacrQosien0Pz/BxqHz6D80UEn7E1zVFmJjSN63U4SGTr9V/JWUhsbpray+2CWduPHz/CUiFjg7IqolOdBRajbE1hUjORdU9PoX56Cs3TU+ien0NQ6HnL2mw6axmbpKZsbbWKIpPADpLZy8tx3O2i5Nr9PrRaPuIiCk2S0/FcMcEgc3sXiA2ukq2mf5e8vmbXxUxqqRjQS01hMktjeHwM4ekpZnESW9BrbTrqMrbWxGZSU0hqu1047PexuiuhtW3bh8QY5SappWt+ryqlc90JMAtig2UUDnwngS3rsGnodhunn41lZ5LZ4+MxdKxI1926jNisaKAMrc/M2jYcum4Yql3oZ0ZhnzEuBFYgtrNBbFDmGrbx7hyjamitjC0VDTpNe11Idm0qHFQ2PVXGlsQWsz0nNqtyKgNru+4YyuSqKhzqOhya5hiSn6SXMrPWt1f5z+ynowK5nczq+/fvp/8UwCfz8+fPy1xjy/SDjlun+ulpmqJ2aTFul6arcZQA/Zo2+z3K2ExyaU1alFx6jzYzDbWpqEbf0vVKYG6tXM8Jgvu+4O/26uHh4as/A8Arzi7Wj3s63U4ecQrod/awKaEdWw+pG2e3MPK9p/bQaBePceN7nMK6iufsf61v3zrh7/Kw4O/26v7+/qs/A8DldqhwmdSr8xR67/j+br1YPE/Tv6ppQpWyLx0HH1a9VIYlfOfAatW/vtKxW8rRH7vX6XfYwtxqrrVq+Id595/ifsHf7dWfP3+++jMAvOLXr1+Xv8aWkBrqVCWtdb1ttQr1zU287qaobm5CdXs7bIS3nT0kFpvGCkkpLdmo1usQ1us4WtTrdVzHFkON6Yq0hm2wjs23V5lk44f9+Dq2Pwv+blM8gKuk0Rf8s5Z7KENLWaFkVXddaBRtG6O2SM/F11kGZ1XRJLaYdSkDS2KLIttsQnd3F+pv30JzdxfCZhOCRi87idTE5ncA8Z0H8RdQNPgIiA2ukhtlNJfeKVcykpwkt5Qh1VU1iCZFPNfzijSVjFmcCgg+Y0vTVT1Xpy4DE1tjQttsQrXZRKHF5SApa/M7fwz2bGOZx9kgNrhK1prWfUbngVvyEYWkaWjT/I26jtmijhs9p0jSiv2kJjZ77yS+OLVMYlNmJqFVXmibzbB3VOGv3Y17RAUdBx+GXlEot190qlfUyy0t1I0dCGlnj8baq/yoNW0mNr+7hzXAu6b31kS22cSWqs5lav0uH2kK2r0ltQ8K7ceC+0QFGRtcLWfvAjsWm3AbTPYN7Skzi9fJdO3LMjTJTNfENEp61rEwytis8lmnrK0vHqRja3yPu3v4KahVRX2FVrCjx9kgNljOdTaN7q5TfeZmUlM2liqiEluUk2VqJrbRfmyD5R5JisrKTGyxQDCXqaUsbdCBgNDOBrFBuWKbud7WZ20aJTZlYSY3CcwKBRKUtVG5pR9GXP+WCgj9JpNJZpLkqx10ndQGd7Q6vtlwhA+D2OBqWUkE55LrEMg1xqcpaczeJDFJTiJTIcC2Dh/f0EVY1uUW5o53yu3F5m7oMim18TF8CIoHsIw7VWVu6tIvAbH1baPe0T5D81uC+5u5CLuRi0lrfE+Dia2/By1WFxba7cLvUCUQG5S7y8fUfUVtzFVL/S4gTnSDmyfn7ivqb6/nRZZbo/aeXTvOkFxzicXN/zhMReGqOeuu5rmfnWiMj7LxO21YP6gXXq4BftR3agIb9H7qPNcQP/UZ4WzI2ODq+ZR/ouk9o9hyi3jHx+MpaKa5PnuH90wngd/V46r+R1AQiA2WxSnT07e2KhJeUm+Ff72BiD4FxAbLZmpJiI254xxjec0t4UBmnw5iAxDjr8FYcrnXeHLiIjv7MhAbwHsl9x5y8kJo/zuIDWCOj349kNmXwnIPgDkQ1D9JWikIAFAOiA0AigOxAUBxIDYAKA7EBgDFgdgAoDgQGwAUB2IDgOJAbABQHIgNAIoDsQFAcSA2ACgOxAYAxYHYAKA4EBsAFAdiA4DiQGwAEErjP5FJi7ZzfsrhAAAAAElFTkSuQmCC""}}]}, {""role"": ""assistant"", ""content"": ""0.65""}, {""role"": ""user"", ""content"": [{""type"": ""text"", ""text"": ""\nYou are given both an image and a text-based representation of the same stimulus. \nIn both, a red dot appears on a horizontal line\nThe left end of the line corresponds to 0.0, and the right end to 1.0.\n\nText representation (the dot is marked as \""\""O\""\""):\n|.---~------~----------=O-----------~----|\n\n\nEstimate the horizontal position of the **center** of the red dot as a decimal number between 0 and 1.\nDo not explain. Only output the final answer as a number between 0 and 1:\nFinal Answer:\n""}, {""type"": ""image_url"", ""image_url"": {""url"": ""data:image/png;base64,iVBORw0KGgoAAAANSUhEUgAAATYAAABNCAYAAAAsLkgfAAAIiklEQVR4nO2df3LaTAxA/YOE3KHt/f/tSXqJtmdoAgF/IyE5QlmgX+yMzfa9Gc0aFxbagVetd7Vuh2EYGgCAiuiW/gAAAHOD2ACgOhAbAFQHYgOA6kBsAFAdiA0AqgOxAUB1IDYAqA7EBgDVgdgAoDoQGwBUB2IDgOpAbABQHYgNAKoDsQFAdSA2AKgOxAYA1YHYAKA6EBsAVMdm6Q8AMAtz3bqjbefpBxYFsUFdMvvbcyWBybn8XER3l7TcpQrujviVvXV87evt0oryKp0rPYZVg9jgPshf0yiuLLHSuRJRYpeOY5tfB6sFscE6uTakzAK7FSWyyK5Ffv6lvmA1IDaYjU/5KqXhZVsS1/H4/jieu3TdrOve5OXH8ZzFcEly+fgDtEjxU2DyANYpttL1siwreRzDzrX5XJRblFPXNYOLrO/fxBbDxSbH/rooOel3gpwQ2+eA2GB5sd0adgax6XuYtFRgh8Pp8eEwPh7Cec3w5HHsOmZpEn1/EpzITcKFV5Dc1WGqg6wWh6EozMJut5uno9J1NMu8VFzy2KUlrUX7+npq4zmXXh6OShbmIhOJSbvZnFqL8TiKLw9Xra+r19/+gsfHx2n/ZvAOMjaYhYNIZCrXJgVihhYEJkKTGPb70zkRnJ/zLM7lJoShpctrEKltNie5ueD8XBRdzuCsvznkBvOC2GAWXkUoc2ZqaULApeby0gxNWhFaDDvngnt3rc2zNRGbSUzbh4e3EKF5GwR3lsXdyt5gURAbzMJeZDKVlKWdTQJEqWWZ7XZNt9uNx1Fy45DVhDmY2DQ8QzOhHR8fT8feWoySs0yuODQVENtqQGywvNhKQ9AgtXHY6bLa708is+heXprB5fby0nTyWeSan113a0pis0ztGKTmoWKz48YfxywuZ25xYkFAbovD5AFM5ufPn9M6yGK7lqlZRiYykxCR9XY8hkvOhqzFjK3vVWrHKLXttjlst82w3Y6P5dgzOJWcDU/fyW3itbZv375N+zeEM8jYYLkZ0bxWLYvNs604/DRpdc/PJ4k9PzeDHD8/q+CGl5emkZDn+LW2gtiOlq0dTGwiNBXb05O2R2n3++ZoExMqN+lLsrgot0tZm0DmthiIDSbzIiKZShRbWJPmEwU6IWDDTheaykzE9uePto2FZHE6FJXMLoptGE5SC2JTuVmmJlI77PcaIjSNw0FbXx8nM60yJB0nFXzZSJ5IgEVBbLD8xEFesxbXqMUhqF9DM6H1f/40jUUrQvNWhqi7nV53G0oZm81wjsNQEZkI7fVVl61oHI8aR5FhjFDhoMciNem/NByFxUBssOwatkvX1+KaNMm8QsY2Djc9Q3t+bo4iNRPb+BwZQvo1Nqs+0DVsvsTDMzIRmElM/iYabauh2Z3JStqxaiF+7jwcFZDbomy+fv267CeAu+f79+/zrl0L1QNx8iBGXO6hmZlFE1ufRQ1i0/Vr9niIWZxlcjpEjSFZnb2nPNbXSsRlHvHvE8/9D7nxO5yXze/fv2fuEv41Jk2sl0qo0k4ePgwcd/bwYWA41sfeushyROLzUx/xvMvWP8N4ra5UHREzudJuvFfgdzgvmy9fvszcJfxrfHiHiiiD2J46HaP194jn4nHXaUi2pOdz6VPuN8xmjq/z49h/etz6ULTweaZuacTvcF42v379mrlL+Nf48ePHx18cMzURQcysvAJhs2k6ycL6vunkOMbDw9t6NS+Etz5HOYXJA5WUrUFrbW1a6/HwoP2dlVbFNWuxrCpGnBn94DU2fofzwuQBTKaXH/Xcs6I5Y7MtiCS647HpJYZB207OeXgGZ+VPXlbl76FZl0jNxKYis4W43Xbb9E9PTSOx3Wq0dl7Wsbn0dLlHrEIoTR7AoiA2mMyD/NDnXscWllH4MFCORVxyeV6jbRtRai/nJTyjkywuVh6k3T1UavJcz8xk8a1IzWQmYmufnppOFulayHl/3tk6tlL1ASwOYoPJbOXH/lmVByYPl5EKKUqs75veMi9tJbOyWtIui83EI69XIcUMTIaiIUNToVnrQpP2rPLAF+hSL7o6qBWF5etFb9WKWuG7SioUvmutqCzUjSVWXnLlz/cqBt+yKNaKhuoDrxc9mMRUakFoKjUX4aWSKuEDWRt1ovNDxgazMGkX2Fu7e4jY7HqZTCSIYHS4aRf9VWSSabn0fI2brYHLGZtf7JdsT/qSPtvQnw5PRWxe+O5F8Hn7IrK11YLYYJ3X2eJ+bCIRryAQAYm0goi0MsFLrjxTC8PQothcbiYrl9vZrGjejy1kanFrcaS2PhAbrENsl6oQPGsToXgVgi3x0OGpiC1vPhnvgZDueeCTEDJzOu6ea20bNp4cJwdim5d45Nv1nd5g2r8DzAJig1nYyI//s+55kO9KFbM3P85C891z07bgOWuTyQgX21hDeuvmLpd2z40tLAqTB7CuO1Vdkdt4K710Q5ezzSjz7fh8wW+qPoi31/MbtcRtiMabt8Q7WV27DR93qFoVZGyw/ELd0v+t8ZZ5LjQ/J+/jWxvlnXZTfehYX+rYzGgsvRoX7UbZle4rWpKa9XkGWdviIDZYvma09Lp8zc1qPsesLQiuKLN8P9GQscWqBr8T/FgnmmtOw3MuCg2RrQ6GojArs36dCgt4VSFRWvE6XBZaztacS0PJPBng8ssym2n77w//RwA3QWywTvLXsrS90aWIf577KmVbpUzsWmbG0HP1IDa4D3L2ltsr+7q9o5Rx3dp6CJndFYgN6srkrj3nlqBuyQuZ3Q2IDe6TSzOpH+WStJDZXYLYoA7m+hojsipguQfUAUKCQLrNDgDA/YPYAKA6EBsAVAdiA4DqQGwAUB2IDQCqA7EBQHUgNgCoDsQGANWB2ACgOhAbAFQHYgOA6kBsAFAdiA0AqgOxAUB1IDYAqA7EBgBNbfwHpukVnIP1gA0AAAAASUVORK5CYII=""}}]}, {""role"": ""assistant"", ""content"": ""0.50""}, {""role"": ""user"", ""content"": [{""type"": ""text"", ""text"": ""\nYou are given both an image and a text-based representation of the same stimulus. \nIn both, a red dot appears on a horizontal line\nThe left end of the line corresponds to 0.0, and the right end to 1.0.\n\nText representation (the dot is marked as \""\""O\""\""):\n|----------~----O-=-- -------.-----------|\n\n\nEstimate the horizontal position of the **center** of the red dot as a decimal number between 0 and 1.\nDo not explain. Only output the final answer as a number between 0 and 1:\nFinal Answer:\n""}, {""type"": ""image_url"", ""image_url"": {""url"": ""data:image/png;base64,iVBORw0KGgoAAAANSUhEUgAAATYAAABNCAYAAAAsLkgfAAAIs0lEQVR4nO2d7XLaPBBGbUMg99D2/v/2SnoTbW8hX3y48yi7yqLYTmMggOacGY0EsQ1vmvfMSqu1277v+wYAoCK6S38BAIBTg9gAoDoQGwBUB2IDgOpAbABQHYgNAKoDsQFAdSA2AKgOxAYA1YHYAKA6EBsAVAdiA4DqQGwAUB2IDQCqA7EBQHUgNgCoDsQGANWB2ACgOhAbAFTH8tJfAGZwisdUtO0pvgnAVYLYblVmU3LTz8bE5e/H85EcVEbLU6puUGbx/bFxKa0or7Hx0GuAG4SI7VaEFqU2NB46rxRbKbkhqZXXQHRwgxCx3UJ0FgW23x++Nya5IamNtfLY8vwxkB5cKYjtCE7+qyummm2UVxSaj8ckV4qn694kNja2lq8wFdUdQYsM4QtgKnotYhuK0KLIXGK73cG4LQXn1yijsq5reokstig369MVhiI5Hx+ZdEBs8BUgtkuJbWwdLbTepSWBudwkNr02wfXq7bgc4TmSmUtrschC631sfT7GJWfnJuZMVZEXXBimojN5eXk5X6QmSbnIXGwmtGa7zeN2u80RXD7erxUjNQnMmo8P3nPJ+fFT63BDYvukyFar1Wl+dwAjELHNZCehnElqWVRRYBKatd76ZrPJ0lPkdhCx+ZpZFNly2fTW0nsal6LTOTF6+0yyYeg1wAVAbDPZSizHUO5Ji+tmMUqTxCSwzeZVbC8v6XVuHrXFtbdSbEFo/d3du94ll6M3X48bWIOb3D5SjgEuBGKbyUayOZYQqaVoy+UUozQXmIRmrXO5ee/T07jOZlJLzUUW2n61envt0ovRW0gyvJPcWPRWjgEuBGK7lNhGMp8xSktyc5E9P6emcf/09Pqe/UzHp1ZEbBJSjNSSzFar1HvTa/18r8itFFyZRS3FFhMMyA2uCJIHM/j9+/dp19bKJEGcakpm1tqnp2YhqZnY0vvqQ9SWIjbhEZvJKstsvX5tq1WzW6/fRBejN5++FtnTyT1w9pkH/QQ/fvw47ncIMAER21dnRCcSBh555bW0ILUks8fH12jt8bFZPD+nsSI6iVByy9cpxCZpucgktdTf3ze7l5csuXdyszW33Ib2vw1FbERucAUgthk8Pz8ff5GhrR1BamkK6kJzmUls1jeS2tNTkl/KjkpuvqctiG1fRGs7E9pus8ktyW27zQJM0ZoEV24TGdvcOyY2gAuB2C6ZOLA1sby1w9fW4pqapp8us4eHpnl8bNqHhzQtbTXWcZtN06t58iFGbJ4skLwkMQlsu03bVXLb71Pba9uINv3qHPU2JT0QW9jvhtjgWkFsX72HbWh9LW6+9WmleiUKFJGpeYT29NTsXWoWzfU2HT3Yy+Ybc/W+EgQSl1rfN1Kfmv4rdm372uy9pEUdo8oHSS1+T13PN/9OiQ25wYVZfv/+/dLf4eb4+fPnvBNjniYWspelUp7ljFs+fHOuZGcRmqarqbfXvuUjIbko0rLXXk2QMqUWge19qupjNROW+pQV1TXLaMzX1vy9GWts/N3BOVn+/fv3rB9QIyerES33sVl9qFo7VDOq6aFeh3EWY2zCZRPEmc+zlq8Zzw3fwb9rHo/dWqnEhTbxe+LvDs7J8tu3b2f9gBqZfYcKn8YV1QFx3Pr1Q0uvLZJqrfk4Twl9mvj2Jd8t9Lehz9fUuEgGpJ+HmtGDzxkrs/pkxMbfHZyT5Z8/f876ATXy69ev06yxeXTlryWdxaLpLBOpvlsum+7uLq27qW+9xUqDKJ9iKtpqnczOaVart/N1zVhapeNi8zKrsW0fY2VWsZ+Avzs4JyQPZrDQ/+DHEBb483aPGLFZplSt2++bxW7XLNTb667vm65tU0sRnL6PZOXVB8KjruXyVWSrVdNpQ+79fWoaL+7vm2a9zi0dY9UIkmgUW976MbXVwz4X4NIgthncKfo5hqFbFPn00qeJJi4t06fWts1CreuaTk2RnJqiMG0P8T1wMWLT9SQ2O66X2ExuSWrW2vU6ic73u0mSfSm2WIHwP9NQgAuC2GawVoRzisRBzIz6lg9NH9VsDS1JLExLFS0qmkqlVRKS9rppmuolVX5NE1vncpKo9L0lLpNZa5FbLrWKhfFWO9pMlVVRcQBXCrWiX10vOlZSVWz3iHf08JpQbcZNQvMyK6sTzbWiavHuHr61I5RVRYmlWtEQqXlBvEvtYPo5Fq3NkBp1onBuiNhmMvsusGPPNijvwWZTSEVaKWkgsdkaWBKaSy9KzSM2x4Vk09acPFCvZkXwqTJBMisSCe/KqD6qNCBSgysBsV3DOpuXVXnkJqmpl4QkLpeRxpp+xptNhjvresIh4zIyUXkWNF3LhBmjtHhn3ZgFzc9EGIrWBEKDKwOxXUJsU1Gb35NNvbKcJrdcID8kNLuLbl5fs+vn/W7lDSctU3ow7Syyn+VzED5MFCA3uCIQ20yWEsExjK21xUypPkPCknx8qhlvbRQf7uLnhDW23ExWSXDlMw8GtnMcTEH/J/uJ1ODKIHlwySdVTURu724VXiYY4pOrPMory55CfeiBtGJiIN4p14/56EEufu0Z8IQq+AqI2L56o+5YvWWUkkdeun58apXLLUxXY3v3XFFJrSiJSpt2bTuJy+zgmQZTUdqUzIja4IpAbF9dMzp0Tik3ycUTCjZ+dzeQeC+3sSfBx7rTkAQoaz9zraiJcHTqibzgRmAqeiQn+/WVj+Mr7vAxmGgYet+vESU09BCWkalmFps4ceZz9s0DAD4JYrsGpqan3o+tx5U/G+Kju3H8b3SGmOBGQGzXxNT9zoZk5/3YeUMR15TEyHZCJSC2Wxfd0HFDjE0ricygQhDbLTD0T3TMPxsyg8pBbLfIKf7JEBlUDNs9bhGkBDBJeNwQAEAdIDYAqA7EBgDVgdgAoDoQGwBUB2IDgOpAbABQHYgNAKoDsQFAdSA2AKgOxAYA1YHYAKA6EBsAVAdiA4DqQGwAUB2IDQCqA7EBQFMb/wCp3rrC7i21WwAAAABJRU5ErkJggg==""}}]}, {""role"": ""assistant"", ""content"": ""0.36""}, {""role"": ""user"", ""content"": [{""type"": ""text"", ""text"": ""\nYou are given both an image and a text-based representation of the same stimulus. \nIn both, a red dot appears on a horizontal line\nThe left end of the line corresponds to 0.0, and the right end to 1.0.\n\nText representation (the dot is marked as \""\""O\""\""):\n|------- ---.-O-=-----------=------------|\n\n\nEstimate the horizontal position of the **center** of the red dot as a decimal number between 0 and 1.\nDo not explain. Only output the final answer as a number between 0 and 1:\nFinal Answer:\n""}, {""type"": ""image_url"", ""image_url"": {""url"": ""data:image/png;base64,iVBORw0KGgoAAAANSUhEUgAAATYAAABNCAYAAAAsLkgfAAAIlUlEQVR4nO2da3LTMBCA5Thtegfg/n85CZcArkDzNrObXXUj5LTk0Tia75vZkeI4jinlY/V0NwzDkAAAGmJ27xsAALg2iA0AmgOxAUBzIDYAaA7EBgDNgdgAoDkQGwA0B2IDgOZAbADQHIgNAJoDsQFAcyA2AGgOxAYAzYHYAKA5EBsANAdiA4DmQGwA0ByIDQCaA7EBQHPM730DcCbXeFRF113jTgAmB2J7ZJF95FhNXn4snovkoCE6nlI1ccq/Hn8dj9eORaK0vF47VtYBHhQytqkyJq6xevmZSCkzKWuCG/scwIOB2B4lM3ORvRc1XGSnws+Ln/lIsxZggtAUvYCr/+iKLK3z1/v9m7hq9XisJqMYs1m9tBhqorui0DrkCJ8AGdtUxHYqQ4sCi7HbHeTnr0u5FUIbXGS1iOeMZXJXkBJig88Asd1LbKeanhaDy8oFttsdYr9PndX1HD/m58fLljLr+zT0fa6rzLwez60JTijFhKhggtAUPZP1en2dC430oWVJeWbmUttuc73bbrPs9FjM2gRvXpZSm88PpUWsZ9GNya0U3Rk8Pz9f+lMDOAkZ25nsRCSXMjYw4NmXS80EJqXEIOVmo5JLfkzej01SwfvMgrwGkdp8fpBbrJeiK5qot2qaAtwCxHYmW5HKtfvUTEoqKM/CTFxabjbHsV4f3hPJhWZqVWxBZMPT0yGsnqzu59Waqx9umgJMAMR2JhuRyaWEZmO16WlSU4EFmc3ktcRq9XbcszrP2uTyNhggkjoS2vNz2od6FF2UXM7gatmb3jRSg2mC2O4ltrIZakJSMVk/mjY3N5s3kYnUVqs0rFZaitjkvSRhWV0qxSZhYtubxKT0ULFZXaUmr0NTNfa9HcntSv1tALeAwYMz+Pnz52UXGJvSEUY7Y5Nz5iJbLlMv9eXyEHZcxWdZm37erq/ZmohNpGZi01gstNwtFmmwuhxzyR01T8fk9tHVCyN8+/btsp8hwAnI2D5zRLQ2xcPD+8d8kCA0O7PElss0vL5q2b++pmG5TGm10pj5YIJfJ4hNpfb0lHYmtt3Li4pMxKaSk9ebzSGDc8GZ3FKUWznv7UK5AdwKxHYGK5HJpYRVBXmSbRj59CaoCy3L7PVVy2TRudzkfB9ECGLbu9hcahLrtUpNBLcToW23B7GJ5KxvT+Um92Fy0+xtbDABYGIgtnsPHPjSKZ9kG7I171PrRWoiMJfZnz+p83K51L62Yb1Og2dtPsHX+9hiM1Riu007id3uKPb7vU46Hmzir07+tZBj1SapgNxgYiC2e8xhq0zxyBmbZF42ECAZmMpKwgYJRGJ762+T0OapSM/EptleyNjyVA/JykReEsOgIX+KHJLdWQhS6l3W1quWzVEBucGEmH/9+vXe9/BwfP/+/TpbEZV9bD5dI85Js6kfGjY510ObjCY+lZrIL85lk2zNXg9hXpuOkvZ92seQrM7qyco8zcPn7MUNKiUumNfG7x3ckvnv379v+gUtcvFAcmUQwXUwWOhrH90s6vr90mQ8tVBekFJE483JUOZ1qNb8jAvpq+/XIm5tVNuV9wT83sEtmX/58uWmX9AiZ+9QUUrg7YI55Np6/bAgvfNO+77Xeuf1uMZTwmXkwvFrWL+YXsdKrdv7+n2heen34Dt95Pv5yNrRD/5s+L2DWzL/9evXTb+gRX78+HHdeWxBDjKQMLNMaSax26XZ05P2u0nZPT+/jZz6vDUfWXVBhaaoCmw+T52MbspnPeSa5aqDGOXi+HK6h4fe9P+PjvJ7B7eEwYMz6OUf+TWIo6IiI8ueNKw5KurohyH1+72GSC+GnmtZWV4Y72tOrT+tM7GpyCReXtJssUj9y0tKHotF6haLfI5L72i6x3sTdQEmAmI7gyf5x35tsfmuHt7EnM3SzKPrNHoLf63vibQkJAuLo6KWwfn1cnZmk3D7xSJLTYXmk3VlaZVM0rVzVWxSLzO3cmkVwIRAbGewECncYrdcHwUVUVmmNRMpSYjE+l6zRZFZL+9ZFiZSisuqYlNUPufNSxWVhcgsCy0sszpaViXnnlpWVRMbkoMJwFrRKawX9dIXwYcVCDqvzXf0sMm6ea1oWC/qWxhFsR1N7ZDF7x6+CsGWTx0tiLc+t+SlbUx5zSVVrBOFW0PGds9dYCuL4X3bIZ+3JoLRQQOLnKVZ1uXCO1oEH0dHLWOTLM8HEXzwoAsyy7t7+B5tIkQXW9yb7dTGkwATAbFNoZ/NRkOPdtAVQYl8RFYutjCaqU1Jz9TCnmx5d49yuoc1YYdCknlUNIyM+vbh/+zHxrZF8CAgtomILdfDonjN3iTLkszNsy0Jl5nIzaQWn4WQsz+fp2brRbVZagKT/rsjmRVTPPJgwVjzk341mDCI7UzmIoJrMLLMKj5WTySUN5+0/i/vf/Mtw6sPdIkTb2101Ded9MysFNo/GRrPPYAHhMGDKTyp6r2twr1pGnbXjc9COJJa+Qg+f1aoP4GqfEqVH4uP43vvMXwXSI0nVMFnQMZ2z4m6tf9T/JhIpZjfptKS0qaExIXyRw9PLh7mEpdMadbmy7Ls2D99aGWG9p7QyNpgYiC2ez7VvPb5ILs8oBCXSZnYjp6REDM1XwDvE3SDnFxgvmY0rw0NEtNz/N7GRj4RGUwcmqIXcrMfn+/4UdtVoxRZ7Fcr76e2eL3Wb+ZiO5WdXSi0i/8jAPggiG1q1J6LEMtSYrWIlLtwXGOnDgQFE4em6NR4TxreVCxFVpa1a45J7JTMkBg8IGRsj0I5LaRWlvVT0kJm0DCIrZWmau28/2lKIjNoCMT2qFz614bIoGHoY3tUEBPAKNYTDQDQDogNAJoDsQFAcyA2AGgOxAYAzYHYAKA5EBsANAdiA4DmQGwA0ByIDQCaA7EBQHMgNgBoDsQGAM2B2ACgORAbADQHYgOA5kBsAJBa4y9D9omm4D6++wAAAABJRU5ErkJggg==""}}]}]",0.33
google/gemini-2.5-flash-lite,sample_007,0.32904,0.32904,0.31,"[{""role"": ""system"", ""content"": ""You are a marker location estimator.""}, {""role"": ""user"", ""content"": [{""type"": ""text"", ""text"": ""\nYou are given both an image and a text-based representation of the same stimulus. \nIn both, a red dot appears on a horizontal line\nThe left end of the line corresponds to 0.0, and the right end to 1.0.\n\nText representation (the dot is marked as \""\""O\""\""):\n|-.----------.--.---O-----.-------------=|\n\n\nEstimate the horizontal position of the **center** of the red dot as a decimal number between 0 and 1.\nDo not explain. Only output the final answer as a number between 0 and 1:\nFinal Answer:\n""}, {""type"": ""image_url"", ""image_url"": {""url"": ""data:image/png;base64,iVBORw0KGgoAAAANSUhEUgAAATYAAABNCAYAAAAsLkgfAAAIfElEQVR4nO2daZLTSBBGtbjbfQfg/n85CZcAzkB71cRXzhTp6pLa2GIal9+LyCjJlmQPeB6ZqkXtMAxDAwBQEd1HfwEAgKVBbABQHYgNAKoDsQFAdSA2AKgOxAYA1YHYAKA6EBsAVAdiA4DqQGwAUB2IDQCqA7EBQHUgNgCoDsQGANWB2ACgOhAbAFQHYgOA6kBsAFAdiA0AqmP10V8A7pilHpfRtstcB8BAbHCbyG6RmwutdA1kBzfQ8pQqeJf8J+L78fWpY0qSivtT21PHA1wAYoPrZKa2tF06N8rpvXZue+41gAClKPy5zKaidE4uL4+5fZ07JzS/NoKDCcjYKmDRv8KCoJI+jsdzicX9/L38++Ti6rpzqRViyM8pXesGWqRYNWRsFbCY2OYyNMnLBebbIdpccJFcWi622GayS2IrhWdzU1ndhSC2ukFsjyy2udIzCG1waR0OTesyOxxOQrN2UGvHJcll5eKZzCzSa6X9XHq53Py63H+DCShF75ztdrvMhUr3zCSpmJlJbBKYRdre73+/5sfnWZsJahRX35+21fb9+WvviW5Kclfw/Py8zJ8d/HOQsd05BwnlFqY6BrzENGElke33o8ja3a4ZtK3XguCGWJaKWH5Goa1WJ6mZ3LQf3y+J7m/IDeoEsd05e4nlWvIhGtn9s5R9eUamdrc7tYrt9tTudqewY5LkSmKzzCwJzaQ2bls0UXba1/G2/0Zu3vpnxBYeHsR25+wkm6Uytlh6ernpWZrLTBJTu902nW+r9WNiSSqsIyCJzGX29DTK7Kht3/dWInPZudhi2TqXuQEgtgcXW16G5vfSPCOT3CQyE1qS2mbTDNbqGL2XMjaFX0dYGRozNJfZ0eP5+SQ122+C5GIWN0apNHUQHNB5cN98//79+pOnhnTkmZqXmptNklcS2WbT9K+vaTuFSS9lcDonz9iC2KLMUrteNwdJTPv2WpKaZCexueAsi5sU25Xl6JcvX67/M4R/FjK2R+wRLY1XiyVoLjUTWucye31tBm2/vja9MrfNJmV0Kavz+2y52CQ1E9vBJJZaiW29PkkthDomkuB0PcvcRrGV5GafddbCw4LY7piNhHILpaEdsQRVmetSc7FJZhLbr1+pbSwkvyS3/b7pXGw2iFbZ2lHh2ZpkJrGp3e1OIbnt96c4HFLou2h8nATnmeRZWRo7EgRCAwOxPXrHQRSbj0dzsfk9NZOaRNb/+tU0Fq1CUlOoRN1uT5mW32fLMrZ0D00Z2W6X5CZ5abjK4Xg8i+MwpGEjg7ehp9Y7FtL3nCpH4eFBbI84hm3u/looQ3XPzDsNBs/IlCXafbajWhObdyY0Pr4tE1vqBJD0lI2ZvHSE4tC2v6PrmqPCMjG9P84bjd/dx7vpc0rlKDw0q8+fP3/0d4Ar+fr167Jj1+Jg3DDDIHYopMG5lpWN2ZlaSVBS817UUIqmoRr2uUlS3plg548lqO7BWRnqpahK2DRdS/JSq/Oj0PW6f84VcuP3Xyernz9/fvR3gI+aI1pYbijNGtCuRRuOS+/4+9r31/NVPuJwDxGnZWXnxf+GeP34HYrvxzYuZ+QT5C+E33+drD59+vTR3wH+zxUqSqtixNcs89G10/VD72Pr5Z+2+z5FE9qxNFQbV+DIxqHF8+K547Z9jj5P4RPo0+dPTYr37x7bC+D3XyerHz9+fPR3gCv59u3bMhlbLgitwXY8Np3dpFfbPT2l3k4N5+ien08lqZesPj9UTon3vvzaEpSNSWs18Vznh9D10rg1G8Om4+IQDx+oe9Eg3T+UPb//OqHz4I7p9T/4kr2iIQuSHmJoQEU/DKew/RRt23QxgyvcY0tZ12rVtBLben0S2ctLiu7lpelfXppGsV6niLKTUEex+SyE0sR4QccBGIjtjnlSZrOk2CQN7yjw0rPrRnl59BZd35+yOcvoUgYWZh/kGZvENmZnJrY+Cs2kl4aCWObmw0SK80UZ6gETILY7Zi0hLNErKrJ119KQD8nIosuil6SenppeWZWE5FOrJsSWylqFpGYic5m1ytyC0Ma5o6UydG4JIwfJPTzMFX3U+aJzy3/7Srm+YofNQvA5oWmuqLZ9ipXPFfWljDKxjXNF4zxRn0ZlU6rezBXNlzIKHRdvFp4UV2RtzBOtFzK2O+fqVWDn5ouG6VVJUioFvdNA8lKWJtEpU/PVPvLli+JwD5eSlax554HCJ74fQ4fBmzXZ8iXDBYtNQgHE9sj32fKyNK5+G1fQdcEp/D6aiW2cehUWnEwRS1Ef8mHSSh0Cuo7dl+tK67H5/bRQfvrg3qLMkBoEENuds6jYJp53MMotW6NtlFlct82PC0NJUm+r9ZqOK+aaxCS34gq6vuLupUuCIzYIILY7ZyUhLCU2byce5jIKTpmWS86fexAe6jKe43jGZnNGo+DGsjM+5yBKzSX23vJEiA0CdB5UwCJPqsqnV1m8KU3jYpT5U6qi1KaeUpWVmXEZojdPqbrkwS08oQoKkLE96kDd0r9npQ6FbB5o8XF8cQJ9/lzR8NyDcUqUTZeSyNLYudLj9q4RGlkbGIjtUeeMls6ZKE2TqHwVjTjZPSwoeZap5WLzqVYxc4uii/v+VCvKTrgBStFKWPSvMRNcXOGjlMW92S6tvBGzr9K9syw7G8vQyEJCu+ofArgrEBv8ZuqnMFeiliKel2daUxHfj8eXQEzwDogN5sl/HjNruZVK0DOmhmnMyQyJwRUgNlhGclPHRKYEhsxgYRAbLNujegn0aMJfBrHBbdzy80Fm8JdguAfcBnKCfxBbIgEAoB4QGwBUB2IDgOpAbABQHYgNAKoDsQFAdSA2AKgOxAYA1YHYAKA6EBsAVAdiA4DqQGwAUB2IDQCqA7EBQHUgNgCoDsQGANWB2ACgqY3/ANGl1gCCZwauAAAAAElFTkSuQmCC""}}]}, {""role"": ""assistant"", ""content"": ""0.57""}, {""role"": ""user"", ""content"": [{""type"": ""text"", ""text"": ""\nYou are given both an image and a text-based representation of the same stimulus. \nIn both, a red dot appears on a horizontal line\nThe left end of the line corresponds to 0.0, and the right end to 1.0.\n\nText representation (the dot is marked as \""\""O\""\""):\n|--------------------=-----=---O------ -.|\n\n\nEstimate the horizontal position of the **center** of the red dot as a decimal number between 0 and 1.\nDo not explain. Only output the final answer as a number between 0 and 1:\nFinal Answer:\n""}, {""type"": ""image_url"", ""image_url"": {""url"": ""data:image/png;base64,iVBORw0KGgoAAAANSUhEUgAAATYAAABNCAYAAAAsLkgfAAAI6UlEQVR4nO2dbY7aMBBA7STLxxna3v9vT9JLtL1Cd4ElqcbxpINxAl0+At73JMtJCAFV2texPWN813WdAwAoiGruLwAAcG0QGwAUB2IDgOJAbABQHIgNAIoDsQFAcSA2ACgOxAYAxYHYAKA4EBsAFAdiA4DiQGwAUByIDQCKA7EBQHEgNgAoDsQGAMWB2ACgOBAbABQHYgOA4mjm/gIAMMG1f5LEe/cZQGwAjy6znNzGhDcmLu8/9r4nxfMrVQAPLDN7PXftlKT8GcfnPOfJQGwAczIlLunHjtP35KTlT/Tp8dS1c157IBAbwCNFZ+mxtLY9PE/fMyYvnzR73d6bHufOx65NXZ8RxAZwBlf/M0nE5K24rMzSPm2WnMx8bFV1JLnuIxHdfwxn/YzCY/EA4N5iy0VlOaElzdvzXMRmWqcik94e23tORXK5Xj4vXYgYERhiAyhZbLmhp16LkgrPV4Ht9/2x9Pt9L7T93nV6Xe6xMrQRmMqrrnt5Sa9yq6peeGn0lhPcmOiuMU93BxiKApxgu91e72GZKG2IxKK4gtje33upJf2B+Oyfro3C6l5mQWp1/U9ucmwkF+6ZGr6eEp/9bNsbFouFmwMiNoAT7EUktxp+JhFaENj7e+ilddLvdr3o5DhGboMMFR1+alTWNEFoQWr22IpO783NwY1FdVOLEXr+ACA2gBO8i1QuIU3PMPNoOszUKE0lJn1o2+2/4yi30Oxcm51XE1k1UWTSv7z0fbymkhuiN+nH5uJycsssQjyi3BAbwAl2IpsrRmwHiwBplKYik367dVXsDwRn596i2EROIqpBaE2U2suLa1VuqeSS6O0ogssJLr02Nfc2I4gN4NZiS4ehKjTpVWjyGbtdL7LNppfaZuO6zSb0ck1eC9Ga3Gvn2VRsUVRd0/QyWyxC38ZezoPomuZ4eJrMvR21VHZ6Lmj/QHJj8QBggp8/f17+kFxKRzL81CitUpG9vbn67c1V0uK10EzUFt5vxRZl1RqZtctlON4vl73UVHIauYnkzLB0Um4TqSNTw9Fv3765e0PEBnCrFdFclYBZ/RyTWpDZ66vrothEcHLsNhv5QkFuwzxbErFJNNaKyERgUWgit/1220tut+vlZoemMWo7EtuY6HLDUyGVm16bAcQGMMFGZHIpaWqHzpHFYajLSK0WscXeidReX8NwVO4N92fEFqQWxdaK1FYrt9/t3P79fWitNrlHvodZaBjSRM6N3qZWS2cGsQHcY+EgFZuZWwsLA1FqtcpM2p8/zovQtL29hXs7aZrXpmLT1VAV22oVxCVt33X/mqSvdJ1rJSm4bfsm75PvZefb5Nmn5IbYAD5pDls6vxajtRCxyWKBiDOufoqwNCKTKE1k10ofWxiextdDflsiNqfDy7Z1kuEWmkRyVeX23ru99PFYrslr8l6572Ci3X5fjd7SOcKc3B5oAaH5+vXrrF8A4JH5/v37dXLX0vpPnfy3zSTmhuTc3W5oLunDKqrNY5OILX5mF6sPhtQPGXrG6K0V6WmL3ytEb7m6Vfu9LSI0vTYmNsV7N4djmt+/f9/9QwGehYuTBjLbDWmdZxebrfscakbN63I+iMcm5lqxCea1TiWXRGNpCVVYdEjOTw4x9TNzu4vY7xPvncMxzZcvX+7+oQDPwod3qMjtfGGqBKTJs8PzzeqiN3NYXs/reuiHphGTfo59ra6dN70ey1A1HMc8tnAemy4e+FP5a1MJurl/K+/dHI5pfv36dfcPBXgWfvz4cdkDMrtwhGORSNu6Kk7aV9Kapm8vL6H5xaIfliaVBuEpOsFvhqIiKBff5+S9plWSxyYJujFJ12mTe5NV0bPLq86cX5vDMSweAExQyx/7pdiCdyMJ+fMPLQ5Hq65zddsOTc5FfJIlJi1EeBp52VVReS3KyUexVauV69br0Kr12tWrlXOmhXui5Cqby6Y7fuTKqP5TaHOC2AAmeJGo5hbpHnao6b2rbBOheh9aONeITqQlVQmxIH5YFRV02CmiWi5dJ03Etlq5er12TpoIbbUKr4dk3Ri12dKqYYU1LXwXcom4Dyg1AbEBTLBcLq+3Kmon/2NybBCUCE7lJa2qQhRVx6FpHaOrkMAbKw8OxBblI+/V4WUn31ujs/W6F5rktkmLCby2KH5I65iaP5uS2YNUHAwfT60owA3rRXMF8LoLrm4iqWVVsQhei95rrUSQa9rrLh+2VlQenyboLmKSrkRmUoEgQ1ON1HSuzdaKplKbEtlEakfKHHWiAhEbwAku2gU2t8Gkik2kIoKKc2Nhdw8Zbuo8WZz0DzKTiEulprludhddjbji4oOTRYPl8qAFmdkhaLo3W05qTxKhpSA2gFvPsyVyC3lrma3Ag9C0j2Ia9mPT0iuVmt2PTYhJuZrGUcWhZpCaLhTo8DNKbdh00kjt6AdenkRkKYgN4M5iO1gl1SoEjd5keCpC0sjMDFOHonmN1ozYdLVVc9I6La8SQarMTKQ2DD81WhtLxh0TGGIDeG4aEcElTC0k2JVSG73FHDZbZqXHbuQ3D0LTRNvG7LdmFwmSxYKj3zzQZ53iwcXG4gHAvX6pKimtOvqVKvvze5qUa/tUavZ5WhKlQ8sm+Y2DJEo72gp8onLgo8z1C1UCERvALRN107ghNywVuWSGp0eiS388OalokPmxoSSq7vPaRFxDSVW6BfhUPeg5PHDUhtgAblkzmr4vNyyN1QcHhe1aD2qis6Nfgk+kaasaOlNvanfEPbjn1M4cTwxDUYAzueqfSrJtuD+1bZDt0x1DlLRawI/UesYKgtEV0Dn/I7jW5yM2gDuS+3NLJDcquNwcncWKqvpAfScRGwBchak5OO3HZJb7001LoYRzk24LArEBPIvkpo6VqUjMP1eS7SUgNoBnGq7+L/7zyMyC2AAenWv8ifrPITSFdA+AR+eTSekaxJ3jAADKAbEBQHEgNgAoDsQGAMWB2ACgOBAbABQHYgOA4kBsAFAciA0AigOxAUBxIDYAKA7EBgDFgdgAoDgQGwAUB2IDgOJAbABQHIgNAFxp/AX/qdllPni50AAAAABJRU5ErkJggg==""}}]}, {""role"": ""assistant"", ""content"": ""0.72""}, {""role"": ""user"", ""content"": [{""type"": ""text"", ""text"": ""\nYou are given both an image and a text-based representation of the same stimulus. \nIn both, a red dot appears on a horizontal line\nThe left end of the line corresponds to 0.0, and the right end to 1.0.\n\nText representation (the dot is marked as \""\""O\""\""):\n|-------------=---.-------O---.-----~----|\n\n\nEstimate the horizontal position of the **center** of the red dot as a decimal number between 0 and 1.\nDo not explain. Only output the final answer as a number between 0 and 1:\nFinal Answer:\n""}, {""type"": ""image_url"", ""image_url"": {""url"": ""data:image/png;base64,iVBORw0KGgoAAAANSUhEUgAAATYAAABNCAYAAAAsLkgfAAAIlElEQVR4nO2dYVLbSBBGR5LBJlcguf/fnCSXSLgCYGxLW994WmmJkcDYLM7ovaqukWxjvFT8tkc9Paq6rusCAEBB1F/9AQAALg1iA4DiQGwAUByIDQCKA7EBQHEgNgAoDsQGAMWB2ACgOBAbABQHYgOA4kBsAFAciA0AigOxAUBxIDYAKA7EBgDFgdgAoDgQGwAUB2IDgOJAbABQHKuv/gAAV8clbwNSVZd7L3g3iA1gSmg5weUey8nLHnvv6+GiVNylChaN/+efO556fkpUY2nNPTf1GJwNYoNlMicxjRb+fA4TVG7MyW1OgHA2TEVhWcwJrW2HUstFjrHEvMymzvVeczJDdGeB2OCq+ZQJhRNaNRaXyW1q9D8vxsKq69eC84/rx3MC9Jj4PkiFFBEbLExsuemmiWsiKn8+VQxI8uq8xDT6Y/+aXNh7vZXNvUGF2BAbFCy2qaqmi/j+JrDDIQSFzg+H/rxL5/E14ylpVf0VlYlM8tLYNMPzCdFNCs6DrE6C4gFcLS8vL5+aqQ0yMRPZfn881rjf/5WdPe/FaLKxLCyJrPNjileis2MvRPGW4N7J7e1tWDJkbHC1HCSSc5mqePopphdZim63C9VudxSdPabX+QJDEpBNP01k3Wo1eTyQnxPd5LU5QbZ2MogNrpa9pHLpCmgSUzXK0nqxvbxEocVwxya4wbU2E5vLwqLIkszieHNzFFp6PI4Smo2WySlyU1MDuZ0EYoOrZSehXLICqnE89dRoIjOZbbeh1uhDz9k01RURlK1FiUlsJrUks1ajj/Scl1w/VZ3K3gRSOxnEBuWKbaIC2gstSS3sdqGWuLbbo9S229Cl0c71mhh2zS1lbFFsLlszmWlsb29jRKnpWFKzcxNcyt76rC1XVBDI7SQoHsBV8vv37/PfJCc2q36mwoBlacrQosien0Pz/BxqHz6D80UEn7E1zVFmJjSN63U4SGTr9V/JWUhsbpray+2CWduPHz/CUiFjg7IqolOdBRajbE1hUjORdU9PoX56Cs3TU+ien0NQ6HnL2mw6axmbpKZsbbWKIpPADpLZy8tx3O2i5Nr9PrRaPuIiCk2S0/FcMcEgc3sXiA2ukq2mf5e8vmbXxUxqqRjQS01hMktjeHwM4ekpZnESW9BrbTrqMrbWxGZSU0hqu1047PexuiuhtW3bh8QY5SappWt+ryqlc90JMAtig2UUDnwngS3rsGnodhunn41lZ5LZ4+MxdKxI1926jNisaKAMrc/M2jYcum4Yql3oZ0ZhnzEuBFYgtrNBbFDmGrbx7hyjamitjC0VDTpNe11Idm0qHFQ2PVXGlsQWsz0nNqtyKgNru+4YyuSqKhzqOhya5hiSn6SXMrPWt1f5z+ynowK5nczq+/fvp/8UwCfz8+fPy1xjy/SDjlun+ulpmqJ2aTFul6arcZQA/Zo2+z3K2ExyaU1alFx6jzYzDbWpqEbf0vVKYG6tXM8Jgvu+4O/26uHh4as/A8Arzi7Wj3s63U4ecQrod/awKaEdWw+pG2e3MPK9p/bQaBePceN7nMK6iufsf61v3zrh7/Kw4O/26v7+/qs/A8DldqhwmdSr8xR67/j+br1YPE/Tv6ppQpWyLx0HH1a9VIYlfOfAatW/vtKxW8rRH7vX6XfYwtxqrrVq+Id595/ifsHf7dWfP3+++jMAvOLXr1+Xv8aWkBrqVCWtdb1ttQr1zU287qaobm5CdXs7bIS3nT0kFpvGCkkpLdmo1usQ1us4WtTrdVzHFkON6Yq0hm2wjs23V5lk44f9+Dq2Pwv+blM8gKuk0Rf8s5Z7KENLWaFkVXddaBRtG6O2SM/F11kGZ1XRJLaYdSkDS2KLIttsQnd3F+pv30JzdxfCZhOCRi87idTE5ncA8Z0H8RdQNPgIiA2ukhtlNJfeKVcykpwkt5Qh1VU1iCZFPNfzijSVjFmcCgg+Y0vTVT1Xpy4DE1tjQttsQrXZRKHF5SApa/M7fwz2bGOZx9kgNrhK1prWfUbngVvyEYWkaWjT/I26jtmijhs9p0jSiv2kJjZ77yS+OLVMYlNmJqFVXmibzbB3VOGv3Y17RAUdBx+GXlEot190qlfUyy0t1I0dCGlnj8baq/yoNW0mNr+7hzXAu6b31kS22cSWqs5lav0uH2kK2r0ltQ8K7ceC+0QFGRtcLWfvAjsWm3AbTPYN7Skzi9fJdO3LMjTJTNfENEp61rEwytis8lmnrK0vHqRja3yPu3v4KahVRX2FVrCjx9kgNljOdTaN7q5TfeZmUlM2liqiEluUk2VqJrbRfmyD5R5JisrKTGyxQDCXqaUsbdCBgNDOBrFBuWKbud7WZ20aJTZlYSY3CcwKBRKUtVG5pR9GXP+WCgj9JpNJZpLkqx10ndQGd7Q6vtlwhA+D2OBqWUkE55LrEMg1xqcpaczeJDFJTiJTIcC2Dh/f0EVY1uUW5o53yu3F5m7oMim18TF8CIoHsIw7VWVu6tIvAbH1baPe0T5D81uC+5u5CLuRi0lrfE+Dia2/By1WFxba7cLvUCUQG5S7y8fUfUVtzFVL/S4gTnSDmyfn7ivqb6/nRZZbo/aeXTvOkFxzicXN/zhMReGqOeuu5rmfnWiMj7LxO21YP6gXXq4BftR3agIb9H7qPNcQP/UZ4WzI2ODq+ZR/ouk9o9hyi3jHx+MpaKa5PnuH90wngd/V46r+R1AQiA2WxSnT07e2KhJeUm+Ff72BiD4FxAbLZmpJiI254xxjec0t4UBmnw5iAxDjr8FYcrnXeHLiIjv7MhAbwHsl9x5y8kJo/zuIDWCOj349kNmXwnIPgDkQ1D9JWikIAFAOiA0AigOxAUBxIDYAKA7EBgDFgdgAoDgQGwAUB2IDgOJAbABQHIgNAIoDsQFAcSA2ACgOxAYAxYHYAKA4EBsAFAdiA4DiQGwAEErjP5FJi7ZzfsrhAAAAAElFTkSuQmCC""}}]}, {""role"": ""assistant"", ""content"": ""0.65""}, {""role"": ""user"", ""content"": [{""type"": ""text"", ""text"": ""\nYou are given both an image and a text-based representation of the same stimulus. \nIn both, a red dot appears on a horizontal line\nThe left end of the line corresponds to 0.0, and the right end to 1.0.\n\nText representation (the dot is marked as \""\""O\""\""):\n|.---~------~----------=O-----------~----|\n\n\nEstimate the horizontal position of the **center** of the red dot as a decimal number between 0 and 1.\nDo not explain. Only output the final answer as a number between 0 and 1:\nFinal Answer:\n""}, {""type"": ""image_url"", ""image_url"": {""url"": ""data:image/png;base64,iVBORw0KGgoAAAANSUhEUgAAATYAAABNCAYAAAAsLkgfAAAIiklEQVR4nO2df3LaTAxA/YOE3KHt/f/tSXqJtmdoAgF/IyE5QlmgX+yMzfa9Gc0aFxbagVetd7Vuh2EYGgCAiuiW/gAAAHOD2ACgOhAbAFQHYgOA6kBsAFAdiA0AqgOxAUB1IDYAqA7EBgDVgdgAoDoQGwBUB2IDgOpAbABQHYgNAKoDsQFAdSA2AKgOxAYA1YHYAKA6EBsAVMdm6Q8AMAtz3bqjbefpBxYFsUFdMvvbcyWBybn8XER3l7TcpQrujviVvXV87evt0oryKp0rPYZVg9jgPshf0yiuLLHSuRJRYpeOY5tfB6sFscE6uTakzAK7FSWyyK5Ffv6lvmA1IDaYjU/5KqXhZVsS1/H4/jieu3TdrOve5OXH8ZzFcEly+fgDtEjxU2DyANYpttL1siwreRzDzrX5XJRblFPXNYOLrO/fxBbDxSbH/rooOel3gpwQ2+eA2GB5sd0adgax6XuYtFRgh8Pp8eEwPh7Cec3w5HHsOmZpEn1/EpzITcKFV5Dc1WGqg6wWh6EozMJut5uno9J1NMu8VFzy2KUlrUX7+npq4zmXXh6OShbmIhOJSbvZnFqL8TiKLw9Xra+r19/+gsfHx2n/ZvAOMjaYhYNIZCrXJgVihhYEJkKTGPb70zkRnJ/zLM7lJoShpctrEKltNie5ueD8XBRdzuCsvznkBvOC2GAWXkUoc2ZqaULApeby0gxNWhFaDDvngnt3rc2zNRGbSUzbh4e3EKF5GwR3lsXdyt5gURAbzMJeZDKVlKWdTQJEqWWZ7XZNt9uNx1Fy45DVhDmY2DQ8QzOhHR8fT8feWoySs0yuODQVENtqQGywvNhKQ9AgtXHY6bLa708is+heXprB5fby0nTyWeSan113a0pis0ztGKTmoWKz48YfxywuZ25xYkFAbovD5AFM5ufPn9M6yGK7lqlZRiYykxCR9XY8hkvOhqzFjK3vVWrHKLXttjlst82w3Y6P5dgzOJWcDU/fyW3itbZv375N+zeEM8jYYLkZ0bxWLYvNs604/DRpdc/PJ4k9PzeDHD8/q+CGl5emkZDn+LW2gtiOlq0dTGwiNBXb05O2R2n3++ZoExMqN+lLsrgot0tZm0DmthiIDSbzIiKZShRbWJPmEwU6IWDDTheaykzE9uePto2FZHE6FJXMLoptGE5SC2JTuVmmJlI77PcaIjSNw0FbXx8nM60yJB0nFXzZSJ5IgEVBbLD8xEFesxbXqMUhqF9DM6H1f/40jUUrQvNWhqi7nV53G0oZm81wjsNQEZkI7fVVl61oHI8aR5FhjFDhoMciNem/NByFxUBssOwatkvX1+KaNMm8QsY2Djc9Q3t+bo4iNRPb+BwZQvo1Nqs+0DVsvsTDMzIRmElM/iYabauh2Z3JStqxaiF+7jwcFZDbomy+fv267CeAu+f79+/zrl0L1QNx8iBGXO6hmZlFE1ufRQ1i0/Vr9niIWZxlcjpEjSFZnb2nPNbXSsRlHvHvE8/9D7nxO5yXze/fv2fuEv41Jk2sl0qo0k4ePgwcd/bwYWA41sfeushyROLzUx/xvMvWP8N4ra5UHREzudJuvFfgdzgvmy9fvszcJfxrfHiHiiiD2J46HaP194jn4nHXaUi2pOdz6VPuN8xmjq/z49h/etz6ULTweaZuacTvcF42v379mrlL+Nf48ePHx18cMzURQcysvAJhs2k6ycL6vunkOMbDw9t6NS+Etz5HOYXJA5WUrUFrbW1a6/HwoP2dlVbFNWuxrCpGnBn94DU2fofzwuQBTKaXH/Xcs6I5Y7MtiCS647HpJYZB207OeXgGZ+VPXlbl76FZl0jNxKYis4W43Xbb9E9PTSOx3Wq0dl7Wsbn0dLlHrEIoTR7AoiA2mMyD/NDnXscWllH4MFCORVxyeV6jbRtRai/nJTyjkywuVh6k3T1UavJcz8xk8a1IzWQmYmufnppOFulayHl/3tk6tlL1ASwOYoPJbOXH/lmVByYPl5EKKUqs75veMi9tJbOyWtIui83EI69XIcUMTIaiIUNToVnrQpP2rPLAF+hSL7o6qBWF5etFb9WKWuG7SioUvmutqCzUjSVWXnLlz/cqBt+yKNaKhuoDrxc9mMRUakFoKjUX4aWSKuEDWRt1ovNDxgazMGkX2Fu7e4jY7HqZTCSIYHS4aRf9VWSSabn0fI2brYHLGZtf7JdsT/qSPtvQnw5PRWxe+O5F8Hn7IrK11YLYYJ3X2eJ+bCIRryAQAYm0goi0MsFLrjxTC8PQothcbiYrl9vZrGjejy1kanFrcaS2PhAbrENsl6oQPGsToXgVgi3x0OGpiC1vPhnvgZDueeCTEDJzOu6ea20bNp4cJwdim5d45Nv1nd5g2r8DzAJig1nYyI//s+55kO9KFbM3P85C891z07bgOWuTyQgX21hDeuvmLpd2z40tLAqTB7CuO1Vdkdt4K710Q5ezzSjz7fh8wW+qPoi31/MbtcRtiMabt8Q7WV27DR93qFoVZGyw/ELd0v+t8ZZ5LjQ/J+/jWxvlnXZTfehYX+rYzGgsvRoX7UbZle4rWpKa9XkGWdviIDZYvma09Lp8zc1qPsesLQiuKLN8P9GQscWqBr8T/FgnmmtOw3MuCg2RrQ6GojArs36dCgt4VSFRWvE6XBZaztacS0PJPBng8ssym2n77w//RwA3QWywTvLXsrS90aWIf577KmVbpUzsWmbG0HP1IDa4D3L2ltsr+7q9o5Rx3dp6CJndFYgN6srkrj3nlqBuyQuZ3Q2IDe6TSzOpH+WStJDZXYLYoA7m+hojsipguQfUAUKCQLrNDgDA/YPYAKA6EBsAVAdiA4DqQGwAUB2IDQCqA7EBQHUgNgCoDsQGANWB2ACgOhAbAFQHYgOA6kBsAFAdiA0AqgOxAUB1IDYAqA7EBgBNbfwHpukVnIP1gA0AAAAASUVORK5CYII=""}}]}, {""role"": ""assistant"", ""content"": ""0.50""}, {""role"": ""user"", ""content"": [{""type"": ""text"", ""text"": ""\nYou are given both an image and a text-based representation of the same stimulus. \nIn both, a red dot appears on a horizontal line\nThe left end of the line corresponds to 0.0, and the right end to 1.0.\n\nText representation (the dot is marked as \""\""O\""\""):\n|----------~----O-=-- -------.-----------|\n\n\nEstimate the horizontal position of the **center** of the red dot as a decimal number between 0 and 1.\nDo not explain. Only output the final answer as a number between 0 and 1:\nFinal Answer:\n""}, {""type"": ""image_url"", ""image_url"": {""url"": ""data:image/png;base64,iVBORw0KGgoAAAANSUhEUgAAATYAAABNCAYAAAAsLkgfAAAIs0lEQVR4nO2d7XLaPBBGbUMg99D2/v/2SnoTbW8hX3y48yi7yqLYTmMggOacGY0EsQ1vmvfMSqu1277v+wYAoCK6S38BAIBTg9gAoDoQGwBUB2IDgOpAbABQHYgNAKoDsQFAdSA2AKgOxAYA1YHYAKA6EBsAVAdiA4DqQGwAUB2IDQCqA7EBQHUgNgCoDsQGANWB2ACgOhAbAFTH8tJfAGZwisdUtO0pvgnAVYLYblVmU3LTz8bE5e/H85EcVEbLU6puUGbx/bFxKa0or7Hx0GuAG4SI7VaEFqU2NB46rxRbKbkhqZXXQHRwgxCx3UJ0FgW23x++Nya5IamNtfLY8vwxkB5cKYjtCE7+qyummm2UVxSaj8ckV4qn694kNja2lq8wFdUdQYsM4QtgKnotYhuK0KLIXGK73cG4LQXn1yijsq5reokstig369MVhiI5Hx+ZdEBs8BUgtkuJbWwdLbTepSWBudwkNr02wfXq7bgc4TmSmUtrschC631sfT7GJWfnJuZMVZEXXBimojN5eXk5X6QmSbnIXGwmtGa7zeN2u80RXD7erxUjNQnMmo8P3nPJ+fFT63BDYvukyFar1Wl+dwAjELHNZCehnElqWVRRYBKatd76ZrPJ0lPkdhCx+ZpZFNly2fTW0nsal6LTOTF6+0yyYeg1wAVAbDPZSizHUO5Ji+tmMUqTxCSwzeZVbC8v6XVuHrXFtbdSbEFo/d3du94ll6M3X48bWIOb3D5SjgEuBGKbyUayOZYQqaVoy+UUozQXmIRmrXO5ee/T07jOZlJLzUUW2n61envt0ovRW0gyvJPcWPRWjgEuBGK7lNhGMp8xSktyc5E9P6emcf/09Pqe/UzHp1ZEbBJSjNSSzFar1HvTa/18r8itFFyZRS3FFhMMyA2uCJIHM/j9+/dp19bKJEGcakpm1tqnp2YhqZnY0vvqQ9SWIjbhEZvJKstsvX5tq1WzW6/fRBejN5++FtnTyT1w9pkH/QQ/fvw47ncIMAER21dnRCcSBh555bW0ILUks8fH12jt8bFZPD+nsSI6iVByy9cpxCZpucgktdTf3ze7l5csuXdyszW33Ib2vw1FbERucAUgthk8Pz8ff5GhrR1BamkK6kJzmUls1jeS2tNTkl/KjkpuvqctiG1fRGs7E9pus8ktyW27zQJM0ZoEV24TGdvcOyY2gAuB2C6ZOLA1sby1w9fW4pqapp8us4eHpnl8bNqHhzQtbTXWcZtN06t58iFGbJ4skLwkMQlsu03bVXLb71Pba9uINv3qHPU2JT0QW9jvhtjgWkFsX72HbWh9LW6+9WmleiUKFJGpeYT29NTsXWoWzfU2HT3Yy+Ybc/W+EgQSl1rfN1Kfmv4rdm372uy9pEUdo8oHSS1+T13PN/9OiQ25wYVZfv/+/dLf4eb4+fPnvBNjniYWspelUp7ljFs+fHOuZGcRmqarqbfXvuUjIbko0rLXXk2QMqUWge19qupjNROW+pQV1TXLaMzX1vy9GWts/N3BOVn+/fv3rB9QIyerES33sVl9qFo7VDOq6aFeh3EWY2zCZRPEmc+zlq8Zzw3fwb9rHo/dWqnEhTbxe+LvDs7J8tu3b2f9gBqZfYcKn8YV1QFx3Pr1Q0uvLZJqrfk4Twl9mvj2Jd8t9Lehz9fUuEgGpJ+HmtGDzxkrs/pkxMbfHZyT5Z8/f876ATXy69ev06yxeXTlryWdxaLpLBOpvlsum+7uLq27qW+9xUqDKJ9iKtpqnczOaVart/N1zVhapeNi8zKrsW0fY2VWsZ+Avzs4JyQPZrDQ/+DHEBb483aPGLFZplSt2++bxW7XLNTb667vm65tU0sRnL6PZOXVB8KjruXyVWSrVdNpQ+79fWoaL+7vm2a9zi0dY9UIkmgUW976MbXVwz4X4NIgthncKfo5hqFbFPn00qeJJi4t06fWts1CreuaTk2RnJqiMG0P8T1wMWLT9SQ2O66X2ExuSWrW2vU6ic73u0mSfSm2WIHwP9NQgAuC2GawVoRzisRBzIz6lg9NH9VsDS1JLExLFS0qmkqlVRKS9rppmuolVX5NE1vncpKo9L0lLpNZa5FbLrWKhfFWO9pMlVVRcQBXCrWiX10vOlZSVWz3iHf08JpQbcZNQvMyK6sTzbWiavHuHr61I5RVRYmlWtEQqXlBvEvtYPo5Fq3NkBp1onBuiNhmMvsusGPPNijvwWZTSEVaKWkgsdkaWBKaSy9KzSM2x4Vk09acPFCvZkXwqTJBMisSCe/KqD6qNCBSgysBsV3DOpuXVXnkJqmpl4QkLpeRxpp+xptNhjvresIh4zIyUXkWNF3LhBmjtHhn3ZgFzc9EGIrWBEKDKwOxXUJsU1Gb35NNvbKcJrdcID8kNLuLbl5fs+vn/W7lDSctU3ow7Syyn+VzED5MFCA3uCIQ20yWEsExjK21xUypPkPCknx8qhlvbRQf7uLnhDW23ExWSXDlMw8GtnMcTEH/J/uJ1ODKIHlwySdVTURu724VXiYY4pOrPMory55CfeiBtGJiIN4p14/56EEufu0Z8IQq+AqI2L56o+5YvWWUkkdeun58apXLLUxXY3v3XFFJrSiJSpt2bTuJy+zgmQZTUdqUzIja4IpAbF9dMzp0Tik3ycUTCjZ+dzeQeC+3sSfBx7rTkAQoaz9zraiJcHTqibzgRmAqeiQn+/WVj+Mr7vAxmGgYet+vESU09BCWkalmFps4ceZz9s0DAD4JYrsGpqan3o+tx5U/G+Kju3H8b3SGmOBGQGzXxNT9zoZk5/3YeUMR15TEyHZCJSC2Wxfd0HFDjE0ricygQhDbLTD0T3TMPxsyg8pBbLfIKf7JEBlUDNs9bhGkBDBJeNwQAEAdIDYAqA7EBgDVgdgAoDoQGwBUB2IDgOpAbABQHYgNAKoDsQFAdSA2AKgOxAYA1YHYAKA6EBsAVAdiA4DqQGwAUB2IDQCqA7EBQFMb/wCp3rrC7i21WwAAAABJRU5ErkJggg==""}}]}, {""role"": ""assistant"", ""content"": ""0.36""}, {""role"": ""user"", ""content"": [{""type"": ""text"", ""text"": ""\nYou are given both an image and a text-based representation of the same stimulus. \nIn both, a red dot appears on a horizontal line\nThe left end of the line corresponds to 0.0, and the right end to 1.0.\n\nText representation (the dot is marked as \""\""O\""\""):\n|------- ---.-O-=-----------=------------|\n\n\nEstimate the horizontal position of the **center** of the red dot as a decimal number between 0 and 1.\nDo not explain. Only output the final answer as a number between 0 and 1:\nFinal Answer:\n""}, {""type"": ""image_url"", ""image_url"": {""url"": ""data:image/png;base64,iVBORw0KGgoAAAANSUhEUgAAATYAAABNCAYAAAAsLkgfAAAIlUlEQVR4nO2da3LTMBCA5Thtegfg/n85CZcArkDzNrObXXUj5LTk0Tia75vZkeI4jinlY/V0NwzDkAAAGmJ27xsAALg2iA0AmgOxAUBzIDYAaA7EBgDNgdgAoDkQGwA0B2IDgOZAbADQHIgNAJoDsQFAcyA2AGgOxAYAzYHYAKA5EBsANAdiA4DmQGwA0ByIDQCaA7EBQHPM730DcCbXeFRF113jTgAmB2J7ZJF95FhNXn4snovkoCE6nlI1ccq/Hn8dj9eORaK0vF47VtYBHhQytqkyJq6xevmZSCkzKWuCG/scwIOB2B4lM3ORvRc1XGSnws+Ln/lIsxZggtAUvYCr/+iKLK3z1/v9m7hq9XisJqMYs1m9tBhqorui0DrkCJ8AGdtUxHYqQ4sCi7HbHeTnr0u5FUIbXGS1iOeMZXJXkBJig88Asd1LbKeanhaDy8oFttsdYr9PndX1HD/m58fLljLr+zT0fa6rzLwez60JTijFhKhggtAUPZP1en2dC430oWVJeWbmUttuc73bbrPs9FjM2gRvXpZSm88PpUWsZ9GNya0U3Rk8Pz9f+lMDOAkZ25nsRCSXMjYw4NmXS80EJqXEIOVmo5JLfkzej01SwfvMgrwGkdp8fpBbrJeiK5qot2qaAtwCxHYmW5HKtfvUTEoqKM/CTFxabjbHsV4f3hPJhWZqVWxBZMPT0yGsnqzu59Waqx9umgJMAMR2JhuRyaWEZmO16WlSU4EFmc3ktcRq9XbcszrP2uTyNhggkjoS2vNz2od6FF2UXM7gatmb3jRSg2mC2O4ltrIZakJSMVk/mjY3N5s3kYnUVqs0rFZaitjkvSRhWV0qxSZhYtubxKT0ULFZXaUmr0NTNfa9HcntSv1tALeAwYMz+Pnz52UXGJvSEUY7Y5Nz5iJbLlMv9eXyEHZcxWdZm37erq/ZmohNpGZi01gstNwtFmmwuhxzyR01T8fk9tHVCyN8+/btsp8hwAnI2D5zRLQ2xcPD+8d8kCA0O7PElss0vL5q2b++pmG5TGm10pj5YIJfJ4hNpfb0lHYmtt3Li4pMxKaSk9ebzSGDc8GZ3FKUWznv7UK5AdwKxHYGK5HJpYRVBXmSbRj59CaoCy3L7PVVy2TRudzkfB9ECGLbu9hcahLrtUpNBLcToW23B7GJ5KxvT+Um92Fy0+xtbDABYGIgtnsPHPjSKZ9kG7I171PrRWoiMJfZnz+p83K51L62Yb1Og2dtPsHX+9hiM1Riu007id3uKPb7vU46Hmzir07+tZBj1SapgNxgYiC2e8xhq0zxyBmbZF42ECAZmMpKwgYJRGJ762+T0OapSM/EptleyNjyVA/JykReEsOgIX+KHJLdWQhS6l3W1quWzVEBucGEmH/9+vXe9/BwfP/+/TpbEZV9bD5dI85Js6kfGjY510ObjCY+lZrIL85lk2zNXg9hXpuOkvZ92seQrM7qyco8zcPn7MUNKiUumNfG7x3ckvnv379v+gUtcvFAcmUQwXUwWOhrH90s6vr90mQ8tVBekFJE483JUOZ1qNb8jAvpq+/XIm5tVNuV9wT83sEtmX/58uWmX9AiZ+9QUUrg7YI55Np6/bAgvfNO+77Xeuf1uMZTwmXkwvFrWL+YXsdKrdv7+n2heen34Dt95Pv5yNrRD/5s+L2DWzL/9evXTb+gRX78+HHdeWxBDjKQMLNMaSax26XZ05P2u0nZPT+/jZz6vDUfWXVBhaaoCmw+T52MbspnPeSa5aqDGOXi+HK6h4fe9P+PjvJ7B7eEwYMz6OUf+TWIo6IiI8ueNKw5KurohyH1+72GSC+GnmtZWV4Y72tOrT+tM7GpyCReXtJssUj9y0tKHotF6haLfI5L72i6x3sTdQEmAmI7gyf5x35tsfmuHt7EnM3SzKPrNHoLf63vibQkJAuLo6KWwfn1cnZmk3D7xSJLTYXmk3VlaZVM0rVzVWxSLzO3cmkVwIRAbGewECncYrdcHwUVUVmmNRMpSYjE+l6zRZFZL+9ZFiZSisuqYlNUPufNSxWVhcgsCy0sszpaViXnnlpWVRMbkoMJwFrRKawX9dIXwYcVCDqvzXf0sMm6ea1oWC/qWxhFsR1N7ZDF7x6+CsGWTx0tiLc+t+SlbUx5zSVVrBOFW0PGds9dYCuL4X3bIZ+3JoLRQQOLnKVZ1uXCO1oEH0dHLWOTLM8HEXzwoAsyy7t7+B5tIkQXW9yb7dTGkwATAbFNoZ/NRkOPdtAVQYl8RFYutjCaqU1Jz9TCnmx5d49yuoc1YYdCknlUNIyM+vbh/+zHxrZF8CAgtomILdfDonjN3iTLkszNsy0Jl5nIzaQWn4WQsz+fp2brRbVZagKT/rsjmRVTPPJgwVjzk341mDCI7UzmIoJrMLLMKj5WTySUN5+0/i/vf/Mtw6sPdIkTb2101Ded9MysFNo/GRrPPYAHhMGDKTyp6r2twr1pGnbXjc9COJJa+Qg+f1aoP4GqfEqVH4uP43vvMXwXSI0nVMFnQMZ2z4m6tf9T/JhIpZjfptKS0qaExIXyRw9PLh7mEpdMadbmy7Ls2D99aGWG9p7QyNpgYiC2ez7VvPb5ILs8oBCXSZnYjp6REDM1XwDvE3SDnFxgvmY0rw0NEtNz/N7GRj4RGUwcmqIXcrMfn+/4UdtVoxRZ7Fcr76e2eL3Wb+ZiO5WdXSi0i/8jAPggiG1q1J6LEMtSYrWIlLtwXGOnDgQFE4em6NR4TxreVCxFVpa1a45J7JTMkBg8IGRsj0I5LaRWlvVT0kJm0DCIrZWmau28/2lKIjNoCMT2qFz614bIoGHoY3tUEBPAKNYTDQDQDogNAJoDsQFAcyA2AGgOxAYAzYHYAKA5EBsANAdiA4DmQGwA0ByIDQCaA7EBQHMgNgBoDsQGAM2B2ACgORAbADQHYgOA5kBsAJBa4y9D9omm4D6++wAAAABJRU5ErkJggg==""}}]}, {""role"": ""assistant"", ""content"": ""0.33""}, {""role"": ""user"", ""content"": [{""type"": ""text"", ""text"": ""\nYou are given both an image and a text-based representation of the same stimulus. \nIn both, a red dot appears on a horizontal line\nThe left end of the line corresponds to 0.0, and the right end to 1.0.\n\nText representation (the dot is marked as \""\""O\""\""):\n|--.---------O--=--~------------.------- |\n\n\nEstimate the horizontal position of the **center** of the red dot as a decimal number between 0 and 1.\nDo not explain. Only output the final answer as a number between 0 and 1:\nFinal Answer:\n""}, {""type"": ""image_url"", ""image_url"": {""url"": ""data:image/png;base64,iVBORw0KGgoAAAANSUhEUgAAATYAAABNCAYAAAAsLkgfAAAIfElEQVR4nO2da3LbuBJGQephew1J9v83K8kmkqzBlmyJtz4IjbRg0M5IdKwLnFPVBYqWKFnjnOnGi8M0TVMAAGiI8bM/AADA0iA2AGgOxAYAzYHYAKA5EBsANAdiA4DmQGwA0ByIDQCaA7EBQHMgNgBoDsQGAM2B2ACgORAbADQHYgOA5kBsANAciA0AmgOxAUBzIDYAaI71Z38AKHhvp/Zh+FefBOD/FsT2WVx6q4na65AdwBmI7V9SSum9xzW8xOzYvw7JAYSBu1R9MHPy8ud1XD5+T2Zl+9YxQGeQsX0UNVH5tjyuCc/jRVYelxLTY7sOgoMOIWNbitrXOCew96KGl9h74Z9fXgOgA7rP2Bb3eiGyqJLj8XROrc7PtXNyK8U1jn9aO3bnJ9/35kW30O86IEi4cRDbUmKbKzdLgVVi8I/fEts4hslkZrFa/TnW6/WcWhbnJXcliA1uHcS21LSLGaHF65vADofTsdrD4SS0wyFMdt4kV4xyZlE5kU1qXbwSns/kyhLVg6SgQbruY9vv98tcyGdZLusycZnMotgULy+nY2u96CyMJKUoLpOY2vU6t/GcWi++OcHZNa9ku91efQ2Aj6LrjO0goVzD3MCAz75KkaWYnp9jq3P288nLzTCpWZYmoaWIx5vNn+MkuSy/t+SWrg3QIl2L7UVSuZTaPLSy30yiMnGplcxmIgrOlaT5+i77Monldrs9HW82IVQEl8vVvy1LARqha7E9SyhLZWx+EMBKS5OaCWy/zzGqtXMpe4vP1+tcaSupxZCovNC223DU47u7P4JLbZabK0+jHBEbdAJiW0hquTWhqbVszESm2O3CuNuFSed2uyw5K0lz1laKLWVqJrOjxKZ2v89yO+q9fBZn/XC+LEVu0AHdDh78/Plz2b41P0hgmZrP0JLQJLbV01N+HEM/t6zO+tm82NLgQJSZxf19FNvh/j5M6Vhh2dxZeTrX33al2L59+3b5dwjwgXSbsV08Ijo3T82VoGd9aSYvySzFlNqVMrenp5jRxazOsjYTWxo4kNiOSWyHJLDDfh/ldnh5CcciNAhhEctRP2Jq00YEAwnQKN2KbbfbXXeBQmxnUzmsBPVZ2ePjSWaPj1FmaoOk9vQUM7oot+fnMJalqKRmYpPUdruYpUloMY7HOLp7PB5PMU0x4hw6yU2Zm67p57rNrTEFaIRuxbbIwEE5+dbE5krQwbKzx8eTzFIMCklNkfraNAUkZlkKy9jS6GbsX3t+PpWgSWKHaQqasBJjGGKriSJSonoYLOJn9FNAEBs0Trdiu3gOW1mK+jLUjYKObtBgUnboQjI7mtSUyaXBBGVscS5bIbYoJZWYElqS13EYwnEcw2G1OouY3SWB6edn60YVlrUJ5AaNsv769Wvoke/fv1+/hMpKRrd6IK8wcJNv/cRcSS9KSq3kV7Q587O1nSop04TdKDk9T6OdqS8t9qup9ZFEq+NX5ad99gUm6/b6twO3z/r379+hR65eI1oZRLD5Z1YC5vloviQsSsTY1hbMz+zdZs/P16j9PvpZKknzKX+t2n5tF3wfvf7twO2z/vLlS+iR/7xDhRdBTQ4uA9K14/Xd4vXBrePU8ZBKTGtjuNHQ3Lo1ov75gx2njMwf5/ewVQvl53lv992/pNe/Hbh91r9+/Qo98uPHj8te6DOpsrxLctI8tFFTLA6H2ObYbMK43Z7mqlnJquena2X5ecFJULrWZhMGLTy/uwuDxXYbr1curYpRLquqTdIVV/Sx9fq3A7dPt4MHK/1DvxS/k4dlRCYMueI08znHOE1hpdD76nG6oes4DGFM4opTPmxhvBPbkOQ0SGx3d2FME3Knh4cwPjyE1cNDCPf3p0jCM9lJpH5p1Vl/W/ygDBxAm3Qrto2ymqWWU0k8yr6KMlDHUV4W4xhWitUqjArL4jRSWlt5YBmbrm/ZmVYXJLGtJDOJ7eEhDPf3UXq2AiGuOlDY1kauLGU0FFqnW7Hd6R//taOi5ciojm0U1PWDnZWi63VYqd1swkqyckuqRhs5LcQWy1qJOGVilqFJZoMyN8msXFaV1paelaG1VQcIDhqk27WiF68XLUdFiwXw5VZFtoNHlFeaiKulVFloatO8t7OMzd7O7eyR14kmgcUlVcre7LHvb7MtjD5oATzrROGW6TZju2oX2HfWi55tKpk68+OggUIyUz+Y27ooSy1tOFlmbDHjShmfsjYbOLBBhLyNkX4f29rIBg8+YPE7wK3TtdgW62ez9aLlLh9ecBKXRGQZXLnZpCtDz8SmsH6yVMJKYnEwwfrd3F5sOVMrbvSS75sgkBo0DmJbavfcmW3Bh7ny1Ld+k0m/g67NP0t9dZaJWR+axPZqa3BXfr656B25QcN0Lba1RHApb6xAeHVbPS+4UnLFTV1ytuYzNjdJV1NDcqlpZae/ucuc1AQZG3RC14MHi9ypqrb8yd+lyt8HoXLHqupdqvx/En8/0dpdqvy5Wun5ASUod6iCW6frjO3iibq1qR9lW04HKW+M7EXm9mCbu6+ozYuLWVsaKfXLqM62JCp376gJjawNGqZ7sV10V/Paa2bkFoVUkVxVeF6I7r3yOk9XYmbRlSsf7HZ9/nMiMeiM7ktRsdhXUA4qpKVVrwYYajt5lOHxfW3lceXWenkPNnvtZ/+PAOAfg9iWovY1zpWowibh1oQ2J7a58M+x4/L1AB2B2D6Kv+mHs3ZOaJ63BFbrR0Nm0DGI7TMl99Zxjff2UUNmABHEdksl699CdgbwJojtM7nmq0dmALN0P93jU0FOAB9CmvAEANAOiA0AmgOxAUBzIDYAaA7EBgDNgdgAoDkQGwA0B2IDgOZAbADQHIgNAJoDsQFAcyA2AGgOxAYAzYHYAKA5EBsANAdiA4DmQGwAEFrjf2x+Ho4epb+CAAAAAElFTkSuQmCC""}}]}]",0.31
google/gemini-2.5-flash-lite,sample_008,0.73309,0.73309,0.28,"[{""role"": ""system"", ""content"": ""You are a marker location estimator.""}, {""role"": ""user"", ""content"": [{""type"": ""text"", ""text"": ""\nYou are given both an image and a text-based representation of the same stimulus. \nIn both, a red dot appears on a horizontal line\nThe left end of the line corresponds to 0.0, and the right end to 1.0.\n\nText representation (the dot is marked as \""\""O\""\""):\n|-.----------.--.---O-----.-------------=|\n\n\nEstimate the horizontal position of the **center** of the red dot as a decimal number between 0 and 1.\nDo not explain. Only output the final answer as a number between 0 and 1:\nFinal Answer:\n""}, {""type"": ""image_url"", ""image_url"": {""url"": ""data:image/png;base64,iVBORw0KGgoAAAANSUhEUgAAATYAAABNCAYAAAAsLkgfAAAIfElEQVR4nO2daZLTSBBGtbjbfQfg/n85CZcAzkB71cRXzhTp6pLa2GIal9+LyCjJlmQPeB6ZqkXtMAxDAwBQEd1HfwEAgKVBbABQHYgNAKoDsQFAdSA2AKgOxAYA1YHYAKA6EBsAVAdiA4DqQGwAUB2IDQCqA7EBQHUgNgCoDsQGANWB2ACgOhAbAFQHYgOA6kBsAFAdiA0AqmP10V8A7pilHpfRtstcB8BAbHCbyG6RmwutdA1kBzfQ8pQqeJf8J+L78fWpY0qSivtT21PHA1wAYoPrZKa2tF06N8rpvXZue+41gAClKPy5zKaidE4uL4+5fZ07JzS/NoKDCcjYKmDRv8KCoJI+jsdzicX9/L38++Ti6rpzqRViyM8pXesGWqRYNWRsFbCY2OYyNMnLBebbIdpccJFcWi622GayS2IrhWdzU1ndhSC2ukFsjyy2udIzCG1waR0OTesyOxxOQrN2UGvHJcll5eKZzCzSa6X9XHq53Py63H+DCShF75ztdrvMhUr3zCSpmJlJbBKYRdre73+/5sfnWZsJahRX35+21fb9+WvviW5Kclfw/Py8zJ8d/HOQsd05BwnlFqY6BrzENGElke33o8ja3a4ZtK3XguCGWJaKWH5Goa1WJ6mZ3LQf3y+J7m/IDeoEsd05e4nlWvIhGtn9s5R9eUamdrc7tYrt9tTudqewY5LkSmKzzCwJzaQ2bls0UXba1/G2/0Zu3vpnxBYeHsR25+wkm6Uytlh6ernpWZrLTBJTu902nW+r9WNiSSqsIyCJzGX29DTK7Kht3/dWInPZudhi2TqXuQEgtgcXW16G5vfSPCOT3CQyE1qS2mbTDNbqGL2XMjaFX0dYGRozNJfZ0eP5+SQ122+C5GIWN0apNHUQHNB5cN98//79+pOnhnTkmZqXmptNklcS2WbT9K+vaTuFSS9lcDonz9iC2KLMUrteNwdJTPv2WpKaZCexueAsi5sU25Xl6JcvX67/M4R/FjK2R+wRLY1XiyVoLjUTWucye31tBm2/vja9MrfNJmV0Kavz+2y52CQ1E9vBJJZaiW29PkkthDomkuB0PcvcRrGV5GafddbCw4LY7piNhHILpaEdsQRVmetSc7FJZhLbr1+pbSwkvyS3/b7pXGw2iFbZ2lHh2ZpkJrGp3e1OIbnt96c4HFLou2h8nATnmeRZWRo7EgRCAwOxPXrHQRSbj0dzsfk9NZOaRNb/+tU0Fq1CUlOoRN1uT5mW32fLMrZ0D00Z2W6X5CZ5abjK4Xg8i+MwpGEjg7ehp9Y7FtL3nCpH4eFBbI84hm3u/looQ3XPzDsNBs/IlCXafbajWhObdyY0Pr4tE1vqBJD0lI2ZvHSE4tC2v6PrmqPCMjG9P84bjd/dx7vpc0rlKDw0q8+fP3/0d4Ar+fr167Jj1+Jg3DDDIHYopMG5lpWN2ZlaSVBS817UUIqmoRr2uUlS3plg548lqO7BWRnqpahK2DRdS/JSq/Oj0PW6f84VcuP3Xyernz9/fvR3gI+aI1pYbijNGtCuRRuOS+/4+9r31/NVPuJwDxGnZWXnxf+GeP34HYrvxzYuZ+QT5C+E33+drD59+vTR3wH+zxUqSqtixNcs89G10/VD72Pr5Z+2+z5FE9qxNFQbV+DIxqHF8+K547Z9jj5P4RPo0+dPTYr37x7bC+D3XyerHz9+fPR3gCv59u3bMhlbLgitwXY8Np3dpFfbPT2l3k4N5+ien08lqZesPj9UTon3vvzaEpSNSWs18Vznh9D10rg1G8Om4+IQDx+oe9Eg3T+UPb//OqHz4I7p9T/4kr2iIQuSHmJoQEU/DKew/RRt23QxgyvcY0tZ12rVtBLben0S2ctLiu7lpelfXppGsV6niLKTUEex+SyE0sR4QccBGIjtjnlSZrOk2CQN7yjw0rPrRnl59BZd35+yOcvoUgYWZh/kGZvENmZnJrY+Cs2kl4aCWObmw0SK80UZ6gETILY7Zi0hLNErKrJ119KQD8nIosuil6SenppeWZWE5FOrJsSWylqFpGYic5m1ytyC0Ma5o6UydG4JIwfJPTzMFX3U+aJzy3/7Srm+YofNQvA5oWmuqLZ9ipXPFfWljDKxjXNF4zxRn0ZlU6rezBXNlzIKHRdvFp4UV2RtzBOtFzK2O+fqVWDn5ouG6VVJUioFvdNA8lKWJtEpU/PVPvLli+JwD5eSlax554HCJ74fQ4fBmzXZ8iXDBYtNQgHE9sj32fKyNK5+G1fQdcEp/D6aiW2cehUWnEwRS1Ef8mHSSh0Cuo7dl+tK67H5/bRQfvrg3qLMkBoEENuds6jYJp53MMotW6NtlFlct82PC0NJUm+r9ZqOK+aaxCS34gq6vuLupUuCIzYIILY7ZyUhLCU2byce5jIKTpmWS86fexAe6jKe43jGZnNGo+DGsjM+5yBKzSX23vJEiA0CdB5UwCJPqsqnV1m8KU3jYpT5U6qi1KaeUpWVmXEZojdPqbrkwS08oQoKkLE96kDd0r9npQ6FbB5o8XF8cQJ9/lzR8NyDcUqUTZeSyNLYudLj9q4RGlkbGIjtUeeMls6ZKE2TqHwVjTjZPSwoeZap5WLzqVYxc4uii/v+VCvKTrgBStFKWPSvMRNcXOGjlMW92S6tvBGzr9K9syw7G8vQyEJCu+ofArgrEBv8ZuqnMFeiliKel2daUxHfj8eXQEzwDogN5sl/HjNruZVK0DOmhmnMyQyJwRUgNlhGclPHRKYEhsxgYRAbLNujegn0aMJfBrHBbdzy80Fm8JdguAfcBnKCfxBbIgEAoB4QGwBUB2IDgOpAbABQHYgNAKoDsQFAdSA2AKgOxAYA1YHYAKA6EBsAVAdiA4DqQGwAUB2IDQCqA7EBQHUgNgCoDsQGANWB2ACgqY3/ANGl1gCCZwauAAAAAElFTkSuQmCC""}}]}, {""role"": ""assistant"", ""content"": ""0.57""}, {""role"": ""user"", ""content"": [{""type"": ""text"", ""text"": ""\nYou are given both an image and a text-based representation of the same stimulus. \nIn both, a red dot appears on a horizontal line\nThe left end of the line corresponds to 0.0, and the right end to 1.0.\n\nText representation (the dot is marked as \""\""O\""\""):\n|--------------------=-----=---O------ -.|\n\n\nEstimate the horizontal position of the **center** of the red dot as a decimal number between 0 and 1.\nDo not explain. Only output the final answer as a number between 0 and 1:\nFinal Answer:\n""}, {""type"": ""image_url"", ""image_url"": {""url"": ""data:image/png;base64,iVBORw0KGgoAAAANSUhEUgAAATYAAABNCAYAAAAsLkgfAAAI6UlEQVR4nO2dbY7aMBBA7STLxxna3v9vT9JLtL1Cd4ElqcbxpINxAl0+At73JMtJCAFV2texPWN813WdAwAoiGruLwAAcG0QGwAUB2IDgOJAbABQHIgNAIoDsQFAcSA2ACgOxAYAxYHYAKA4EBsAFAdiA4DiQGwAUByIDQCKA7EBQHEgNgAoDsQGAMWB2ACgOBAbABQHYgOA4mjm/gIAMMG1f5LEe/cZQGwAjy6znNzGhDcmLu8/9r4nxfMrVQAPLDN7PXftlKT8GcfnPOfJQGwAczIlLunHjtP35KTlT/Tp8dS1c157IBAbwCNFZ+mxtLY9PE/fMyYvnzR73d6bHufOx65NXZ8RxAZwBlf/M0nE5K24rMzSPm2WnMx8bFV1JLnuIxHdfwxn/YzCY/EA4N5iy0VlOaElzdvzXMRmWqcik94e23tORXK5Xj4vXYgYERhiAyhZbLmhp16LkgrPV4Ht9/2x9Pt9L7T93nV6Xe6xMrQRmMqrrnt5Sa9yq6peeGn0lhPcmOiuMU93BxiKApxgu91e72GZKG2IxKK4gtje33upJf2B+Oyfro3C6l5mQWp1/U9ucmwkF+6ZGr6eEp/9bNsbFouFmwMiNoAT7EUktxp+JhFaENj7e+ilddLvdr3o5DhGboMMFR1+alTWNEFoQWr22IpO783NwY1FdVOLEXr+ACA2gBO8i1QuIU3PMPNoOszUKE0lJn1o2+2/4yi30Oxcm51XE1k1UWTSv7z0fbymkhuiN+nH5uJycsssQjyi3BAbwAl2IpsrRmwHiwBplKYik367dVXsDwRn596i2EROIqpBaE2U2suLa1VuqeSS6O0ogssJLr02Nfc2I4gN4NZiS4ehKjTpVWjyGbtdL7LNppfaZuO6zSb0ck1eC9Ga3Gvn2VRsUVRd0/QyWyxC38ZezoPomuZ4eJrMvR21VHZ6Lmj/QHJj8QBggp8/f17+kFxKRzL81CitUpG9vbn67c1V0uK10EzUFt5vxRZl1RqZtctlON4vl73UVHIauYnkzLB0Um4TqSNTw9Fv3765e0PEBnCrFdFclYBZ/RyTWpDZ66vrothEcHLsNhv5QkFuwzxbErFJNNaKyERgUWgit/1220tut+vlZoemMWo7EtuY6HLDUyGVm16bAcQGMMFGZHIpaWqHzpHFYajLSK0WscXeidReX8NwVO4N92fEFqQWxdaK1FYrt9/t3P79fWitNrlHvodZaBjSRM6N3qZWS2cGsQHcY+EgFZuZWwsLA1FqtcpM2p8/zovQtL29hXs7aZrXpmLT1VAV22oVxCVt33X/mqSvdJ1rJSm4bfsm75PvZefb5Nmn5IbYAD5pDls6vxajtRCxyWKBiDOufoqwNCKTKE1k10ofWxiextdDflsiNqfDy7Z1kuEWmkRyVeX23ru99PFYrslr8l6572Ci3X5fjd7SOcKc3B5oAaH5+vXrrF8A4JH5/v37dXLX0vpPnfy3zSTmhuTc3W5oLunDKqrNY5OILX5mF6sPhtQPGXrG6K0V6WmL3ytEb7m6Vfu9LSI0vTYmNsV7N4djmt+/f9/9QwGehYuTBjLbDWmdZxebrfscakbN63I+iMcm5lqxCea1TiWXRGNpCVVYdEjOTw4x9TNzu4vY7xPvncMxzZcvX+7+oQDPwod3qMjtfGGqBKTJs8PzzeqiN3NYXs/reuiHphGTfo59ra6dN70ey1A1HMc8tnAemy4e+FP5a1MJurl/K+/dHI5pfv36dfcPBXgWfvz4cdkDMrtwhGORSNu6Kk7aV9Kapm8vL6H5xaIfliaVBuEpOsFvhqIiKBff5+S9plWSxyYJujFJ12mTe5NV0bPLq86cX5vDMSweAExQyx/7pdiCdyMJ+fMPLQ5Hq65zddsOTc5FfJIlJi1EeBp52VVReS3KyUexVauV69br0Kr12tWrlXOmhXui5Cqby6Y7fuTKqP5TaHOC2AAmeJGo5hbpHnao6b2rbBOheh9aONeITqQlVQmxIH5YFRV02CmiWi5dJ03Etlq5er12TpoIbbUKr4dk3Ri12dKqYYU1LXwXcom4Dyg1AbEBTLBcLq+3Kmon/2NybBCUCE7lJa2qQhRVx6FpHaOrkMAbKw8OxBblI+/V4WUn31ujs/W6F5rktkmLCby2KH5I65iaP5uS2YNUHAwfT60owA3rRXMF8LoLrm4iqWVVsQhei95rrUSQa9rrLh+2VlQenyboLmKSrkRmUoEgQ1ON1HSuzdaKplKbEtlEakfKHHWiAhEbwAku2gU2t8Gkik2kIoKKc2Nhdw8Zbuo8WZz0DzKTiEulprludhddjbji4oOTRYPl8qAFmdkhaLo3W05qTxKhpSA2gFvPsyVyC3lrma3Ag9C0j2Ia9mPT0iuVmt2PTYhJuZrGUcWhZpCaLhTo8DNKbdh00kjt6AdenkRkKYgN4M5iO1gl1SoEjd5keCpC0sjMDFOHonmN1ozYdLVVc9I6La8SQarMTKQ2DD81WhtLxh0TGGIDeG4aEcElTC0k2JVSG73FHDZbZqXHbuQ3D0LTRNvG7LdmFwmSxYKj3zzQZ53iwcXG4gHAvX6pKimtOvqVKvvze5qUa/tUavZ5WhKlQ8sm+Y2DJEo72gp8onLgo8z1C1UCERvALRN107ghNywVuWSGp0eiS388OalokPmxoSSq7vPaRFxDSVW6BfhUPeg5PHDUhtgAblkzmr4vNyyN1QcHhe1aD2qis6Nfgk+kaasaOlNvanfEPbjn1M4cTwxDUYAzueqfSrJtuD+1bZDt0x1DlLRawI/UesYKgtEV0Dn/I7jW5yM2gDuS+3NLJDcquNwcncWKqvpAfScRGwBchak5OO3HZJb7001LoYRzk24LArEBPIvkpo6VqUjMP1eS7SUgNoBnGq7+L/7zyMyC2AAenWv8ifrPITSFdA+AR+eTSekaxJ3jAADKAbEBQHEgNgAoDsQGAMWB2ACgOBAbABQHYgOA4kBsAFAciA0AigOxAUBxIDYAKA7EBgDFgdgAoDgQGwAUB2IDgOJAbABQHIgNAFxp/AX/qdllPni50AAAAABJRU5ErkJggg==""}}]}, {""role"": ""assistant"", ""content"": ""0.72""}, {""role"": ""user"", ""content"": [{""type"": ""text"", ""text"": ""\nYou are given both an image and a text-based representation of the same stimulus. \nIn both, a red dot appears on a horizontal line\nThe left end of the line corresponds to 0.0, and the right end to 1.0.\n\nText representation (the dot is marked as \""\""O\""\""):\n|-------------=---.-------O---.-----~----|\n\n\nEstimate the horizontal position of the **center** of the red dot as a decimal number between 0 and 1.\nDo not explain. Only output the final answer as a number between 0 and 1:\nFinal Answer:\n""}, {""type"": ""image_url"", ""image_url"": {""url"": ""data:image/png;base64,iVBORw0KGgoAAAANSUhEUgAAATYAAABNCAYAAAAsLkgfAAAIlElEQVR4nO2dYVLbSBBGR5LBJlcguf/fnCSXSLgCYGxLW994WmmJkcDYLM7ovaqukWxjvFT8tkc9Paq6rusCAEBB1F/9AQAALg1iA4DiQGwAUByIDQCKA7EBQHEgNgAoDsQGAMWB2ACgOBAbABQHYgOA4kBsAFAciA0AigOxAUBxIDYAKA7EBgDFgdgAoDgQGwAUB2IDgOJAbABQHKuv/gAAV8clbwNSVZd7L3g3iA1gSmg5weUey8nLHnvv6+GiVNylChaN/+efO556fkpUY2nNPTf1GJwNYoNlMicxjRb+fA4TVG7MyW1OgHA2TEVhWcwJrW2HUstFjrHEvMymzvVeczJDdGeB2OCq+ZQJhRNaNRaXyW1q9D8vxsKq69eC84/rx3MC9Jj4PkiFFBEbLExsuemmiWsiKn8+VQxI8uq8xDT6Y/+aXNh7vZXNvUGF2BAbFCy2qaqmi/j+JrDDIQSFzg+H/rxL5/E14ylpVf0VlYlM8tLYNMPzCdFNCs6DrE6C4gFcLS8vL5+aqQ0yMRPZfn881rjf/5WdPe/FaLKxLCyJrPNjileis2MvRPGW4N7J7e1tWDJkbHC1HCSSc5mqePopphdZim63C9VudxSdPabX+QJDEpBNP01k3Wo1eTyQnxPd5LU5QbZ2MogNrpa9pHLpCmgSUzXK0nqxvbxEocVwxya4wbU2E5vLwqLIkszieHNzFFp6PI4Smo2WySlyU1MDuZ0EYoOrZSehXLICqnE89dRoIjOZbbeh1uhDz9k01RURlK1FiUlsJrUks1ajj/Scl1w/VZ3K3gRSOxnEBuWKbaIC2gstSS3sdqGWuLbbo9S229Cl0c71mhh2zS1lbFFsLlszmWlsb29jRKnpWFKzcxNcyt76rC1XVBDI7SQoHsBV8vv37/PfJCc2q36mwoBlacrQosien0Pz/BxqHz6D80UEn7E1zVFmJjSN63U4SGTr9V/JWUhsbpray+2CWduPHz/CUiFjg7IqolOdBRajbE1hUjORdU9PoX56Cs3TU+ien0NQ6HnL2mw6axmbpKZsbbWKIpPADpLZy8tx3O2i5Nr9PrRaPuIiCk2S0/FcMcEgc3sXiA2ukq2mf5e8vmbXxUxqqRjQS01hMktjeHwM4ekpZnESW9BrbTrqMrbWxGZSU0hqu1047PexuiuhtW3bh8QY5SappWt+ryqlc90JMAtig2UUDnwngS3rsGnodhunn41lZ5LZ4+MxdKxI1926jNisaKAMrc/M2jYcum4Yql3oZ0ZhnzEuBFYgtrNBbFDmGrbx7hyjamitjC0VDTpNe11Idm0qHFQ2PVXGlsQWsz0nNqtyKgNru+4YyuSqKhzqOhya5hiSn6SXMrPWt1f5z+ynowK5nczq+/fvp/8UwCfz8+fPy1xjy/SDjlun+ulpmqJ2aTFul6arcZQA/Zo2+z3K2ExyaU1alFx6jzYzDbWpqEbf0vVKYG6tXM8Jgvu+4O/26uHh4as/A8Arzi7Wj3s63U4ecQrod/awKaEdWw+pG2e3MPK9p/bQaBePceN7nMK6iufsf61v3zrh7/Kw4O/26v7+/qs/A8DldqhwmdSr8xR67/j+br1YPE/Tv6ppQpWyLx0HH1a9VIYlfOfAatW/vtKxW8rRH7vX6XfYwtxqrrVq+Id595/ifsHf7dWfP3+++jMAvOLXr1+Xv8aWkBrqVCWtdb1ttQr1zU287qaobm5CdXs7bIS3nT0kFpvGCkkpLdmo1usQ1us4WtTrdVzHFkON6Yq0hm2wjs23V5lk44f9+Dq2Pwv+blM8gKuk0Rf8s5Z7KENLWaFkVXddaBRtG6O2SM/F11kGZ1XRJLaYdSkDS2KLIttsQnd3F+pv30JzdxfCZhOCRi87idTE5ncA8Z0H8RdQNPgIiA2ukhtlNJfeKVcykpwkt5Qh1VU1iCZFPNfzijSVjFmcCgg+Y0vTVT1Xpy4DE1tjQttsQrXZRKHF5SApa/M7fwz2bGOZx9kgNrhK1prWfUbngVvyEYWkaWjT/I26jtmijhs9p0jSiv2kJjZ77yS+OLVMYlNmJqFVXmibzbB3VOGv3Y17RAUdBx+GXlEot190qlfUyy0t1I0dCGlnj8baq/yoNW0mNr+7hzXAu6b31kS22cSWqs5lav0uH2kK2r0ltQ8K7ceC+0QFGRtcLWfvAjsWm3AbTPYN7Skzi9fJdO3LMjTJTNfENEp61rEwytis8lmnrK0vHqRja3yPu3v4KahVRX2FVrCjx9kgNljOdTaN7q5TfeZmUlM2liqiEluUk2VqJrbRfmyD5R5JisrKTGyxQDCXqaUsbdCBgNDOBrFBuWKbud7WZ20aJTZlYSY3CcwKBRKUtVG5pR9GXP+WCgj9JpNJZpLkqx10ndQGd7Q6vtlwhA+D2OBqWUkE55LrEMg1xqcpaczeJDFJTiJTIcC2Dh/f0EVY1uUW5o53yu3F5m7oMim18TF8CIoHsIw7VWVu6tIvAbH1baPe0T5D81uC+5u5CLuRi0lrfE+Dia2/By1WFxba7cLvUCUQG5S7y8fUfUVtzFVL/S4gTnSDmyfn7ivqb6/nRZZbo/aeXTvOkFxzicXN/zhMReGqOeuu5rmfnWiMj7LxO21YP6gXXq4BftR3agIb9H7qPNcQP/UZ4WzI2ODq+ZR/ouk9o9hyi3jHx+MpaKa5PnuH90wngd/V46r+R1AQiA2WxSnT07e2KhJeUm+Ff72BiD4FxAbLZmpJiI254xxjec0t4UBmnw5iAxDjr8FYcrnXeHLiIjv7MhAbwHsl9x5y8kJo/zuIDWCOj349kNmXwnIPgDkQ1D9JWikIAFAOiA0AigOxAUBxIDYAKA7EBgDFgdgAoDgQGwAUB2IDgOJAbABQHIgNAIoDsQFAcSA2ACgOxAYAxYHYAKA4EBsAFAdiA4DiQGwAEErjP5FJi7ZzfsrhAAAAAElFTkSuQmCC""}}]}, {""role"": ""assistant"", ""content"": ""0.65""}, {""role"": ""user"", ""content"": [{""type"": ""text"", ""text"": ""\nYou are given both an image and a text-based representation of the same stimulus. \nIn both, a red dot appears on a horizontal line\nThe left end of the line corresponds to 0.0, and the right end to 1.0.\n\nText representation (the dot is marked as \""\""O\""\""):\n|.---~------~----------=O-----------~----|\n\n\nEstimate the horizontal position of the **center** of the red dot as a decimal number between 0 and 1.\nDo not explain. Only output the final answer as a number between 0 and 1:\nFinal Answer:\n""}, {""type"": ""image_url"", ""image_url"": {""url"": ""data:image/png;base64,iVBORw0KGgoAAAANSUhEUgAAATYAAABNCAYAAAAsLkgfAAAIiklEQVR4nO2df3LaTAxA/YOE3KHt/f/tSXqJtmdoAgF/IyE5QlmgX+yMzfa9Gc0aFxbagVetd7Vuh2EYGgCAiuiW/gAAAHOD2ACgOhAbAFQHYgOA6kBsAFAdiA0AqgOxAUB1IDYAqA7EBgDVgdgAoDoQGwBUB2IDgOpAbABQHYgNAKoDsQFAdSA2AKgOxAYA1YHYAKA6EBsAVMdm6Q8AMAtz3bqjbefpBxYFsUFdMvvbcyWBybn8XER3l7TcpQrujviVvXV87evt0oryKp0rPYZVg9jgPshf0yiuLLHSuRJRYpeOY5tfB6sFscE6uTakzAK7FSWyyK5Ffv6lvmA1IDaYjU/5KqXhZVsS1/H4/jieu3TdrOve5OXH8ZzFcEly+fgDtEjxU2DyANYpttL1siwreRzDzrX5XJRblFPXNYOLrO/fxBbDxSbH/rooOel3gpwQ2+eA2GB5sd0adgax6XuYtFRgh8Pp8eEwPh7Cec3w5HHsOmZpEn1/EpzITcKFV5Dc1WGqg6wWh6EozMJut5uno9J1NMu8VFzy2KUlrUX7+npq4zmXXh6OShbmIhOJSbvZnFqL8TiKLw9Xra+r19/+gsfHx2n/ZvAOMjaYhYNIZCrXJgVihhYEJkKTGPb70zkRnJ/zLM7lJoShpctrEKltNie5ueD8XBRdzuCsvznkBvOC2GAWXkUoc2ZqaULApeby0gxNWhFaDDvngnt3rc2zNRGbSUzbh4e3EKF5GwR3lsXdyt5gURAbzMJeZDKVlKWdTQJEqWWZ7XZNt9uNx1Fy45DVhDmY2DQ8QzOhHR8fT8feWoySs0yuODQVENtqQGywvNhKQ9AgtXHY6bLa708is+heXprB5fby0nTyWeSan113a0pis0ztGKTmoWKz48YfxywuZ25xYkFAbovD5AFM5ufPn9M6yGK7lqlZRiYykxCR9XY8hkvOhqzFjK3vVWrHKLXttjlst82w3Y6P5dgzOJWcDU/fyW3itbZv375N+zeEM8jYYLkZ0bxWLYvNs604/DRpdc/PJ4k9PzeDHD8/q+CGl5emkZDn+LW2gtiOlq0dTGwiNBXb05O2R2n3++ZoExMqN+lLsrgot0tZm0DmthiIDSbzIiKZShRbWJPmEwU6IWDDTheaykzE9uePto2FZHE6FJXMLoptGE5SC2JTuVmmJlI77PcaIjSNw0FbXx8nM60yJB0nFXzZSJ5IgEVBbLD8xEFesxbXqMUhqF9DM6H1f/40jUUrQvNWhqi7nV53G0oZm81wjsNQEZkI7fVVl61oHI8aR5FhjFDhoMciNem/NByFxUBssOwatkvX1+KaNMm8QsY2Djc9Q3t+bo4iNRPb+BwZQvo1Nqs+0DVsvsTDMzIRmElM/iYabauh2Z3JStqxaiF+7jwcFZDbomy+fv267CeAu+f79+/zrl0L1QNx8iBGXO6hmZlFE1ufRQ1i0/Vr9niIWZxlcjpEjSFZnb2nPNbXSsRlHvHvE8/9D7nxO5yXze/fv2fuEv41Jk2sl0qo0k4ePgwcd/bwYWA41sfeushyROLzUx/xvMvWP8N4ra5UHREzudJuvFfgdzgvmy9fvszcJfxrfHiHiiiD2J46HaP194jn4nHXaUi2pOdz6VPuN8xmjq/z49h/etz6ULTweaZuacTvcF42v379mrlL+Nf48ePHx18cMzURQcysvAJhs2k6ycL6vunkOMbDw9t6NS+Etz5HOYXJA5WUrUFrbW1a6/HwoP2dlVbFNWuxrCpGnBn94DU2fofzwuQBTKaXH/Xcs6I5Y7MtiCS647HpJYZB207OeXgGZ+VPXlbl76FZl0jNxKYis4W43Xbb9E9PTSOx3Wq0dl7Wsbn0dLlHrEIoTR7AoiA2mMyD/NDnXscWllH4MFCORVxyeV6jbRtRai/nJTyjkywuVh6k3T1UavJcz8xk8a1IzWQmYmufnppOFulayHl/3tk6tlL1ASwOYoPJbOXH/lmVByYPl5EKKUqs75veMi9tJbOyWtIui83EI69XIcUMTIaiIUNToVnrQpP2rPLAF+hSL7o6qBWF5etFb9WKWuG7SioUvmutqCzUjSVWXnLlz/cqBt+yKNaKhuoDrxc9mMRUakFoKjUX4aWSKuEDWRt1ovNDxgazMGkX2Fu7e4jY7HqZTCSIYHS4aRf9VWSSabn0fI2brYHLGZtf7JdsT/qSPtvQnw5PRWxe+O5F8Hn7IrK11YLYYJ3X2eJ+bCIRryAQAYm0goi0MsFLrjxTC8PQothcbiYrl9vZrGjejy1kanFrcaS2PhAbrENsl6oQPGsToXgVgi3x0OGpiC1vPhnvgZDueeCTEDJzOu6ea20bNp4cJwdim5d45Nv1nd5g2r8DzAJig1nYyI//s+55kO9KFbM3P85C891z07bgOWuTyQgX21hDeuvmLpd2z40tLAqTB7CuO1Vdkdt4K710Q5ezzSjz7fh8wW+qPoi31/MbtcRtiMabt8Q7WV27DR93qFoVZGyw/ELd0v+t8ZZ5LjQ/J+/jWxvlnXZTfehYX+rYzGgsvRoX7UbZle4rWpKa9XkGWdviIDZYvma09Lp8zc1qPsesLQiuKLN8P9GQscWqBr8T/FgnmmtOw3MuCg2RrQ6GojArs36dCgt4VSFRWvE6XBZaztacS0PJPBng8ssym2n77w//RwA3QWywTvLXsrS90aWIf577KmVbpUzsWmbG0HP1IDa4D3L2ltsr+7q9o5Rx3dp6CJndFYgN6srkrj3nlqBuyQuZ3Q2IDe6TSzOpH+WStJDZXYLYoA7m+hojsipguQfUAUKCQLrNDgDA/YPYAKA6EBsAVAdiA4DqQGwAUB2IDQCqA7EBQHUgNgCoDsQGANWB2ACgOhAbAFQHYgOA6kBsAFAdiA0AqgOxAUB1IDYAqA7EBgBNbfwHpukVnIP1gA0AAAAASUVORK5CYII=""}}]}, {""role"": ""assistant"", ""content"": ""0.50""}, {""role"": ""user"", ""content"": [{""type"": ""text"", ""text"": ""\nYou are given both an image and a text-based representation of the same stimulus. \nIn both, a red dot appears on a horizontal line\nThe left end of the line corresponds to 0.0, and the right end to 1.0.\n\nText representation (the dot is marked as \""\""O\""\""):\n|----------~----O-=-- -------.-----------|\n\n\nEstimate the horizontal position of the **center** of the red dot as a decimal number between 0 and 1.\nDo not explain. Only output the final answer as a number between 0 and 1:\nFinal Answer:\n""}, {""type"": ""image_url"", ""image_url"": {""url"": ""data:image/png;base64,iVBORw0KGgoAAAANSUhEUgAAATYAAABNCAYAAAAsLkgfAAAIs0lEQVR4nO2d7XLaPBBGbUMg99D2/v/2SnoTbW8hX3y48yi7yqLYTmMggOacGY0EsQ1vmvfMSqu1277v+wYAoCK6S38BAIBTg9gAoDoQGwBUB2IDgOpAbABQHYgNAKoDsQFAdSA2AKgOxAYA1YHYAKA6EBsAVAdiA4DqQGwAUB2IDQCqA7EBQHUgNgCoDsQGANWB2ACgOhAbAFTH8tJfAGZwisdUtO0pvgnAVYLYblVmU3LTz8bE5e/H85EcVEbLU6puUGbx/bFxKa0or7Hx0GuAG4SI7VaEFqU2NB46rxRbKbkhqZXXQHRwgxCx3UJ0FgW23x++Nya5IamNtfLY8vwxkB5cKYjtCE7+qyummm2UVxSaj8ckV4qn694kNja2lq8wFdUdQYsM4QtgKnotYhuK0KLIXGK73cG4LQXn1yijsq5reokstig369MVhiI5Hx+ZdEBs8BUgtkuJbWwdLbTepSWBudwkNr02wfXq7bgc4TmSmUtrschC631sfT7GJWfnJuZMVZEXXBimojN5eXk5X6QmSbnIXGwmtGa7zeN2u80RXD7erxUjNQnMmo8P3nPJ+fFT63BDYvukyFar1Wl+dwAjELHNZCehnElqWVRRYBKatd76ZrPJ0lPkdhCx+ZpZFNly2fTW0nsal6LTOTF6+0yyYeg1wAVAbDPZSizHUO5Ji+tmMUqTxCSwzeZVbC8v6XVuHrXFtbdSbEFo/d3du94ll6M3X48bWIOb3D5SjgEuBGKbyUayOZYQqaVoy+UUozQXmIRmrXO5ee/T07jOZlJLzUUW2n61envt0ovRW0gyvJPcWPRWjgEuBGK7lNhGMp8xSktyc5E9P6emcf/09Pqe/UzHp1ZEbBJSjNSSzFar1HvTa/18r8itFFyZRS3FFhMMyA2uCJIHM/j9+/dp19bKJEGcakpm1tqnp2YhqZnY0vvqQ9SWIjbhEZvJKstsvX5tq1WzW6/fRBejN5++FtnTyT1w9pkH/QQ/fvw47ncIMAER21dnRCcSBh555bW0ILUks8fH12jt8bFZPD+nsSI6iVByy9cpxCZpucgktdTf3ze7l5csuXdyszW33Ib2vw1FbERucAUgthk8Pz8ff5GhrR1BamkK6kJzmUls1jeS2tNTkl/KjkpuvqctiG1fRGs7E9pus8ktyW27zQJM0ZoEV24TGdvcOyY2gAuB2C6ZOLA1sby1w9fW4pqapp8us4eHpnl8bNqHhzQtbTXWcZtN06t58iFGbJ4skLwkMQlsu03bVXLb71Pba9uINv3qHPU2JT0QW9jvhtjgWkFsX72HbWh9LW6+9WmleiUKFJGpeYT29NTsXWoWzfU2HT3Yy+Ybc/W+EgQSl1rfN1Kfmv4rdm372uy9pEUdo8oHSS1+T13PN/9OiQ25wYVZfv/+/dLf4eb4+fPnvBNjniYWspelUp7ljFs+fHOuZGcRmqarqbfXvuUjIbko0rLXXk2QMqUWge19qupjNROW+pQV1TXLaMzX1vy9GWts/N3BOVn+/fv3rB9QIyerES33sVl9qFo7VDOq6aFeh3EWY2zCZRPEmc+zlq8Zzw3fwb9rHo/dWqnEhTbxe+LvDs7J8tu3b2f9gBqZfYcKn8YV1QFx3Pr1Q0uvLZJqrfk4Twl9mvj2Jd8t9Lehz9fUuEgGpJ+HmtGDzxkrs/pkxMbfHZyT5Z8/f876ATXy69ev06yxeXTlryWdxaLpLBOpvlsum+7uLq27qW+9xUqDKJ9iKtpqnczOaVart/N1zVhapeNi8zKrsW0fY2VWsZ+Avzs4JyQPZrDQ/+DHEBb483aPGLFZplSt2++bxW7XLNTb667vm65tU0sRnL6PZOXVB8KjruXyVWSrVdNpQ+79fWoaL+7vm2a9zi0dY9UIkmgUW976MbXVwz4X4NIgthncKfo5hqFbFPn00qeJJi4t06fWts1CreuaTk2RnJqiMG0P8T1wMWLT9SQ2O66X2ExuSWrW2vU6ic73u0mSfSm2WIHwP9NQgAuC2GawVoRzisRBzIz6lg9NH9VsDS1JLExLFS0qmkqlVRKS9rppmuolVX5NE1vncpKo9L0lLpNZa5FbLrWKhfFWO9pMlVVRcQBXCrWiX10vOlZSVWz3iHf08JpQbcZNQvMyK6sTzbWiavHuHr61I5RVRYmlWtEQqXlBvEvtYPo5Fq3NkBp1onBuiNhmMvsusGPPNijvwWZTSEVaKWkgsdkaWBKaSy9KzSM2x4Vk09acPFCvZkXwqTJBMisSCe/KqD6qNCBSgysBsV3DOpuXVXnkJqmpl4QkLpeRxpp+xptNhjvresIh4zIyUXkWNF3LhBmjtHhn3ZgFzc9EGIrWBEKDKwOxXUJsU1Gb35NNvbKcJrdcID8kNLuLbl5fs+vn/W7lDSctU3ow7Syyn+VzED5MFCA3uCIQ20yWEsExjK21xUypPkPCknx8qhlvbRQf7uLnhDW23ExWSXDlMw8GtnMcTEH/J/uJ1ODKIHlwySdVTURu724VXiYY4pOrPMory55CfeiBtGJiIN4p14/56EEufu0Z8IQq+AqI2L56o+5YvWWUkkdeun58apXLLUxXY3v3XFFJrSiJSpt2bTuJy+zgmQZTUdqUzIja4IpAbF9dMzp0Tik3ycUTCjZ+dzeQeC+3sSfBx7rTkAQoaz9zraiJcHTqibzgRmAqeiQn+/WVj+Mr7vAxmGgYet+vESU09BCWkalmFps4ceZz9s0DAD4JYrsGpqan3o+tx5U/G+Kju3H8b3SGmOBGQGzXxNT9zoZk5/3YeUMR15TEyHZCJSC2Wxfd0HFDjE0ricygQhDbLTD0T3TMPxsyg8pBbLfIKf7JEBlUDNs9bhGkBDBJeNwQAEAdIDYAqA7EBgDVgdgAoDoQGwBUB2IDgOpAbABQHYgNAKoDsQFAdSA2AKgOxAYA1YHYAKA6EBsAVAdiA4DqQGwAUB2IDQCqA7EBQFMb/wCp3rrC7i21WwAAAABJRU5ErkJggg==""}}]}, {""role"": ""assistant"", ""content"": ""0.36""}, {""role"": ""user"", ""content"": [{""type"": ""text"", ""text"": ""\nYou are given both an image and a text-based representation of the same stimulus. \nIn both, a red dot appears on a horizontal line\nThe left end of the line corresponds to 0.0, and the right end to 1.0.\n\nText representation (the dot is marked as \""\""O\""\""):\n|------- ---.-O-=-----------=------------|\n\n\nEstimate the horizontal position of the **center** of the red dot as a decimal number between 0 and 1.\nDo not explain. Only output the final answer as a number between 0 and 1:\nFinal Answer:\n""}, {""type"": ""image_url"", ""image_url"": {""url"": ""data:image/png;base64,iVBORw0KGgoAAAANSUhEUgAAATYAAABNCAYAAAAsLkgfAAAIlUlEQVR4nO2da3LTMBCA5Thtegfg/n85CZcArkDzNrObXXUj5LTk0Tia75vZkeI4jinlY/V0NwzDkAAAGmJ27xsAALg2iA0AmgOxAUBzIDYAaA7EBgDNgdgAoDkQGwA0B2IDgOZAbADQHIgNAJoDsQFAcyA2AGgOxAYAzYHYAKA5EBsANAdiA4DmQGwA0ByIDQCaA7EBQHPM730DcCbXeFRF113jTgAmB2J7ZJF95FhNXn4snovkoCE6nlI1ccq/Hn8dj9eORaK0vF47VtYBHhQytqkyJq6xevmZSCkzKWuCG/scwIOB2B4lM3ORvRc1XGSnws+Ln/lIsxZggtAUvYCr/+iKLK3z1/v9m7hq9XisJqMYs1m9tBhqorui0DrkCJ8AGdtUxHYqQ4sCi7HbHeTnr0u5FUIbXGS1iOeMZXJXkBJig88Asd1LbKeanhaDy8oFttsdYr9PndX1HD/m58fLljLr+zT0fa6rzLwez60JTijFhKhggtAUPZP1en2dC430oWVJeWbmUttuc73bbrPs9FjM2gRvXpZSm88PpUWsZ9GNya0U3Rk8Pz9f+lMDOAkZ25nsRCSXMjYw4NmXS80EJqXEIOVmo5JLfkzej01SwfvMgrwGkdp8fpBbrJeiK5qot2qaAtwCxHYmW5HKtfvUTEoqKM/CTFxabjbHsV4f3hPJhWZqVWxBZMPT0yGsnqzu59Waqx9umgJMAMR2JhuRyaWEZmO16WlSU4EFmc3ktcRq9XbcszrP2uTyNhggkjoS2vNz2od6FF2UXM7gatmb3jRSg2mC2O4ltrIZakJSMVk/mjY3N5s3kYnUVqs0rFZaitjkvSRhWV0qxSZhYtubxKT0ULFZXaUmr0NTNfa9HcntSv1tALeAwYMz+Pnz52UXGJvSEUY7Y5Nz5iJbLlMv9eXyEHZcxWdZm37erq/ZmohNpGZi01gstNwtFmmwuhxzyR01T8fk9tHVCyN8+/btsp8hwAnI2D5zRLQ2xcPD+8d8kCA0O7PElss0vL5q2b++pmG5TGm10pj5YIJfJ4hNpfb0lHYmtt3Li4pMxKaSk9ebzSGDc8GZ3FKUWznv7UK5AdwKxHYGK5HJpYRVBXmSbRj59CaoCy3L7PVVy2TRudzkfB9ECGLbu9hcahLrtUpNBLcToW23B7GJ5KxvT+Um92Fy0+xtbDABYGIgtnsPHPjSKZ9kG7I171PrRWoiMJfZnz+p83K51L62Yb1Og2dtPsHX+9hiM1Riu007id3uKPb7vU46Hmzir07+tZBj1SapgNxgYiC2e8xhq0zxyBmbZF42ECAZmMpKwgYJRGJ762+T0OapSM/EptleyNjyVA/JykReEsOgIX+KHJLdWQhS6l3W1quWzVEBucGEmH/9+vXe9/BwfP/+/TpbEZV9bD5dI85Js6kfGjY510ObjCY+lZrIL85lk2zNXg9hXpuOkvZ92seQrM7qyco8zcPn7MUNKiUumNfG7x3ckvnv379v+gUtcvFAcmUQwXUwWOhrH90s6vr90mQ8tVBekFJE483JUOZ1qNb8jAvpq+/XIm5tVNuV9wT83sEtmX/58uWmX9AiZ+9QUUrg7YI55Np6/bAgvfNO+77Xeuf1uMZTwmXkwvFrWL+YXsdKrdv7+n2heen34Dt95Pv5yNrRD/5s+L2DWzL/9evXTb+gRX78+HHdeWxBDjKQMLNMaSax26XZ05P2u0nZPT+/jZz6vDUfWXVBhaaoCmw+T52MbspnPeSa5aqDGOXi+HK6h4fe9P+PjvJ7B7eEwYMz6OUf+TWIo6IiI8ueNKw5KurohyH1+72GSC+GnmtZWV4Y72tOrT+tM7GpyCReXtJssUj9y0tKHotF6haLfI5L72i6x3sTdQEmAmI7gyf5x35tsfmuHt7EnM3SzKPrNHoLf63vibQkJAuLo6KWwfn1cnZmk3D7xSJLTYXmk3VlaZVM0rVzVWxSLzO3cmkVwIRAbGewECncYrdcHwUVUVmmNRMpSYjE+l6zRZFZL+9ZFiZSisuqYlNUPufNSxWVhcgsCy0sszpaViXnnlpWVRMbkoMJwFrRKawX9dIXwYcVCDqvzXf0sMm6ea1oWC/qWxhFsR1N7ZDF7x6+CsGWTx0tiLc+t+SlbUx5zSVVrBOFW0PGds9dYCuL4X3bIZ+3JoLRQQOLnKVZ1uXCO1oEH0dHLWOTLM8HEXzwoAsyy7t7+B5tIkQXW9yb7dTGkwATAbFNoZ/NRkOPdtAVQYl8RFYutjCaqU1Jz9TCnmx5d49yuoc1YYdCknlUNIyM+vbh/+zHxrZF8CAgtomILdfDonjN3iTLkszNsy0Jl5nIzaQWn4WQsz+fp2brRbVZagKT/rsjmRVTPPJgwVjzk341mDCI7UzmIoJrMLLMKj5WTySUN5+0/i/vf/Mtw6sPdIkTb2101Ded9MysFNo/GRrPPYAHhMGDKTyp6r2twr1pGnbXjc9COJJa+Qg+f1aoP4GqfEqVH4uP43vvMXwXSI0nVMFnQMZ2z4m6tf9T/JhIpZjfptKS0qaExIXyRw9PLh7mEpdMadbmy7Ls2D99aGWG9p7QyNpgYiC2ez7VvPb5ILs8oBCXSZnYjp6REDM1XwDvE3SDnFxgvmY0rw0NEtNz/N7GRj4RGUwcmqIXcrMfn+/4UdtVoxRZ7Fcr76e2eL3Wb+ZiO5WdXSi0i/8jAPggiG1q1J6LEMtSYrWIlLtwXGOnDgQFE4em6NR4TxreVCxFVpa1a45J7JTMkBg8IGRsj0I5LaRWlvVT0kJm0DCIrZWmau28/2lKIjNoCMT2qFz614bIoGHoY3tUEBPAKNYTDQDQDogNAJoDsQFAcyA2AGgOxAYAzYHYAKA5EBsANAdiA4DmQGwA0ByIDQCaA7EBQHMgNgBoDsQGAM2B2ACgORAbADQHYgOA5kBsAJBa4y9D9omm4D6++wAAAABJRU5ErkJggg==""}}]}, {""role"": ""assistant"", ""content"": ""0.33""}, {""role"": ""user"", ""content"": [{""type"": ""text"", ""text"": ""\nYou are given both an image and a text-based representation of the same stimulus. \nIn both, a red dot appears on a horizontal line\nThe left end of the line corresponds to 0.0, and the right end to 1.0.\n\nText representation (the dot is marked as \""\""O\""\""):\n|--.---------O--=--~------------.------- |\n\n\nEstimate the horizontal position of the **center** of the red dot as a decimal number between 0 and 1.\nDo not explain. Only output the final answer as a number between 0 and 1:\nFinal Answer:\n""}, {""type"": ""image_url"", ""image_url"": {""url"": ""data:image/png;base64,iVBORw0KGgoAAAANSUhEUgAAATYAAABNCAYAAAAsLkgfAAAIfElEQVR4nO2da3LbuBJGQephew1J9v83K8kmkqzBlmyJtz4IjbRg0M5IdKwLnFPVBYqWKFnjnOnGi8M0TVMAAGiI8bM/AADA0iA2AGgOxAYAzYHYAKA5EBsANAdiA4DmQGwA0ByIDQCaA7EBQHMgNgBoDsQGAM2B2ACgORAbADQHYgOA5kBsANAciA0AmgOxAUBzIDYAaI71Z38AKHhvp/Zh+FefBOD/FsT2WVx6q4na65AdwBmI7V9SSum9xzW8xOzYvw7JAYSBu1R9MHPy8ud1XD5+T2Zl+9YxQGeQsX0UNVH5tjyuCc/jRVYelxLTY7sOgoMOIWNbitrXOCew96KGl9h74Z9fXgOgA7rP2Bb3eiGyqJLj8XROrc7PtXNyK8U1jn9aO3bnJ9/35kW30O86IEi4cRDbUmKbKzdLgVVi8I/fEts4hslkZrFa/TnW6/WcWhbnJXcliA1uHcS21LSLGaHF65vADofTsdrD4SS0wyFMdt4kV4xyZlE5kU1qXbwSns/kyhLVg6SgQbruY9vv98tcyGdZLusycZnMotgULy+nY2u96CyMJKUoLpOY2vU6t/GcWi++OcHZNa9ku91efQ2Aj6LrjO0goVzD3MCAz75KkaWYnp9jq3P288nLzTCpWZYmoaWIx5vNn+MkuSy/t+SWrg3QIl2L7UVSuZTaPLSy30yiMnGplcxmIgrOlaT5+i77Monldrs9HW82IVQEl8vVvy1LARqha7E9SyhLZWx+EMBKS5OaCWy/zzGqtXMpe4vP1+tcaSupxZCovNC223DU47u7P4JLbZabK0+jHBEbdAJiW0hquTWhqbVszESm2O3CuNuFSed2uyw5K0lz1laKLWVqJrOjxKZ2v89yO+q9fBZn/XC+LEVu0AHdDh78/Plz2b41P0hgmZrP0JLQJLbV01N+HEM/t6zO+tm82NLgQJSZxf19FNvh/j5M6Vhh2dxZeTrX33al2L59+3b5dwjwgXSbsV08Ijo3T82VoGd9aSYvySzFlNqVMrenp5jRxazOsjYTWxo4kNiOSWyHJLDDfh/ldnh5CcciNAhhEctRP2Jq00YEAwnQKN2KbbfbXXeBQmxnUzmsBPVZ2ePjSWaPj1FmaoOk9vQUM7oot+fnMJalqKRmYpPUdruYpUloMY7HOLp7PB5PMU0x4hw6yU2Zm67p57rNrTEFaIRuxbbIwEE5+dbE5krQwbKzx8eTzFIMCklNkfraNAUkZlkKy9jS6GbsX3t+PpWgSWKHaQqasBJjGGKriSJSonoYLOJn9FNAEBs0Trdiu3gOW1mK+jLUjYKObtBgUnboQjI7mtSUyaXBBGVscS5bIbYoJZWYElqS13EYwnEcw2G1OouY3SWB6edn60YVlrUJ5AaNsv769Wvoke/fv1+/hMpKRrd6IK8wcJNv/cRcSS9KSq3kV7Q587O1nSop04TdKDk9T6OdqS8t9qup9ZFEq+NX5ad99gUm6/b6twO3z/r379+hR65eI1oZRLD5Z1YC5vloviQsSsTY1hbMz+zdZs/P16j9PvpZKknzKX+t2n5tF3wfvf7twO2z/vLlS+iR/7xDhRdBTQ4uA9K14/Xd4vXBrePU8ZBKTGtjuNHQ3Lo1ov75gx2njMwf5/ewVQvl53lv992/pNe/Hbh91r9+/Qo98uPHj8te6DOpsrxLctI8tFFTLA6H2ObYbMK43Z7mqlnJquena2X5ecFJULrWZhMGLTy/uwuDxXYbr1curYpRLquqTdIVV/Sx9fq3A7dPt4MHK/1DvxS/k4dlRCYMueI08znHOE1hpdD76nG6oes4DGFM4opTPmxhvBPbkOQ0SGx3d2FME3Knh4cwPjyE1cNDCPf3p0jCM9lJpH5p1Vl/W/ygDBxAm3Qrto2ymqWWU0k8yr6KMlDHUV4W4xhWitUqjArL4jRSWlt5YBmbrm/ZmVYXJLGtJDOJ7eEhDPf3UXq2AiGuOlDY1kauLGU0FFqnW7Hd6R//taOi5ciojm0U1PWDnZWi63VYqd1swkqyckuqRhs5LcQWy1qJOGVilqFJZoMyN8msXFaV1paelaG1VQcIDhqk27WiF68XLUdFiwXw5VZFtoNHlFeaiKulVFloatO8t7OMzd7O7eyR14kmgcUlVcre7LHvb7MtjD5oATzrROGW6TZju2oX2HfWi55tKpk68+OggUIyUz+Y27ooSy1tOFlmbDHjShmfsjYbOLBBhLyNkX4f29rIBg8+YPE7wK3TtdgW62ez9aLlLh9ecBKXRGQZXLnZpCtDz8SmsH6yVMJKYnEwwfrd3F5sOVMrbvSS75sgkBo0DmJbavfcmW3Bh7ny1Ld+k0m/g67NP0t9dZaJWR+axPZqa3BXfr656B25QcN0Lba1RHApb6xAeHVbPS+4UnLFTV1ytuYzNjdJV1NDcqlpZae/ucuc1AQZG3RC14MHi9ypqrb8yd+lyt8HoXLHqupdqvx/En8/0dpdqvy5Wun5ASUod6iCW6frjO3iibq1qR9lW04HKW+M7EXm9mCbu6+ozYuLWVsaKfXLqM62JCp376gJjawNGqZ7sV10V/Paa2bkFoVUkVxVeF6I7r3yOk9XYmbRlSsf7HZ9/nMiMeiM7ktRsdhXUA4qpKVVrwYYajt5lOHxfW3lceXWenkPNnvtZ/+PAOAfg9iWovY1zpWowibh1oQ2J7a58M+x4/L1AB2B2D6Kv+mHs3ZOaJ63BFbrR0Nm0DGI7TMl99Zxjff2UUNmABHEdksl699CdgbwJojtM7nmq0dmALN0P93jU0FOAB9CmvAEANAOiA0AmgOxAUBzIDYAaA7EBgDNgdgAoDkQGwA0B2IDgOZAbADQHIgNAJoDsQFAcyA2AGgOxAYAzYHYAKA5EBsANAdiA4DmQGwAEFrjf2x+Ho4epb+CAAAAAElFTkSuQmCC""}}]}, {""role"": ""assistant"", ""content"": ""0.31""}, {""role"": ""user"", ""content"": [{""type"": ""text"", ""text"": ""\nYou are given both an image and a text-based representation of the same stimulus. \nIn both, a red dot appears on a horizontal line\nThe left end of the line corresponds to 0.0, and the right end to 1.0.\n\nText representation (the dot is marked as \""\""O\""\""):\n|----.-------------- --------O--=----~.--|\n\n\nEstimate the horizontal position of the **center** of the red dot as a decimal number between 0 and 1.\nDo not explain. Only output the final answer as a number between 0 and 1:\nFinal Answer:\n""}, {""type"": ""image_url"", ""image_url"": {""url"": ""data:image/png;base64,iVBORw0KGgoAAAANSUhEUgAAATYAAABNCAYAAAAsLkgfAAAIoElEQVR4nO2dW3LbOBBFAVIvryHJ/n+zkmwiyRbGlmQSUxfqhloI9LBFWUXgnqouUDRFs1LjM41Hgz6EEBwhhFRE9+wHIISQqaHYCCHVQbERQqqDYiOEVAfFRgipDoqNEFIdFBshpDooNkJIdVBshJDqoNgIIdVBsRFCqoNiI4RUB8VGCKkOio0QUh0UGyGkOig2Qkh1UGyEkOqg2Agh1UGxEUKqY/HsByCkKaZ+xYj3096vEig2Qr5aZiW5XRJeSV56Tr9HwZ3g+ZYqQh6E/dPS42vnzqHisgIrnSt9bhBmbIRMTS4s2147zsnlhVYD3ymJLmTnG4QZGyGP6mrm4tIYx3/PXRKbSqrrTsWWR349aFRwzNhIczzs/+VyX1+SlsrsXFuSW0lekJsKzrQhFxrQrG4C/MwESbGR5phcbOcyNCuvLPwwHD/rNfYeQGQVVGB9fxRbFukam9WF6bqkFBshtYvtUtczBBeMrLzKCyIbhoPQhuFwjcgtnsuytlDI0gLEplH4HENl5rMuqjIzQX0WjrGRptjtdtPe0HYhIaksQ1ORuff3w7FprehOuqQAmVoutcUitZBZQCvH8TOuxbHPMje5372sVis3F5ixkaYYIJEpKM1oZhmaSstDZvu9C9JGqeH4/f1wTuVWyNg0KwsqsuUytmG5PIhO2iQ9/O7OjMNNLLe5QLGRpniHVO4lX4uWdTut0KLA9vtj7Hbp2BnJnWRtKjbJ1KLIRGIxVquD0NDiuyK7KDe0XSFzUxqRG8VGmmIPmUw9A6pCKmRpSWa7neuk9dvtqeA0a5P7BBEbupYnUlut3AiZIdZrF5AFyucoN8gO9+lN1/TSeFvFUGykKSYRW2H2M2ZrIjaVVRIZpLbdurDduu7tLYoNP3MamrVZsclMJ6Q2irTG9TpFlBqO5btRcJCaZm19NoMKGuqScvKANMPv37/vv0lp0a2KTcbNNBPrRGgQWf/2FqWWAnKzmZsZZ0vZWt+7UcSGTG3cbKLUhs3GBRxLxOwNoZnbQiYVrNgmGmv78eOHmwPM2Egz3D0jWlqvZicLVGwQGsQmGRoivL7Gtn99jcduu42Ba9JYm2ZsIrYRYlsu3SDZ2rDbRZEN7+9uHIZDjGMMLB9BxqZjbi7P2hpb/kGxkWbYQiJTjq9lyzriZIFmagiRmsoMrfvvP+deX51/ezvKTcUmM7a4e5SaiA3Z2rDfR6FhVncYxxhRaiEcQp4jCm6UNXIym/rPJEKlMrNQbKQZJp04COE4caBja5Kt6Zgaup9RZiI0D6GhRWCsDZkcxt5ysZmJgyg2ZGgisiEEh6sG71OMuF6EiJGloMJVsdmqBECxEVIPk6xhy9at2W5opxkbBvYhK50ckHG2UWSG6JDFIWvb7VyADLOuqC7AhaRQbAV5jdI9HRaLQ8hxHIcTgankTp6vwUmExffv35/9DIR8CT9//rzvBqVaUO2KmrIpW2mg425BQ9avpVYmD9IYG4CcdD0bZATBYfxMYjwTTtpQkpg+87llHzdKbi6+WPz9+/fZz0DIlzDJAoBsF46oA2RZEvpZz9ljrSG152/ZukjPanczP3/yO7Lf6fA78912SzK78d9mLr5YfPv27dnPQMiXcPcOFXa3DHvsfby3zwrX42fJnryEHqfidS2DsvfTn8uyDW9aPcbPfbZWTZ8hyH3S88gzXqxAuPHfZi6+WPz58+fZz0DIl/Dr16/px9gESKaTbmm3WMTxttgilkvnEavVscxKu7AqNBUcgKRUZuu1c+t1bDU6rT7Q0ipTL5omDPozWxyVduT9AHPxBScPSDP0+GOfclYUopDB+ZgtSdcUsoLk+hBcjxay08DP8F1cL5lZHGPTkio5DzlFGUJkugD35cV1m43rX16cQ2w2B+mtVgfZLZdRoiGXXGktW8UTB4BiI82wRGYz9To2rRE1Xc3O+2NAqN7HiJ/xcwSyMc3iUHmgExEmY8PPo7BUbJAaZCah0otVCaZeNORbGVFshNTLGt26R1UeoFuplQfolmbRaytdUwhLF/LG75iMLcpRsy4RG1qVmd9sjkJDa4QWu6Z9YQPKfB1b5RUIrBUlTXF3vaj9c8l3yrVlVaYCIdWKmhKrVEeKbM2MublsV49UJ6oF8KhCkLpQzdTS7h92M8o+G2M7l619QGhzqRMFzNhIU0yyC+y53T1saZWMd8XuphzHLA1dT2RcKjUpgE/bg2tmJZLC95x2WU3oxAHEpzJLYusKEwalyoPKsjQLxUaaYvJxtmyxbhQUxscgKx1HU7mJ1LTsKmVruNZsMpkv94gTAmZmVT+nvdrMLrvFF7z4M6/pqxiKjTTFJGIr7aCLmc6sCiEu2YC47CRBFmlzSrOYNq1307IqM37mz3Q7NUsLpSzNt/fOUYqNNMUCsnngK/dOdvzA79JxNwjVjL+lXXOt2GzJk1nEG2VmXt5ykqVdewUfuHNsbY5w8oA0x6RvqrILdu2OH4Ua0jj2piLTY/tu0ezVealraRbd2nca5Es5wrVup/98N3ROb6gCzNhIc9y9UPfKe0XT+z1VbFpVgDE3Wyxv5WfvIzOjsSRK5JYW7V7K0OS77txY2h3F73ODYiPNcXfNaOn7edaWCU73RzuRmc3UsjfApzpPIzArtfRZniVla/b5fN1r1S7Brihpkof8Z29nSvWznTXNj/OXJGeF9f9MAOTH5trwQKH5GQqRYiNkCq51Ty9tU3RObNreOnaWH+fMUFCfhWIjZGry5SB5WzqXc2ngv9Fxs49AsRHyjCzu3DWWcwKjzK5CsRHyTMndAkX2YSg2Qr6az/7JUWY3w+UehHw1FNTDkXJ/QgipB4qNEFIdFBshpDooNkJIdVBshJDqoNgIIdVBsRFCqoNiI4RUB8VGCKkOio0QUh0UGyGkOig2Qkh1UGyEkOqg2Agh1UGxEUKqg2IjhFQHxUYIcbXxP4NOlatHaI8FAAAAAElFTkSuQmCC""}}]}]",0.28
google/gemini-2.5-flash-lite,sample_009,0.60056,0.60056,0.31,"[{""role"": ""system"", ""content"": ""You are a marker location estimator.""}, {""role"": ""user"", ""content"": [{""type"": ""text"", ""text"": ""\nYou are given both an image and a text-based representation of the same stimulus. \nIn both, a red dot appears on a horizontal line\nThe left end of the line corresponds to 0.0, and the right end to 1.0.\n\nText representation (the dot is marked as \""\""O\""\""):\n|-.----------.--.---O-----.-------------=|\n\n\nEstimate the horizontal position of the **center** of the red dot as a decimal number between 0 and 1.\nDo not explain. Only output the final answer as a number between 0 and 1:\nFinal Answer:\n""}, {""type"": ""image_url"", ""image_url"": {""url"": ""data:image/png;base64,iVBORw0KGgoAAAANSUhEUgAAATYAAABNCAYAAAAsLkgfAAAIfElEQVR4nO2daZLTSBBGtbjbfQfg/n85CZcAzkB71cRXzhTp6pLa2GIal9+LyCjJlmQPeB6ZqkXtMAxDAwBQEd1HfwEAgKVBbABQHYgNAKoDsQFAdSA2AKgOxAYA1YHYAKA6EBsAVAdiA4DqQGwAUB2IDQCqA7EBQHUgNgCoDsQGANWB2ACgOhAbAFQHYgOA6kBsAFAdiA0AqmP10V8A7pilHpfRtstcB8BAbHCbyG6RmwutdA1kBzfQ8pQqeJf8J+L78fWpY0qSivtT21PHA1wAYoPrZKa2tF06N8rpvXZue+41gAClKPy5zKaidE4uL4+5fZ07JzS/NoKDCcjYKmDRv8KCoJI+jsdzicX9/L38++Ti6rpzqRViyM8pXesGWqRYNWRsFbCY2OYyNMnLBebbIdpccJFcWi622GayS2IrhWdzU1ndhSC2ukFsjyy2udIzCG1waR0OTesyOxxOQrN2UGvHJcll5eKZzCzSa6X9XHq53Py63H+DCShF75ztdrvMhUr3zCSpmJlJbBKYRdre73+/5sfnWZsJahRX35+21fb9+WvviW5Kclfw/Py8zJ8d/HOQsd05BwnlFqY6BrzENGElke33o8ja3a4ZtK3XguCGWJaKWH5Goa1WJ6mZ3LQf3y+J7m/IDeoEsd05e4nlWvIhGtn9s5R9eUamdrc7tYrt9tTudqewY5LkSmKzzCwJzaQ2bls0UXba1/G2/0Zu3vpnxBYeHsR25+wkm6Uytlh6ernpWZrLTBJTu902nW+r9WNiSSqsIyCJzGX29DTK7Kht3/dWInPZudhi2TqXuQEgtgcXW16G5vfSPCOT3CQyE1qS2mbTDNbqGL2XMjaFX0dYGRozNJfZ0eP5+SQ122+C5GIWN0apNHUQHNB5cN98//79+pOnhnTkmZqXmptNklcS2WbT9K+vaTuFSS9lcDonz9iC2KLMUrteNwdJTPv2WpKaZCexueAsi5sU25Xl6JcvX67/M4R/FjK2R+wRLY1XiyVoLjUTWucye31tBm2/vja9MrfNJmV0Kavz+2y52CQ1E9vBJJZaiW29PkkthDomkuB0PcvcRrGV5GafddbCw4LY7piNhHILpaEdsQRVmetSc7FJZhLbr1+pbSwkvyS3/b7pXGw2iFbZ2lHh2ZpkJrGp3e1OIbnt96c4HFLou2h8nATnmeRZWRo7EgRCAwOxPXrHQRSbj0dzsfk9NZOaRNb/+tU0Fq1CUlOoRN1uT5mW32fLMrZ0D00Z2W6X5CZ5abjK4Xg8i+MwpGEjg7ehp9Y7FtL3nCpH4eFBbI84hm3u/looQ3XPzDsNBs/IlCXafbajWhObdyY0Pr4tE1vqBJD0lI2ZvHSE4tC2v6PrmqPCMjG9P84bjd/dx7vpc0rlKDw0q8+fP3/0d4Ar+fr167Jj1+Jg3DDDIHYopMG5lpWN2ZlaSVBS817UUIqmoRr2uUlS3plg548lqO7BWRnqpahK2DRdS/JSq/Oj0PW6f84VcuP3Xyernz9/fvR3gI+aI1pYbijNGtCuRRuOS+/4+9r31/NVPuJwDxGnZWXnxf+GeP34HYrvxzYuZ+QT5C+E33+drD59+vTR3wH+zxUqSqtixNcs89G10/VD72Pr5Z+2+z5FE9qxNFQbV+DIxqHF8+K547Z9jj5P4RPo0+dPTYr37x7bC+D3XyerHz9+fPR3gCv59u3bMhlbLgitwXY8Np3dpFfbPT2l3k4N5+ien08lqZesPj9UTon3vvzaEpSNSWs18Vznh9D10rg1G8Om4+IQDx+oe9Eg3T+UPb//OqHz4I7p9T/4kr2iIQuSHmJoQEU/DKew/RRt23QxgyvcY0tZ12rVtBLben0S2ctLiu7lpelfXppGsV6niLKTUEex+SyE0sR4QccBGIjtjnlSZrOk2CQN7yjw0rPrRnl59BZd35+yOcvoUgYWZh/kGZvENmZnJrY+Cs2kl4aCWObmw0SK80UZ6gETILY7Zi0hLNErKrJ119KQD8nIosuil6SenppeWZWE5FOrJsSWylqFpGYic5m1ytyC0Ma5o6UydG4JIwfJPTzMFX3U+aJzy3/7Srm+YofNQvA5oWmuqLZ9ipXPFfWljDKxjXNF4zxRn0ZlU6rezBXNlzIKHRdvFp4UV2RtzBOtFzK2O+fqVWDn5ouG6VVJUioFvdNA8lKWJtEpU/PVPvLli+JwD5eSlax554HCJ74fQ4fBmzXZ8iXDBYtNQgHE9sj32fKyNK5+G1fQdcEp/D6aiW2cehUWnEwRS1Ef8mHSSh0Cuo7dl+tK67H5/bRQfvrg3qLMkBoEENuds6jYJp53MMotW6NtlFlct82PC0NJUm+r9ZqOK+aaxCS34gq6vuLupUuCIzYIILY7ZyUhLCU2byce5jIKTpmWS86fexAe6jKe43jGZnNGo+DGsjM+5yBKzSX23vJEiA0CdB5UwCJPqsqnV1m8KU3jYpT5U6qi1KaeUpWVmXEZojdPqbrkwS08oQoKkLE96kDd0r9npQ6FbB5o8XF8cQJ9/lzR8NyDcUqUTZeSyNLYudLj9q4RGlkbGIjtUeeMls6ZKE2TqHwVjTjZPSwoeZap5WLzqVYxc4uii/v+VCvKTrgBStFKWPSvMRNcXOGjlMW92S6tvBGzr9K9syw7G8vQyEJCu+ofArgrEBv8ZuqnMFeiliKel2daUxHfj8eXQEzwDogN5sl/HjNruZVK0DOmhmnMyQyJwRUgNlhGclPHRKYEhsxgYRAbLNujegn0aMJfBrHBbdzy80Fm8JdguAfcBnKCfxBbIgEAoB4QGwBUB2IDgOpAbABQHYgNAKoDsQFAdSA2AKgOxAYA1YHYAKA6EBsAVAdiA4DqQGwAUB2IDQCqA7EBQHUgNgCoDsQGANWB2ACgqY3/ANGl1gCCZwauAAAAAElFTkSuQmCC""}}]}, {""role"": ""assistant"", ""content"": ""0.57""}, {""role"": ""user"", ""content"": [{""type"": ""text"", ""text"": ""\nYou are given both an image and a text-based representation of the same stimulus. \nIn both, a red dot appears on a horizontal line\nThe left end of the line corresponds to 0.0, and the right end to 1.0.\n\nText representation (the dot is marked as \""\""O\""\""):\n|--------------------=-----=---O------ -.|\n\n\nEstimate the horizontal position of the **center** of the red dot as a decimal number between 0 and 1.\nDo not explain. Only output the final answer as a number between 0 and 1:\nFinal Answer:\n""}, {""type"": ""image_url"", ""image_url"": {""url"": ""data:image/png;base64,iVBORw0KGgoAAAANSUhEUgAAATYAAABNCAYAAAAsLkgfAAAI6UlEQVR4nO2dbY7aMBBA7STLxxna3v9vT9JLtL1Cd4ElqcbxpINxAl0+At73JMtJCAFV2texPWN813WdAwAoiGruLwAAcG0QGwAUB2IDgOJAbABQHIgNAIoDsQFAcSA2ACgOxAYAxYHYAKA4EBsAFAdiA4DiQGwAUByIDQCKA7EBQHEgNgAoDsQGAMWB2ACgOBAbABQHYgOA4mjm/gIAMMG1f5LEe/cZQGwAjy6znNzGhDcmLu8/9r4nxfMrVQAPLDN7PXftlKT8GcfnPOfJQGwAczIlLunHjtP35KTlT/Tp8dS1c157IBAbwCNFZ+mxtLY9PE/fMyYvnzR73d6bHufOx65NXZ8RxAZwBlf/M0nE5K24rMzSPm2WnMx8bFV1JLnuIxHdfwxn/YzCY/EA4N5iy0VlOaElzdvzXMRmWqcik94e23tORXK5Xj4vXYgYERhiAyhZbLmhp16LkgrPV4Ht9/2x9Pt9L7T93nV6Xe6xMrQRmMqrrnt5Sa9yq6peeGn0lhPcmOiuMU93BxiKApxgu91e72GZKG2IxKK4gtje33upJf2B+Oyfro3C6l5mQWp1/U9ucmwkF+6ZGr6eEp/9bNsbFouFmwMiNoAT7EUktxp+JhFaENj7e+ilddLvdr3o5DhGboMMFR1+alTWNEFoQWr22IpO783NwY1FdVOLEXr+ACA2gBO8i1QuIU3PMPNoOszUKE0lJn1o2+2/4yi30Oxcm51XE1k1UWTSv7z0fbymkhuiN+nH5uJycsssQjyi3BAbwAl2IpsrRmwHiwBplKYik367dVXsDwRn596i2EROIqpBaE2U2suLa1VuqeSS6O0ogssJLr02Nfc2I4gN4NZiS4ehKjTpVWjyGbtdL7LNppfaZuO6zSb0ck1eC9Ga3Gvn2VRsUVRd0/QyWyxC38ZezoPomuZ4eJrMvR21VHZ6Lmj/QHJj8QBggp8/f17+kFxKRzL81CitUpG9vbn67c1V0uK10EzUFt5vxRZl1RqZtctlON4vl73UVHIauYnkzLB0Um4TqSNTw9Fv3765e0PEBnCrFdFclYBZ/RyTWpDZ66vrothEcHLsNhv5QkFuwzxbErFJNNaKyERgUWgit/1220tut+vlZoemMWo7EtuY6HLDUyGVm16bAcQGMMFGZHIpaWqHzpHFYajLSK0WscXeidReX8NwVO4N92fEFqQWxdaK1FYrt9/t3P79fWitNrlHvodZaBjSRM6N3qZWS2cGsQHcY+EgFZuZWwsLA1FqtcpM2p8/zovQtL29hXs7aZrXpmLT1VAV22oVxCVt33X/mqSvdJ1rJSm4bfsm75PvZefb5Nmn5IbYAD5pDls6vxajtRCxyWKBiDOufoqwNCKTKE1k10ofWxiextdDflsiNqfDy7Z1kuEWmkRyVeX23ru99PFYrslr8l6572Ci3X5fjd7SOcKc3B5oAaH5+vXrrF8A4JH5/v37dXLX0vpPnfy3zSTmhuTc3W5oLunDKqrNY5OILX5mF6sPhtQPGXrG6K0V6WmL3ytEb7m6Vfu9LSI0vTYmNsV7N4djmt+/f9/9QwGehYuTBjLbDWmdZxebrfscakbN63I+iMcm5lqxCea1TiWXRGNpCVVYdEjOTw4x9TNzu4vY7xPvncMxzZcvX+7+oQDPwod3qMjtfGGqBKTJs8PzzeqiN3NYXs/reuiHphGTfo59ra6dN70ey1A1HMc8tnAemy4e+FP5a1MJurl/K+/dHI5pfv36dfcPBXgWfvz4cdkDMrtwhGORSNu6Kk7aV9Kapm8vL6H5xaIfliaVBuEpOsFvhqIiKBff5+S9plWSxyYJujFJ12mTe5NV0bPLq86cX5vDMSweAExQyx/7pdiCdyMJ+fMPLQ5Hq65zddsOTc5FfJIlJi1EeBp52VVReS3KyUexVauV69br0Kr12tWrlXOmhXui5Cqby6Y7fuTKqP5TaHOC2AAmeJGo5hbpHnao6b2rbBOheh9aONeITqQlVQmxIH5YFRV02CmiWi5dJ03Etlq5er12TpoIbbUKr4dk3Ri12dKqYYU1LXwXcom4Dyg1AbEBTLBcLq+3Kmon/2NybBCUCE7lJa2qQhRVx6FpHaOrkMAbKw8OxBblI+/V4WUn31ujs/W6F5rktkmLCby2KH5I65iaP5uS2YNUHAwfT60owA3rRXMF8LoLrm4iqWVVsQhei95rrUSQa9rrLh+2VlQenyboLmKSrkRmUoEgQ1ON1HSuzdaKplKbEtlEakfKHHWiAhEbwAku2gU2t8Gkik2kIoKKc2Nhdw8Zbuo8WZz0DzKTiEulprludhddjbji4oOTRYPl8qAFmdkhaLo3W05qTxKhpSA2gFvPsyVyC3lrma3Ag9C0j2Ia9mPT0iuVmt2PTYhJuZrGUcWhZpCaLhTo8DNKbdh00kjt6AdenkRkKYgN4M5iO1gl1SoEjd5keCpC0sjMDFOHonmN1ozYdLVVc9I6La8SQarMTKQ2DD81WhtLxh0TGGIDeG4aEcElTC0k2JVSG73FHDZbZqXHbuQ3D0LTRNvG7LdmFwmSxYKj3zzQZ53iwcXG4gHAvX6pKimtOvqVKvvze5qUa/tUavZ5WhKlQ8sm+Y2DJEo72gp8onLgo8z1C1UCERvALRN107ghNywVuWSGp0eiS388OalokPmxoSSq7vPaRFxDSVW6BfhUPeg5PHDUhtgAblkzmr4vNyyN1QcHhe1aD2qis6Nfgk+kaasaOlNvanfEPbjn1M4cTwxDUYAzueqfSrJtuD+1bZDt0x1DlLRawI/UesYKgtEV0Dn/I7jW5yM2gDuS+3NLJDcquNwcncWKqvpAfScRGwBchak5OO3HZJb7001LoYRzk24LArEBPIvkpo6VqUjMP1eS7SUgNoBnGq7+L/7zyMyC2AAenWv8ifrPITSFdA+AR+eTSekaxJ3jAADKAbEBQHEgNgAoDsQGAMWB2ACgOBAbABQHYgOA4kBsAFAciA0AigOxAUBxIDYAKA7EBgDFgdgAoDgQGwAUB2IDgOJAbABQHIgNAFxp/AX/qdllPni50AAAAABJRU5ErkJggg==""}}]}, {""role"": ""assistant"", ""content"": ""0.72""}, {""role"": ""user"", ""content"": [{""type"": ""text"", ""text"": ""\nYou are given both an image and a text-based representation of the same stimulus. \nIn both, a red dot appears on a horizontal line\nThe left end of the line corresponds to 0.0, and the right end to 1.0.\n\nText representation (the dot is marked as \""\""O\""\""):\n|-------------=---.-------O---.-----~----|\n\n\nEstimate the horizontal position of the **center** of the red dot as a decimal number between 0 and 1.\nDo not explain. Only output the final answer as a number between 0 and 1:\nFinal Answer:\n""}, {""type"": ""image_url"", ""image_url"": {""url"": ""data:image/png;base64,iVBORw0KGgoAAAANSUhEUgAAATYAAABNCAYAAAAsLkgfAAAIlElEQVR4nO2dYVLbSBBGR5LBJlcguf/fnCSXSLgCYGxLW994WmmJkcDYLM7ovaqukWxjvFT8tkc9Paq6rusCAEBB1F/9AQAALg1iA4DiQGwAUByIDQCKA7EBQHEgNgAoDsQGAMWB2ACgOBAbABQHYgOA4kBsAFAciA0AigOxAUBxIDYAKA7EBgDFgdgAoDgQGwAUB2IDgOJAbABQHKuv/gAAV8clbwNSVZd7L3g3iA1gSmg5weUey8nLHnvv6+GiVNylChaN/+efO556fkpUY2nNPTf1GJwNYoNlMicxjRb+fA4TVG7MyW1OgHA2TEVhWcwJrW2HUstFjrHEvMymzvVeczJDdGeB2OCq+ZQJhRNaNRaXyW1q9D8vxsKq69eC84/rx3MC9Jj4PkiFFBEbLExsuemmiWsiKn8+VQxI8uq8xDT6Y/+aXNh7vZXNvUGF2BAbFCy2qaqmi/j+JrDDIQSFzg+H/rxL5/E14ylpVf0VlYlM8tLYNMPzCdFNCs6DrE6C4gFcLS8vL5+aqQ0yMRPZfn881rjf/5WdPe/FaLKxLCyJrPNjileis2MvRPGW4N7J7e1tWDJkbHC1HCSSc5mqePopphdZim63C9VudxSdPabX+QJDEpBNP01k3Wo1eTyQnxPd5LU5QbZ2MogNrpa9pHLpCmgSUzXK0nqxvbxEocVwxya4wbU2E5vLwqLIkszieHNzFFp6PI4Smo2WySlyU1MDuZ0EYoOrZSehXLICqnE89dRoIjOZbbeh1uhDz9k01RURlK1FiUlsJrUks1ajj/Scl1w/VZ3K3gRSOxnEBuWKbaIC2gstSS3sdqGWuLbbo9S229Cl0c71mhh2zS1lbFFsLlszmWlsb29jRKnpWFKzcxNcyt76rC1XVBDI7SQoHsBV8vv37/PfJCc2q36mwoBlacrQosien0Pz/BxqHz6D80UEn7E1zVFmJjSN63U4SGTr9V/JWUhsbpray+2CWduPHz/CUiFjg7IqolOdBRajbE1hUjORdU9PoX56Cs3TU+ien0NQ6HnL2mw6axmbpKZsbbWKIpPADpLZy8tx3O2i5Nr9PrRaPuIiCk2S0/FcMcEgc3sXiA2ukq2mf5e8vmbXxUxqqRjQS01hMktjeHwM4ekpZnESW9BrbTrqMrbWxGZSU0hqu1047PexuiuhtW3bh8QY5SappWt+ryqlc90JMAtig2UUDnwngS3rsGnodhunn41lZ5LZ4+MxdKxI1926jNisaKAMrc/M2jYcum4Yql3oZ0ZhnzEuBFYgtrNBbFDmGrbx7hyjamitjC0VDTpNe11Idm0qHFQ2PVXGlsQWsz0nNqtyKgNru+4YyuSqKhzqOhya5hiSn6SXMrPWt1f5z+ynowK5nczq+/fvp/8UwCfz8+fPy1xjy/SDjlun+ulpmqJ2aTFul6arcZQA/Zo2+z3K2ExyaU1alFx6jzYzDbWpqEbf0vVKYG6tXM8Jgvu+4O/26uHh4as/A8Arzi7Wj3s63U4ecQrod/awKaEdWw+pG2e3MPK9p/bQaBePceN7nMK6iufsf61v3zrh7/Kw4O/26v7+/qs/A8DldqhwmdSr8xR67/j+br1YPE/Tv6ppQpWyLx0HH1a9VIYlfOfAatW/vtKxW8rRH7vX6XfYwtxqrrVq+Id595/ifsHf7dWfP3+++jMAvOLXr1+Xv8aWkBrqVCWtdb1ttQr1zU287qaobm5CdXs7bIS3nT0kFpvGCkkpLdmo1usQ1us4WtTrdVzHFkON6Yq0hm2wjs23V5lk44f9+Dq2Pwv+blM8gKuk0Rf8s5Z7KENLWaFkVXddaBRtG6O2SM/F11kGZ1XRJLaYdSkDS2KLIttsQnd3F+pv30JzdxfCZhOCRi87idTE5ncA8Z0H8RdQNPgIiA2ukhtlNJfeKVcykpwkt5Qh1VU1iCZFPNfzijSVjFmcCgg+Y0vTVT1Xpy4DE1tjQttsQrXZRKHF5SApa/M7fwz2bGOZx9kgNrhK1prWfUbngVvyEYWkaWjT/I26jtmijhs9p0jSiv2kJjZ77yS+OLVMYlNmJqFVXmibzbB3VOGv3Y17RAUdBx+GXlEot190qlfUyy0t1I0dCGlnj8baq/yoNW0mNr+7hzXAu6b31kS22cSWqs5lav0uH2kK2r0ltQ8K7ceC+0QFGRtcLWfvAjsWm3AbTPYN7Skzi9fJdO3LMjTJTNfENEp61rEwytis8lmnrK0vHqRja3yPu3v4KahVRX2FVrCjx9kgNljOdTaN7q5TfeZmUlM2liqiEluUk2VqJrbRfmyD5R5JisrKTGyxQDCXqaUsbdCBgNDOBrFBuWKbud7WZ20aJTZlYSY3CcwKBRKUtVG5pR9GXP+WCgj9JpNJZpLkqx10ndQGd7Q6vtlwhA+D2OBqWUkE55LrEMg1xqcpaczeJDFJTiJTIcC2Dh/f0EVY1uUW5o53yu3F5m7oMim18TF8CIoHsIw7VWVu6tIvAbH1baPe0T5D81uC+5u5CLuRi0lrfE+Dia2/By1WFxba7cLvUCUQG5S7y8fUfUVtzFVL/S4gTnSDmyfn7ivqb6/nRZZbo/aeXTvOkFxzicXN/zhMReGqOeuu5rmfnWiMj7LxO21YP6gXXq4BftR3agIb9H7qPNcQP/UZ4WzI2ODq+ZR/ouk9o9hyi3jHx+MpaKa5PnuH90wngd/V46r+R1AQiA2WxSnT07e2KhJeUm+Ff72BiD4FxAbLZmpJiI254xxjec0t4UBmnw5iAxDjr8FYcrnXeHLiIjv7MhAbwHsl9x5y8kJo/zuIDWCOj349kNmXwnIPgDkQ1D9JWikIAFAOiA0AigOxAUBxIDYAKA7EBgDFgdgAoDgQGwAUB2IDgOJAbABQHIgNAIoDsQFAcSA2ACgOxAYAxYHYAKA4EBsAFAdiA4DiQGwAEErjP5FJi7ZzfsrhAAAAAElFTkSuQmCC""}}]}, {""role"": ""assistant"", ""content"": ""0.65""}, {""role"": ""user"", ""content"": [{""type"": ""text"", ""text"": ""\nYou are given both an image and a text-based representation of the same stimulus. \nIn both, a red dot appears on a horizontal line\nThe left end of the line corresponds to 0.0, and the right end to 1.0.\n\nText representation (the dot is marked as \""\""O\""\""):\n|.---~------~----------=O-----------~----|\n\n\nEstimate the horizontal position of the **center** of the red dot as a decimal number between 0 and 1.\nDo not explain. Only output the final answer as a number between 0 and 1:\nFinal Answer:\n""}, {""type"": ""image_url"", ""image_url"": {""url"": ""data:image/png;base64,iVBORw0KGgoAAAANSUhEUgAAATYAAABNCAYAAAAsLkgfAAAIiklEQVR4nO2df3LaTAxA/YOE3KHt/f/tSXqJtmdoAgF/IyE5QlmgX+yMzfa9Gc0aFxbagVetd7Vuh2EYGgCAiuiW/gAAAHOD2ACgOhAbAFQHYgOA6kBsAFAdiA0AqgOxAUB1IDYAqA7EBgDVgdgAoDoQGwBUB2IDgOpAbABQHYgNAKoDsQFAdSA2AKgOxAYA1YHYAKA6EBsAVMdm6Q8AMAtz3bqjbefpBxYFsUFdMvvbcyWBybn8XER3l7TcpQrujviVvXV87evt0oryKp0rPYZVg9jgPshf0yiuLLHSuRJRYpeOY5tfB6sFscE6uTakzAK7FSWyyK5Ffv6lvmA1IDaYjU/5KqXhZVsS1/H4/jieu3TdrOve5OXH8ZzFcEly+fgDtEjxU2DyANYpttL1siwreRzDzrX5XJRblFPXNYOLrO/fxBbDxSbH/rooOel3gpwQ2+eA2GB5sd0adgax6XuYtFRgh8Pp8eEwPh7Cec3w5HHsOmZpEn1/EpzITcKFV5Dc1WGqg6wWh6EozMJut5uno9J1NMu8VFzy2KUlrUX7+npq4zmXXh6OShbmIhOJSbvZnFqL8TiKLw9Xra+r19/+gsfHx2n/ZvAOMjaYhYNIZCrXJgVihhYEJkKTGPb70zkRnJ/zLM7lJoShpctrEKltNie5ueD8XBRdzuCsvznkBvOC2GAWXkUoc2ZqaULApeby0gxNWhFaDDvngnt3rc2zNRGbSUzbh4e3EKF5GwR3lsXdyt5gURAbzMJeZDKVlKWdTQJEqWWZ7XZNt9uNx1Fy45DVhDmY2DQ8QzOhHR8fT8feWoySs0yuODQVENtqQGywvNhKQ9AgtXHY6bLa708is+heXprB5fby0nTyWeSan113a0pis0ztGKTmoWKz48YfxywuZ25xYkFAbovD5AFM5ufPn9M6yGK7lqlZRiYykxCR9XY8hkvOhqzFjK3vVWrHKLXttjlst82w3Y6P5dgzOJWcDU/fyW3itbZv375N+zeEM8jYYLkZ0bxWLYvNs604/DRpdc/PJ4k9PzeDHD8/q+CGl5emkZDn+LW2gtiOlq0dTGwiNBXb05O2R2n3++ZoExMqN+lLsrgot0tZm0DmthiIDSbzIiKZShRbWJPmEwU6IWDDTheaykzE9uePto2FZHE6FJXMLoptGE5SC2JTuVmmJlI77PcaIjSNw0FbXx8nM60yJB0nFXzZSJ5IgEVBbLD8xEFesxbXqMUhqF9DM6H1f/40jUUrQvNWhqi7nV53G0oZm81wjsNQEZkI7fVVl61oHI8aR5FhjFDhoMciNem/NByFxUBssOwatkvX1+KaNMm8QsY2Djc9Q3t+bo4iNRPb+BwZQvo1Nqs+0DVsvsTDMzIRmElM/iYabauh2Z3JStqxaiF+7jwcFZDbomy+fv267CeAu+f79+/zrl0L1QNx8iBGXO6hmZlFE1ufRQ1i0/Vr9niIWZxlcjpEjSFZnb2nPNbXSsRlHvHvE8/9D7nxO5yXze/fv2fuEv41Jk2sl0qo0k4ePgwcd/bwYWA41sfeushyROLzUx/xvMvWP8N4ra5UHREzudJuvFfgdzgvmy9fvszcJfxrfHiHiiiD2J46HaP194jn4nHXaUi2pOdz6VPuN8xmjq/z49h/etz6ULTweaZuacTvcF42v379mrlL+Nf48ePHx18cMzURQcysvAJhs2k6ycL6vunkOMbDw9t6NS+Etz5HOYXJA5WUrUFrbW1a6/HwoP2dlVbFNWuxrCpGnBn94DU2fofzwuQBTKaXH/Xcs6I5Y7MtiCS647HpJYZB207OeXgGZ+VPXlbl76FZl0jNxKYis4W43Xbb9E9PTSOx3Wq0dl7Wsbn0dLlHrEIoTR7AoiA2mMyD/NDnXscWllH4MFCORVxyeV6jbRtRai/nJTyjkywuVh6k3T1UavJcz8xk8a1IzWQmYmufnppOFulayHl/3tk6tlL1ASwOYoPJbOXH/lmVByYPl5EKKUqs75veMi9tJbOyWtIui83EI69XIcUMTIaiIUNToVnrQpP2rPLAF+hSL7o6qBWF5etFb9WKWuG7SioUvmutqCzUjSVWXnLlz/cqBt+yKNaKhuoDrxc9mMRUakFoKjUX4aWSKuEDWRt1ovNDxgazMGkX2Fu7e4jY7HqZTCSIYHS4aRf9VWSSabn0fI2brYHLGZtf7JdsT/qSPtvQnw5PRWxe+O5F8Hn7IrK11YLYYJ3X2eJ+bCIRryAQAYm0goi0MsFLrjxTC8PQothcbiYrl9vZrGjejy1kanFrcaS2PhAbrENsl6oQPGsToXgVgi3x0OGpiC1vPhnvgZDueeCTEDJzOu6ea20bNp4cJwdim5d45Nv1nd5g2r8DzAJig1nYyI//s+55kO9KFbM3P85C891z07bgOWuTyQgX21hDeuvmLpd2z40tLAqTB7CuO1Vdkdt4K710Q5ezzSjz7fh8wW+qPoi31/MbtcRtiMabt8Q7WV27DR93qFoVZGyw/ELd0v+t8ZZ5LjQ/J+/jWxvlnXZTfehYX+rYzGgsvRoX7UbZle4rWpKa9XkGWdviIDZYvma09Lp8zc1qPsesLQiuKLN8P9GQscWqBr8T/FgnmmtOw3MuCg2RrQ6GojArs36dCgt4VSFRWvE6XBZaztacS0PJPBng8ssym2n77w//RwA3QWywTvLXsrS90aWIf577KmVbpUzsWmbG0HP1IDa4D3L2ltsr+7q9o5Rx3dp6CJndFYgN6srkrj3nlqBuyQuZ3Q2IDe6TSzOpH+WStJDZXYLYoA7m+hojsipguQfUAUKCQLrNDgDA/YPYAKA6EBsAVAdiA4DqQGwAUB2IDQCqA7EBQHUgNgCoDsQGANWB2ACgOhAbAFQHYgOA6kBsAFAdiA0AqgOxAUB1IDYAqA7EBgBNbfwHpukVnIP1gA0AAAAASUVORK5CYII=""}}]}, {""role"": ""assistant"", ""content"": ""0.50""}, {""role"": ""user"", ""content"": [{""type"": ""text"", ""text"": ""\nYou are given both an image and a text-based representation of the same stimulus. \nIn both, a red dot appears on a horizontal line\nThe left end of the line corresponds to 0.0, and the right end to 1.0.\n\nText representation (the dot is marked as \""\""O\""\""):\n|----------~----O-=-- -------.-----------|\n\n\nEstimate the horizontal position of the **center** of the red dot as a decimal number between 0 and 1.\nDo not explain. Only output the final answer as a number between 0 and 1:\nFinal Answer:\n""}, {""type"": ""image_url"", ""image_url"": {""url"": ""data:image/png;base64,iVBORw0KGgoAAAANSUhEUgAAATYAAABNCAYAAAAsLkgfAAAIs0lEQVR4nO2d7XLaPBBGbUMg99D2/v/2SnoTbW8hX3y48yi7yqLYTmMggOacGY0EsQ1vmvfMSqu1277v+wYAoCK6S38BAIBTg9gAoDoQGwBUB2IDgOpAbABQHYgNAKoDsQFAdSA2AKgOxAYA1YHYAKA6EBsAVAdiA4DqQGwAUB2IDQCqA7EBQHUgNgCoDsQGANWB2ACgOhAbAFTH8tJfAGZwisdUtO0pvgnAVYLYblVmU3LTz8bE5e/H85EcVEbLU6puUGbx/bFxKa0or7Hx0GuAG4SI7VaEFqU2NB46rxRbKbkhqZXXQHRwgxCx3UJ0FgW23x++Nya5IamNtfLY8vwxkB5cKYjtCE7+qyummm2UVxSaj8ckV4qn694kNja2lq8wFdUdQYsM4QtgKnotYhuK0KLIXGK73cG4LQXn1yijsq5reokstig369MVhiI5Hx+ZdEBs8BUgtkuJbWwdLbTepSWBudwkNr02wfXq7bgc4TmSmUtrschC631sfT7GJWfnJuZMVZEXXBimojN5eXk5X6QmSbnIXGwmtGa7zeN2u80RXD7erxUjNQnMmo8P3nPJ+fFT63BDYvukyFar1Wl+dwAjELHNZCehnElqWVRRYBKatd76ZrPJ0lPkdhCx+ZpZFNly2fTW0nsal6LTOTF6+0yyYeg1wAVAbDPZSizHUO5Ji+tmMUqTxCSwzeZVbC8v6XVuHrXFtbdSbEFo/d3du94ll6M3X48bWIOb3D5SjgEuBGKbyUayOZYQqaVoy+UUozQXmIRmrXO5ee/T07jOZlJLzUUW2n61envt0ovRW0gyvJPcWPRWjgEuBGK7lNhGMp8xSktyc5E9P6emcf/09Pqe/UzHp1ZEbBJSjNSSzFar1HvTa/18r8itFFyZRS3FFhMMyA2uCJIHM/j9+/dp19bKJEGcakpm1tqnp2YhqZnY0vvqQ9SWIjbhEZvJKstsvX5tq1WzW6/fRBejN5++FtnTyT1w9pkH/QQ/fvw47ncIMAER21dnRCcSBh555bW0ILUks8fH12jt8bFZPD+nsSI6iVByy9cpxCZpucgktdTf3ze7l5csuXdyszW33Ib2vw1FbERucAUgthk8Pz8ff5GhrR1BamkK6kJzmUls1jeS2tNTkl/KjkpuvqctiG1fRGs7E9pus8ktyW27zQJM0ZoEV24TGdvcOyY2gAuB2C6ZOLA1sby1w9fW4pqapp8us4eHpnl8bNqHhzQtbTXWcZtN06t58iFGbJ4skLwkMQlsu03bVXLb71Pba9uINv3qHPU2JT0QW9jvhtjgWkFsX72HbWh9LW6+9WmleiUKFJGpeYT29NTsXWoWzfU2HT3Yy+Ybc/W+EgQSl1rfN1Kfmv4rdm372uy9pEUdo8oHSS1+T13PN/9OiQ25wYVZfv/+/dLf4eb4+fPnvBNjniYWspelUp7ljFs+fHOuZGcRmqarqbfXvuUjIbko0rLXXk2QMqUWge19qupjNROW+pQV1TXLaMzX1vy9GWts/N3BOVn+/fv3rB9QIyerES33sVl9qFo7VDOq6aFeh3EWY2zCZRPEmc+zlq8Zzw3fwb9rHo/dWqnEhTbxe+LvDs7J8tu3b2f9gBqZfYcKn8YV1QFx3Pr1Q0uvLZJqrfk4Twl9mvj2Jd8t9Lehz9fUuEgGpJ+HmtGDzxkrs/pkxMbfHZyT5Z8/f876ATXy69ev06yxeXTlryWdxaLpLBOpvlsum+7uLq27qW+9xUqDKJ9iKtpqnczOaVart/N1zVhapeNi8zKrsW0fY2VWsZ+Avzs4JyQPZrDQ/+DHEBb483aPGLFZplSt2++bxW7XLNTb667vm65tU0sRnL6PZOXVB8KjruXyVWSrVdNpQ+79fWoaL+7vm2a9zi0dY9UIkmgUW976MbXVwz4X4NIgthncKfo5hqFbFPn00qeJJi4t06fWts1CreuaTk2RnJqiMG0P8T1wMWLT9SQ2O66X2ExuSWrW2vU6ic73u0mSfSm2WIHwP9NQgAuC2GawVoRzisRBzIz6lg9NH9VsDS1JLExLFS0qmkqlVRKS9rppmuolVX5NE1vncpKo9L0lLpNZa5FbLrWKhfFWO9pMlVVRcQBXCrWiX10vOlZSVWz3iHf08JpQbcZNQvMyK6sTzbWiavHuHr61I5RVRYmlWtEQqXlBvEvtYPo5Fq3NkBp1onBuiNhmMvsusGPPNijvwWZTSEVaKWkgsdkaWBKaSy9KzSM2x4Vk09acPFCvZkXwqTJBMisSCe/KqD6qNCBSgysBsV3DOpuXVXnkJqmpl4QkLpeRxpp+xptNhjvresIh4zIyUXkWNF3LhBmjtHhn3ZgFzc9EGIrWBEKDKwOxXUJsU1Gb35NNvbKcJrdcID8kNLuLbl5fs+vn/W7lDSctU3ow7Syyn+VzED5MFCA3uCIQ20yWEsExjK21xUypPkPCknx8qhlvbRQf7uLnhDW23ExWSXDlMw8GtnMcTEH/J/uJ1ODKIHlwySdVTURu724VXiYY4pOrPMory55CfeiBtGJiIN4p14/56EEufu0Z8IQq+AqI2L56o+5YvWWUkkdeun58apXLLUxXY3v3XFFJrSiJSpt2bTuJy+zgmQZTUdqUzIja4IpAbF9dMzp0Tik3ycUTCjZ+dzeQeC+3sSfBx7rTkAQoaz9zraiJcHTqibzgRmAqeiQn+/WVj+Mr7vAxmGgYet+vESU09BCWkalmFps4ceZz9s0DAD4JYrsGpqan3o+tx5U/G+Kju3H8b3SGmOBGQGzXxNT9zoZk5/3YeUMR15TEyHZCJSC2Wxfd0HFDjE0ricygQhDbLTD0T3TMPxsyg8pBbLfIKf7JEBlUDNs9bhGkBDBJeNwQAEAdIDYAqA7EBgDVgdgAoDoQGwBUB2IDgOpAbABQHYgNAKoDsQFAdSA2AKgOxAYA1YHYAKA6EBsAVAdiA4DqQGwAUB2IDQCqA7EBQFMb/wCp3rrC7i21WwAAAABJRU5ErkJggg==""}}]}, {""role"": ""assistant"", ""content"": ""0.36""}, {""role"": ""user"", ""content"": [{""type"": ""text"", ""text"": ""\nYou are given both an image and a text-based representation of the same stimulus. \nIn both, a red dot appears on a horizontal line\nThe left end of the line corresponds to 0.0, and the right end to 1.0.\n\nText representation (the dot is marked as \""\""O\""\""):\n|------- ---.-O-=-----------=------------|\n\n\nEstimate the horizontal position of the **center** of the red dot as a decimal number between 0 and 1.\nDo not explain. Only output the final answer as a number between 0 and 1:\nFinal Answer:\n""}, {""type"": ""image_url"", ""image_url"": {""url"": ""data:image/png;base64,iVBORw0KGgoAAAANSUhEUgAAATYAAABNCAYAAAAsLkgfAAAIlUlEQVR4nO2da3LTMBCA5Thtegfg/n85CZcArkDzNrObXXUj5LTk0Tia75vZkeI4jinlY/V0NwzDkAAAGmJ27xsAALg2iA0AmgOxAUBzIDYAaA7EBgDNgdgAoDkQGwA0B2IDgOZAbADQHIgNAJoDsQFAcyA2AGgOxAYAzYHYAKA5EBsANAdiA4DmQGwA0ByIDQCaA7EBQHPM730DcCbXeFRF113jTgAmB2J7ZJF95FhNXn4snovkoCE6nlI1ccq/Hn8dj9eORaK0vF47VtYBHhQytqkyJq6xevmZSCkzKWuCG/scwIOB2B4lM3ORvRc1XGSnws+Ln/lIsxZggtAUvYCr/+iKLK3z1/v9m7hq9XisJqMYs1m9tBhqorui0DrkCJ8AGdtUxHYqQ4sCi7HbHeTnr0u5FUIbXGS1iOeMZXJXkBJig88Asd1LbKeanhaDy8oFttsdYr9PndX1HD/m58fLljLr+zT0fa6rzLwez60JTijFhKhggtAUPZP1en2dC430oWVJeWbmUttuc73bbrPs9FjM2gRvXpZSm88PpUWsZ9GNya0U3Rk8Pz9f+lMDOAkZ25nsRCSXMjYw4NmXS80EJqXEIOVmo5JLfkzej01SwfvMgrwGkdp8fpBbrJeiK5qot2qaAtwCxHYmW5HKtfvUTEoqKM/CTFxabjbHsV4f3hPJhWZqVWxBZMPT0yGsnqzu59Waqx9umgJMAMR2JhuRyaWEZmO16WlSU4EFmc3ktcRq9XbcszrP2uTyNhggkjoS2vNz2od6FF2UXM7gatmb3jRSg2mC2O4ltrIZakJSMVk/mjY3N5s3kYnUVqs0rFZaitjkvSRhWV0qxSZhYtubxKT0ULFZXaUmr0NTNfa9HcntSv1tALeAwYMz+Pnz52UXGJvSEUY7Y5Nz5iJbLlMv9eXyEHZcxWdZm37erq/ZmohNpGZi01gstNwtFmmwuhxzyR01T8fk9tHVCyN8+/btsp8hwAnI2D5zRLQ2xcPD+8d8kCA0O7PElss0vL5q2b++pmG5TGm10pj5YIJfJ4hNpfb0lHYmtt3Li4pMxKaSk9ebzSGDc8GZ3FKUWznv7UK5AdwKxHYGK5HJpYRVBXmSbRj59CaoCy3L7PVVy2TRudzkfB9ECGLbu9hcahLrtUpNBLcToW23B7GJ5KxvT+Um92Fy0+xtbDABYGIgtnsPHPjSKZ9kG7I171PrRWoiMJfZnz+p83K51L62Yb1Og2dtPsHX+9hiM1Riu007id3uKPb7vU46Hmzir07+tZBj1SapgNxgYiC2e8xhq0zxyBmbZF42ECAZmMpKwgYJRGJ762+T0OapSM/EptleyNjyVA/JykReEsOgIX+KHJLdWQhS6l3W1quWzVEBucGEmH/9+vXe9/BwfP/+/TpbEZV9bD5dI85Js6kfGjY510ObjCY+lZrIL85lk2zNXg9hXpuOkvZ92seQrM7qyco8zcPn7MUNKiUumNfG7x3ckvnv379v+gUtcvFAcmUQwXUwWOhrH90s6vr90mQ8tVBekFJE483JUOZ1qNb8jAvpq+/XIm5tVNuV9wT83sEtmX/58uWmX9AiZ+9QUUrg7YI55Np6/bAgvfNO+77Xeuf1uMZTwmXkwvFrWL+YXsdKrdv7+n2heen34Dt95Pv5yNrRD/5s+L2DWzL/9evXTb+gRX78+HHdeWxBDjKQMLNMaSax26XZ05P2u0nZPT+/jZz6vDUfWXVBhaaoCmw+T52MbspnPeSa5aqDGOXi+HK6h4fe9P+PjvJ7B7eEwYMz6OUf+TWIo6IiI8ueNKw5KurohyH1+72GSC+GnmtZWV4Y72tOrT+tM7GpyCReXtJssUj9y0tKHotF6haLfI5L72i6x3sTdQEmAmI7gyf5x35tsfmuHt7EnM3SzKPrNHoLf63vibQkJAuLo6KWwfn1cnZmk3D7xSJLTYXmk3VlaZVM0rVzVWxSLzO3cmkVwIRAbGewECncYrdcHwUVUVmmNRMpSYjE+l6zRZFZL+9ZFiZSisuqYlNUPufNSxWVhcgsCy0sszpaViXnnlpWVRMbkoMJwFrRKawX9dIXwYcVCDqvzXf0sMm6ea1oWC/qWxhFsR1N7ZDF7x6+CsGWTx0tiLc+t+SlbUx5zSVVrBOFW0PGds9dYCuL4X3bIZ+3JoLRQQOLnKVZ1uXCO1oEH0dHLWOTLM8HEXzwoAsyy7t7+B5tIkQXW9yb7dTGkwATAbFNoZ/NRkOPdtAVQYl8RFYutjCaqU1Jz9TCnmx5d49yuoc1YYdCknlUNIyM+vbh/+zHxrZF8CAgtomILdfDonjN3iTLkszNsy0Jl5nIzaQWn4WQsz+fp2brRbVZagKT/rsjmRVTPPJgwVjzk341mDCI7UzmIoJrMLLMKj5WTySUN5+0/i/vf/Mtw6sPdIkTb2101Ded9MysFNo/GRrPPYAHhMGDKTyp6r2twr1pGnbXjc9COJJa+Qg+f1aoP4GqfEqVH4uP43vvMXwXSI0nVMFnQMZ2z4m6tf9T/JhIpZjfptKS0qaExIXyRw9PLh7mEpdMadbmy7Ls2D99aGWG9p7QyNpgYiC2ez7VvPb5ILs8oBCXSZnYjp6REDM1XwDvE3SDnFxgvmY0rw0NEtNz/N7GRj4RGUwcmqIXcrMfn+/4UdtVoxRZ7Fcr76e2eL3Wb+ZiO5WdXSi0i/8jAPggiG1q1J6LEMtSYrWIlLtwXGOnDgQFE4em6NR4TxreVCxFVpa1a45J7JTMkBg8IGRsj0I5LaRWlvVT0kJm0DCIrZWmau28/2lKIjNoCMT2qFz614bIoGHoY3tUEBPAKNYTDQDQDogNAJoDsQFAcyA2AGgOxAYAzYHYAKA5EBsANAdiA4DmQGwA0ByIDQCaA7EBQHMgNgBoDsQGAM2B2ACgORAbADQHYgOA5kBsAJBa4y9D9omm4D6++wAAAABJRU5ErkJggg==""}}]}, {""role"": ""assistant"", ""content"": ""0.33""}, {""role"": ""user"", ""content"": [{""type"": ""text"", ""text"": ""\nYou are given both an image and a text-based representation of the same stimulus. \nIn both, a red dot appears on a horizontal line\nThe left end of the line corresponds to 0.0, and the right end to 1.0.\n\nText representation (the dot is marked as \""\""O\""\""):\n|--.---------O--=--~------------.------- |\n\n\nEstimate the horizontal position of the **center** of the red dot as a decimal number between 0 and 1.\nDo not explain. Only output the final answer as a number between 0 and 1:\nFinal Answer:\n""}, {""type"": ""image_url"", ""image_url"": {""url"": ""data:image/png;base64,iVBORw0KGgoAAAANSUhEUgAAATYAAABNCAYAAAAsLkgfAAAIfElEQVR4nO2da3LbuBJGQephew1J9v83K8kmkqzBlmyJtz4IjbRg0M5IdKwLnFPVBYqWKFnjnOnGi8M0TVMAAGiI8bM/AADA0iA2AGgOxAYAzYHYAKA5EBsANAdiA4DmQGwA0ByIDQCaA7EBQHMgNgBoDsQGAM2B2ACgORAbADQHYgOA5kBsANAciA0AmgOxAUBzIDYAaI71Z38AKHhvp/Zh+FefBOD/FsT2WVx6q4na65AdwBmI7V9SSum9xzW8xOzYvw7JAYSBu1R9MHPy8ud1XD5+T2Zl+9YxQGeQsX0UNVH5tjyuCc/jRVYelxLTY7sOgoMOIWNbitrXOCew96KGl9h74Z9fXgOgA7rP2Bb3eiGyqJLj8XROrc7PtXNyK8U1jn9aO3bnJ9/35kW30O86IEi4cRDbUmKbKzdLgVVi8I/fEts4hslkZrFa/TnW6/WcWhbnJXcliA1uHcS21LSLGaHF65vADofTsdrD4SS0wyFMdt4kV4xyZlE5kU1qXbwSns/kyhLVg6SgQbruY9vv98tcyGdZLusycZnMotgULy+nY2u96CyMJKUoLpOY2vU6t/GcWi++OcHZNa9ku91efQ2Aj6LrjO0goVzD3MCAz75KkaWYnp9jq3P288nLzTCpWZYmoaWIx5vNn+MkuSy/t+SWrg3QIl2L7UVSuZTaPLSy30yiMnGplcxmIgrOlaT5+i77Monldrs9HW82IVQEl8vVvy1LARqha7E9SyhLZWx+EMBKS5OaCWy/zzGqtXMpe4vP1+tcaSupxZCovNC223DU47u7P4JLbZabK0+jHBEbdAJiW0hquTWhqbVszESm2O3CuNuFSed2uyw5K0lz1laKLWVqJrOjxKZ2v89yO+q9fBZn/XC+LEVu0AHdDh78/Plz2b41P0hgmZrP0JLQJLbV01N+HEM/t6zO+tm82NLgQJSZxf19FNvh/j5M6Vhh2dxZeTrX33al2L59+3b5dwjwgXSbsV08Ijo3T82VoGd9aSYvySzFlNqVMrenp5jRxazOsjYTWxo4kNiOSWyHJLDDfh/ldnh5CcciNAhhEctRP2Jq00YEAwnQKN2KbbfbXXeBQmxnUzmsBPVZ2ePjSWaPj1FmaoOk9vQUM7oot+fnMJalqKRmYpPUdruYpUloMY7HOLp7PB5PMU0x4hw6yU2Zm67p57rNrTEFaIRuxbbIwEE5+dbE5krQwbKzx8eTzFIMCklNkfraNAUkZlkKy9jS6GbsX3t+PpWgSWKHaQqasBJjGGKriSJSonoYLOJn9FNAEBs0Trdiu3gOW1mK+jLUjYKObtBgUnboQjI7mtSUyaXBBGVscS5bIbYoJZWYElqS13EYwnEcw2G1OouY3SWB6edn60YVlrUJ5AaNsv769Wvoke/fv1+/hMpKRrd6IK8wcJNv/cRcSS9KSq3kV7Q587O1nSop04TdKDk9T6OdqS8t9qup9ZFEq+NX5ad99gUm6/b6twO3z/r379+hR65eI1oZRLD5Z1YC5vloviQsSsTY1hbMz+zdZs/P16j9PvpZKknzKX+t2n5tF3wfvf7twO2z/vLlS+iR/7xDhRdBTQ4uA9K14/Xd4vXBrePU8ZBKTGtjuNHQ3Lo1ov75gx2njMwf5/ewVQvl53lv992/pNe/Hbh91r9+/Qo98uPHj8te6DOpsrxLctI8tFFTLA6H2ObYbMK43Z7mqlnJquena2X5ecFJULrWZhMGLTy/uwuDxXYbr1curYpRLquqTdIVV/Sx9fq3A7dPt4MHK/1DvxS/k4dlRCYMueI08znHOE1hpdD76nG6oes4DGFM4opTPmxhvBPbkOQ0SGx3d2FME3Knh4cwPjyE1cNDCPf3p0jCM9lJpH5p1Vl/W/ygDBxAm3Qrto2ymqWWU0k8yr6KMlDHUV4W4xhWitUqjArL4jRSWlt5YBmbrm/ZmVYXJLGtJDOJ7eEhDPf3UXq2AiGuOlDY1kauLGU0FFqnW7Hd6R//taOi5ciojm0U1PWDnZWi63VYqd1swkqyckuqRhs5LcQWy1qJOGVilqFJZoMyN8msXFaV1paelaG1VQcIDhqk27WiF68XLUdFiwXw5VZFtoNHlFeaiKulVFloatO8t7OMzd7O7eyR14kmgcUlVcre7LHvb7MtjD5oATzrROGW6TZju2oX2HfWi55tKpk68+OggUIyUz+Y27ooSy1tOFlmbDHjShmfsjYbOLBBhLyNkX4f29rIBg8+YPE7wK3TtdgW62ez9aLlLh9ecBKXRGQZXLnZpCtDz8SmsH6yVMJKYnEwwfrd3F5sOVMrbvSS75sgkBo0DmJbavfcmW3Bh7ny1Ld+k0m/g67NP0t9dZaJWR+axPZqa3BXfr656B25QcN0Lba1RHApb6xAeHVbPS+4UnLFTV1ytuYzNjdJV1NDcqlpZae/ucuc1AQZG3RC14MHi9ypqrb8yd+lyt8HoXLHqupdqvx/En8/0dpdqvy5Wun5ASUod6iCW6frjO3iibq1qR9lW04HKW+M7EXm9mCbu6+ozYuLWVsaKfXLqM62JCp376gJjawNGqZ7sV10V/Paa2bkFoVUkVxVeF6I7r3yOk9XYmbRlSsf7HZ9/nMiMeiM7ktRsdhXUA4qpKVVrwYYajt5lOHxfW3lceXWenkPNnvtZ/+PAOAfg9iWovY1zpWowibh1oQ2J7a58M+x4/L1AB2B2D6Kv+mHs3ZOaJ63BFbrR0Nm0DGI7TMl99Zxjff2UUNmABHEdksl699CdgbwJojtM7nmq0dmALN0P93jU0FOAB9CmvAEANAOiA0AmgOxAUBzIDYAaA7EBgDNgdgAoDkQGwA0B2IDgOZAbADQHIgNAJoDsQFAcyA2AGgOxAYAzYHYAKA5EBsANAdiA4DmQGwAEFrjf2x+Ho4epb+CAAAAAElFTkSuQmCC""}}]}, {""role"": ""assistant"", ""content"": ""0.31""}, {""role"": ""user"", ""content"": [{""type"": ""text"", ""text"": ""\nYou are given both an image and a text-based representation of the same stimulus. \nIn both, a red dot appears on a horizontal line\nThe left end of the line corresponds to 0.0, and the right end to 1.0.\n\nText representation (the dot is marked as \""\""O\""\""):\n|----.-------------- --------O--=----~.--|\n\n\nEstimate the horizontal position of the **center** of the red dot as a decimal number between 0 and 1.\nDo not explain. Only output the final answer as a number between 0 and 1:\nFinal Answer:\n""}, {""type"": ""image_url"", ""image_url"": {""url"": ""data:image/png;base64,iVBORw0KGgoAAAANSUhEUgAAATYAAABNCAYAAAAsLkgfAAAIoElEQVR4nO2dW3LbOBBFAVIvryHJ/n+zkmwiyRbGlmQSUxfqhloI9LBFWUXgnqouUDRFs1LjM41Hgz6EEBwhhFRE9+wHIISQqaHYCCHVQbERQqqDYiOEVAfFRgipDoqNEFIdFBshpDooNkJIdVBshJDqoNgIIdVBsRFCqoNiI4RUB8VGCKkOio0QUh0UGyGkOig2Qkh1UGyEkOqg2Agh1UGxEUKqY/HsByCkKaZ+xYj3096vEig2Qr5aZiW5XRJeSV56Tr9HwZ3g+ZYqQh6E/dPS42vnzqHisgIrnSt9bhBmbIRMTS4s2147zsnlhVYD3ymJLmTnG4QZGyGP6mrm4tIYx3/PXRKbSqrrTsWWR349aFRwzNhIczzs/+VyX1+SlsrsXFuSW0lekJsKzrQhFxrQrG4C/MwESbGR5phcbOcyNCuvLPwwHD/rNfYeQGQVVGB9fxRbFukam9WF6bqkFBshtYvtUtczBBeMrLzKCyIbhoPQhuFwjcgtnsuytlDI0gLEplH4HENl5rMuqjIzQX0WjrGRptjtdtPe0HYhIaksQ1ORuff3w7FprehOuqQAmVoutcUitZBZQCvH8TOuxbHPMje5372sVis3F5ixkaYYIJEpKM1oZhmaSstDZvu9C9JGqeH4/f1wTuVWyNg0KwsqsuUytmG5PIhO2iQ9/O7OjMNNLLe5QLGRpniHVO4lX4uWdTut0KLA9vtj7Hbp2BnJnWRtKjbJ1KLIRGIxVquD0NDiuyK7KDe0XSFzUxqRG8VGmmIPmUw9A6pCKmRpSWa7neuk9dvtqeA0a5P7BBEbupYnUlut3AiZIdZrF5AFyucoN8gO9+lN1/TSeFvFUGykKSYRW2H2M2ZrIjaVVRIZpLbdurDduu7tLYoNP3MamrVZsclMJ6Q2irTG9TpFlBqO5btRcJCaZm19NoMKGuqScvKANMPv37/vv0lp0a2KTcbNNBPrRGgQWf/2FqWWAnKzmZsZZ0vZWt+7UcSGTG3cbKLUhs3GBRxLxOwNoZnbQiYVrNgmGmv78eOHmwPM2Egz3D0jWlqvZicLVGwQGsQmGRoivL7Gtn99jcduu42Ba9JYm2ZsIrYRYlsu3SDZ2rDbRZEN7+9uHIZDjGMMLB9BxqZjbi7P2hpb/kGxkWbYQiJTjq9lyzriZIFmagiRmsoMrfvvP+deX51/ezvKTcUmM7a4e5SaiA3Z2rDfR6FhVncYxxhRaiEcQp4jCm6UNXIym/rPJEKlMrNQbKQZJp04COE4caBja5Kt6Zgaup9RZiI0D6GhRWCsDZkcxt5ysZmJgyg2ZGgisiEEh6sG71OMuF6EiJGloMJVsdmqBECxEVIPk6xhy9at2W5opxkbBvYhK50ckHG2UWSG6JDFIWvb7VyADLOuqC7AhaRQbAV5jdI9HRaLQ8hxHIcTgankTp6vwUmExffv35/9DIR8CT9//rzvBqVaUO2KmrIpW2mg425BQ9avpVYmD9IYG4CcdD0bZATBYfxMYjwTTtpQkpg+87llHzdKbi6+WPz9+/fZz0DIlzDJAoBsF46oA2RZEvpZz9ljrSG152/ZukjPanczP3/yO7Lf6fA78912SzK78d9mLr5YfPv27dnPQMiXcPcOFXa3DHvsfby3zwrX42fJnryEHqfidS2DsvfTn8uyDW9aPcbPfbZWTZ8hyH3S88gzXqxAuPHfZi6+WPz58+fZz0DIl/Dr16/px9gESKaTbmm3WMTxttgilkvnEavVscxKu7AqNBUcgKRUZuu1c+t1bDU6rT7Q0ipTL5omDPozWxyVduT9AHPxBScPSDP0+GOfclYUopDB+ZgtSdcUsoLk+hBcjxay08DP8F1cL5lZHGPTkio5DzlFGUJkugD35cV1m43rX16cQ2w2B+mtVgfZLZdRoiGXXGktW8UTB4BiI82wRGYz9To2rRE1Xc3O+2NAqN7HiJ/xcwSyMc3iUHmgExEmY8PPo7BUbJAaZCah0otVCaZeNORbGVFshNTLGt26R1UeoFuplQfolmbRaytdUwhLF/LG75iMLcpRsy4RG1qVmd9sjkJDa4QWu6Z9YQPKfB1b5RUIrBUlTXF3vaj9c8l3yrVlVaYCIdWKmhKrVEeKbM2MublsV49UJ6oF8KhCkLpQzdTS7h92M8o+G2M7l619QGhzqRMFzNhIU0yyC+y53T1saZWMd8XuphzHLA1dT2RcKjUpgE/bg2tmJZLC95x2WU3oxAHEpzJLYusKEwalyoPKsjQLxUaaYvJxtmyxbhQUxscgKx1HU7mJ1LTsKmVruNZsMpkv94gTAmZmVT+nvdrMLrvFF7z4M6/pqxiKjTTFJGIr7aCLmc6sCiEu2YC47CRBFmlzSrOYNq1307IqM37mz3Q7NUsLpSzNt/fOUYqNNMUCsnngK/dOdvzA79JxNwjVjL+lXXOt2GzJk1nEG2VmXt5ykqVdewUfuHNsbY5w8oA0x6RvqrILdu2OH4Ua0jj2piLTY/tu0ezVealraRbd2nca5Es5wrVup/98N3ROb6gCzNhIc9y9UPfKe0XT+z1VbFpVgDE3Wyxv5WfvIzOjsSRK5JYW7V7K0OS77txY2h3F73ODYiPNcXfNaOn7edaWCU73RzuRmc3UsjfApzpPIzArtfRZniVla/b5fN1r1S7Brihpkof8Z29nSvWznTXNj/OXJGeF9f9MAOTH5trwQKH5GQqRYiNkCq51Ty9tU3RObNreOnaWH+fMUFCfhWIjZGry5SB5WzqXc2ngv9Fxs49AsRHyjCzu3DWWcwKjzK5CsRHyTMndAkX2YSg2Qr6az/7JUWY3w+UehHw1FNTDkXJ/QgipB4qNEFIdFBshpDooNkJIdVBshJDqoNgIIdVBsRFCqoNiI4RUB8VGCKkOio0QUh0UGyGkOig2Qkh1UGyEkOqg2Agh1UGxEUKqg2IjhFQHxUYIcbXxP4NOlatHaI8FAAAAAElFTkSuQmCC""}}]}, {""role"": ""assistant"", ""content"": ""0.28""}, {""role"": ""user"", ""content"": [{""type"": ""text"", ""text"": ""\nYou are given both an image and a text-based representation of the same stimulus. \nIn both, a red dot appears on a horizontal line\nThe left end of the line corresponds to 0.0, and the right end to 1.0.\n\nText representation (the dot is marked as \""\""O\""\""):\n|------. --------.------O ---------------|\n\n\nEstimate the horizontal position of the **center** of the red dot as a decimal number between 0 and 1.\nDo not explain. Only output the final answer as a number between 0 and 1:\nFinal Answer:\n""}, {""type"": ""image_url"", ""image_url"": {""url"": ""data:image/png;base64,iVBORw0KGgoAAAANSUhEUgAAATYAAABNCAYAAAAsLkgfAAAInElEQVR4nO2df1LbPBBAZTsQeoa29/+3J+klaI/QEJI4/mbXWn2LKgMtonHEezMayU5sUoa87uqXu2mapgAA0BD9pT8AAEBtEBsANAdiA4DmQGwA0ByIDQCaA7EBQHMgNgBoDsQGAM2B2ACgORAbADQHYgOA5kBsANAciA0AmgOxAUBzIDYAaA7EBgDNgdgAoDkQGwA0B2IDgObYXPoDAFSj1uM7uq7OfeBiIDZoT2Z/KzgTWn49ors6Op5SBVeL/9O1dulc3s5F5Y+X2s+dg9WB2KAdmUltpfR6SVC5yPLzpfeVjmFVIDa4bqG9puTXl6Tly3PnfO1BdKsCsUFV3vXPaZqC6qMkr/N5Ltb2tV3jycXlS98/OZ7+VHJ/SIcUq8PgAVyH2EpRmheYlHHUurNjez2P3HJpmcikLrSnTHS1BYfY6oPYYJ1iy+8T5aT3jzLrcqFJPY5hisfS7rz87FZ5dNb3s7ysDMPTY19eEpwHYV0MUlGoxuFwqH9TF2l1WdppIlOBnU4hnE7zOWnLOXs9T0l9FCZSG4b/61hSe0l0XowVIrfb29sqvy6YIWKDaowikVoURjZVbD4SiyLrjscwSft4nKV2POr5KdZPUlIXsamsosRUZJvN3N5s5vOxTm0X0f1x9Ab/FMQG1TiJVN6pT82kpkKzaCzKLJXDIdXBJBejt6LYnNREXFpubmaJxeNgx150udy85AzkdlEQG1TjKDJ5rxFQ16cmaacWk9nhEHqpHx/TsUkupacxapOeF4nUUjGhbTbhLBIrlCQ3KxbhmeDylBSpXRzEBqsV22/RmovUei+1x8cwPT6Gfr9XuclxkCKRm0VtJrYYsanUhiGcndTOt7daVGixHex4QXC/9bsJpKQXh8EDqML9/X29m/npGSI0aUepWZ9a76K0Yb9XqfUPDyo1bUv0JkUE6NLRJDaRWhSbl9ooIttu5+PtVgVnxST3RGxebm/sa/v69Wu93+EHh4gN1jUims9Xi5GWCi2moL2JLUpsEqHt92HY7cK034fw8BBClJv2tUmJaayKre/DWcpmE0aR2s2NCk1ENorUDgdtn4/HWW6nUyoiN5WaCM6NohYHEwwit38OYoMqPIpEKtJlfWs+BdUSpSbR2rTbhUFkttup1DppS5H3WDoa+9lEbCo1F62J3ERo4+EwFxHa6TSXcdRi8+N0jpzITdqvidrgIiA2WF//mojNTaw1sVlaKVIbYgqqAhOZ7Xah+/VLpaZtEZ4UGyH1qajrX0tp6OkURinjGMZpSkWm9eo1cfKxxpPxc03yGUVuUiO2VYHYYF1z2HwqaqOg53Po4yCARGAyP00HBqTEvrSz1DJ4EPvaNCWNYusysdlkXB00kIjsfA7nKLGx68LY93PddXN0F4V1trlv+d5tUir1s0EdNl++fKl0K/jIfPv2re7uHT4VtRUEllLadI845WNyRWSX6jhq6iM2vb0ISEZD3SoEFZ2lni4F9amoCFBTUUk9pTaB+Xlyb5jTxnexHpufP39WvB18VKqvEXVLqDQF9EuqbM2oTeGwtNDVxWIL4PP7WIrqP0b+sfy/0SI//3mXju3nvQK+i/XYfP78ueLt4KPy5h0q7MtvInD3k3t3WXqXjqXd9/Ox1EuL1+1n2GTauISqi1M3umHQks77Ec/4WufWjKafv7S06i8iNr6L9dj8+PGj4u3go/L9+/c6N3Lz16wtWuijjPpCETlZkWkYnUzFkDTVdvQQsbiIzaSl79tuQ+dKb3PXYq3TOqzYMis/GlqapPuXfWx8F+vB4AFUYZAveC0k7RRJWB+byCgKTtLRfprCMI5zkQGFcdTBBa3lWrlG7iORlUjI5rHJa3Fyrorw5ib0JrG7O5XacHcXwqdPIUjtZSe1TdA1yXm5laI3uBiIDapwI1/2WmRbFGkaGCOivuv0YbgiMKkHkZw71tdFhFFcaeVBFrHJ631cOqViE6ltt7PQ7u6S0HSirpy399rKg3xrI78gXkBsFwWxQRW28uWv/UwD1/FvfVydpaAiuSi6IbYlauxFWFJub1VMNnqaNpoU8cVRUZOVTri1dDRGbio0Wzvq14s+t5yqtF40b8M/gbWisK71ooUlVaVdPWz1wZO1onEZlda2w4eJzW1ZZLt66ORcm6AbRSYrECY7dlGaSW1x66I3bjrJOtG6ELFBNarsAlt4tkESm6SXIqkYlaWUMqaVEqXp7h4SedkebZnYVDYx2pJrbLChk2tjsUXvZ7ejx5M92V7aLtx+DlwMxAbr72fzE3VFaLK8yo2E6iCAyUn6x2zDybiDrl7nxeame2g/m5ObHduGk2nTyWwU9FUPeIGLgdhgfWJbitokQrMddG3+WYzi0kCBi9TyTSaFNN/N75wbJSb3sOMkM6vdsxFeFaUht4uC2KAaG5FNDRaWV/nH6qmwbNqGtEVslnbasw4sWnNPqEoichNv88gspZ0+Qlua0oHUVgmDB7DeJ1VlzwNND3NZekqV22E3vW7vN7IHuSRpZemmf13fszRPrYLQeEJVfYjYYF0TdZfWXvpF5m5+W3quqERu1nZCSzI04kOSLSXVqC3KLS3H8o/bKz2s5TX9aURtFwWxwbrWjObXZ2lpGlAQ2VjfmQnObXP025Pg3f1tVUKK3GyNqUnMH9vT4kk7rwpSUajOu/xJWed/vl9btoX4k3O+ePI+snwuWva6is2u8/dYw38EUASxwbp5blugksBKQiuJzernSv7eEohplSA2uB5e6n8rtZ9jSWBLMkNiVwNig+uktLb0uXaJUmqJzJoAscF189IOtq+hJC+EdtUgNmiHt/wpI7KmYLoHtANygkjcZwUAoB0QGwA0B2IDgOZAbADQHIgNAJoDsQFAcyA2AGgOxAYAzYHYAKA5EBsANAdiA4DmQGwA0ByIDQCaA7EBQHMgNgBoDsQGAM2B2AAgtMZ/tUFVB4B3SsEAAAAASUVORK5CYII=""}}]}]",0.31
google/gemini-2.5-flash-lite,sample_010,0.65404,0.65404,0.42,"[{""role"": ""system"", ""content"": ""You are a marker location estimator.""}, {""role"": ""user"", ""content"": [{""type"": ""text"", ""text"": ""\nYou are given both an image and a text-based representation of the same stimulus. \nIn both, a red dot appears on a horizontal line\nThe left end of the line corresponds to 0.0, and the right end to 1.0.\n\nText representation (the dot is marked as \""\""O\""\""):\n|-.----------.--.---O-----.-------------=|\n\n\nEstimate the horizontal position of the **center** of the red dot as a decimal number between 0 and 1.\nDo not explain. Only output the final answer as a number between 0 and 1:\nFinal Answer:\n""}, {""type"": ""image_url"", ""image_url"": {""url"": ""data:image/png;base64,iVBORw0KGgoAAAANSUhEUgAAATYAAABNCAYAAAAsLkgfAAAIfElEQVR4nO2daZLTSBBGtbjbfQfg/n85CZcAzkB71cRXzhTp6pLa2GIal9+LyCjJlmQPeB6ZqkXtMAxDAwBQEd1HfwEAgKVBbABQHYgNAKoDsQFAdSA2AKgOxAYA1YHYAKA6EBsAVAdiA4DqQGwAUB2IDQCqA7EBQHUgNgCoDsQGANWB2ACgOhAbAFQHYgOA6kBsAFAdiA0AqmP10V8A7pilHpfRtstcB8BAbHCbyG6RmwutdA1kBzfQ8pQqeJf8J+L78fWpY0qSivtT21PHA1wAYoPrZKa2tF06N8rpvXZue+41gAClKPy5zKaidE4uL4+5fZ07JzS/NoKDCcjYKmDRv8KCoJI+jsdzicX9/L38++Ti6rpzqRViyM8pXesGWqRYNWRsFbCY2OYyNMnLBebbIdpccJFcWi622GayS2IrhWdzU1ndhSC2ukFsjyy2udIzCG1waR0OTesyOxxOQrN2UGvHJcll5eKZzCzSa6X9XHq53Py63H+DCShF75ztdrvMhUr3zCSpmJlJbBKYRdre73+/5sfnWZsJahRX35+21fb9+WvviW5Kclfw/Py8zJ8d/HOQsd05BwnlFqY6BrzENGElke33o8ja3a4ZtK3XguCGWJaKWH5Goa1WJ6mZ3LQf3y+J7m/IDeoEsd05e4nlWvIhGtn9s5R9eUamdrc7tYrt9tTudqewY5LkSmKzzCwJzaQ2bls0UXba1/G2/0Zu3vpnxBYeHsR25+wkm6Uytlh6ernpWZrLTBJTu902nW+r9WNiSSqsIyCJzGX29DTK7Kht3/dWInPZudhi2TqXuQEgtgcXW16G5vfSPCOT3CQyE1qS2mbTDNbqGL2XMjaFX0dYGRozNJfZ0eP5+SQ122+C5GIWN0apNHUQHNB5cN98//79+pOnhnTkmZqXmptNklcS2WbT9K+vaTuFSS9lcDonz9iC2KLMUrteNwdJTPv2WpKaZCexueAsi5sU25Xl6JcvX67/M4R/FjK2R+wRLY1XiyVoLjUTWucye31tBm2/vja9MrfNJmV0Kavz+2y52CQ1E9vBJJZaiW29PkkthDomkuB0PcvcRrGV5GafddbCw4LY7piNhHILpaEdsQRVmetSc7FJZhLbr1+pbSwkvyS3/b7pXGw2iFbZ2lHh2ZpkJrGp3e1OIbnt96c4HFLou2h8nATnmeRZWRo7EgRCAwOxPXrHQRSbj0dzsfk9NZOaRNb/+tU0Fq1CUlOoRN1uT5mW32fLMrZ0D00Z2W6X5CZ5abjK4Xg8i+MwpGEjg7ehp9Y7FtL3nCpH4eFBbI84hm3u/looQ3XPzDsNBs/IlCXafbajWhObdyY0Pr4tE1vqBJD0lI2ZvHSE4tC2v6PrmqPCMjG9P84bjd/dx7vpc0rlKDw0q8+fP3/0d4Ar+fr167Jj1+Jg3DDDIHYopMG5lpWN2ZlaSVBS817UUIqmoRr2uUlS3plg548lqO7BWRnqpahK2DRdS/JSq/Oj0PW6f84VcuP3Xyernz9/fvR3gI+aI1pYbijNGtCuRRuOS+/4+9r31/NVPuJwDxGnZWXnxf+GeP34HYrvxzYuZ+QT5C+E33+drD59+vTR3wH+zxUqSqtixNcs89G10/VD72Pr5Z+2+z5FE9qxNFQbV+DIxqHF8+K547Z9jj5P4RPo0+dPTYr37x7bC+D3XyerHz9+fPR3gCv59u3bMhlbLgitwXY8Np3dpFfbPT2l3k4N5+ien08lqZesPj9UTon3vvzaEpSNSWs18Vznh9D10rg1G8Om4+IQDx+oe9Eg3T+UPb//OqHz4I7p9T/4kr2iIQuSHmJoQEU/DKew/RRt23QxgyvcY0tZ12rVtBLben0S2ctLiu7lpelfXppGsV6niLKTUEex+SyE0sR4QccBGIjtjnlSZrOk2CQN7yjw0rPrRnl59BZd35+yOcvoUgYWZh/kGZvENmZnJrY+Cs2kl4aCWObmw0SK80UZ6gETILY7Zi0hLNErKrJ119KQD8nIosuil6SenppeWZWE5FOrJsSWylqFpGYic5m1ytyC0Ma5o6UydG4JIwfJPTzMFX3U+aJzy3/7Srm+YofNQvA5oWmuqLZ9ipXPFfWljDKxjXNF4zxRn0ZlU6rezBXNlzIKHRdvFp4UV2RtzBOtFzK2O+fqVWDn5ouG6VVJUioFvdNA8lKWJtEpU/PVPvLli+JwD5eSlax554HCJ74fQ4fBmzXZ8iXDBYtNQgHE9sj32fKyNK5+G1fQdcEp/D6aiW2cehUWnEwRS1Ef8mHSSh0Cuo7dl+tK67H5/bRQfvrg3qLMkBoEENuds6jYJp53MMotW6NtlFlct82PC0NJUm+r9ZqOK+aaxCS34gq6vuLupUuCIzYIILY7ZyUhLCU2byce5jIKTpmWS86fexAe6jKe43jGZnNGo+DGsjM+5yBKzSX23vJEiA0CdB5UwCJPqsqnV1m8KU3jYpT5U6qi1KaeUpWVmXEZojdPqbrkwS08oQoKkLE96kDd0r9npQ6FbB5o8XF8cQJ9/lzR8NyDcUqUTZeSyNLYudLj9q4RGlkbGIjtUeeMls6ZKE2TqHwVjTjZPSwoeZap5WLzqVYxc4uii/v+VCvKTrgBStFKWPSvMRNcXOGjlMW92S6tvBGzr9K9syw7G8vQyEJCu+ofArgrEBv8ZuqnMFeiliKel2daUxHfj8eXQEzwDogN5sl/HjNruZVK0DOmhmnMyQyJwRUgNlhGclPHRKYEhsxgYRAbLNujegn0aMJfBrHBbdzy80Fm8JdguAfcBnKCfxBbIgEAoB4QGwBUB2IDgOpAbABQHYgNAKoDsQFAdSA2AKgOxAYA1YHYAKA6EBsAVAdiA4DqQGwAUB2IDQCqA7EBQHUgNgCoDsQGANWB2ACgqY3/ANGl1gCCZwauAAAAAElFTkSuQmCC""}}]}, {""role"": ""assistant"", ""content"": ""0.57""}, {""role"": ""user"", ""content"": [{""type"": ""text"", ""text"": ""\nYou are given both an image and a text-based representation of the same stimulus. \nIn both, a red dot appears on a horizontal line\nThe left end of the line corresponds to 0.0, and the right end to 1.0.\n\nText representation (the dot is marked as \""\""O\""\""):\n|--------------------=-----=---O------ -.|\n\n\nEstimate the horizontal position of the **center** of the red dot as a decimal number between 0 and 1.\nDo not explain. Only output the final answer as a number between 0 and 1:\nFinal Answer:\n""}, {""type"": ""image_url"", ""image_url"": {""url"": ""data:image/png;base64,iVBORw0KGgoAAAANSUhEUgAAATYAAABNCAYAAAAsLkgfAAAI6UlEQVR4nO2dbY7aMBBA7STLxxna3v9vT9JLtL1Cd4ElqcbxpINxAl0+At73JMtJCAFV2texPWN813WdAwAoiGruLwAAcG0QGwAUB2IDgOJAbABQHIgNAIoDsQFAcSA2ACgOxAYAxYHYAKA4EBsAFAdiA4DiQGwAUByIDQCKA7EBQHEgNgAoDsQGAMWB2ACgOBAbABQHYgOA4mjm/gIAMMG1f5LEe/cZQGwAjy6znNzGhDcmLu8/9r4nxfMrVQAPLDN7PXftlKT8GcfnPOfJQGwAczIlLunHjtP35KTlT/Tp8dS1c157IBAbwCNFZ+mxtLY9PE/fMyYvnzR73d6bHufOx65NXZ8RxAZwBlf/M0nE5K24rMzSPm2WnMx8bFV1JLnuIxHdfwxn/YzCY/EA4N5iy0VlOaElzdvzXMRmWqcik94e23tORXK5Xj4vXYgYERhiAyhZbLmhp16LkgrPV4Ht9/2x9Pt9L7T93nV6Xe6xMrQRmMqrrnt5Sa9yq6peeGn0lhPcmOiuMU93BxiKApxgu91e72GZKG2IxKK4gtje33upJf2B+Oyfro3C6l5mQWp1/U9ucmwkF+6ZGr6eEp/9bNsbFouFmwMiNoAT7EUktxp+JhFaENj7e+ilddLvdr3o5DhGboMMFR1+alTWNEFoQWr22IpO783NwY1FdVOLEXr+ACA2gBO8i1QuIU3PMPNoOszUKE0lJn1o2+2/4yi30Oxcm51XE1k1UWTSv7z0fbymkhuiN+nH5uJycsssQjyi3BAbwAl2IpsrRmwHiwBplKYik367dVXsDwRn596i2EROIqpBaE2U2suLa1VuqeSS6O0ogssJLr02Nfc2I4gN4NZiS4ehKjTpVWjyGbtdL7LNppfaZuO6zSb0ck1eC9Ga3Gvn2VRsUVRd0/QyWyxC38ZezoPomuZ4eJrMvR21VHZ6Lmj/QHJj8QBggp8/f17+kFxKRzL81CitUpG9vbn67c1V0uK10EzUFt5vxRZl1RqZtctlON4vl73UVHIauYnkzLB0Um4TqSNTw9Fv3765e0PEBnCrFdFclYBZ/RyTWpDZ66vrothEcHLsNhv5QkFuwzxbErFJNNaKyERgUWgit/1220tut+vlZoemMWo7EtuY6HLDUyGVm16bAcQGMMFGZHIpaWqHzpHFYajLSK0WscXeidReX8NwVO4N92fEFqQWxdaK1FYrt9/t3P79fWitNrlHvodZaBjSRM6N3qZWS2cGsQHcY+EgFZuZWwsLA1FqtcpM2p8/zovQtL29hXs7aZrXpmLT1VAV22oVxCVt33X/mqSvdJ1rJSm4bfsm75PvZefb5Nmn5IbYAD5pDls6vxajtRCxyWKBiDOufoqwNCKTKE1k10ofWxiextdDflsiNqfDy7Z1kuEWmkRyVeX23ru99PFYrslr8l6572Ci3X5fjd7SOcKc3B5oAaH5+vXrrF8A4JH5/v37dXLX0vpPnfy3zSTmhuTc3W5oLunDKqrNY5OILX5mF6sPhtQPGXrG6K0V6WmL3ytEb7m6Vfu9LSI0vTYmNsV7N4djmt+/f9/9QwGehYuTBjLbDWmdZxebrfscakbN63I+iMcm5lqxCea1TiWXRGNpCVVYdEjOTw4x9TNzu4vY7xPvncMxzZcvX+7+oQDPwod3qMjtfGGqBKTJs8PzzeqiN3NYXs/reuiHphGTfo59ra6dN70ey1A1HMc8tnAemy4e+FP5a1MJurl/K+/dHI5pfv36dfcPBXgWfvz4cdkDMrtwhGORSNu6Kk7aV9Kapm8vL6H5xaIfliaVBuEpOsFvhqIiKBff5+S9plWSxyYJujFJ12mTe5NV0bPLq86cX5vDMSweAExQyx/7pdiCdyMJ+fMPLQ5Hq65zddsOTc5FfJIlJi1EeBp52VVReS3KyUexVauV69br0Kr12tWrlXOmhXui5Cqby6Y7fuTKqP5TaHOC2AAmeJGo5hbpHnao6b2rbBOheh9aONeITqQlVQmxIH5YFRV02CmiWi5dJ03Etlq5er12TpoIbbUKr4dk3Ri12dKqYYU1LXwXcom4Dyg1AbEBTLBcLq+3Kmon/2NybBCUCE7lJa2qQhRVx6FpHaOrkMAbKw8OxBblI+/V4WUn31ujs/W6F5rktkmLCby2KH5I65iaP5uS2YNUHAwfT60owA3rRXMF8LoLrm4iqWVVsQhei95rrUSQa9rrLh+2VlQenyboLmKSrkRmUoEgQ1ON1HSuzdaKplKbEtlEakfKHHWiAhEbwAku2gU2t8Gkik2kIoKKc2Nhdw8Zbuo8WZz0DzKTiEulprludhddjbji4oOTRYPl8qAFmdkhaLo3W05qTxKhpSA2gFvPsyVyC3lrma3Ag9C0j2Ia9mPT0iuVmt2PTYhJuZrGUcWhZpCaLhTo8DNKbdh00kjt6AdenkRkKYgN4M5iO1gl1SoEjd5keCpC0sjMDFOHonmN1ozYdLVVc9I6La8SQarMTKQ2DD81WhtLxh0TGGIDeG4aEcElTC0k2JVSG73FHDZbZqXHbuQ3D0LTRNvG7LdmFwmSxYKj3zzQZ53iwcXG4gHAvX6pKimtOvqVKvvze5qUa/tUavZ5WhKlQ8sm+Y2DJEo72gp8onLgo8z1C1UCERvALRN107ghNywVuWSGp0eiS388OalokPmxoSSq7vPaRFxDSVW6BfhUPeg5PHDUhtgAblkzmr4vNyyN1QcHhe1aD2qis6Nfgk+kaasaOlNvanfEPbjn1M4cTwxDUYAzueqfSrJtuD+1bZDt0x1DlLRawI/UesYKgtEV0Dn/I7jW5yM2gDuS+3NLJDcquNwcncWKqvpAfScRGwBchak5OO3HZJb7001LoYRzk24LArEBPIvkpo6VqUjMP1eS7SUgNoBnGq7+L/7zyMyC2AAenWv8ifrPITSFdA+AR+eTSekaxJ3jAADKAbEBQHEgNgAoDsQGAMWB2ACgOBAbABQHYgOA4kBsAFAciA0AigOxAUBxIDYAKA7EBgDFgdgAoDgQGwAUB2IDgOJAbABQHIgNAFxp/AX/qdllPni50AAAAABJRU5ErkJggg==""}}]}, {""role"": ""assistant"", ""content"": ""0.72""}, {""role"": ""user"", ""content"": [{""type"": ""text"", ""text"": ""\nYou are given both an image and a text-based representation of the same stimulus. \nIn both, a red dot appears on a horizontal line\nThe left end of the line corresponds to 0.0, and the right end to 1.0.\n\nText representation (the dot is marked as \""\""O\""\""):\n|-------------=---.-------O---.-----~----|\n\n\nEstimate the horizontal position of the **center** of the red dot as a decimal number between 0 and 1.\nDo not explain. Only output the final answer as a number between 0 and 1:\nFinal Answer:\n""}, {""type"": ""image_url"", ""image_url"": {""url"": ""data:image/png;base64,iVBORw0KGgoAAAANSUhEUgAAATYAAABNCAYAAAAsLkgfAAAIlElEQVR4nO2dYVLbSBBGR5LBJlcguf/fnCSXSLgCYGxLW994WmmJkcDYLM7ovaqukWxjvFT8tkc9Paq6rusCAEBB1F/9AQAALg1iA4DiQGwAUByIDQCKA7EBQHEgNgAoDsQGAMWB2ACgOBAbABQHYgOA4kBsAFAciA0AigOxAUBxIDYAKA7EBgDFgdgAoDgQGwAUB2IDgOJAbABQHKuv/gAAV8clbwNSVZd7L3g3iA1gSmg5weUey8nLHnvv6+GiVNylChaN/+efO556fkpUY2nNPTf1GJwNYoNlMicxjRb+fA4TVG7MyW1OgHA2TEVhWcwJrW2HUstFjrHEvMymzvVeczJDdGeB2OCq+ZQJhRNaNRaXyW1q9D8vxsKq69eC84/rx3MC9Jj4PkiFFBEbLExsuemmiWsiKn8+VQxI8uq8xDT6Y/+aXNh7vZXNvUGF2BAbFCy2qaqmi/j+JrDDIQSFzg+H/rxL5/E14ylpVf0VlYlM8tLYNMPzCdFNCs6DrE6C4gFcLS8vL5+aqQ0yMRPZfn881rjf/5WdPe/FaLKxLCyJrPNjileis2MvRPGW4N7J7e1tWDJkbHC1HCSSc5mqePopphdZim63C9VudxSdPabX+QJDEpBNP01k3Wo1eTyQnxPd5LU5QbZ2MogNrpa9pHLpCmgSUzXK0nqxvbxEocVwxya4wbU2E5vLwqLIkszieHNzFFp6PI4Smo2WySlyU1MDuZ0EYoOrZSehXLICqnE89dRoIjOZbbeh1uhDz9k01RURlK1FiUlsJrUks1ajj/Scl1w/VZ3K3gRSOxnEBuWKbaIC2gstSS3sdqGWuLbbo9S229Cl0c71mhh2zS1lbFFsLlszmWlsb29jRKnpWFKzcxNcyt76rC1XVBDI7SQoHsBV8vv37/PfJCc2q36mwoBlacrQosien0Pz/BxqHz6D80UEn7E1zVFmJjSN63U4SGTr9V/JWUhsbpray+2CWduPHz/CUiFjg7IqolOdBRajbE1hUjORdU9PoX56Cs3TU+ien0NQ6HnL2mw6axmbpKZsbbWKIpPADpLZy8tx3O2i5Nr9PrRaPuIiCk2S0/FcMcEgc3sXiA2ukq2mf5e8vmbXxUxqqRjQS01hMktjeHwM4ekpZnESW9BrbTrqMrbWxGZSU0hqu1047PexuiuhtW3bh8QY5SappWt+ryqlc90JMAtig2UUDnwngS3rsGnodhunn41lZ5LZ4+MxdKxI1926jNisaKAMrc/M2jYcum4Yql3oZ0ZhnzEuBFYgtrNBbFDmGrbx7hyjamitjC0VDTpNe11Idm0qHFQ2PVXGlsQWsz0nNqtyKgNru+4YyuSqKhzqOhya5hiSn6SXMrPWt1f5z+ynowK5nczq+/fvp/8UwCfz8+fPy1xjy/SDjlun+ulpmqJ2aTFul6arcZQA/Zo2+z3K2ExyaU1alFx6jzYzDbWpqEbf0vVKYG6tXM8Jgvu+4O/26uHh4as/A8Arzi7Wj3s63U4ecQrod/awKaEdWw+pG2e3MPK9p/bQaBePceN7nMK6iufsf61v3zrh7/Kw4O/26v7+/qs/A8DldqhwmdSr8xR67/j+br1YPE/Tv6ppQpWyLx0HH1a9VIYlfOfAatW/vtKxW8rRH7vX6XfYwtxqrrVq+Id595/ifsHf7dWfP3+++jMAvOLXr1+Xv8aWkBrqVCWtdb1ttQr1zU287qaobm5CdXs7bIS3nT0kFpvGCkkpLdmo1usQ1us4WtTrdVzHFkON6Yq0hm2wjs23V5lk44f9+Dq2Pwv+blM8gKuk0Rf8s5Z7KENLWaFkVXddaBRtG6O2SM/F11kGZ1XRJLaYdSkDS2KLIttsQnd3F+pv30JzdxfCZhOCRi87idTE5ncA8Z0H8RdQNPgIiA2ukhtlNJfeKVcykpwkt5Qh1VU1iCZFPNfzijSVjFmcCgg+Y0vTVT1Xpy4DE1tjQttsQrXZRKHF5SApa/M7fwz2bGOZx9kgNrhK1prWfUbngVvyEYWkaWjT/I26jtmijhs9p0jSiv2kJjZ77yS+OLVMYlNmJqFVXmibzbB3VOGv3Y17RAUdBx+GXlEot190qlfUyy0t1I0dCGlnj8baq/yoNW0mNr+7hzXAu6b31kS22cSWqs5lav0uH2kK2r0ltQ8K7ceC+0QFGRtcLWfvAjsWm3AbTPYN7Skzi9fJdO3LMjTJTNfENEp61rEwytis8lmnrK0vHqRja3yPu3v4KahVRX2FVrCjx9kgNljOdTaN7q5TfeZmUlM2liqiEluUk2VqJrbRfmyD5R5JisrKTGyxQDCXqaUsbdCBgNDOBrFBuWKbud7WZ20aJTZlYSY3CcwKBRKUtVG5pR9GXP+WCgj9JpNJZpLkqx10ndQGd7Q6vtlwhA+D2OBqWUkE55LrEMg1xqcpaczeJDFJTiJTIcC2Dh/f0EVY1uUW5o53yu3F5m7oMim18TF8CIoHsIw7VWVu6tIvAbH1baPe0T5D81uC+5u5CLuRi0lrfE+Dia2/By1WFxba7cLvUCUQG5S7y8fUfUVtzFVL/S4gTnSDmyfn7ivqb6/nRZZbo/aeXTvOkFxzicXN/zhMReGqOeuu5rmfnWiMj7LxO21YP6gXXq4BftR3agIb9H7qPNcQP/UZ4WzI2ODq+ZR/ouk9o9hyi3jHx+MpaKa5PnuH90wngd/V46r+R1AQiA2WxSnT07e2KhJeUm+Ff72BiD4FxAbLZmpJiI254xxjec0t4UBmnw5iAxDjr8FYcrnXeHLiIjv7MhAbwHsl9x5y8kJo/zuIDWCOj349kNmXwnIPgDkQ1D9JWikIAFAOiA0AigOxAUBxIDYAKA7EBgDFgdgAoDgQGwAUB2IDgOJAbABQHIgNAIoDsQFAcSA2ACgOxAYAxYHYAKA4EBsAFAdiA4DiQGwAEErjP5FJi7ZzfsrhAAAAAElFTkSuQmCC""}}]}, {""role"": ""assistant"", ""content"": ""0.65""}, {""role"": ""user"", ""content"": [{""type"": ""text"", ""text"": ""\nYou are given both an image and a text-based representation of the same stimulus. \nIn both, a red dot appears on a horizontal line\nThe left end of the line corresponds to 0.0, and the right end to 1.0.\n\nText representation (the dot is marked as \""\""O\""\""):\n|.---~------~----------=O-----------~----|\n\n\nEstimate the horizontal position of the **center** of the red dot as a decimal number between 0 and 1.\nDo not explain. Only output the final answer as a number between 0 and 1:\nFinal Answer:\n""}, {""type"": ""image_url"", ""image_url"": {""url"": ""data:image/png;base64,iVBORw0KGgoAAAANSUhEUgAAATYAAABNCAYAAAAsLkgfAAAIiklEQVR4nO2df3LaTAxA/YOE3KHt/f/tSXqJtmdoAgF/IyE5QlmgX+yMzfa9Gc0aFxbagVetd7Vuh2EYGgCAiuiW/gAAAHOD2ACgOhAbAFQHYgOA6kBsAFAdiA0AqgOxAUB1IDYAqA7EBgDVgdgAoDoQGwBUB2IDgOpAbABQHYgNAKoDsQFAdSA2AKgOxAYA1YHYAKA6EBsAVMdm6Q8AMAtz3bqjbefpBxYFsUFdMvvbcyWBybn8XER3l7TcpQrujviVvXV87evt0oryKp0rPYZVg9jgPshf0yiuLLHSuRJRYpeOY5tfB6sFscE6uTakzAK7FSWyyK5Ffv6lvmA1IDaYjU/5KqXhZVsS1/H4/jieu3TdrOve5OXH8ZzFcEly+fgDtEjxU2DyANYpttL1siwreRzDzrX5XJRblFPXNYOLrO/fxBbDxSbH/rooOel3gpwQ2+eA2GB5sd0adgax6XuYtFRgh8Pp8eEwPh7Cec3w5HHsOmZpEn1/EpzITcKFV5Dc1WGqg6wWh6EozMJut5uno9J1NMu8VFzy2KUlrUX7+npq4zmXXh6OShbmIhOJSbvZnFqL8TiKLw9Xra+r19/+gsfHx2n/ZvAOMjaYhYNIZCrXJgVihhYEJkKTGPb70zkRnJ/zLM7lJoShpctrEKltNie5ueD8XBRdzuCsvznkBvOC2GAWXkUoc2ZqaULApeby0gxNWhFaDDvngnt3rc2zNRGbSUzbh4e3EKF5GwR3lsXdyt5gURAbzMJeZDKVlKWdTQJEqWWZ7XZNt9uNx1Fy45DVhDmY2DQ8QzOhHR8fT8feWoySs0yuODQVENtqQGywvNhKQ9AgtXHY6bLa708is+heXprB5fby0nTyWeSan113a0pis0ztGKTmoWKz48YfxywuZ25xYkFAbovD5AFM5ufPn9M6yGK7lqlZRiYykxCR9XY8hkvOhqzFjK3vVWrHKLXttjlst82w3Y6P5dgzOJWcDU/fyW3itbZv375N+zeEM8jYYLkZ0bxWLYvNs604/DRpdc/PJ4k9PzeDHD8/q+CGl5emkZDn+LW2gtiOlq0dTGwiNBXb05O2R2n3++ZoExMqN+lLsrgot0tZm0DmthiIDSbzIiKZShRbWJPmEwU6IWDDTheaykzE9uePto2FZHE6FJXMLoptGE5SC2JTuVmmJlI77PcaIjSNw0FbXx8nM60yJB0nFXzZSJ5IgEVBbLD8xEFesxbXqMUhqF9DM6H1f/40jUUrQvNWhqi7nV53G0oZm81wjsNQEZkI7fVVl61oHI8aR5FhjFDhoMciNem/NByFxUBssOwatkvX1+KaNMm8QsY2Djc9Q3t+bo4iNRPb+BwZQvo1Nqs+0DVsvsTDMzIRmElM/iYabauh2Z3JStqxaiF+7jwcFZDbomy+fv267CeAu+f79+/zrl0L1QNx8iBGXO6hmZlFE1ufRQ1i0/Vr9niIWZxlcjpEjSFZnb2nPNbXSsRlHvHvE8/9D7nxO5yXze/fv2fuEv41Jk2sl0qo0k4ePgwcd/bwYWA41sfeushyROLzUx/xvMvWP8N4ra5UHREzudJuvFfgdzgvmy9fvszcJfxrfHiHiiiD2J46HaP194jn4nHXaUi2pOdz6VPuN8xmjq/z49h/etz6ULTweaZuacTvcF42v379mrlL+Nf48ePHx18cMzURQcysvAJhs2k6ycL6vunkOMbDw9t6NS+Etz5HOYXJA5WUrUFrbW1a6/HwoP2dlVbFNWuxrCpGnBn94DU2fofzwuQBTKaXH/Xcs6I5Y7MtiCS647HpJYZB207OeXgGZ+VPXlbl76FZl0jNxKYis4W43Xbb9E9PTSOx3Wq0dl7Wsbn0dLlHrEIoTR7AoiA2mMyD/NDnXscWllH4MFCORVxyeV6jbRtRai/nJTyjkywuVh6k3T1UavJcz8xk8a1IzWQmYmufnppOFulayHl/3tk6tlL1ASwOYoPJbOXH/lmVByYPl5EKKUqs75veMi9tJbOyWtIui83EI69XIcUMTIaiIUNToVnrQpP2rPLAF+hSL7o6qBWF5etFb9WKWuG7SioUvmutqCzUjSVWXnLlz/cqBt+yKNaKhuoDrxc9mMRUakFoKjUX4aWSKuEDWRt1ovNDxgazMGkX2Fu7e4jY7HqZTCSIYHS4aRf9VWSSabn0fI2brYHLGZtf7JdsT/qSPtvQnw5PRWxe+O5F8Hn7IrK11YLYYJ3X2eJ+bCIRryAQAYm0goi0MsFLrjxTC8PQothcbiYrl9vZrGjejy1kanFrcaS2PhAbrENsl6oQPGsToXgVgi3x0OGpiC1vPhnvgZDueeCTEDJzOu6ea20bNp4cJwdim5d45Nv1nd5g2r8DzAJig1nYyI//s+55kO9KFbM3P85C891z07bgOWuTyQgX21hDeuvmLpd2z40tLAqTB7CuO1Vdkdt4K710Q5ezzSjz7fh8wW+qPoi31/MbtcRtiMabt8Q7WV27DR93qFoVZGyw/ELd0v+t8ZZ5LjQ/J+/jWxvlnXZTfehYX+rYzGgsvRoX7UbZle4rWpKa9XkGWdviIDZYvma09Lp8zc1qPsesLQiuKLN8P9GQscWqBr8T/FgnmmtOw3MuCg2RrQ6GojArs36dCgt4VSFRWvE6XBZaztacS0PJPBng8ssym2n77w//RwA3QWywTvLXsrS90aWIf577KmVbpUzsWmbG0HP1IDa4D3L2ltsr+7q9o5Rx3dp6CJndFYgN6srkrj3nlqBuyQuZ3Q2IDe6TSzOpH+WStJDZXYLYoA7m+hojsipguQfUAUKCQLrNDgDA/YPYAKA6EBsAVAdiA4DqQGwAUB2IDQCqA7EBQHUgNgCoDsQGANWB2ACgOhAbAFQHYgOA6kBsAFAdiA0AqgOxAUB1IDYAqA7EBgBNbfwHpukVnIP1gA0AAAAASUVORK5CYII=""}}]}, {""role"": ""assistant"", ""content"": ""0.50""}, {""role"": ""user"", ""content"": [{""type"": ""text"", ""text"": ""\nYou are given both an image and a text-based representation of the same stimulus. \nIn both, a red dot appears on a horizontal line\nThe left end of the line corresponds to 0.0, and the right end to 1.0.\n\nText representation (the dot is marked as \""\""O\""\""):\n|----------~----O-=-- -------.-----------|\n\n\nEstimate the horizontal position of the **center** of the red dot as a decimal number between 0 and 1.\nDo not explain. Only output the final answer as a number between 0 and 1:\nFinal Answer:\n""}, {""type"": ""image_url"", ""image_url"": {""url"": ""data:image/png;base64,iVBORw0KGgoAAAANSUhEUgAAATYAAABNCAYAAAAsLkgfAAAIs0lEQVR4nO2d7XLaPBBGbUMg99D2/v/2SnoTbW8hX3y48yi7yqLYTmMggOacGY0EsQ1vmvfMSqu1277v+wYAoCK6S38BAIBTg9gAoDoQGwBUB2IDgOpAbABQHYgNAKoDsQFAdSA2AKgOxAYA1YHYAKA6EBsAVAdiA4DqQGwAUB2IDQCqA7EBQHUgNgCoDsQGANWB2ACgOhAbAFTH8tJfAGZwisdUtO0pvgnAVYLYblVmU3LTz8bE5e/H85EcVEbLU6puUGbx/bFxKa0or7Hx0GuAG4SI7VaEFqU2NB46rxRbKbkhqZXXQHRwgxCx3UJ0FgW23x++Nya5IamNtfLY8vwxkB5cKYjtCE7+qyummm2UVxSaj8ckV4qn694kNja2lq8wFdUdQYsM4QtgKnotYhuK0KLIXGK73cG4LQXn1yijsq5reokstig369MVhiI5Hx+ZdEBs8BUgtkuJbWwdLbTepSWBudwkNr02wfXq7bgc4TmSmUtrschC631sfT7GJWfnJuZMVZEXXBimojN5eXk5X6QmSbnIXGwmtGa7zeN2u80RXD7erxUjNQnMmo8P3nPJ+fFT63BDYvukyFar1Wl+dwAjELHNZCehnElqWVRRYBKatd76ZrPJ0lPkdhCx+ZpZFNly2fTW0nsal6LTOTF6+0yyYeg1wAVAbDPZSizHUO5Ji+tmMUqTxCSwzeZVbC8v6XVuHrXFtbdSbEFo/d3du94ll6M3X48bWIOb3D5SjgEuBGKbyUayOZYQqaVoy+UUozQXmIRmrXO5ee/T07jOZlJLzUUW2n61envt0ovRW0gyvJPcWPRWjgEuBGK7lNhGMp8xSktyc5E9P6emcf/09Pqe/UzHp1ZEbBJSjNSSzFar1HvTa/18r8itFFyZRS3FFhMMyA2uCJIHM/j9+/dp19bKJEGcakpm1tqnp2YhqZnY0vvqQ9SWIjbhEZvJKstsvX5tq1WzW6/fRBejN5++FtnTyT1w9pkH/QQ/fvw47ncIMAER21dnRCcSBh555bW0ILUks8fH12jt8bFZPD+nsSI6iVByy9cpxCZpucgktdTf3ze7l5csuXdyszW33Ib2vw1FbERucAUgthk8Pz8ff5GhrR1BamkK6kJzmUls1jeS2tNTkl/KjkpuvqctiG1fRGs7E9pus8ktyW27zQJM0ZoEV24TGdvcOyY2gAuB2C6ZOLA1sby1w9fW4pqapp8us4eHpnl8bNqHhzQtbTXWcZtN06t58iFGbJ4skLwkMQlsu03bVXLb71Pba9uINv3qHPU2JT0QW9jvhtjgWkFsX72HbWh9LW6+9WmleiUKFJGpeYT29NTsXWoWzfU2HT3Yy+Ybc/W+EgQSl1rfN1Kfmv4rdm372uy9pEUdo8oHSS1+T13PN/9OiQ25wYVZfv/+/dLf4eb4+fPnvBNjniYWspelUp7ljFs+fHOuZGcRmqarqbfXvuUjIbko0rLXXk2QMqUWge19qupjNROW+pQV1TXLaMzX1vy9GWts/N3BOVn+/fv3rB9QIyerES33sVl9qFo7VDOq6aFeh3EWY2zCZRPEmc+zlq8Zzw3fwb9rHo/dWqnEhTbxe+LvDs7J8tu3b2f9gBqZfYcKn8YV1QFx3Pr1Q0uvLZJqrfk4Twl9mvj2Jd8t9Lehz9fUuEgGpJ+HmtGDzxkrs/pkxMbfHZyT5Z8/f876ATXy69ev06yxeXTlryWdxaLpLBOpvlsum+7uLq27qW+9xUqDKJ9iKtpqnczOaVart/N1zVhapeNi8zKrsW0fY2VWsZ+Avzs4JyQPZrDQ/+DHEBb483aPGLFZplSt2++bxW7XLNTb667vm65tU0sRnL6PZOXVB8KjruXyVWSrVdNpQ+79fWoaL+7vm2a9zi0dY9UIkmgUW976MbXVwz4X4NIgthncKfo5hqFbFPn00qeJJi4t06fWts1CreuaTk2RnJqiMG0P8T1wMWLT9SQ2O66X2ExuSWrW2vU6ic73u0mSfSm2WIHwP9NQgAuC2GawVoRzisRBzIz6lg9NH9VsDS1JLExLFS0qmkqlVRKS9rppmuolVX5NE1vncpKo9L0lLpNZa5FbLrWKhfFWO9pMlVVRcQBXCrWiX10vOlZSVWz3iHf08JpQbcZNQvMyK6sTzbWiavHuHr61I5RVRYmlWtEQqXlBvEvtYPo5Fq3NkBp1onBuiNhmMvsusGPPNijvwWZTSEVaKWkgsdkaWBKaSy9KzSM2x4Vk09acPFCvZkXwqTJBMisSCe/KqD6qNCBSgysBsV3DOpuXVXnkJqmpl4QkLpeRxpp+xptNhjvresIh4zIyUXkWNF3LhBmjtHhn3ZgFzc9EGIrWBEKDKwOxXUJsU1Gb35NNvbKcJrdcID8kNLuLbl5fs+vn/W7lDSctU3ow7Syyn+VzED5MFCA3uCIQ20yWEsExjK21xUypPkPCknx8qhlvbRQf7uLnhDW23ExWSXDlMw8GtnMcTEH/J/uJ1ODKIHlwySdVTURu724VXiYY4pOrPMory55CfeiBtGJiIN4p14/56EEufu0Z8IQq+AqI2L56o+5YvWWUkkdeun58apXLLUxXY3v3XFFJrSiJSpt2bTuJy+zgmQZTUdqUzIja4IpAbF9dMzp0Tik3ycUTCjZ+dzeQeC+3sSfBx7rTkAQoaz9zraiJcHTqibzgRmAqeiQn+/WVj+Mr7vAxmGgYet+vESU09BCWkalmFps4ceZz9s0DAD4JYrsGpqan3o+tx5U/G+Kju3H8b3SGmOBGQGzXxNT9zoZk5/3YeUMR15TEyHZCJSC2Wxfd0HFDjE0ricygQhDbLTD0T3TMPxsyg8pBbLfIKf7JEBlUDNs9bhGkBDBJeNwQAEAdIDYAqA7EBgDVgdgAoDoQGwBUB2IDgOpAbABQHYgNAKoDsQFAdSA2AKgOxAYA1YHYAKA6EBsAVAdiA4DqQGwAUB2IDQCqA7EBQFMb/wCp3rrC7i21WwAAAABJRU5ErkJggg==""}}]}, {""role"": ""assistant"", ""content"": ""0.36""}, {""role"": ""user"", ""content"": [{""type"": ""text"", ""text"": ""\nYou are given both an image and a text-based representation of the same stimulus. \nIn both, a red dot appears on a horizontal line\nThe left end of the line corresponds to 0.0, and the right end to 1.0.\n\nText representation (the dot is marked as \""\""O\""\""):\n|------- ---.-O-=-----------=------------|\n\n\nEstimate the horizontal position of the **center** of the red dot as a decimal number between 0 and 1.\nDo not explain. Only output the final answer as a number between 0 and 1:\nFinal Answer:\n""}, {""type"": ""image_url"", ""image_url"": {""url"": ""data:image/png;base64,iVBORw0KGgoAAAANSUhEUgAAATYAAABNCAYAAAAsLkgfAAAIlUlEQVR4nO2da3LTMBCA5Thtegfg/n85CZcArkDzNrObXXUj5LTk0Tia75vZkeI4jinlY/V0NwzDkAAAGmJ27xsAALg2iA0AmgOxAUBzIDYAaA7EBgDNgdgAoDkQGwA0B2IDgOZAbADQHIgNAJoDsQFAcyA2AGgOxAYAzYHYAKA5EBsANAdiA4DmQGwA0ByIDQCaA7EBQHPM730DcCbXeFRF113jTgAmB2J7ZJF95FhNXn4snovkoCE6nlI1ccq/Hn8dj9eORaK0vF47VtYBHhQytqkyJq6xevmZSCkzKWuCG/scwIOB2B4lM3ORvRc1XGSnws+Ln/lIsxZggtAUvYCr/+iKLK3z1/v9m7hq9XisJqMYs1m9tBhqorui0DrkCJ8AGdtUxHYqQ4sCi7HbHeTnr0u5FUIbXGS1iOeMZXJXkBJig88Asd1LbKeanhaDy8oFttsdYr9PndX1HD/m58fLljLr+zT0fa6rzLwez60JTijFhKhggtAUPZP1en2dC430oWVJeWbmUttuc73bbrPs9FjM2gRvXpZSm88PpUWsZ9GNya0U3Rk8Pz9f+lMDOAkZ25nsRCSXMjYw4NmXS80EJqXEIOVmo5JLfkzej01SwfvMgrwGkdp8fpBbrJeiK5qot2qaAtwCxHYmW5HKtfvUTEoqKM/CTFxabjbHsV4f3hPJhWZqVWxBZMPT0yGsnqzu59Waqx9umgJMAMR2JhuRyaWEZmO16WlSU4EFmc3ktcRq9XbcszrP2uTyNhggkjoS2vNz2od6FF2UXM7gatmb3jRSg2mC2O4ltrIZakJSMVk/mjY3N5s3kYnUVqs0rFZaitjkvSRhWV0qxSZhYtubxKT0ULFZXaUmr0NTNfa9HcntSv1tALeAwYMz+Pnz52UXGJvSEUY7Y5Nz5iJbLlMv9eXyEHZcxWdZm37erq/ZmohNpGZi01gstNwtFmmwuhxzyR01T8fk9tHVCyN8+/btsp8hwAnI2D5zRLQ2xcPD+8d8kCA0O7PElss0vL5q2b++pmG5TGm10pj5YIJfJ4hNpfb0lHYmtt3Li4pMxKaSk9ebzSGDc8GZ3FKUWznv7UK5AdwKxHYGK5HJpYRVBXmSbRj59CaoCy3L7PVVy2TRudzkfB9ECGLbu9hcahLrtUpNBLcToW23B7GJ5KxvT+Um92Fy0+xtbDABYGIgtnsPHPjSKZ9kG7I171PrRWoiMJfZnz+p83K51L62Yb1Og2dtPsHX+9hiM1Riu007id3uKPb7vU46Hmzir07+tZBj1SapgNxgYiC2e8xhq0zxyBmbZF42ECAZmMpKwgYJRGJ762+T0OapSM/EptleyNjyVA/JykReEsOgIX+KHJLdWQhS6l3W1quWzVEBucGEmH/9+vXe9/BwfP/+/TpbEZV9bD5dI85Js6kfGjY510ObjCY+lZrIL85lk2zNXg9hXpuOkvZ92seQrM7qyco8zcPn7MUNKiUumNfG7x3ckvnv379v+gUtcvFAcmUQwXUwWOhrH90s6vr90mQ8tVBekFJE483JUOZ1qNb8jAvpq+/XIm5tVNuV9wT83sEtmX/58uWmX9AiZ+9QUUrg7YI55Np6/bAgvfNO+77Xeuf1uMZTwmXkwvFrWL+YXsdKrdv7+n2heen34Dt95Pv5yNrRD/5s+L2DWzL/9evXTb+gRX78+HHdeWxBDjKQMLNMaSax26XZ05P2u0nZPT+/jZz6vDUfWXVBhaaoCmw+T52MbspnPeSa5aqDGOXi+HK6h4fe9P+PjvJ7B7eEwYMz6OUf+TWIo6IiI8ueNKw5KurohyH1+72GSC+GnmtZWV4Y72tOrT+tM7GpyCReXtJssUj9y0tKHotF6haLfI5L72i6x3sTdQEmAmI7gyf5x35tsfmuHt7EnM3SzKPrNHoLf63vibQkJAuLo6KWwfn1cnZmk3D7xSJLTYXmk3VlaZVM0rVzVWxSLzO3cmkVwIRAbGewECncYrdcHwUVUVmmNRMpSYjE+l6zRZFZL+9ZFiZSisuqYlNUPufNSxWVhcgsCy0sszpaViXnnlpWVRMbkoMJwFrRKawX9dIXwYcVCDqvzXf0sMm6ea1oWC/qWxhFsR1N7ZDF7x6+CsGWTx0tiLc+t+SlbUx5zSVVrBOFW0PGds9dYCuL4X3bIZ+3JoLRQQOLnKVZ1uXCO1oEH0dHLWOTLM8HEXzwoAsyy7t7+B5tIkQXW9yb7dTGkwATAbFNoZ/NRkOPdtAVQYl8RFYutjCaqU1Jz9TCnmx5d49yuoc1YYdCknlUNIyM+vbh/+zHxrZF8CAgtomILdfDonjN3iTLkszNsy0Jl5nIzaQWn4WQsz+fp2brRbVZagKT/rsjmRVTPPJgwVjzk341mDCI7UzmIoJrMLLMKj5WTySUN5+0/i/vf/Mtw6sPdIkTb2101Ded9MysFNo/GRrPPYAHhMGDKTyp6r2twr1pGnbXjc9COJJa+Qg+f1aoP4GqfEqVH4uP43vvMXwXSI0nVMFnQMZ2z4m6tf9T/JhIpZjfptKS0qaExIXyRw9PLh7mEpdMadbmy7Ls2D99aGWG9p7QyNpgYiC2ez7VvPb5ILs8oBCXSZnYjp6REDM1XwDvE3SDnFxgvmY0rw0NEtNz/N7GRj4RGUwcmqIXcrMfn+/4UdtVoxRZ7Fcr76e2eL3Wb+ZiO5WdXSi0i/8jAPggiG1q1J6LEMtSYrWIlLtwXGOnDgQFE4em6NR4TxreVCxFVpa1a45J7JTMkBg8IGRsj0I5LaRWlvVT0kJm0DCIrZWmau28/2lKIjNoCMT2qFz614bIoGHoY3tUEBPAKNYTDQDQDogNAJoDsQFAcyA2AGgOxAYAzYHYAKA5EBsANAdiA4DmQGwA0ByIDQCaA7EBQHMgNgBoDsQGAM2B2ACgORAbADQHYgOA5kBsAJBa4y9D9omm4D6++wAAAABJRU5ErkJggg==""}}]}, {""role"": ""assistant"", ""content"": ""0.33""}, {""role"": ""user"", ""content"": [{""type"": ""text"", ""text"": ""\nYou are given both an image and a text-based representation of the same stimulus. \nIn both, a red dot appears on a horizontal line\nThe left end of the line corresponds to 0.0, and the right end to 1.0.\n\nText representation (the dot is marked as \""\""O\""\""):\n|--.---------O--=--~------------.------- |\n\n\nEstimate the horizontal position of the **center** of the red dot as a decimal number between 0 and 1.\nDo not explain. Only output the final answer as a number between 0 and 1:\nFinal Answer:\n""}, {""type"": ""image_url"", ""image_url"": {""url"": ""data:image/png;base64,iVBORw0KGgoAAAANSUhEUgAAATYAAABNCAYAAAAsLkgfAAAIfElEQVR4nO2da3LbuBJGQephew1J9v83K8kmkqzBlmyJtz4IjbRg0M5IdKwLnFPVBYqWKFnjnOnGi8M0TVMAAGiI8bM/AADA0iA2AGgOxAYAzYHYAKA5EBsANAdiA4DmQGwA0ByIDQCaA7EBQHMgNgBoDsQGAM2B2ACgORAbADQHYgOA5kBsANAciA0AmgOxAUBzIDYAaI71Z38AKHhvp/Zh+FefBOD/FsT2WVx6q4na65AdwBmI7V9SSum9xzW8xOzYvw7JAYSBu1R9MHPy8ud1XD5+T2Zl+9YxQGeQsX0UNVH5tjyuCc/jRVYelxLTY7sOgoMOIWNbitrXOCew96KGl9h74Z9fXgOgA7rP2Bb3eiGyqJLj8XROrc7PtXNyK8U1jn9aO3bnJ9/35kW30O86IEi4cRDbUmKbKzdLgVVi8I/fEts4hslkZrFa/TnW6/WcWhbnJXcliA1uHcS21LSLGaHF65vADofTsdrD4SS0wyFMdt4kV4xyZlE5kU1qXbwSns/kyhLVg6SgQbruY9vv98tcyGdZLusycZnMotgULy+nY2u96CyMJKUoLpOY2vU6t/GcWi++OcHZNa9ku91efQ2Aj6LrjO0goVzD3MCAz75KkaWYnp9jq3P288nLzTCpWZYmoaWIx5vNn+MkuSy/t+SWrg3QIl2L7UVSuZTaPLSy30yiMnGplcxmIgrOlaT5+i77Monldrs9HW82IVQEl8vVvy1LARqha7E9SyhLZWx+EMBKS5OaCWy/zzGqtXMpe4vP1+tcaSupxZCovNC223DU47u7P4JLbZabK0+jHBEbdAJiW0hquTWhqbVszESm2O3CuNuFSed2uyw5K0lz1laKLWVqJrOjxKZ2v89yO+q9fBZn/XC+LEVu0AHdDh78/Plz2b41P0hgmZrP0JLQJLbV01N+HEM/t6zO+tm82NLgQJSZxf19FNvh/j5M6Vhh2dxZeTrX33al2L59+3b5dwjwgXSbsV08Ijo3T82VoGd9aSYvySzFlNqVMrenp5jRxazOsjYTWxo4kNiOSWyHJLDDfh/ldnh5CcciNAhhEctRP2Jq00YEAwnQKN2KbbfbXXeBQmxnUzmsBPVZ2ePjSWaPj1FmaoOk9vQUM7oot+fnMJalqKRmYpPUdruYpUloMY7HOLp7PB5PMU0x4hw6yU2Zm67p57rNrTEFaIRuxbbIwEE5+dbE5krQwbKzx8eTzFIMCklNkfraNAUkZlkKy9jS6GbsX3t+PpWgSWKHaQqasBJjGGKriSJSonoYLOJn9FNAEBs0Trdiu3gOW1mK+jLUjYKObtBgUnboQjI7mtSUyaXBBGVscS5bIbYoJZWYElqS13EYwnEcw2G1OouY3SWB6edn60YVlrUJ5AaNsv769Wvoke/fv1+/hMpKRrd6IK8wcJNv/cRcSS9KSq3kV7Q587O1nSop04TdKDk9T6OdqS8t9qup9ZFEq+NX5ad99gUm6/b6twO3z/r379+hR65eI1oZRLD5Z1YC5vloviQsSsTY1hbMz+zdZs/P16j9PvpZKknzKX+t2n5tF3wfvf7twO2z/vLlS+iR/7xDhRdBTQ4uA9K14/Xd4vXBrePU8ZBKTGtjuNHQ3Lo1ov75gx2njMwf5/ewVQvl53lv992/pNe/Hbh91r9+/Qo98uPHj8te6DOpsrxLctI8tFFTLA6H2ObYbMK43Z7mqlnJquena2X5ecFJULrWZhMGLTy/uwuDxXYbr1curYpRLquqTdIVV/Sx9fq3A7dPt4MHK/1DvxS/k4dlRCYMueI08znHOE1hpdD76nG6oes4DGFM4opTPmxhvBPbkOQ0SGx3d2FME3Knh4cwPjyE1cNDCPf3p0jCM9lJpH5p1Vl/W/ygDBxAm3Qrto2ymqWWU0k8yr6KMlDHUV4W4xhWitUqjArL4jRSWlt5YBmbrm/ZmVYXJLGtJDOJ7eEhDPf3UXq2AiGuOlDY1kauLGU0FFqnW7Hd6R//taOi5ciojm0U1PWDnZWi63VYqd1swkqyckuqRhs5LcQWy1qJOGVilqFJZoMyN8msXFaV1paelaG1VQcIDhqk27WiF68XLUdFiwXw5VZFtoNHlFeaiKulVFloatO8t7OMzd7O7eyR14kmgcUlVcre7LHvb7MtjD5oATzrROGW6TZju2oX2HfWi55tKpk68+OggUIyUz+Y27ooSy1tOFlmbDHjShmfsjYbOLBBhLyNkX4f29rIBg8+YPE7wK3TtdgW62ez9aLlLh9ecBKXRGQZXLnZpCtDz8SmsH6yVMJKYnEwwfrd3F5sOVMrbvSS75sgkBo0DmJbavfcmW3Bh7ny1Ld+k0m/g67NP0t9dZaJWR+axPZqa3BXfr656B25QcN0Lba1RHApb6xAeHVbPS+4UnLFTV1ytuYzNjdJV1NDcqlpZae/ucuc1AQZG3RC14MHi9ypqrb8yd+lyt8HoXLHqupdqvx/En8/0dpdqvy5Wun5ASUod6iCW6frjO3iibq1qR9lW04HKW+M7EXm9mCbu6+ozYuLWVsaKfXLqM62JCp376gJjawNGqZ7sV10V/Paa2bkFoVUkVxVeF6I7r3yOk9XYmbRlSsf7HZ9/nMiMeiM7ktRsdhXUA4qpKVVrwYYajt5lOHxfW3lceXWenkPNnvtZ/+PAOAfg9iWovY1zpWowibh1oQ2J7a58M+x4/L1AB2B2D6Kv+mHs3ZOaJ63BFbrR0Nm0DGI7TMl99Zxjff2UUNmABHEdksl699CdgbwJojtM7nmq0dmALN0P93jU0FOAB9CmvAEANAOiA0AmgOxAUBzIDYAaA7EBgDNgdgAoDkQGwA0B2IDgOZAbADQHIgNAJoDsQFAcyA2AGgOxAYAzYHYAKA5EBsANAdiA4DmQGwAEFrjf2x+Ho4epb+CAAAAAElFTkSuQmCC""}}]}, {""role"": ""assistant"", ""content"": ""0.31""}, {""role"": ""user"", ""content"": [{""type"": ""text"", ""text"": ""\nYou are given both an image and a text-based representation of the same stimulus. \nIn both, a red dot appears on a horizontal line\nThe left end of the line corresponds to 0.0, and the right end to 1.0.\n\nText representation (the dot is marked as \""\""O\""\""):\n|----.-------------- --------O--=----~.--|\n\n\nEstimate the horizontal position of the **center** of the red dot as a decimal number between 0 and 1.\nDo not explain. Only output the final answer as a number between 0 and 1:\nFinal Answer:\n""}, {""type"": ""image_url"", ""image_url"": {""url"": ""data:image/png;base64,iVBORw0KGgoAAAANSUhEUgAAATYAAABNCAYAAAAsLkgfAAAIoElEQVR4nO2dW3LbOBBFAVIvryHJ/n+zkmwiyRbGlmQSUxfqhloI9LBFWUXgnqouUDRFs1LjM41Hgz6EEBwhhFRE9+wHIISQqaHYCCHVQbERQqqDYiOEVAfFRgipDoqNEFIdFBshpDooNkJIdVBshJDqoNgIIdVBsRFCqoNiI4RUB8VGCKkOio0QUh0UGyGkOig2Qkh1UGyEkOqg2Agh1UGxEUKqY/HsByCkKaZ+xYj3096vEig2Qr5aZiW5XRJeSV56Tr9HwZ3g+ZYqQh6E/dPS42vnzqHisgIrnSt9bhBmbIRMTS4s2147zsnlhVYD3ymJLmTnG4QZGyGP6mrm4tIYx3/PXRKbSqrrTsWWR349aFRwzNhIczzs/+VyX1+SlsrsXFuSW0lekJsKzrQhFxrQrG4C/MwESbGR5phcbOcyNCuvLPwwHD/rNfYeQGQVVGB9fxRbFukam9WF6bqkFBshtYvtUtczBBeMrLzKCyIbhoPQhuFwjcgtnsuytlDI0gLEplH4HENl5rMuqjIzQX0WjrGRptjtdtPe0HYhIaksQ1ORuff3w7FprehOuqQAmVoutcUitZBZQCvH8TOuxbHPMje5372sVis3F5ixkaYYIJEpKM1oZhmaSstDZvu9C9JGqeH4/f1wTuVWyNg0KwsqsuUytmG5PIhO2iQ9/O7OjMNNLLe5QLGRpniHVO4lX4uWdTut0KLA9vtj7Hbp2BnJnWRtKjbJ1KLIRGIxVquD0NDiuyK7KDe0XSFzUxqRG8VGmmIPmUw9A6pCKmRpSWa7neuk9dvtqeA0a5P7BBEbupYnUlut3AiZIdZrF5AFyucoN8gO9+lN1/TSeFvFUGykKSYRW2H2M2ZrIjaVVRIZpLbdurDduu7tLYoNP3MamrVZsclMJ6Q2irTG9TpFlBqO5btRcJCaZm19NoMKGuqScvKANMPv37/vv0lp0a2KTcbNNBPrRGgQWf/2FqWWAnKzmZsZZ0vZWt+7UcSGTG3cbKLUhs3GBRxLxOwNoZnbQiYVrNgmGmv78eOHmwPM2Egz3D0jWlqvZicLVGwQGsQmGRoivL7Gtn99jcduu42Ba9JYm2ZsIrYRYlsu3SDZ2rDbRZEN7+9uHIZDjGMMLB9BxqZjbi7P2hpb/kGxkWbYQiJTjq9lyzriZIFmagiRmsoMrfvvP+deX51/ezvKTcUmM7a4e5SaiA3Z2rDfR6FhVncYxxhRaiEcQp4jCm6UNXIym/rPJEKlMrNQbKQZJp04COE4caBja5Kt6Zgaup9RZiI0D6GhRWCsDZkcxt5ysZmJgyg2ZGgisiEEh6sG71OMuF6EiJGloMJVsdmqBECxEVIPk6xhy9at2W5opxkbBvYhK50ckHG2UWSG6JDFIWvb7VyADLOuqC7AhaRQbAV5jdI9HRaLQ8hxHIcTgankTp6vwUmExffv35/9DIR8CT9//rzvBqVaUO2KmrIpW2mg425BQ9avpVYmD9IYG4CcdD0bZATBYfxMYjwTTtpQkpg+87llHzdKbi6+WPz9+/fZz0DIlzDJAoBsF46oA2RZEvpZz9ljrSG152/ZukjPanczP3/yO7Lf6fA78912SzK78d9mLr5YfPv27dnPQMiXcPcOFXa3DHvsfby3zwrX42fJnryEHqfidS2DsvfTn8uyDW9aPcbPfbZWTZ8hyH3S88gzXqxAuPHfZi6+WPz58+fZz0DIl/Dr16/px9gESKaTbmm3WMTxttgilkvnEavVscxKu7AqNBUcgKRUZuu1c+t1bDU6rT7Q0ipTL5omDPozWxyVduT9AHPxBScPSDP0+GOfclYUopDB+ZgtSdcUsoLk+hBcjxay08DP8F1cL5lZHGPTkio5DzlFGUJkugD35cV1m43rX16cQ2w2B+mtVgfZLZdRoiGXXGktW8UTB4BiI82wRGYz9To2rRE1Xc3O+2NAqN7HiJ/xcwSyMc3iUHmgExEmY8PPo7BUbJAaZCah0otVCaZeNORbGVFshNTLGt26R1UeoFuplQfolmbRaytdUwhLF/LG75iMLcpRsy4RG1qVmd9sjkJDa4QWu6Z9YQPKfB1b5RUIrBUlTXF3vaj9c8l3yrVlVaYCIdWKmhKrVEeKbM2MublsV49UJ6oF8KhCkLpQzdTS7h92M8o+G2M7l619QGhzqRMFzNhIU0yyC+y53T1saZWMd8XuphzHLA1dT2RcKjUpgE/bg2tmJZLC95x2WU3oxAHEpzJLYusKEwalyoPKsjQLxUaaYvJxtmyxbhQUxscgKx1HU7mJ1LTsKmVruNZsMpkv94gTAmZmVT+nvdrMLrvFF7z4M6/pqxiKjTTFJGIr7aCLmc6sCiEu2YC47CRBFmlzSrOYNq1307IqM37mz3Q7NUsLpSzNt/fOUYqNNMUCsnngK/dOdvzA79JxNwjVjL+lXXOt2GzJk1nEG2VmXt5ykqVdewUfuHNsbY5w8oA0x6RvqrILdu2OH4Ua0jj2piLTY/tu0ezVealraRbd2nca5Es5wrVup/98N3ROb6gCzNhIc9y9UPfKe0XT+z1VbFpVgDE3Wyxv5WfvIzOjsSRK5JYW7V7K0OS77txY2h3F73ODYiPNcXfNaOn7edaWCU73RzuRmc3UsjfApzpPIzArtfRZniVla/b5fN1r1S7Brihpkof8Z29nSvWznTXNj/OXJGeF9f9MAOTH5trwQKH5GQqRYiNkCq51Ty9tU3RObNreOnaWH+fMUFCfhWIjZGry5SB5WzqXc2ngv9Fxs49AsRHyjCzu3DWWcwKjzK5CsRHyTMndAkX2YSg2Qr6az/7JUWY3w+UehHw1FNTDkXJ/QgipB4qNEFIdFBshpDooNkJIdVBshJDqoNgIIdVBsRFCqoNiI4RUB8VGCKkOio0QUh0UGyGkOig2Qkh1UGyEkOqg2Agh1UGxEUKqg2IjhFQHxUYIcbXxP4NOlatHaI8FAAAAAElFTkSuQmCC""}}]}, {""role"": ""assistant"", ""content"": ""0.28""}, {""role"": ""user"", ""content"": [{""type"": ""text"", ""text"": ""\nYou are given both an image and a text-based representation of the same stimulus. \nIn both, a red dot appears on a horizontal line\nThe left end of the line corresponds to 0.0, and the right end to 1.0.\n\nText representation (the dot is marked as \""\""O\""\""):\n|------. --------.------O ---------------|\n\n\nEstimate the horizontal position of the **center** of the red dot as a decimal number between 0 and 1.\nDo not explain. Only output the final answer as a number between 0 and 1:\nFinal Answer:\n""}, {""type"": ""image_url"", ""image_url"": {""url"": ""data:image/png;base64,iVBORw0KGgoAAAANSUhEUgAAATYAAABNCAYAAAAsLkgfAAAInElEQVR4nO2df1LbPBBAZTsQeoa29/+3J+klaI/QEJI4/mbXWn2LKgMtonHEezMayU5sUoa87uqXu2mapgAA0BD9pT8AAEBtEBsANAdiA4DmQGwA0ByIDQCaA7EBQHMgNgBoDsQGAM2B2ACgORAbADQHYgOA5kBsANAciA0AmgOxAUBzIDYAaA7EBgDNgdgAoDkQGwA0B2IDgObYXPoDAFSj1uM7uq7OfeBiIDZoT2Z/KzgTWn49ors6Op5SBVeL/9O1dulc3s5F5Y+X2s+dg9WB2KAdmUltpfR6SVC5yPLzpfeVjmFVIDa4bqG9puTXl6Tly3PnfO1BdKsCsUFV3vXPaZqC6qMkr/N5Ltb2tV3jycXlS98/OZ7+VHJ/SIcUq8PgAVyH2EpRmheYlHHUurNjez2P3HJpmcikLrSnTHS1BYfY6oPYYJ1iy+8T5aT3jzLrcqFJPY5hisfS7rz87FZ5dNb3s7ysDMPTY19eEpwHYV0MUlGoxuFwqH9TF2l1WdppIlOBnU4hnE7zOWnLOXs9T0l9FCZSG4b/61hSe0l0XowVIrfb29sqvy6YIWKDaowikVoURjZVbD4SiyLrjscwSft4nKV2POr5KdZPUlIXsamsosRUZJvN3N5s5vOxTm0X0f1x9Ab/FMQG1TiJVN6pT82kpkKzaCzKLJXDIdXBJBejt6LYnNREXFpubmaJxeNgx150udy85AzkdlEQG1TjKDJ5rxFQ16cmaacWk9nhEHqpHx/TsUkupacxapOeF4nUUjGhbTbhLBIrlCQ3KxbhmeDylBSpXRzEBqsV22/RmovUei+1x8cwPT6Gfr9XuclxkCKRm0VtJrYYsanUhiGcndTOt7daVGixHex4QXC/9bsJpKQXh8EDqML9/X29m/npGSI0aUepWZ9a76K0Yb9XqfUPDyo1bUv0JkUE6NLRJDaRWhSbl9ooIttu5+PtVgVnxST3RGxebm/sa/v69Wu93+EHh4gN1jUims9Xi5GWCi2moL2JLUpsEqHt92HY7cK034fw8BBClJv2tUmJaayKre/DWcpmE0aR2s2NCk1ENorUDgdtn4/HWW6nUyoiN5WaCM6NohYHEwwit38OYoMqPIpEKtJlfWs+BdUSpSbR2rTbhUFkttup1DppS5H3WDoa+9lEbCo1F62J3ERo4+EwFxHa6TSXcdRi8+N0jpzITdqvidrgIiA2WF//mojNTaw1sVlaKVIbYgqqAhOZ7Xah+/VLpaZtEZ4UGyH1qajrX0tp6OkURinjGMZpSkWm9eo1cfKxxpPxc03yGUVuUiO2VYHYYF1z2HwqaqOg53Po4yCARGAyP00HBqTEvrSz1DJ4EPvaNCWNYusysdlkXB00kIjsfA7nKLGx68LY93PddXN0F4V1trlv+d5tUir1s0EdNl++fKl0K/jIfPv2re7uHT4VtRUEllLadI845WNyRWSX6jhq6iM2vb0ISEZD3SoEFZ2lni4F9amoCFBTUUk9pTaB+Xlyb5jTxnexHpufP39WvB18VKqvEXVLqDQF9EuqbM2oTeGwtNDVxWIL4PP7WIrqP0b+sfy/0SI//3mXju3nvQK+i/XYfP78ueLt4KPy5h0q7MtvInD3k3t3WXqXjqXd9/Ox1EuL1+1n2GTauISqi1M3umHQks77Ec/4WufWjKafv7S06i8iNr6L9dj8+PGj4u3go/L9+/c6N3Lz16wtWuijjPpCETlZkWkYnUzFkDTVdvQQsbiIzaSl79tuQ+dKb3PXYq3TOqzYMis/GlqapPuXfWx8F+vB4AFUYZAveC0k7RRJWB+byCgKTtLRfprCMI5zkQGFcdTBBa3lWrlG7iORlUjI5rHJa3Fyrorw5ib0JrG7O5XacHcXwqdPIUjtZSe1TdA1yXm5laI3uBiIDapwI1/2WmRbFGkaGCOivuv0YbgiMKkHkZw71tdFhFFcaeVBFrHJ631cOqViE6ltt7PQ7u6S0HSirpy399rKg3xrI78gXkBsFwWxQRW28uWv/UwD1/FvfVydpaAiuSi6IbYlauxFWFJub1VMNnqaNpoU8cVRUZOVTri1dDRGbio0Wzvq14s+t5yqtF40b8M/gbWisK71ooUlVaVdPWz1wZO1onEZlda2w4eJzW1ZZLt66ORcm6AbRSYrECY7dlGaSW1x66I3bjrJOtG6ELFBNarsAlt4tkESm6SXIqkYlaWUMqaVEqXp7h4SedkebZnYVDYx2pJrbLChk2tjsUXvZ7ejx5M92V7aLtx+DlwMxAbr72fzE3VFaLK8yo2E6iCAyUn6x2zDybiDrl7nxeame2g/m5ObHduGk2nTyWwU9FUPeIGLgdhgfWJbitokQrMddG3+WYzi0kCBi9TyTSaFNN/N75wbJSb3sOMkM6vdsxFeFaUht4uC2KAaG5FNDRaWV/nH6qmwbNqGtEVslnbasw4sWnNPqEoichNv88gspZ0+Qlua0oHUVgmDB7DeJ1VlzwNND3NZekqV22E3vW7vN7IHuSRpZemmf13fszRPrYLQeEJVfYjYYF0TdZfWXvpF5m5+W3quqERu1nZCSzI04kOSLSXVqC3KLS3H8o/bKz2s5TX9aURtFwWxwbrWjObXZ2lpGlAQ2VjfmQnObXP025Pg3f1tVUKK3GyNqUnMH9vT4kk7rwpSUajOu/xJWed/vl9btoX4k3O+ePI+snwuWva6is2u8/dYw38EUASxwbp5blugksBKQiuJzernSv7eEohplSA2uB5e6n8rtZ9jSWBLMkNiVwNig+uktLb0uXaJUmqJzJoAscF189IOtq+hJC+EdtUgNmiHt/wpI7KmYLoHtANygkjcZwUAoB0QGwA0B2IDgOZAbADQHIgNAJoDsQFAcyA2AGgOxAYAzYHYAKA5EBsANAdiA4DmQGwA0ByIDQCaA7EBQHMgNgBoDsQGAM2B2AAgtMZ/tUFVB4B3SsEAAAAASUVORK5CYII=""}}]}, {""role"": ""assistant"", ""content"": ""0.31""}, {""role"": ""user"", ""content"": [{""type"": ""text"", ""text"": ""\nYou are given both an image and a text-based representation of the same stimulus. \nIn both, a red dot appears on a horizontal line\nThe left end of the line corresponds to 0.0, and the right end to 1.0.\n\nText representation (the dot is marked as \""\""O\""\""):\n|-=-----------=------=----O---.------- --|\n\n\nEstimate the horizontal position of the **center** of the red dot as a decimal number between 0 and 1.\nDo not explain. Only output the final answer as a number between 0 and 1:\nFinal Answer:\n""}, {""type"": ""image_url"", ""image_url"": {""url"": ""data:image/png;base64,iVBORw0KGgoAAAANSUhEUgAAATYAAABNCAYAAAAsLkgfAAAIoElEQVR4nO2dbXKbPBRGBf5K19B2/3+7km6i7Rra2AHeeWRdfC0LJ7HJG6KcM6MRYENIxj65+riiGYZhCAAAFdG+9w0AAMwNYgOA6kBsAFAdiA0AqgOxAUB1IDYAqA7EBgDVgdgAoDoQGwBUB2IDgOpAbABQHYgNAKoDsQFAdSA2AKgOxAYA1YHYAKA6EBsAVAdiA4DqQGwAUB3r974BgMUwx+M/mmaOO4E7QWzweSmJ7B65SWql85Hd/07DU6rgU3FNZv61/H1+PxeV35/avnYMZgexwedgSlS+Lh0rnesF9dI63y7tw2wgNqiPqY/0lMxyqU0dN0ryyos/PnWOB8nNCmKDRTHrx7HUtBwGfejLAuv78vZUxFYqbVs8PrxGcq+kQYoXMHgA9YltQmiTMjOJ2Xbfh8Yf89coRGmDZGZC87WT3FASnl3PX/cGENsliA0+ttheMhiQyWxwMmu67iS0rjsKrevO3+PlJnwEZgJr26O8Vqvz/ew9F5Fdut5ZnW/Dq6EpCothv9/fd4Hn+tAUiVkUloQWxZaKbY/HLHLzzVITjhfXahWGJLRYp3ImOtvPI7tSv9wNbLfb+/52lUHEBouhk0zmaHp6sXkpWURm0ZmJ7OkpliFth1SaFLmN5+QRm5OXhDas18XtUXS2XYrgZpAbnEBssBieJJS5I7W838yElsQV68PhKLesjoLzTVXD9asNTmSxbDbH/c0mBO1LZOm1cT+Xm0q67png4GYQGyyGw+Ewj9hclHbRh2YysyKJ7fexbrVt+/aaRXV2zRStSWyxmNCS1HqJzQRnRVKzOkVyvvk6GbnBzSA2+NhiK02w9SOavi/NCS1IZNqWxPb70O73YUh13Ne9qFjU5prJo9hSpNY7qfXb7VFu220s2g7aTpLz0ZsJ7qLfTSC3u2DwABbBr1+/5ulb8/1qFq25vrMxEpPYTGSPj2Gl7cfHY0nH42t2jhsZjWJLEZek1nupbbehk8h2u3Ff21Fs6uB3ghvlNlPU9v3799f/DSuFiA0+3ohoKT1qol9tjLZ8H1qKyEaJ/fsXhiS1VdoOuh+L3CxqM7GlZmiU2noduiS1Lsks1vt96FWraGBCgtNghPXdmdzyPrdcakRuN4HYYBE8Sia3UhKbm5PmI7XYBLWILJOZ6pBK4+VmcrR5cJKaojWVFK1JZt1+f6wPh9A9PUWh9V03Ft1XlJuT7uRIKdwFYoOPPXBwbRTUR2t+oCCJTSJbSWCS2d+/oZHQrH58jGU4HE5RVt4UtWaompxJZBKapq10fX8swxB6yVDnpQnIg7vX2N+m+0Vss4LY4OPOYXtmeodJLUZvadQzRmySlaIx7auWxNR0TDJTseapXpfYmkxscVRTAwEWlfV9FJgmhXRNE7q2HUufSkj1OLHX/x4lsSG4m1l/+/bt9rMBZuLHjx/z9LF5sRVSpXy/W+OKBGVFwlOkZnVswtq5QnJKgwnxTiyC0/sVxRWaobEpmmo1R2Pz0+7vpeu7PQPf5RPrP3/+uF2A9+GmwfnnEtw1j81dX++OKVV2zF3DmoqjrKauK0xGJjfre8t+j/x3Gn+G/Zyp+35uRd4J+C6fWH/9+tXtArwPr1qhwr7sUyvU+kTzJKGmbWPxuZvjvrZTGY9n7z0TjDvPzs2v4Y+P++keLGsh/pyp5Y/87/NC+C6fWP/+/dvtArwPP3/+fP1JXjYuM6AkCG21KSJq+z5ux1rFN0vVFLVkeYv4TGTWFJUotb/ZhEbTNna70Gy3x7LbhTZNzo1Fr/vi06p8KU33eGUfG9/lEwwewCJY6ct9K9b5nq/kob6sJIsYLbm6bZqgn2hF+8rYjMVHeOv1RR+bzldfWqOy2YRWE3BVHh5C+/AQVg8PIXz5EoJqSU/H9fp2e5Sem6AbR0VLSfFwF4gNFsFGX/Z7KGQejAMGagYqGpM8n55Cu1qdlVXbRrG2bXs6nqIxyyMdc05dxBalZulTDw9RblFqqcTozSbpKuvAMhAs68Cit1LmAdwFYoNFsNvt5kupykdI/Siopm6s11FIsWh7vQ6rtB1rFUuvssT4bFRU8otyslQp3b+iMxehmdB6l1JlCfEXzdAZ+tjgBLmi8LHzRUtrsBXk5heRtMm6Ma0qTdhdmcj+/TulWmlOm6VhObH5lT3GCbpOYso+GOyYCc0nwV/rW7uxf4080XOI2GAx3LUK7JTcsmapDRLEJqmkpQ5/CU79X6np2HipebH50dgkJkV3cRDBBg/SAIJFaHF1D1vKqNT8nGHQAC5BbFBHP9vEKrpnD2XJFpscV+5Q1CaxqZbY3Bpt1gw9E5ufDpKasJJY7JPTvovQLoQ29UwEpDYriA3qFJvVfrJuaSVd1RKSW87Il5hnav10JsskI/XVjavnJpHFY26AIF8ifHzuAf1qbwpig8WwlgRupZRmVZJbqd8tie1sFRC/dLh/oIvwT57SlA+3NLjJbFwSPH+YS+lBLnZNX8NdMHgAdT2p6pnobRSbn+vmF6N09RjV+QfCCHtWqJeWF1npKVVqek5lGNw5xYMnVF1CxAZ1TNSd+v+cPw8hn8Trk9EVfflEeROeydBIzz0YU6/ULE0ia/I+tJc8jepaEjzcBGKDRXHzU82nzitEb5YuNWYrmNic5M6an4UHJo+pVhaJWaaCl501O9MUkbP7pOn5ptAUhcXxJh9Jd83myrSQi7q06kYp2X7qIcgmtjd62vvN/wgqB7FB/ZQ+4i9Y8uhibpxnqp/stSt1IKY3AbHB52NqcMHqa0LzlJqV9J8tAsQGn5drU0Sm3pNTisiQ2buD2ACuSe6lILNFgdgAPPd8HZDZYmC6B4AHOVVBmlwDAFAPiA0AqgOxAUB1IDYAqA7EBgDVgdgAoDoQGwBUB2IDgOpAbABQHYgNAKoDsQFAdSA2AKgOxAYA1YHYAKA6EBsAVAdiA4DqQGwAEGrjP7ZRJYhPBne0AAAAAElFTkSuQmCC""}}]}]",0.42
google/gemini-2.5-flash-lite,sample_001,0.48727,0.48727,0.47,"[{""role"": ""system"", ""content"": ""You are a marker location estimator.""}, {""role"": ""user"", ""content"": [{""type"": ""text"", ""text"": ""\nYou are given both an image and a text-based representation of the same stimulus. \nIn both, a red dot appears on a horizontal line\nThe left end of the line corresponds to 0.0, and the right end to 1.0.\n\nText representation (the dot is marked as \""\""O\""\""):\n|-.----------.--.---O-----.-------------=|\n\n\nEstimate the horizontal position of the **center** of the red dot as a decimal number between 0 and 1.\nDo not explain. Only output the final answer as a number between 0 and 1:\nFinal Answer:\n""}, {""type"": ""image_url"", ""image_url"": {""url"": ""data:image/png;base64,iVBORw0KGgoAAAANSUhEUgAAATYAAABNCAYAAAAsLkgfAAAIfElEQVR4nO2daZLTSBBGtbjbfQfg/n85CZcAzkB71cRXzhTp6pLa2GIal9+LyCjJlmQPeB6ZqkXtMAxDAwBQEd1HfwEAgKVBbABQHYgNAKoDsQFAdSA2AKgOxAYA1YHYAKA6EBsAVAdiA4DqQGwAUB2IDQCqA7EBQHUgNgCoDsQGANWB2ACgOhAbAFQHYgOA6kBsAFAdiA0AqmP10V8A7pilHpfRtstcB8BAbHCbyG6RmwutdA1kBzfQ8pQqeJf8J+L78fWpY0qSivtT21PHA1wAYoPrZKa2tF06N8rpvXZue+41gAClKPy5zKaidE4uL4+5fZ07JzS/NoKDCcjYKmDRv8KCoJI+jsdzicX9/L38++Ti6rpzqRViyM8pXesGWqRYNWRsFbCY2OYyNMnLBebbIdpccJFcWi622GayS2IrhWdzU1ndhSC2ukFsjyy2udIzCG1waR0OTesyOxxOQrN2UGvHJcll5eKZzCzSa6X9XHq53Py63H+DCShF75ztdrvMhUr3zCSpmJlJbBKYRdre73+/5sfnWZsJahRX35+21fb9+WvviW5Kclfw/Py8zJ8d/HOQsd05BwnlFqY6BrzENGElke33o8ja3a4ZtK3XguCGWJaKWH5Goa1WJ6mZ3LQf3y+J7m/IDeoEsd05e4nlWvIhGtn9s5R9eUamdrc7tYrt9tTudqewY5LkSmKzzCwJzaQ2bls0UXba1/G2/0Zu3vpnxBYeHsR25+wkm6Uytlh6ernpWZrLTBJTu902nW+r9WNiSSqsIyCJzGX29DTK7Kht3/dWInPZudhi2TqXuQEgtgcXW16G5vfSPCOT3CQyE1qS2mbTDNbqGL2XMjaFX0dYGRozNJfZ0eP5+SQ122+C5GIWN0apNHUQHNB5cN98//79+pOnhnTkmZqXmptNklcS2WbT9K+vaTuFSS9lcDonz9iC2KLMUrteNwdJTPv2WpKaZCexueAsi5sU25Xl6JcvX67/M4R/FjK2R+wRLY1XiyVoLjUTWucye31tBm2/vja9MrfNJmV0Kavz+2y52CQ1E9vBJJZaiW29PkkthDomkuB0PcvcRrGV5GafddbCw4LY7piNhHILpaEdsQRVmetSc7FJZhLbr1+pbSwkvyS3/b7pXGw2iFbZ2lHh2ZpkJrGp3e1OIbnt96c4HFLou2h8nATnmeRZWRo7EgRCAwOxPXrHQRSbj0dzsfk9NZOaRNb/+tU0Fq1CUlOoRN1uT5mW32fLMrZ0D00Z2W6X5CZ5abjK4Xg8i+MwpGEjg7ehp9Y7FtL3nCpH4eFBbI84hm3u/looQ3XPzDsNBs/IlCXafbajWhObdyY0Pr4tE1vqBJD0lI2ZvHSE4tC2v6PrmqPCMjG9P84bjd/dx7vpc0rlKDw0q8+fP3/0d4Ar+fr167Jj1+Jg3DDDIHYopMG5lpWN2ZlaSVBS817UUIqmoRr2uUlS3plg548lqO7BWRnqpahK2DRdS/JSq/Oj0PW6f84VcuP3Xyernz9/fvR3gI+aI1pYbijNGtCuRRuOS+/4+9r31/NVPuJwDxGnZWXnxf+GeP34HYrvxzYuZ+QT5C+E33+drD59+vTR3wH+zxUqSqtixNcs89G10/VD72Pr5Z+2+z5FE9qxNFQbV+DIxqHF8+K547Z9jj5P4RPo0+dPTYr37x7bC+D3XyerHz9+fPR3gCv59u3bMhlbLgitwXY8Np3dpFfbPT2l3k4N5+ien08lqZesPj9UTon3vvzaEpSNSWs18Vznh9D10rg1G8Om4+IQDx+oe9Eg3T+UPb//OqHz4I7p9T/4kr2iIQuSHmJoQEU/DKew/RRt23QxgyvcY0tZ12rVtBLben0S2ctLiu7lpelfXppGsV6niLKTUEex+SyE0sR4QccBGIjtjnlSZrOk2CQN7yjw0rPrRnl59BZd35+yOcvoUgYWZh/kGZvENmZnJrY+Cs2kl4aCWObmw0SK80UZ6gETILY7Zi0hLNErKrJ119KQD8nIosuil6SenppeWZWE5FOrJsSWylqFpGYic5m1ytyC0Ma5o6UydG4JIwfJPTzMFX3U+aJzy3/7Srm+YofNQvA5oWmuqLZ9ipXPFfWljDKxjXNF4zxRn0ZlU6rezBXNlzIKHRdvFp4UV2RtzBOtFzK2O+fqVWDn5ouG6VVJUioFvdNA8lKWJtEpU/PVPvLli+JwD5eSlax554HCJ74fQ4fBmzXZ8iXDBYtNQgHE9sj32fKyNK5+G1fQdcEp/D6aiW2cehUWnEwRS1Ef8mHSSh0Cuo7dl+tK67H5/bRQfvrg3qLMkBoEENuds6jYJp53MMotW6NtlFlct82PC0NJUm+r9ZqOK+aaxCS34gq6vuLupUuCIzYIILY7ZyUhLCU2byce5jIKTpmWS86fexAe6jKe43jGZnNGo+DGsjM+5yBKzSX23vJEiA0CdB5UwCJPqsqnV1m8KU3jYpT5U6qi1KaeUpWVmXEZojdPqbrkwS08oQoKkLE96kDd0r9npQ6FbB5o8XF8cQJ9/lzR8NyDcUqUTZeSyNLYudLj9q4RGlkbGIjtUeeMls6ZKE2TqHwVjTjZPSwoeZap5WLzqVYxc4uii/v+VCvKTrgBStFKWPSvMRNcXOGjlMW92S6tvBGzr9K9syw7G8vQyEJCu+ofArgrEBv8ZuqnMFeiliKel2daUxHfj8eXQEzwDogN5sl/HjNruZVK0DOmhmnMyQyJwRUgNlhGclPHRKYEhsxgYRAbLNujegn0aMJfBrHBbdzy80Fm8JdguAfcBnKCfxBbIgEAoB4QGwBUB2IDgOpAbABQHYgNAKoDsQFAdSA2AKgOxAYA1YHYAKA6EBsAVAdiA4DqQGwAUB2IDQCqA7EBQHUgNgCoDsQGANWB2ACgqY3/ANGl1gCCZwauAAAAAElFTkSuQmCC""}}]}]",0.470
google/gemini-2.5-flash-lite,sample_002,0.77536,0.77536,0.53,"[{""role"": ""system"", ""content"": ""You are a marker location estimator.""}, {""role"": ""user"", ""content"": [{""type"": ""text"", ""text"": ""\nYou are given both an image and a text-based representation of the same stimulus. \nIn both, a red dot appears on a horizontal line\nThe left end of the line corresponds to 0.0, and the right end to 1.0.\n\nText representation (the dot is marked as \""\""O\""\""):\n|-.----------.--.---O-----.-------------=|\n\n\nEstimate the horizontal position of the **center** of the red dot as a decimal number between 0 and 1.\nDo not explain. Only output the final answer as a number between 0 and 1:\nFinal Answer:\n""}, {""type"": ""image_url"", ""image_url"": {""url"": ""data:image/png;base64,iVBORw0KGgoAAAANSUhEUgAAATYAAABNCAYAAAAsLkgfAAAIfElEQVR4nO2daZLTSBBGtbjbfQfg/n85CZcAzkB71cRXzhTp6pLa2GIal9+LyCjJlmQPeB6ZqkXtMAxDAwBQEd1HfwEAgKVBbABQHYgNAKoDsQFAdSA2AKgOxAYA1YHYAKA6EBsAVAdiA4DqQGwAUB2IDQCqA7EBQHUgNgCoDsQGANWB2ACgOhAbAFQHYgOA6kBsAFAdiA0AqmP10V8A7pilHpfRtstcB8BAbHCbyG6RmwutdA1kBzfQ8pQqeJf8J+L78fWpY0qSivtT21PHA1wAYoPrZKa2tF06N8rpvXZue+41gAClKPy5zKaidE4uL4+5fZ07JzS/NoKDCcjYKmDRv8KCoJI+jsdzicX9/L38++Ti6rpzqRViyM8pXesGWqRYNWRsFbCY2OYyNMnLBebbIdpccJFcWi622GayS2IrhWdzU1ndhSC2ukFsjyy2udIzCG1waR0OTesyOxxOQrN2UGvHJcll5eKZzCzSa6X9XHq53Py63H+DCShF75ztdrvMhUr3zCSpmJlJbBKYRdre73+/5sfnWZsJahRX35+21fb9+WvviW5Kclfw/Py8zJ8d/HOQsd05BwnlFqY6BrzENGElke33o8ja3a4ZtK3XguCGWJaKWH5Goa1WJ6mZ3LQf3y+J7m/IDeoEsd05e4nlWvIhGtn9s5R9eUamdrc7tYrt9tTudqewY5LkSmKzzCwJzaQ2bls0UXba1/G2/0Zu3vpnxBYeHsR25+wkm6Uytlh6ernpWZrLTBJTu902nW+r9WNiSSqsIyCJzGX29DTK7Kht3/dWInPZudhi2TqXuQEgtgcXW16G5vfSPCOT3CQyE1qS2mbTDNbqGL2XMjaFX0dYGRozNJfZ0eP5+SQ122+C5GIWN0apNHUQHNB5cN98//79+pOnhnTkmZqXmptNklcS2WbT9K+vaTuFSS9lcDonz9iC2KLMUrteNwdJTPv2WpKaZCexueAsi5sU25Xl6JcvX67/M4R/FjK2R+wRLY1XiyVoLjUTWucye31tBm2/vja9MrfNJmV0Kavz+2y52CQ1E9vBJJZaiW29PkkthDomkuB0PcvcRrGV5GafddbCw4LY7piNhHILpaEdsQRVmetSc7FJZhLbr1+pbSwkvyS3/b7pXGw2iFbZ2lHh2ZpkJrGp3e1OIbnt96c4HFLou2h8nATnmeRZWRo7EgRCAwOxPXrHQRSbj0dzsfk9NZOaRNb/+tU0Fq1CUlOoRN1uT5mW32fLMrZ0D00Z2W6X5CZ5abjK4Xg8i+MwpGEjg7ehp9Y7FtL3nCpH4eFBbI84hm3u/looQ3XPzDsNBs/IlCXafbajWhObdyY0Pr4tE1vqBJD0lI2ZvHSE4tC2v6PrmqPCMjG9P84bjd/dx7vpc0rlKDw0q8+fP3/0d4Ar+fr167Jj1+Jg3DDDIHYopMG5lpWN2ZlaSVBS817UUIqmoRr2uUlS3plg548lqO7BWRnqpahK2DRdS/JSq/Oj0PW6f84VcuP3Xyernz9/fvR3gI+aI1pYbijNGtCuRRuOS+/4+9r31/NVPuJwDxGnZWXnxf+GeP34HYrvxzYuZ+QT5C+E33+drD59+vTR3wH+zxUqSqtixNcs89G10/VD72Pr5Z+2+z5FE9qxNFQbV+DIxqHF8+K547Z9jj5P4RPo0+dPTYr37x7bC+D3XyerHz9+fPR3gCv59u3bMhlbLgitwXY8Np3dpFfbPT2l3k4N5+ien08lqZesPj9UTon3vvzaEpSNSWs18Vznh9D10rg1G8Om4+IQDx+oe9Eg3T+UPb//OqHz4I7p9T/4kr2iIQuSHmJoQEU/DKew/RRt23QxgyvcY0tZ12rVtBLben0S2ctLiu7lpelfXppGsV6niLKTUEex+SyE0sR4QccBGIjtjnlSZrOk2CQN7yjw0rPrRnl59BZd35+yOcvoUgYWZh/kGZvENmZnJrY+Cs2kl4aCWObmw0SK80UZ6gETILY7Zi0hLNErKrJ119KQD8nIosuil6SenppeWZWE5FOrJsSWylqFpGYic5m1ytyC0Ma5o6UydG4JIwfJPTzMFX3U+aJzy3/7Srm+YofNQvA5oWmuqLZ9ipXPFfWljDKxjXNF4zxRn0ZlU6rezBXNlzIKHRdvFp4UV2RtzBOtFzK2O+fqVWDn5ouG6VVJUioFvdNA8lKWJtEpU/PVPvLli+JwD5eSlax554HCJ74fQ4fBmzXZ8iXDBYtNQgHE9sj32fKyNK5+G1fQdcEp/D6aiW2cehUWnEwRS1Ef8mHSSh0Cuo7dl+tK67H5/bRQfvrg3qLMkBoEENuds6jYJp53MMotW6NtlFlct82PC0NJUm+r9ZqOK+aaxCS34gq6vuLupUuCIzYIILY7ZyUhLCU2byce5jIKTpmWS86fexAe6jKe43jGZnNGo+DGsjM+5yBKzSX23vJEiA0CdB5UwCJPqsqnV1m8KU3jYpT5U6qi1KaeUpWVmXEZojdPqbrkwS08oQoKkLE96kDd0r9npQ6FbB5o8XF8cQJ9/lzR8NyDcUqUTZeSyNLYudLj9q4RGlkbGIjtUeeMls6ZKE2TqHwVjTjZPSwoeZap5WLzqVYxc4uii/v+VCvKTrgBStFKWPSvMRNcXOGjlMW92S6tvBGzr9K9syw7G8vQyEJCu+ofArgrEBv8ZuqnMFeiliKel2daUxHfj8eXQEzwDogN5sl/HjNruZVK0DOmhmnMyQyJwRUgNlhGclPHRKYEhsxgYRAbLNujegn0aMJfBrHBbdzy80Fm8JdguAfcBnKCfxBbIgEAoB4QGwBUB2IDgOpAbABQHYgNAKoDsQFAdSA2AKgOxAYA1YHYAKA6EBsAVAdiA4DqQGwAUB2IDQCqA7EBQHUgNgCoDsQGANWB2ACgqY3/ANGl1gCCZwauAAAAAElFTkSuQmCC""}}]}, {""role"": ""assistant"", ""content"": ""0.470""}, {""role"": ""user"", ""content"": [{""type"": ""text"", ""text"": ""\nYou are given both an image and a text-based representation of the same stimulus. \nIn both, a red dot appears on a horizontal line\nThe left end of the line corresponds to 0.0, and the right end to 1.0.\n\nText representation (the dot is marked as \""\""O\""\""):\n|--------------------=-----=---O------ -.|\n\n\nEstimate the horizontal position of the **center** of the red dot as a decimal number between 0 and 1.\nDo not explain. Only output the final answer as a number between 0 and 1:\nFinal Answer:\n""}, {""type"": ""image_url"", ""image_url"": {""url"": ""data:image/png;base64,iVBORw0KGgoAAAANSUhEUgAAATYAAABNCAYAAAAsLkgfAAAI6UlEQVR4nO2dbY7aMBBA7STLxxna3v9vT9JLtL1Cd4ElqcbxpINxAl0+At73JMtJCAFV2texPWN813WdAwAoiGruLwAAcG0QGwAUB2IDgOJAbABQHIgNAIoDsQFAcSA2ACgOxAYAxYHYAKA4EBsAFAdiA4DiQGwAUByIDQCKA7EBQHEgNgAoDsQGAMWB2ACgOBAbABQHYgOA4mjm/gIAMMG1f5LEe/cZQGwAjy6znNzGhDcmLu8/9r4nxfMrVQAPLDN7PXftlKT8GcfnPOfJQGwAczIlLunHjtP35KTlT/Tp8dS1c157IBAbwCNFZ+mxtLY9PE/fMyYvnzR73d6bHufOx65NXZ8RxAZwBlf/M0nE5K24rMzSPm2WnMx8bFV1JLnuIxHdfwxn/YzCY/EA4N5iy0VlOaElzdvzXMRmWqcik94e23tORXK5Xj4vXYgYERhiAyhZbLmhp16LkgrPV4Ht9/2x9Pt9L7T93nV6Xe6xMrQRmMqrrnt5Sa9yq6peeGn0lhPcmOiuMU93BxiKApxgu91e72GZKG2IxKK4gtje33upJf2B+Oyfro3C6l5mQWp1/U9ucmwkF+6ZGr6eEp/9bNsbFouFmwMiNoAT7EUktxp+JhFaENj7e+ilddLvdr3o5DhGboMMFR1+alTWNEFoQWr22IpO783NwY1FdVOLEXr+ACA2gBO8i1QuIU3PMPNoOszUKE0lJn1o2+2/4yi30Oxcm51XE1k1UWTSv7z0fbymkhuiN+nH5uJycsssQjyi3BAbwAl2IpsrRmwHiwBplKYik367dVXsDwRn596i2EROIqpBaE2U2suLa1VuqeSS6O0ogssJLr02Nfc2I4gN4NZiS4ehKjTpVWjyGbtdL7LNppfaZuO6zSb0ck1eC9Ga3Gvn2VRsUVRd0/QyWyxC38ZezoPomuZ4eJrMvR21VHZ6Lmj/QHJj8QBggp8/f17+kFxKRzL81CitUpG9vbn67c1V0uK10EzUFt5vxRZl1RqZtctlON4vl73UVHIauYnkzLB0Um4TqSNTw9Fv3765e0PEBnCrFdFclYBZ/RyTWpDZ66vrothEcHLsNhv5QkFuwzxbErFJNNaKyERgUWgit/1220tut+vlZoemMWo7EtuY6HLDUyGVm16bAcQGMMFGZHIpaWqHzpHFYajLSK0WscXeidReX8NwVO4N92fEFqQWxdaK1FYrt9/t3P79fWitNrlHvodZaBjSRM6N3qZWS2cGsQHcY+EgFZuZWwsLA1FqtcpM2p8/zovQtL29hXs7aZrXpmLT1VAV22oVxCVt33X/mqSvdJ1rJSm4bfsm75PvZefb5Nmn5IbYAD5pDls6vxajtRCxyWKBiDOufoqwNCKTKE1k10ofWxiextdDflsiNqfDy7Z1kuEWmkRyVeX23ru99PFYrslr8l6572Ci3X5fjd7SOcKc3B5oAaH5+vXrrF8A4JH5/v37dXLX0vpPnfy3zSTmhuTc3W5oLunDKqrNY5OILX5mF6sPhtQPGXrG6K0V6WmL3ytEb7m6Vfu9LSI0vTYmNsV7N4djmt+/f9/9QwGehYuTBjLbDWmdZxebrfscakbN63I+iMcm5lqxCea1TiWXRGNpCVVYdEjOTw4x9TNzu4vY7xPvncMxzZcvX+7+oQDPwod3qMjtfGGqBKTJs8PzzeqiN3NYXs/reuiHphGTfo59ra6dN70ey1A1HMc8tnAemy4e+FP5a1MJurl/K+/dHI5pfv36dfcPBXgWfvz4cdkDMrtwhGORSNu6Kk7aV9Kapm8vL6H5xaIfliaVBuEpOsFvhqIiKBff5+S9plWSxyYJujFJ12mTe5NV0bPLq86cX5vDMSweAExQyx/7pdiCdyMJ+fMPLQ5Hq65zddsOTc5FfJIlJi1EeBp52VVReS3KyUexVauV69br0Kr12tWrlXOmhXui5Cqby6Y7fuTKqP5TaHOC2AAmeJGo5hbpHnao6b2rbBOheh9aONeITqQlVQmxIH5YFRV02CmiWi5dJ03Etlq5er12TpoIbbUKr4dk3Ri12dKqYYU1LXwXcom4Dyg1AbEBTLBcLq+3Kmon/2NybBCUCE7lJa2qQhRVx6FpHaOrkMAbKw8OxBblI+/V4WUn31ujs/W6F5rktkmLCby2KH5I65iaP5uS2YNUHAwfT60owA3rRXMF8LoLrm4iqWVVsQhei95rrUSQa9rrLh+2VlQenyboLmKSrkRmUoEgQ1ON1HSuzdaKplKbEtlEakfKHHWiAhEbwAku2gU2t8Gkik2kIoKKc2Nhdw8Zbuo8WZz0DzKTiEulprludhddjbji4oOTRYPl8qAFmdkhaLo3W05qTxKhpSA2gFvPsyVyC3lrma3Ag9C0j2Ia9mPT0iuVmt2PTYhJuZrGUcWhZpCaLhTo8DNKbdh00kjt6AdenkRkKYgN4M5iO1gl1SoEjd5keCpC0sjMDFOHonmN1ozYdLVVc9I6La8SQarMTKQ2DD81WhtLxh0TGGIDeG4aEcElTC0k2JVSG73FHDZbZqXHbuQ3D0LTRNvG7LdmFwmSxYKj3zzQZ53iwcXG4gHAvX6pKimtOvqVKvvze5qUa/tUavZ5WhKlQ8sm+Y2DJEo72gp8onLgo8z1C1UCERvALRN107ghNywVuWSGp0eiS388OalokPmxoSSq7vPaRFxDSVW6BfhUPeg5PHDUhtgAblkzmr4vNyyN1QcHhe1aD2qis6Nfgk+kaasaOlNvanfEPbjn1M4cTwxDUYAzueqfSrJtuD+1bZDt0x1DlLRawI/UesYKgtEV0Dn/I7jW5yM2gDuS+3NLJDcquNwcncWKqvpAfScRGwBchak5OO3HZJb7001LoYRzk24LArEBPIvkpo6VqUjMP1eS7SUgNoBnGq7+L/7zyMyC2AAenWv8ifrPITSFdA+AR+eTSekaxJ3jAADKAbEBQHEgNgAoDsQGAMWB2ACgOBAbABQHYgOA4kBsAFAciA0AigOxAUBxIDYAKA7EBgDFgdgAoDgQGwAUB2IDgOJAbABQHIgNAFxp/AX/qdllPni50AAAAABJRU5ErkJggg==""}}]}]",0.530
google/gemini-2.5-flash-lite,sample_003,0.666,0.666,0.523,"[{""role"": ""system"", ""content"": ""You are a marker location estimator.""}, {""role"": ""user"", ""content"": [{""type"": ""text"", ""text"": ""\nYou are given both an image and a text-based representation of the same stimulus. \nIn both, a red dot appears on a horizontal line\nThe left end of the line corresponds to 0.0, and the right end to 1.0.\n\nText representation (the dot is marked as \""\""O\""\""):\n|-.----------.--.---O-----.-------------=|\n\n\nEstimate the horizontal position of the **center** of the red dot as a decimal number between 0 and 1.\nDo not explain. Only output the final answer as a number between 0 and 1:\nFinal Answer:\n""}, {""type"": ""image_url"", ""image_url"": {""url"": ""data:image/png;base64,iVBORw0KGgoAAAANSUhEUgAAATYAAABNCAYAAAAsLkgfAAAIfElEQVR4nO2daZLTSBBGtbjbfQfg/n85CZcAzkB71cRXzhTp6pLa2GIal9+LyCjJlmQPeB6ZqkXtMAxDAwBQEd1HfwEAgKVBbABQHYgNAKoDsQFAdSA2AKgOxAYA1YHYAKA6EBsAVAdiA4DqQGwAUB2IDQCqA7EBQHUgNgCoDsQGANWB2ACgOhAbAFQHYgOA6kBsAFAdiA0AqmP10V8A7pilHpfRtstcB8BAbHCbyG6RmwutdA1kBzfQ8pQqeJf8J+L78fWpY0qSivtT21PHA1wAYoPrZKa2tF06N8rpvXZue+41gAClKPy5zKaidE4uL4+5fZ07JzS/NoKDCcjYKmDRv8KCoJI+jsdzicX9/L38++Ti6rpzqRViyM8pXesGWqRYNWRsFbCY2OYyNMnLBebbIdpccJFcWi622GayS2IrhWdzU1ndhSC2ukFsjyy2udIzCG1waR0OTesyOxxOQrN2UGvHJcll5eKZzCzSa6X9XHq53Py63H+DCShF75ztdrvMhUr3zCSpmJlJbBKYRdre73+/5sfnWZsJahRX35+21fb9+WvviW5Kclfw/Py8zJ8d/HOQsd05BwnlFqY6BrzENGElke33o8ja3a4ZtK3XguCGWJaKWH5Goa1WJ6mZ3LQf3y+J7m/IDeoEsd05e4nlWvIhGtn9s5R9eUamdrc7tYrt9tTudqewY5LkSmKzzCwJzaQ2bls0UXba1/G2/0Zu3vpnxBYeHsR25+wkm6Uytlh6ernpWZrLTBJTu902nW+r9WNiSSqsIyCJzGX29DTK7Kht3/dWInPZudhi2TqXuQEgtgcXW16G5vfSPCOT3CQyE1qS2mbTDNbqGL2XMjaFX0dYGRozNJfZ0eP5+SQ122+C5GIWN0apNHUQHNB5cN98//79+pOnhnTkmZqXmptNklcS2WbT9K+vaTuFSS9lcDonz9iC2KLMUrteNwdJTPv2WpKaZCexueAsi5sU25Xl6JcvX67/M4R/FjK2R+wRLY1XiyVoLjUTWucye31tBm2/vja9MrfNJmV0Kavz+2y52CQ1E9vBJJZaiW29PkkthDomkuB0PcvcRrGV5GafddbCw4LY7piNhHILpaEdsQRVmetSc7FJZhLbr1+pbSwkvyS3/b7pXGw2iFbZ2lHh2ZpkJrGp3e1OIbnt96c4HFLou2h8nATnmeRZWRo7EgRCAwOxPXrHQRSbj0dzsfk9NZOaRNb/+tU0Fq1CUlOoRN1uT5mW32fLMrZ0D00Z2W6X5CZ5abjK4Xg8i+MwpGEjg7ehp9Y7FtL3nCpH4eFBbI84hm3u/looQ3XPzDsNBs/IlCXafbajWhObdyY0Pr4tE1vqBJD0lI2ZvHSE4tC2v6PrmqPCMjG9P84bjd/dx7vpc0rlKDw0q8+fP3/0d4Ar+fr167Jj1+Jg3DDDIHYopMG5lpWN2ZlaSVBS817UUIqmoRr2uUlS3plg548lqO7BWRnqpahK2DRdS/JSq/Oj0PW6f84VcuP3Xyernz9/fvR3gI+aI1pYbijNGtCuRRuOS+/4+9r31/NVPuJwDxGnZWXnxf+GeP34HYrvxzYuZ+QT5C+E33+drD59+vTR3wH+zxUqSqtixNcs89G10/VD72Pr5Z+2+z5FE9qxNFQbV+DIxqHF8+K547Z9jj5P4RPo0+dPTYr37x7bC+D3XyerHz9+fPR3gCv59u3bMhlbLgitwXY8Np3dpFfbPT2l3k4N5+ien08lqZesPj9UTon3vvzaEpSNSWs18Vznh9D10rg1G8Om4+IQDx+oe9Eg3T+UPb//OqHz4I7p9T/4kr2iIQuSHmJoQEU/DKew/RRt23QxgyvcY0tZ12rVtBLben0S2ctLiu7lpelfXppGsV6niLKTUEex+SyE0sR4QccBGIjtjnlSZrOk2CQN7yjw0rPrRnl59BZd35+yOcvoUgYWZh/kGZvENmZnJrY+Cs2kl4aCWObmw0SK80UZ6gETILY7Zi0hLNErKrJ119KQD8nIosuil6SenppeWZWE5FOrJsSWylqFpGYic5m1ytyC0Ma5o6UydG4JIwfJPTzMFX3U+aJzy3/7Srm+YofNQvA5oWmuqLZ9ipXPFfWljDKxjXNF4zxRn0ZlU6rezBXNlzIKHRdvFp4UV2RtzBOtFzK2O+fqVWDn5ouG6VVJUioFvdNA8lKWJtEpU/PVPvLli+JwD5eSlax554HCJ74fQ4fBmzXZ8iXDBYtNQgHE9sj32fKyNK5+G1fQdcEp/D6aiW2cehUWnEwRS1Ef8mHSSh0Cuo7dl+tK67H5/bRQfvrg3qLMkBoEENuds6jYJp53MMotW6NtlFlct82PC0NJUm+r9ZqOK+aaxCS34gq6vuLupUuCIzYIILY7ZyUhLCU2byce5jIKTpmWS86fexAe6jKe43jGZnNGo+DGsjM+5yBKzSX23vJEiA0CdB5UwCJPqsqnV1m8KU3jYpT5U6qi1KaeUpWVmXEZojdPqbrkwS08oQoKkLE96kDd0r9npQ6FbB5o8XF8cQJ9/lzR8NyDcUqUTZeSyNLYudLj9q4RGlkbGIjtUeeMls6ZKE2TqHwVjTjZPSwoeZap5WLzqVYxc4uii/v+VCvKTrgBStFKWPSvMRNcXOGjlMW92S6tvBGzr9K9syw7G8vQyEJCu+ofArgrEBv8ZuqnMFeiliKel2daUxHfj8eXQEzwDogN5sl/HjNruZVK0DOmhmnMyQyJwRUgNlhGclPHRKYEhsxgYRAbLNujegn0aMJfBrHBbdzy80Fm8JdguAfcBnKCfxBbIgEAoB4QGwBUB2IDgOpAbABQHYgNAKoDsQFAdSA2AKgOxAYA1YHYAKA6EBsAVAdiA4DqQGwAUB2IDQCqA7EBQHUgNgCoDsQGANWB2ACgqY3/ANGl1gCCZwauAAAAAElFTkSuQmCC""}}]}, {""role"": ""assistant"", ""content"": ""0.470""}, {""role"": ""user"", ""content"": [{""type"": ""text"", ""text"": ""\nYou are given both an image and a text-based representation of the same stimulus. \nIn both, a red dot appears on a horizontal line\nThe left end of the line corresponds to 0.0, and the right end to 1.0.\n\nText representation (the dot is marked as \""\""O\""\""):\n|--------------------=-----=---O------ -.|\n\n\nEstimate the horizontal position of the **center** of the red dot as a decimal number between 0 and 1.\nDo not explain. Only output the final answer as a number between 0 and 1:\nFinal Answer:\n""}, {""type"": ""image_url"", ""image_url"": {""url"": ""data:image/png;base64,iVBORw0KGgoAAAANSUhEUgAAATYAAABNCAYAAAAsLkgfAAAI6UlEQVR4nO2dbY7aMBBA7STLxxna3v9vT9JLtL1Cd4ElqcbxpINxAl0+At73JMtJCAFV2texPWN813WdAwAoiGruLwAAcG0QGwAUB2IDgOJAbABQHIgNAIoDsQFAcSA2ACgOxAYAxYHYAKA4EBsAFAdiA4DiQGwAUByIDQCKA7EBQHEgNgAoDsQGAMWB2ACgOBAbABQHYgOA4mjm/gIAMMG1f5LEe/cZQGwAjy6znNzGhDcmLu8/9r4nxfMrVQAPLDN7PXftlKT8GcfnPOfJQGwAczIlLunHjtP35KTlT/Tp8dS1c157IBAbwCNFZ+mxtLY9PE/fMyYvnzR73d6bHufOx65NXZ8RxAZwBlf/M0nE5K24rMzSPm2WnMx8bFV1JLnuIxHdfwxn/YzCY/EA4N5iy0VlOaElzdvzXMRmWqcik94e23tORXK5Xj4vXYgYERhiAyhZbLmhp16LkgrPV4Ht9/2x9Pt9L7T93nV6Xe6xMrQRmMqrrnt5Sa9yq6peeGn0lhPcmOiuMU93BxiKApxgu91e72GZKG2IxKK4gtje33upJf2B+Oyfro3C6l5mQWp1/U9ucmwkF+6ZGr6eEp/9bNsbFouFmwMiNoAT7EUktxp+JhFaENj7e+ilddLvdr3o5DhGboMMFR1+alTWNEFoQWr22IpO783NwY1FdVOLEXr+ACA2gBO8i1QuIU3PMPNoOszUKE0lJn1o2+2/4yi30Oxcm51XE1k1UWTSv7z0fbymkhuiN+nH5uJycsssQjyi3BAbwAl2IpsrRmwHiwBplKYik367dVXsDwRn596i2EROIqpBaE2U2suLa1VuqeSS6O0ogssJLr02Nfc2I4gN4NZiS4ehKjTpVWjyGbtdL7LNppfaZuO6zSb0ck1eC9Ga3Gvn2VRsUVRd0/QyWyxC38ZezoPomuZ4eJrMvR21VHZ6Lmj/QHJj8QBggp8/f17+kFxKRzL81CitUpG9vbn67c1V0uK10EzUFt5vxRZl1RqZtctlON4vl73UVHIauYnkzLB0Um4TqSNTw9Fv3765e0PEBnCrFdFclYBZ/RyTWpDZ66vrothEcHLsNhv5QkFuwzxbErFJNNaKyERgUWgit/1220tut+vlZoemMWo7EtuY6HLDUyGVm16bAcQGMMFGZHIpaWqHzpHFYajLSK0WscXeidReX8NwVO4N92fEFqQWxdaK1FYrt9/t3P79fWitNrlHvodZaBjSRM6N3qZWS2cGsQHcY+EgFZuZWwsLA1FqtcpM2p8/zovQtL29hXs7aZrXpmLT1VAV22oVxCVt33X/mqSvdJ1rJSm4bfsm75PvZefb5Nmn5IbYAD5pDls6vxajtRCxyWKBiDOufoqwNCKTKE1k10ofWxiextdDflsiNqfDy7Z1kuEWmkRyVeX23ru99PFYrslr8l6572Ci3X5fjd7SOcKc3B5oAaH5+vXrrF8A4JH5/v37dXLX0vpPnfy3zSTmhuTc3W5oLunDKqrNY5OILX5mF6sPhtQPGXrG6K0V6WmL3ytEb7m6Vfu9LSI0vTYmNsV7N4djmt+/f9/9QwGehYuTBjLbDWmdZxebrfscakbN63I+iMcm5lqxCea1TiWXRGNpCVVYdEjOTw4x9TNzu4vY7xPvncMxzZcvX+7+oQDPwod3qMjtfGGqBKTJs8PzzeqiN3NYXs/reuiHphGTfo59ra6dN70ey1A1HMc8tnAemy4e+FP5a1MJurl/K+/dHI5pfv36dfcPBXgWfvz4cdkDMrtwhGORSNu6Kk7aV9Kapm8vL6H5xaIfliaVBuEpOsFvhqIiKBff5+S9plWSxyYJujFJ12mTe5NV0bPLq86cX5vDMSweAExQyx/7pdiCdyMJ+fMPLQ5Hq65zddsOTc5FfJIlJi1EeBp52VVReS3KyUexVauV69br0Kr12tWrlXOmhXui5Cqby6Y7fuTKqP5TaHOC2AAmeJGo5hbpHnao6b2rbBOheh9aONeITqQlVQmxIH5YFRV02CmiWi5dJ03Etlq5er12TpoIbbUKr4dk3Ri12dKqYYU1LXwXcom4Dyg1AbEBTLBcLq+3Kmon/2NybBCUCE7lJa2qQhRVx6FpHaOrkMAbKw8OxBblI+/V4WUn31ujs/W6F5rktkmLCby2KH5I65iaP5uS2YNUHAwfT60owA3rRXMF8LoLrm4iqWVVsQhei95rrUSQa9rrLh+2VlQenyboLmKSrkRmUoEgQ1ON1HSuzdaKplKbEtlEakfKHHWiAhEbwAku2gU2t8Gkik2kIoKKc2Nhdw8Zbuo8WZz0DzKTiEulprludhddjbji4oOTRYPl8qAFmdkhaLo3W05qTxKhpSA2gFvPsyVyC3lrma3Ag9C0j2Ia9mPT0iuVmt2PTYhJuZrGUcWhZpCaLhTo8DNKbdh00kjt6AdenkRkKYgN4M5iO1gl1SoEjd5keCpC0sjMDFOHonmN1ozYdLVVc9I6La8SQarMTKQ2DD81WhtLxh0TGGIDeG4aEcElTC0k2JVSG73FHDZbZqXHbuQ3D0LTRNvG7LdmFwmSxYKj3zzQZ53iwcXG4gHAvX6pKimtOvqVKvvze5qUa/tUavZ5WhKlQ8sm+Y2DJEo72gp8onLgo8z1C1UCERvALRN107ghNywVuWSGp0eiS388OalokPmxoSSq7vPaRFxDSVW6BfhUPeg5PHDUhtgAblkzmr4vNyyN1QcHhe1aD2qis6Nfgk+kaasaOlNvanfEPbjn1M4cTwxDUYAzueqfSrJtuD+1bZDt0x1DlLRawI/UesYKgtEV0Dn/I7jW5yM2gDuS+3NLJDcquNwcncWKqvpAfScRGwBchak5OO3HZJb7001LoYRzk24LArEBPIvkpo6VqUjMP1eS7SUgNoBnGq7+L/7zyMyC2AAenWv8ifrPITSFdA+AR+eTSekaxJ3jAADKAbEBQHEgNgAoDsQGAMWB2ACgOBAbABQHYgOA4kBsAFAciA0AigOxAUBxIDYAKA7EBgDFgdgAoDgQGwAUB2IDgOJAbABQHIgNAFxp/AX/qdllPni50AAAAABJRU5ErkJggg==""}}]}, {""role"": ""assistant"", ""content"": ""0.530""}, {""role"": ""user"", ""content"": [{""type"": ""text"", ""text"": ""\nYou are given both an image and a text-based representation of the same stimulus. \nIn both, a red dot appears on a horizontal line\nThe left end of the line corresponds to 0.0, and the right end to 1.0.\n\nText representation (the dot is marked as \""\""O\""\""):\n|-------------=---.-------O---.-----~----|\n\n\nEstimate the horizontal position of the **center** of the red dot as a decimal number between 0 and 1.\nDo not explain. Only output the final answer as a number between 0 and 1:\nFinal Answer:\n""}, {""type"": ""image_url"", ""image_url"": {""url"": ""data:image/png;base64,iVBORw0KGgoAAAANSUhEUgAAATYAAABNCAYAAAAsLkgfAAAIlElEQVR4nO2dYVLbSBBGR5LBJlcguf/fnCSXSLgCYGxLW994WmmJkcDYLM7ovaqukWxjvFT8tkc9Paq6rusCAEBB1F/9AQAALg1iA4DiQGwAUByIDQCKA7EBQHEgNgAoDsQGAMWB2ACgOBAbABQHYgOA4kBsAFAciA0AigOxAUBxIDYAKA7EBgDFgdgAoDgQGwAUB2IDgOJAbABQHKuv/gAAV8clbwNSVZd7L3g3iA1gSmg5weUey8nLHnvv6+GiVNylChaN/+efO556fkpUY2nNPTf1GJwNYoNlMicxjRb+fA4TVG7MyW1OgHA2TEVhWcwJrW2HUstFjrHEvMymzvVeczJDdGeB2OCq+ZQJhRNaNRaXyW1q9D8vxsKq69eC84/rx3MC9Jj4PkiFFBEbLExsuemmiWsiKn8+VQxI8uq8xDT6Y/+aXNh7vZXNvUGF2BAbFCy2qaqmi/j+JrDDIQSFzg+H/rxL5/E14ylpVf0VlYlM8tLYNMPzCdFNCs6DrE6C4gFcLS8vL5+aqQ0yMRPZfn881rjf/5WdPe/FaLKxLCyJrPNjileis2MvRPGW4N7J7e1tWDJkbHC1HCSSc5mqePopphdZim63C9VudxSdPabX+QJDEpBNP01k3Wo1eTyQnxPd5LU5QbZ2MogNrpa9pHLpCmgSUzXK0nqxvbxEocVwxya4wbU2E5vLwqLIkszieHNzFFp6PI4Smo2WySlyU1MDuZ0EYoOrZSehXLICqnE89dRoIjOZbbeh1uhDz9k01RURlK1FiUlsJrUks1ajj/Scl1w/VZ3K3gRSOxnEBuWKbaIC2gstSS3sdqGWuLbbo9S229Cl0c71mhh2zS1lbFFsLlszmWlsb29jRKnpWFKzcxNcyt76rC1XVBDI7SQoHsBV8vv37/PfJCc2q36mwoBlacrQosien0Pz/BxqHz6D80UEn7E1zVFmJjSN63U4SGTr9V/JWUhsbpray+2CWduPHz/CUiFjg7IqolOdBRajbE1hUjORdU9PoX56Cs3TU+ien0NQ6HnL2mw6axmbpKZsbbWKIpPADpLZy8tx3O2i5Nr9PrRaPuIiCk2S0/FcMcEgc3sXiA2ukq2mf5e8vmbXxUxqqRjQS01hMktjeHwM4ekpZnESW9BrbTrqMrbWxGZSU0hqu1047PexuiuhtW3bh8QY5SappWt+ryqlc90JMAtig2UUDnwngS3rsGnodhunn41lZ5LZ4+MxdKxI1926jNisaKAMrc/M2jYcum4Yql3oZ0ZhnzEuBFYgtrNBbFDmGrbx7hyjamitjC0VDTpNe11Idm0qHFQ2PVXGlsQWsz0nNqtyKgNru+4YyuSqKhzqOhya5hiSn6SXMrPWt1f5z+ynowK5nczq+/fvp/8UwCfz8+fPy1xjy/SDjlun+ulpmqJ2aTFul6arcZQA/Zo2+z3K2ExyaU1alFx6jzYzDbWpqEbf0vVKYG6tXM8Jgvu+4O/26uHh4as/A8Arzi7Wj3s63U4ecQrod/awKaEdWw+pG2e3MPK9p/bQaBePceN7nMK6iufsf61v3zrh7/Kw4O/26v7+/qs/A8DldqhwmdSr8xR67/j+br1YPE/Tv6ppQpWyLx0HH1a9VIYlfOfAatW/vtKxW8rRH7vX6XfYwtxqrrVq+Id595/ifsHf7dWfP3+++jMAvOLXr1+Xv8aWkBrqVCWtdb1ttQr1zU287qaobm5CdXs7bIS3nT0kFpvGCkkpLdmo1usQ1us4WtTrdVzHFkON6Yq0hm2wjs23V5lk44f9+Dq2Pwv+blM8gKuk0Rf8s5Z7KENLWaFkVXddaBRtG6O2SM/F11kGZ1XRJLaYdSkDS2KLIttsQnd3F+pv30JzdxfCZhOCRi87idTE5ncA8Z0H8RdQNPgIiA2ukhtlNJfeKVcykpwkt5Qh1VU1iCZFPNfzijSVjFmcCgg+Y0vTVT1Xpy4DE1tjQttsQrXZRKHF5SApa/M7fwz2bGOZx9kgNrhK1prWfUbngVvyEYWkaWjT/I26jtmijhs9p0jSiv2kJjZ77yS+OLVMYlNmJqFVXmibzbB3VOGv3Y17RAUdBx+GXlEot190qlfUyy0t1I0dCGlnj8baq/yoNW0mNr+7hzXAu6b31kS22cSWqs5lav0uH2kK2r0ltQ8K7ceC+0QFGRtcLWfvAjsWm3AbTPYN7Skzi9fJdO3LMjTJTNfENEp61rEwytis8lmnrK0vHqRja3yPu3v4KahVRX2FVrCjx9kgNljOdTaN7q5TfeZmUlM2liqiEluUk2VqJrbRfmyD5R5JisrKTGyxQDCXqaUsbdCBgNDOBrFBuWKbud7WZ20aJTZlYSY3CcwKBRKUtVG5pR9GXP+WCgj9JpNJZpLkqx10ndQGd7Q6vtlwhA+D2OBqWUkE55LrEMg1xqcpaczeJDFJTiJTIcC2Dh/f0EVY1uUW5o53yu3F5m7oMim18TF8CIoHsIw7VWVu6tIvAbH1baPe0T5D81uC+5u5CLuRi0lrfE+Dia2/By1WFxba7cLvUCUQG5S7y8fUfUVtzFVL/S4gTnSDmyfn7ivqb6/nRZZbo/aeXTvOkFxzicXN/zhMReGqOeuu5rmfnWiMj7LxO21YP6gXXq4BftR3agIb9H7qPNcQP/UZ4WzI2ODq+ZR/ouk9o9hyi3jHx+MpaKa5PnuH90wngd/V46r+R1AQiA2WxSnT07e2KhJeUm+Ff72BiD4FxAbLZmpJiI254xxjec0t4UBmnw5iAxDjr8FYcrnXeHLiIjv7MhAbwHsl9x5y8kJo/zuIDWCOj349kNmXwnIPgDkQ1D9JWikIAFAOiA0AigOxAUBxIDYAKA7EBgDFgdgAoDgQGwAUB2IDgOJAbABQHIgNAIoDsQFAcSA2ACgOxAYAxYHYAKA4EBsAFAdiA4DiQGwAEErjP5FJi7ZzfsrhAAAAAElFTkSuQmCC""}}]}]",0.523
google/gemini-2.5-flash-lite,sample_004,0.59933,0.59933,0.5,"[{""role"": ""system"", ""content"": ""You are a marker location estimator.""}, {""role"": ""user"", ""content"": [{""type"": ""text"", ""text"": ""\nYou are given both an image and a text-based representation of the same stimulus. \nIn both, a red dot appears on a horizontal line\nThe left end of the line corresponds to 0.0, and the right end to 1.0.\n\nText representation (the dot is marked as \""\""O\""\""):\n|-.----------.--.---O-----.-------------=|\n\n\nEstimate the horizontal position of the **center** of the red dot as a decimal number between 0 and 1.\nDo not explain. Only output the final answer as a number between 0 and 1:\nFinal Answer:\n""}, {""type"": ""image_url"", ""image_url"": {""url"": ""data:image/png;base64,iVBORw0KGgoAAAANSUhEUgAAATYAAABNCAYAAAAsLkgfAAAIfElEQVR4nO2daZLTSBBGtbjbfQfg/n85CZcAzkB71cRXzhTp6pLa2GIal9+LyCjJlmQPeB6ZqkXtMAxDAwBQEd1HfwEAgKVBbABQHYgNAKoDsQFAdSA2AKgOxAYA1YHYAKA6EBsAVAdiA4DqQGwAUB2IDQCqA7EBQHUgNgCoDsQGANWB2ACgOhAbAFQHYgOA6kBsAFAdiA0AqmP10V8A7pilHpfRtstcB8BAbHCbyG6RmwutdA1kBzfQ8pQqeJf8J+L78fWpY0qSivtT21PHA1wAYoPrZKa2tF06N8rpvXZue+41gAClKPy5zKaidE4uL4+5fZ07JzS/NoKDCcjYKmDRv8KCoJI+jsdzicX9/L38++Ti6rpzqRViyM8pXesGWqRYNWRsFbCY2OYyNMnLBebbIdpccJFcWi622GayS2IrhWdzU1ndhSC2ukFsjyy2udIzCG1waR0OTesyOxxOQrN2UGvHJcll5eKZzCzSa6X9XHq53Py63H+DCShF75ztdrvMhUr3zCSpmJlJbBKYRdre73+/5sfnWZsJahRX35+21fb9+WvviW5Kclfw/Py8zJ8d/HOQsd05BwnlFqY6BrzENGElke33o8ja3a4ZtK3XguCGWJaKWH5Goa1WJ6mZ3LQf3y+J7m/IDeoEsd05e4nlWvIhGtn9s5R9eUamdrc7tYrt9tTudqewY5LkSmKzzCwJzaQ2bls0UXba1/G2/0Zu3vpnxBYeHsR25+wkm6Uytlh6ernpWZrLTBJTu902nW+r9WNiSSqsIyCJzGX29DTK7Kht3/dWInPZudhi2TqXuQEgtgcXW16G5vfSPCOT3CQyE1qS2mbTDNbqGL2XMjaFX0dYGRozNJfZ0eP5+SQ122+C5GIWN0apNHUQHNB5cN98//79+pOnhnTkmZqXmptNklcS2WbT9K+vaTuFSS9lcDonz9iC2KLMUrteNwdJTPv2WpKaZCexueAsi5sU25Xl6JcvX67/M4R/FjK2R+wRLY1XiyVoLjUTWucye31tBm2/vja9MrfNJmV0Kavz+2y52CQ1E9vBJJZaiW29PkkthDomkuB0PcvcRrGV5GafddbCw4LY7piNhHILpaEdsQRVmetSc7FJZhLbr1+pbSwkvyS3/b7pXGw2iFbZ2lHh2ZpkJrGp3e1OIbnt96c4HFLou2h8nATnmeRZWRo7EgRCAwOxPXrHQRSbj0dzsfk9NZOaRNb/+tU0Fq1CUlOoRN1uT5mW32fLMrZ0D00Z2W6X5CZ5abjK4Xg8i+MwpGEjg7ehp9Y7FtL3nCpH4eFBbI84hm3u/looQ3XPzDsNBs/IlCXafbajWhObdyY0Pr4tE1vqBJD0lI2ZvHSE4tC2v6PrmqPCMjG9P84bjd/dx7vpc0rlKDw0q8+fP3/0d4Ar+fr167Jj1+Jg3DDDIHYopMG5lpWN2ZlaSVBS817UUIqmoRr2uUlS3plg548lqO7BWRnqpahK2DRdS/JSq/Oj0PW6f84VcuP3Xyernz9/fvR3gI+aI1pYbijNGtCuRRuOS+/4+9r31/NVPuJwDxGnZWXnxf+GeP34HYrvxzYuZ+QT5C+E33+drD59+vTR3wH+zxUqSqtixNcs89G10/VD72Pr5Z+2+z5FE9qxNFQbV+DIxqHF8+K547Z9jj5P4RPo0+dPTYr37x7bC+D3XyerHz9+fPR3gCv59u3bMhlbLgitwXY8Np3dpFfbPT2l3k4N5+ien08lqZesPj9UTon3vvzaEpSNSWs18Vznh9D10rg1G8Om4+IQDx+oe9Eg3T+UPb//OqHz4I7p9T/4kr2iIQuSHmJoQEU/DKew/RRt23QxgyvcY0tZ12rVtBLben0S2ctLiu7lpelfXppGsV6niLKTUEex+SyE0sR4QccBGIjtjnlSZrOk2CQN7yjw0rPrRnl59BZd35+yOcvoUgYWZh/kGZvENmZnJrY+Cs2kl4aCWObmw0SK80UZ6gETILY7Zi0hLNErKrJ119KQD8nIosuil6SenppeWZWE5FOrJsSWylqFpGYic5m1ytyC0Ma5o6UydG4JIwfJPTzMFX3U+aJzy3/7Srm+YofNQvA5oWmuqLZ9ipXPFfWljDKxjXNF4zxRn0ZlU6rezBXNlzIKHRdvFp4UV2RtzBOtFzK2O+fqVWDn5ouG6VVJUioFvdNA8lKWJtEpU/PVPvLli+JwD5eSlax554HCJ74fQ4fBmzXZ8iXDBYtNQgHE9sj32fKyNK5+G1fQdcEp/D6aiW2cehUWnEwRS1Ef8mHSSh0Cuo7dl+tK67H5/bRQfvrg3qLMkBoEENuds6jYJp53MMotW6NtlFlct82PC0NJUm+r9ZqOK+aaxCS34gq6vuLupUuCIzYIILY7ZyUhLCU2byce5jIKTpmWS86fexAe6jKe43jGZnNGo+DGsjM+5yBKzSX23vJEiA0CdB5UwCJPqsqnV1m8KU3jYpT5U6qi1KaeUpWVmXEZojdPqbrkwS08oQoKkLE96kDd0r9npQ6FbB5o8XF8cQJ9/lzR8NyDcUqUTZeSyNLYudLj9q4RGlkbGIjtUeeMls6ZKE2TqHwVjTjZPSwoeZap5WLzqVYxc4uii/v+VCvKTrgBStFKWPSvMRNcXOGjlMW92S6tvBGzr9K9syw7G8vQyEJCu+ofArgrEBv8ZuqnMFeiliKel2daUxHfj8eXQEzwDogN5sl/HjNruZVK0DOmhmnMyQyJwRUgNlhGclPHRKYEhsxgYRAbLNujegn0aMJfBrHBbdzy80Fm8JdguAfcBnKCfxBbIgEAoB4QGwBUB2IDgOpAbABQHYgNAKoDsQFAdSA2AKgOxAYA1YHYAKA6EBsAVAdiA4DqQGwAUB2IDQCqA7EBQHUgNgCoDsQGANWB2ACgqY3/ANGl1gCCZwauAAAAAElFTkSuQmCC""}}]}, {""role"": ""assistant"", ""content"": ""0.470""}, {""role"": ""user"", ""content"": [{""type"": ""text"", ""text"": ""\nYou are given both an image and a text-based representation of the same stimulus. \nIn both, a red dot appears on a horizontal line\nThe left end of the line corresponds to 0.0, and the right end to 1.0.\n\nText representation (the dot is marked as \""\""O\""\""):\n|--------------------=-----=---O------ -.|\n\n\nEstimate the horizontal position of the **center** of the red dot as a decimal number between 0 and 1.\nDo not explain. Only output the final answer as a number between 0 and 1:\nFinal Answer:\n""}, {""type"": ""image_url"", ""image_url"": {""url"": ""data:image/png;base64,iVBORw0KGgoAAAANSUhEUgAAATYAAABNCAYAAAAsLkgfAAAI6UlEQVR4nO2dbY7aMBBA7STLxxna3v9vT9JLtL1Cd4ElqcbxpINxAl0+At73JMtJCAFV2texPWN813WdAwAoiGruLwAAcG0QGwAUB2IDgOJAbABQHIgNAIoDsQFAcSA2ACgOxAYAxYHYAKA4EBsAFAdiA4DiQGwAUByIDQCKA7EBQHEgNgAoDsQGAMWB2ACgOBAbABQHYgOA4mjm/gIAMMG1f5LEe/cZQGwAjy6znNzGhDcmLu8/9r4nxfMrVQAPLDN7PXftlKT8GcfnPOfJQGwAczIlLunHjtP35KTlT/Tp8dS1c157IBAbwCNFZ+mxtLY9PE/fMyYvnzR73d6bHufOx65NXZ8RxAZwBlf/M0nE5K24rMzSPm2WnMx8bFV1JLnuIxHdfwxn/YzCY/EA4N5iy0VlOaElzdvzXMRmWqcik94e23tORXK5Xj4vXYgYERhiAyhZbLmhp16LkgrPV4Ht9/2x9Pt9L7T93nV6Xe6xMrQRmMqrrnt5Sa9yq6peeGn0lhPcmOiuMU93BxiKApxgu91e72GZKG2IxKK4gtje33upJf2B+Oyfro3C6l5mQWp1/U9ucmwkF+6ZGr6eEp/9bNsbFouFmwMiNoAT7EUktxp+JhFaENj7e+ilddLvdr3o5DhGboMMFR1+alTWNEFoQWr22IpO783NwY1FdVOLEXr+ACA2gBO8i1QuIU3PMPNoOszUKE0lJn1o2+2/4yi30Oxcm51XE1k1UWTSv7z0fbymkhuiN+nH5uJycsssQjyi3BAbwAl2IpsrRmwHiwBplKYik367dVXsDwRn596i2EROIqpBaE2U2suLa1VuqeSS6O0ogssJLr02Nfc2I4gN4NZiS4ehKjTpVWjyGbtdL7LNppfaZuO6zSb0ck1eC9Ga3Gvn2VRsUVRd0/QyWyxC38ZezoPomuZ4eJrMvR21VHZ6Lmj/QHJj8QBggp8/f17+kFxKRzL81CitUpG9vbn67c1V0uK10EzUFt5vxRZl1RqZtctlON4vl73UVHIauYnkzLB0Um4TqSNTw9Fv3765e0PEBnCrFdFclYBZ/RyTWpDZ66vrothEcHLsNhv5QkFuwzxbErFJNNaKyERgUWgit/1220tut+vlZoemMWo7EtuY6HLDUyGVm16bAcQGMMFGZHIpaWqHzpHFYajLSK0WscXeidReX8NwVO4N92fEFqQWxdaK1FYrt9/t3P79fWitNrlHvodZaBjSRM6N3qZWS2cGsQHcY+EgFZuZWwsLA1FqtcpM2p8/zovQtL29hXs7aZrXpmLT1VAV22oVxCVt33X/mqSvdJ1rJSm4bfsm75PvZefb5Nmn5IbYAD5pDls6vxajtRCxyWKBiDOufoqwNCKTKE1k10ofWxiextdDflsiNqfDy7Z1kuEWmkRyVeX23ru99PFYrslr8l6572Ci3X5fjd7SOcKc3B5oAaH5+vXrrF8A4JH5/v37dXLX0vpPnfy3zSTmhuTc3W5oLunDKqrNY5OILX5mF6sPhtQPGXrG6K0V6WmL3ytEb7m6Vfu9LSI0vTYmNsV7N4djmt+/f9/9QwGehYuTBjLbDWmdZxebrfscakbN63I+iMcm5lqxCea1TiWXRGNpCVVYdEjOTw4x9TNzu4vY7xPvncMxzZcvX+7+oQDPwod3qMjtfGGqBKTJs8PzzeqiN3NYXs/reuiHphGTfo59ra6dN70ey1A1HMc8tnAemy4e+FP5a1MJurl/K+/dHI5pfv36dfcPBXgWfvz4cdkDMrtwhGORSNu6Kk7aV9Kapm8vL6H5xaIfliaVBuEpOsFvhqIiKBff5+S9plWSxyYJujFJ12mTe5NV0bPLq86cX5vDMSweAExQyx/7pdiCdyMJ+fMPLQ5Hq65zddsOTc5FfJIlJi1EeBp52VVReS3KyUexVauV69br0Kr12tWrlXOmhXui5Cqby6Y7fuTKqP5TaHOC2AAmeJGo5hbpHnao6b2rbBOheh9aONeITqQlVQmxIH5YFRV02CmiWi5dJ03Etlq5er12TpoIbbUKr4dk3Ri12dKqYYU1LXwXcom4Dyg1AbEBTLBcLq+3Kmon/2NybBCUCE7lJa2qQhRVx6FpHaOrkMAbKw8OxBblI+/V4WUn31ujs/W6F5rktkmLCby2KH5I65iaP5uS2YNUHAwfT60owA3rRXMF8LoLrm4iqWVVsQhei95rrUSQa9rrLh+2VlQenyboLmKSrkRmUoEgQ1ON1HSuzdaKplKbEtlEakfKHHWiAhEbwAku2gU2t8Gkik2kIoKKc2Nhdw8Zbuo8WZz0DzKTiEulprludhddjbji4oOTRYPl8qAFmdkhaLo3W05qTxKhpSA2gFvPsyVyC3lrma3Ag9C0j2Ia9mPT0iuVmt2PTYhJuZrGUcWhZpCaLhTo8DNKbdh00kjt6AdenkRkKYgN4M5iO1gl1SoEjd5keCpC0sjMDFOHonmN1ozYdLVVc9I6La8SQarMTKQ2DD81WhtLxh0TGGIDeG4aEcElTC0k2JVSG73FHDZbZqXHbuQ3D0LTRNvG7LdmFwmSxYKj3zzQZ53iwcXG4gHAvX6pKimtOvqVKvvze5qUa/tUavZ5WhKlQ8sm+Y2DJEo72gp8onLgo8z1C1UCERvALRN107ghNywVuWSGp0eiS388OalokPmxoSSq7vPaRFxDSVW6BfhUPeg5PHDUhtgAblkzmr4vNyyN1QcHhe1aD2qis6Nfgk+kaasaOlNvanfEPbjn1M4cTwxDUYAzueqfSrJtuD+1bZDt0x1DlLRawI/UesYKgtEV0Dn/I7jW5yM2gDuS+3NLJDcquNwcncWKqvpAfScRGwBchak5OO3HZJb7001LoYRzk24LArEBPIvkpo6VqUjMP1eS7SUgNoBnGq7+L/7zyMyC2AAenWv8ifrPITSFdA+AR+eTSekaxJ3jAADKAbEBQHEgNgAoDsQGAMWB2ACgOBAbABQHYgOA4kBsAFAciA0AigOxAUBxIDYAKA7EBgDFgdgAoDgQGwAUB2IDgOJAbABQHIgNAFxp/AX/qdllPni50AAAAABJRU5ErkJggg==""}}]}, {""role"": ""assistant"", ""content"": ""0.530""}, {""role"": ""user"", ""content"": [{""type"": ""text"", ""text"": ""\nYou are given both an image and a text-based representation of the same stimulus. \nIn both, a red dot appears on a horizontal line\nThe left end of the line corresponds to 0.0, and the right end to 1.0.\n\nText representation (the dot is marked as \""\""O\""\""):\n|-------------=---.-------O---.-----~----|\n\n\nEstimate the horizontal position of the **center** of the red dot as a decimal number between 0 and 1.\nDo not explain. Only output the final answer as a number between 0 and 1:\nFinal Answer:\n""}, {""type"": ""image_url"", ""image_url"": {""url"": ""data:image/png;base64,iVBORw0KGgoAAAANSUhEUgAAATYAAABNCAYAAAAsLkgfAAAIlElEQVR4nO2dYVLbSBBGR5LBJlcguf/fnCSXSLgCYGxLW994WmmJkcDYLM7ovaqukWxjvFT8tkc9Paq6rusCAEBB1F/9AQAALg1iA4DiQGwAUByIDQCKA7EBQHEgNgAoDsQGAMWB2ACgOBAbABQHYgOA4kBsAFAciA0AigOxAUBxIDYAKA7EBgDFgdgAoDgQGwAUB2IDgOJAbABQHKuv/gAAV8clbwNSVZd7L3g3iA1gSmg5weUey8nLHnvv6+GiVNylChaN/+efO556fkpUY2nNPTf1GJwNYoNlMicxjRb+fA4TVG7MyW1OgHA2TEVhWcwJrW2HUstFjrHEvMymzvVeczJDdGeB2OCq+ZQJhRNaNRaXyW1q9D8vxsKq69eC84/rx3MC9Jj4PkiFFBEbLExsuemmiWsiKn8+VQxI8uq8xDT6Y/+aXNh7vZXNvUGF2BAbFCy2qaqmi/j+JrDDIQSFzg+H/rxL5/E14ylpVf0VlYlM8tLYNMPzCdFNCs6DrE6C4gFcLS8vL5+aqQ0yMRPZfn881rjf/5WdPe/FaLKxLCyJrPNjileis2MvRPGW4N7J7e1tWDJkbHC1HCSSc5mqePopphdZim63C9VudxSdPabX+QJDEpBNP01k3Wo1eTyQnxPd5LU5QbZ2MogNrpa9pHLpCmgSUzXK0nqxvbxEocVwxya4wbU2E5vLwqLIkszieHNzFFp6PI4Smo2WySlyU1MDuZ0EYoOrZSehXLICqnE89dRoIjOZbbeh1uhDz9k01RURlK1FiUlsJrUks1ajj/Scl1w/VZ3K3gRSOxnEBuWKbaIC2gstSS3sdqGWuLbbo9S229Cl0c71mhh2zS1lbFFsLlszmWlsb29jRKnpWFKzcxNcyt76rC1XVBDI7SQoHsBV8vv37/PfJCc2q36mwoBlacrQosien0Pz/BxqHz6D80UEn7E1zVFmJjSN63U4SGTr9V/JWUhsbpray+2CWduPHz/CUiFjg7IqolOdBRajbE1hUjORdU9PoX56Cs3TU+ien0NQ6HnL2mw6axmbpKZsbbWKIpPADpLZy8tx3O2i5Nr9PrRaPuIiCk2S0/FcMcEgc3sXiA2ukq2mf5e8vmbXxUxqqRjQS01hMktjeHwM4ekpZnESW9BrbTrqMrbWxGZSU0hqu1047PexuiuhtW3bh8QY5SappWt+ryqlc90JMAtig2UUDnwngS3rsGnodhunn41lZ5LZ4+MxdKxI1926jNisaKAMrc/M2jYcum4Yql3oZ0ZhnzEuBFYgtrNBbFDmGrbx7hyjamitjC0VDTpNe11Idm0qHFQ2PVXGlsQWsz0nNqtyKgNru+4YyuSqKhzqOhya5hiSn6SXMrPWt1f5z+ynowK5nczq+/fvp/8UwCfz8+fPy1xjy/SDjlun+ulpmqJ2aTFul6arcZQA/Zo2+z3K2ExyaU1alFx6jzYzDbWpqEbf0vVKYG6tXM8Jgvu+4O/26uHh4as/A8Arzi7Wj3s63U4ecQrod/awKaEdWw+pG2e3MPK9p/bQaBePceN7nMK6iufsf61v3zrh7/Kw4O/26v7+/qs/A8DldqhwmdSr8xR67/j+br1YPE/Tv6ppQpWyLx0HH1a9VIYlfOfAatW/vtKxW8rRH7vX6XfYwtxqrrVq+Id595/ifsHf7dWfP3+++jMAvOLXr1+Xv8aWkBrqVCWtdb1ttQr1zU287qaobm5CdXs7bIS3nT0kFpvGCkkpLdmo1usQ1us4WtTrdVzHFkON6Yq0hm2wjs23V5lk44f9+Dq2Pwv+blM8gKuk0Rf8s5Z7KENLWaFkVXddaBRtG6O2SM/F11kGZ1XRJLaYdSkDS2KLIttsQnd3F+pv30JzdxfCZhOCRi87idTE5ncA8Z0H8RdQNPgIiA2ukhtlNJfeKVcykpwkt5Qh1VU1iCZFPNfzijSVjFmcCgg+Y0vTVT1Xpy4DE1tjQttsQrXZRKHF5SApa/M7fwz2bGOZx9kgNrhK1prWfUbngVvyEYWkaWjT/I26jtmijhs9p0jSiv2kJjZ77yS+OLVMYlNmJqFVXmibzbB3VOGv3Y17RAUdBx+GXlEot190qlfUyy0t1I0dCGlnj8baq/yoNW0mNr+7hzXAu6b31kS22cSWqs5lav0uH2kK2r0ltQ8K7ceC+0QFGRtcLWfvAjsWm3AbTPYN7Skzi9fJdO3LMjTJTNfENEp61rEwytis8lmnrK0vHqRja3yPu3v4KahVRX2FVrCjx9kgNljOdTaN7q5TfeZmUlM2liqiEluUk2VqJrbRfmyD5R5JisrKTGyxQDCXqaUsbdCBgNDOBrFBuWKbud7WZ20aJTZlYSY3CcwKBRKUtVG5pR9GXP+WCgj9JpNJZpLkqx10ndQGd7Q6vtlwhA+D2OBqWUkE55LrEMg1xqcpaczeJDFJTiJTIcC2Dh/f0EVY1uUW5o53yu3F5m7oMim18TF8CIoHsIw7VWVu6tIvAbH1baPe0T5D81uC+5u5CLuRi0lrfE+Dia2/By1WFxba7cLvUCUQG5S7y8fUfUVtzFVL/S4gTnSDmyfn7ivqb6/nRZZbo/aeXTvOkFxzicXN/zhMReGqOeuu5rmfnWiMj7LxO21YP6gXXq4BftR3agIb9H7qPNcQP/UZ4WzI2ODq+ZR/ouk9o9hyi3jHx+MpaKa5PnuH90wngd/V46r+R1AQiA2WxSnT07e2KhJeUm+Ff72BiD4FxAbLZmpJiI254xxjec0t4UBmnw5iAxDjr8FYcrnXeHLiIjv7MhAbwHsl9x5y8kJo/zuIDWCOj349kNmXwnIPgDkQ1D9JWikIAFAOiA0AigOxAUBxIDYAKA7EBgDFgdgAoDgQGwAUB2IDgOJAbABQHIgNAIoDsQFAcSA2ACgOxAYAxYHYAKA4EBsAFAdiA4DiQGwAEErjP5FJi7ZzfsrhAAAAAElFTkSuQmCC""}}]}, {""role"": ""assistant"", ""content"": ""0.523""}, {""role"": ""user"", ""content"": [{""type"": ""text"", ""text"": ""\nYou are given both an image and a text-based representation of the same stimulus. \nIn both, a red dot appears on a horizontal line\nThe left end of the line corresponds to 0.0, and the right end to 1.0.\n\nText representation (the dot is marked as \""\""O\""\""):\n|.---~------~----------=O-----------~----|\n\n\nEstimate the horizontal position of the **center** of the red dot as a decimal number between 0 and 1.\nDo not explain. Only output the final answer as a number between 0 and 1:\nFinal Answer:\n""}, {""type"": ""image_url"", ""image_url"": {""url"": ""data:image/png;base64,iVBORw0KGgoAAAANSUhEUgAAATYAAABNCAYAAAAsLkgfAAAIiklEQVR4nO2df3LaTAxA/YOE3KHt/f/tSXqJtmdoAgF/IyE5QlmgX+yMzfa9Gc0aFxbagVetd7Vuh2EYGgCAiuiW/gAAAHOD2ACgOhAbAFQHYgOA6kBsAFAdiA0AqgOxAUB1IDYAqA7EBgDVgdgAoDoQGwBUB2IDgOpAbABQHYgNAKoDsQFAdSA2AKgOxAYA1YHYAKA6EBsAVMdm6Q8AMAtz3bqjbefpBxYFsUFdMvvbcyWBybn8XER3l7TcpQrujviVvXV87evt0oryKp0rPYZVg9jgPshf0yiuLLHSuRJRYpeOY5tfB6sFscE6uTakzAK7FSWyyK5Ffv6lvmA1IDaYjU/5KqXhZVsS1/H4/jieu3TdrOve5OXH8ZzFcEly+fgDtEjxU2DyANYpttL1siwreRzDzrX5XJRblFPXNYOLrO/fxBbDxSbH/rooOel3gpwQ2+eA2GB5sd0adgax6XuYtFRgh8Pp8eEwPh7Cec3w5HHsOmZpEn1/EpzITcKFV5Dc1WGqg6wWh6EozMJut5uno9J1NMu8VFzy2KUlrUX7+npq4zmXXh6OShbmIhOJSbvZnFqL8TiKLw9Xra+r19/+gsfHx2n/ZvAOMjaYhYNIZCrXJgVihhYEJkKTGPb70zkRnJ/zLM7lJoShpctrEKltNie5ueD8XBRdzuCsvznkBvOC2GAWXkUoc2ZqaULApeby0gxNWhFaDDvngnt3rc2zNRGbSUzbh4e3EKF5GwR3lsXdyt5gURAbzMJeZDKVlKWdTQJEqWWZ7XZNt9uNx1Fy45DVhDmY2DQ8QzOhHR8fT8feWoySs0yuODQVENtqQGywvNhKQ9AgtXHY6bLa708is+heXprB5fby0nTyWeSan113a0pis0ztGKTmoWKz48YfxywuZ25xYkFAbovD5AFM5ufPn9M6yGK7lqlZRiYykxCR9XY8hkvOhqzFjK3vVWrHKLXttjlst82w3Y6P5dgzOJWcDU/fyW3itbZv375N+zeEM8jYYLkZ0bxWLYvNs604/DRpdc/PJ4k9PzeDHD8/q+CGl5emkZDn+LW2gtiOlq0dTGwiNBXb05O2R2n3++ZoExMqN+lLsrgot0tZm0DmthiIDSbzIiKZShRbWJPmEwU6IWDDTheaykzE9uePto2FZHE6FJXMLoptGE5SC2JTuVmmJlI77PcaIjSNw0FbXx8nM60yJB0nFXzZSJ5IgEVBbLD8xEFesxbXqMUhqF9DM6H1f/40jUUrQvNWhqi7nV53G0oZm81wjsNQEZkI7fVVl61oHI8aR5FhjFDhoMciNem/NByFxUBssOwatkvX1+KaNMm8QsY2Djc9Q3t+bo4iNRPb+BwZQvo1Nqs+0DVsvsTDMzIRmElM/iYabauh2Z3JStqxaiF+7jwcFZDbomy+fv267CeAu+f79+/zrl0L1QNx8iBGXO6hmZlFE1ufRQ1i0/Vr9niIWZxlcjpEjSFZnb2nPNbXSsRlHvHvE8/9D7nxO5yXze/fv2fuEv41Jk2sl0qo0k4ePgwcd/bwYWA41sfeushyROLzUx/xvMvWP8N4ra5UHREzudJuvFfgdzgvmy9fvszcJfxrfHiHiiiD2J46HaP194jn4nHXaUi2pOdz6VPuN8xmjq/z49h/etz6ULTweaZuacTvcF42v379mrlL+Nf48ePHx18cMzURQcysvAJhs2k6ycL6vunkOMbDw9t6NS+Etz5HOYXJA5WUrUFrbW1a6/HwoP2dlVbFNWuxrCpGnBn94DU2fofzwuQBTKaXH/Xcs6I5Y7MtiCS647HpJYZB207OeXgGZ+VPXlbl76FZl0jNxKYis4W43Xbb9E9PTSOx3Wq0dl7Wsbn0dLlHrEIoTR7AoiA2mMyD/NDnXscWllH4MFCORVxyeV6jbRtRai/nJTyjkywuVh6k3T1UavJcz8xk8a1IzWQmYmufnppOFulayHl/3tk6tlL1ASwOYoPJbOXH/lmVByYPl5EKKUqs75veMi9tJbOyWtIui83EI69XIcUMTIaiIUNToVnrQpP2rPLAF+hSL7o6qBWF5etFb9WKWuG7SioUvmutqCzUjSVWXnLlz/cqBt+yKNaKhuoDrxc9mMRUakFoKjUX4aWSKuEDWRt1ovNDxgazMGkX2Fu7e4jY7HqZTCSIYHS4aRf9VWSSabn0fI2brYHLGZtf7JdsT/qSPtvQnw5PRWxe+O5F8Hn7IrK11YLYYJ3X2eJ+bCIRryAQAYm0goi0MsFLrjxTC8PQothcbiYrl9vZrGjejy1kanFrcaS2PhAbrENsl6oQPGsToXgVgi3x0OGpiC1vPhnvgZDueeCTEDJzOu6ea20bNp4cJwdim5d45Nv1nd5g2r8DzAJig1nYyI//s+55kO9KFbM3P85C891z07bgOWuTyQgX21hDeuvmLpd2z40tLAqTB7CuO1Vdkdt4K710Q5ezzSjz7fh8wW+qPoi31/MbtcRtiMabt8Q7WV27DR93qFoVZGyw/ELd0v+t8ZZ5LjQ/J+/jWxvlnXZTfehYX+rYzGgsvRoX7UbZle4rWpKa9XkGWdviIDZYvma09Lp8zc1qPsesLQiuKLN8P9GQscWqBr8T/FgnmmtOw3MuCg2RrQ6GojArs36dCgt4VSFRWvE6XBZaztacS0PJPBng8ssym2n77w//RwA3QWywTvLXsrS90aWIf577KmVbpUzsWmbG0HP1IDa4D3L2ltsr+7q9o5Rx3dp6CJndFYgN6srkrj3nlqBuyQuZ3Q2IDe6TSzOpH+WStJDZXYLYoA7m+hojsipguQfUAUKCQLrNDgDA/YPYAKA6EBsAVAdiA4DqQGwAUB2IDQCqA7EBQHUgNgCoDsQGANWB2ACgOhAbAFQHYgOA6kBsAFAdiA0AqgOxAUB1IDYAqA7EBgBNbfwHpukVnIP1gA0AAAAASUVORK5CYII=""}}]}]",0.500
google/gemini-2.5-flash-lite,sample_005,0.37801,0.37801,0.49,"[{""role"": ""system"", ""content"": ""You are a marker location estimator.""}, {""role"": ""user"", ""content"": [{""type"": ""text"", ""text"": ""\nYou are given both an image and a text-based representation of the same stimulus. \nIn both, a red dot appears on a horizontal line\nThe left end of the line corresponds to 0.0, and the right end to 1.0.\n\nText representation (the dot is marked as \""\""O\""\""):\n|-.----------.--.---O-----.-------------=|\n\n\nEstimate the horizontal position of the **center** of the red dot as a decimal number between 0 and 1.\nDo not explain. Only output the final answer as a number between 0 and 1:\nFinal Answer:\n""}, {""type"": ""image_url"", ""image_url"": {""url"": ""data:image/png;base64,iVBORw0KGgoAAAANSUhEUgAAATYAAABNCAYAAAAsLkgfAAAIfElEQVR4nO2daZLTSBBGtbjbfQfg/n85CZcAzkB71cRXzhTp6pLa2GIal9+LyCjJlmQPeB6ZqkXtMAxDAwBQEd1HfwEAgKVBbABQHYgNAKoDsQFAdSA2AKgOxAYA1YHYAKA6EBsAVAdiA4DqQGwAUB2IDQCqA7EBQHUgNgCoDsQGANWB2ACgOhAbAFQHYgOA6kBsAFAdiA0AqmP10V8A7pilHpfRtstcB8BAbHCbyG6RmwutdA1kBzfQ8pQqeJf8J+L78fWpY0qSivtT21PHA1wAYoPrZKa2tF06N8rpvXZue+41gAClKPy5zKaidE4uL4+5fZ07JzS/NoKDCcjYKmDRv8KCoJI+jsdzicX9/L38++Ti6rpzqRViyM8pXesGWqRYNWRsFbCY2OYyNMnLBebbIdpccJFcWi622GayS2IrhWdzU1ndhSC2ukFsjyy2udIzCG1waR0OTesyOxxOQrN2UGvHJcll5eKZzCzSa6X9XHq53Py63H+DCShF75ztdrvMhUr3zCSpmJlJbBKYRdre73+/5sfnWZsJahRX35+21fb9+WvviW5Kclfw/Py8zJ8d/HOQsd05BwnlFqY6BrzENGElke33o8ja3a4ZtK3XguCGWJaKWH5Goa1WJ6mZ3LQf3y+J7m/IDeoEsd05e4nlWvIhGtn9s5R9eUamdrc7tYrt9tTudqewY5LkSmKzzCwJzaQ2bls0UXba1/G2/0Zu3vpnxBYeHsR25+wkm6Uytlh6ernpWZrLTBJTu902nW+r9WNiSSqsIyCJzGX29DTK7Kht3/dWInPZudhi2TqXuQEgtgcXW16G5vfSPCOT3CQyE1qS2mbTDNbqGL2XMjaFX0dYGRozNJfZ0eP5+SQ122+C5GIWN0apNHUQHNB5cN98//79+pOnhnTkmZqXmptNklcS2WbT9K+vaTuFSS9lcDonz9iC2KLMUrteNwdJTPv2WpKaZCexueAsi5sU25Xl6JcvX67/M4R/FjK2R+wRLY1XiyVoLjUTWucye31tBm2/vja9MrfNJmV0Kavz+2y52CQ1E9vBJJZaiW29PkkthDomkuB0PcvcRrGV5GafddbCw4LY7piNhHILpaEdsQRVmetSc7FJZhLbr1+pbSwkvyS3/b7pXGw2iFbZ2lHh2ZpkJrGp3e1OIbnt96c4HFLou2h8nATnmeRZWRo7EgRCAwOxPXrHQRSbj0dzsfk9NZOaRNb/+tU0Fq1CUlOoRN1uT5mW32fLMrZ0D00Z2W6X5CZ5abjK4Xg8i+MwpGEjg7ehp9Y7FtL3nCpH4eFBbI84hm3u/looQ3XPzDsNBs/IlCXafbajWhObdyY0Pr4tE1vqBJD0lI2ZvHSE4tC2v6PrmqPCMjG9P84bjd/dx7vpc0rlKDw0q8+fP3/0d4Ar+fr167Jj1+Jg3DDDIHYopMG5lpWN2ZlaSVBS817UUIqmoRr2uUlS3plg548lqO7BWRnqpahK2DRdS/JSq/Oj0PW6f84VcuP3Xyernz9/fvR3gI+aI1pYbijNGtCuRRuOS+/4+9r31/NVPuJwDxGnZWXnxf+GeP34HYrvxzYuZ+QT5C+E33+drD59+vTR3wH+zxUqSqtixNcs89G10/VD72Pr5Z+2+z5FE9qxNFQbV+DIxqHF8+K547Z9jj5P4RPo0+dPTYr37x7bC+D3XyerHz9+fPR3gCv59u3bMhlbLgitwXY8Np3dpFfbPT2l3k4N5+ien08lqZesPj9UTon3vvzaEpSNSWs18Vznh9D10rg1G8Om4+IQDx+oe9Eg3T+UPb//OqHz4I7p9T/4kr2iIQuSHmJoQEU/DKew/RRt23QxgyvcY0tZ12rVtBLben0S2ctLiu7lpelfXppGsV6niLKTUEex+SyE0sR4QccBGIjtjnlSZrOk2CQN7yjw0rPrRnl59BZd35+yOcvoUgYWZh/kGZvENmZnJrY+Cs2kl4aCWObmw0SK80UZ6gETILY7Zi0hLNErKrJ119KQD8nIosuil6SenppeWZWE5FOrJsSWylqFpGYic5m1ytyC0Ma5o6UydG4JIwfJPTzMFX3U+aJzy3/7Srm+YofNQvA5oWmuqLZ9ipXPFfWljDKxjXNF4zxRn0ZlU6rezBXNlzIKHRdvFp4UV2RtzBOtFzK2O+fqVWDn5ouG6VVJUioFvdNA8lKWJtEpU/PVPvLli+JwD5eSlax554HCJ74fQ4fBmzXZ8iXDBYtNQgHE9sj32fKyNK5+G1fQdcEp/D6aiW2cehUWnEwRS1Ef8mHSSh0Cuo7dl+tK67H5/bRQfvrg3qLMkBoEENuds6jYJp53MMotW6NtlFlct82PC0NJUm+r9ZqOK+aaxCS34gq6vuLupUuCIzYIILY7ZyUhLCU2byce5jIKTpmWS86fexAe6jKe43jGZnNGo+DGsjM+5yBKzSX23vJEiA0CdB5UwCJPqsqnV1m8KU3jYpT5U6qi1KaeUpWVmXEZojdPqbrkwS08oQoKkLE96kDd0r9npQ6FbB5o8XF8cQJ9/lzR8NyDcUqUTZeSyNLYudLj9q4RGlkbGIjtUeeMls6ZKE2TqHwVjTjZPSwoeZap5WLzqVYxc4uii/v+VCvKTrgBStFKWPSvMRNcXOGjlMW92S6tvBGzr9K9syw7G8vQyEJCu+ofArgrEBv8ZuqnMFeiliKel2daUxHfj8eXQEzwDogN5sl/HjNruZVK0DOmhmnMyQyJwRUgNlhGclPHRKYEhsxgYRAbLNujegn0aMJfBrHBbdzy80Fm8JdguAfcBnKCfxBbIgEAoB4QGwBUB2IDgOpAbABQHYgNAKoDsQFAdSA2AKgOxAYA1YHYAKA6EBsAVAdiA4DqQGwAUB2IDQCqA7EBQHUgNgCoDsQGANWB2ACgqY3/ANGl1gCCZwauAAAAAElFTkSuQmCC""}}]}, {""role"": ""assistant"", ""content"": ""0.470""}, {""role"": ""user"", ""content"": [{""type"": ""text"", ""text"": ""\nYou are given both an image and a text-based representation of the same stimulus. \nIn both, a red dot appears on a horizontal line\nThe left end of the line corresponds to 0.0, and the right end to 1.0.\n\nText representation (the dot is marked as \""\""O\""\""):\n|--------------------=-----=---O------ -.|\n\n\nEstimate the horizontal position of the **center** of the red dot as a decimal number between 0 and 1.\nDo not explain. Only output the final answer as a number between 0 and 1:\nFinal Answer:\n""}, {""type"": ""image_url"", ""image_url"": {""url"": ""data:image/png;base64,iVBORw0KGgoAAAANSUhEUgAAATYAAABNCAYAAAAsLkgfAAAI6UlEQVR4nO2dbY7aMBBA7STLxxna3v9vT9JLtL1Cd4ElqcbxpINxAl0+At73JMtJCAFV2texPWN813WdAwAoiGruLwAAcG0QGwAUB2IDgOJAbABQHIgNAIoDsQFAcSA2ACgOxAYAxYHYAKA4EBsAFAdiA4DiQGwAUByIDQCKA7EBQHEgNgAoDsQGAMWB2ACgOBAbABQHYgOA4mjm/gIAMMG1f5LEe/cZQGwAjy6znNzGhDcmLu8/9r4nxfMrVQAPLDN7PXftlKT8GcfnPOfJQGwAczIlLunHjtP35KTlT/Tp8dS1c157IBAbwCNFZ+mxtLY9PE/fMyYvnzR73d6bHufOx65NXZ8RxAZwBlf/M0nE5K24rMzSPm2WnMx8bFV1JLnuIxHdfwxn/YzCY/EA4N5iy0VlOaElzdvzXMRmWqcik94e23tORXK5Xj4vXYgYERhiAyhZbLmhp16LkgrPV4Ht9/2x9Pt9L7T93nV6Xe6xMrQRmMqrrnt5Sa9yq6peeGn0lhPcmOiuMU93BxiKApxgu91e72GZKG2IxKK4gtje33upJf2B+Oyfro3C6l5mQWp1/U9ucmwkF+6ZGr6eEp/9bNsbFouFmwMiNoAT7EUktxp+JhFaENj7e+ilddLvdr3o5DhGboMMFR1+alTWNEFoQWr22IpO783NwY1FdVOLEXr+ACA2gBO8i1QuIU3PMPNoOszUKE0lJn1o2+2/4yi30Oxcm51XE1k1UWTSv7z0fbymkhuiN+nH5uJycsssQjyi3BAbwAl2IpsrRmwHiwBplKYik367dVXsDwRn596i2EROIqpBaE2U2suLa1VuqeSS6O0ogssJLr02Nfc2I4gN4NZiS4ehKjTpVWjyGbtdL7LNppfaZuO6zSb0ck1eC9Ga3Gvn2VRsUVRd0/QyWyxC38ZezoPomuZ4eJrMvR21VHZ6Lmj/QHJj8QBggp8/f17+kFxKRzL81CitUpG9vbn67c1V0uK10EzUFt5vxRZl1RqZtctlON4vl73UVHIauYnkzLB0Um4TqSNTw9Fv3765e0PEBnCrFdFclYBZ/RyTWpDZ66vrothEcHLsNhv5QkFuwzxbErFJNNaKyERgUWgit/1220tut+vlZoemMWo7EtuY6HLDUyGVm16bAcQGMMFGZHIpaWqHzpHFYajLSK0WscXeidReX8NwVO4N92fEFqQWxdaK1FYrt9/t3P79fWitNrlHvodZaBjSRM6N3qZWS2cGsQHcY+EgFZuZWwsLA1FqtcpM2p8/zovQtL29hXs7aZrXpmLT1VAV22oVxCVt33X/mqSvdJ1rJSm4bfsm75PvZefb5Nmn5IbYAD5pDls6vxajtRCxyWKBiDOufoqwNCKTKE1k10ofWxiextdDflsiNqfDy7Z1kuEWmkRyVeX23ru99PFYrslr8l6572Ci3X5fjd7SOcKc3B5oAaH5+vXrrF8A4JH5/v37dXLX0vpPnfy3zSTmhuTc3W5oLunDKqrNY5OILX5mF6sPhtQPGXrG6K0V6WmL3ytEb7m6Vfu9LSI0vTYmNsV7N4djmt+/f9/9QwGehYuTBjLbDWmdZxebrfscakbN63I+iMcm5lqxCea1TiWXRGNpCVVYdEjOTw4x9TNzu4vY7xPvncMxzZcvX+7+oQDPwod3qMjtfGGqBKTJs8PzzeqiN3NYXs/reuiHphGTfo59ra6dN70ey1A1HMc8tnAemy4e+FP5a1MJurl/K+/dHI5pfv36dfcPBXgWfvz4cdkDMrtwhGORSNu6Kk7aV9Kapm8vL6H5xaIfliaVBuEpOsFvhqIiKBff5+S9plWSxyYJujFJ12mTe5NV0bPLq86cX5vDMSweAExQyx/7pdiCdyMJ+fMPLQ5Hq65zddsOTc5FfJIlJi1EeBp52VVReS3KyUexVauV69br0Kr12tWrlXOmhXui5Cqby6Y7fuTKqP5TaHOC2AAmeJGo5hbpHnao6b2rbBOheh9aONeITqQlVQmxIH5YFRV02CmiWi5dJ03Etlq5er12TpoIbbUKr4dk3Ri12dKqYYU1LXwXcom4Dyg1AbEBTLBcLq+3Kmon/2NybBCUCE7lJa2qQhRVx6FpHaOrkMAbKw8OxBblI+/V4WUn31ujs/W6F5rktkmLCby2KH5I65iaP5uS2YNUHAwfT60owA3rRXMF8LoLrm4iqWVVsQhei95rrUSQa9rrLh+2VlQenyboLmKSrkRmUoEgQ1ON1HSuzdaKplKbEtlEakfKHHWiAhEbwAku2gU2t8Gkik2kIoKKc2Nhdw8Zbuo8WZz0DzKTiEulprludhddjbji4oOTRYPl8qAFmdkhaLo3W05qTxKhpSA2gFvPsyVyC3lrma3Ag9C0j2Ia9mPT0iuVmt2PTYhJuZrGUcWhZpCaLhTo8DNKbdh00kjt6AdenkRkKYgN4M5iO1gl1SoEjd5keCpC0sjMDFOHonmN1ozYdLVVc9I6La8SQarMTKQ2DD81WhtLxh0TGGIDeG4aEcElTC0k2JVSG73FHDZbZqXHbuQ3D0LTRNvG7LdmFwmSxYKj3zzQZ53iwcXG4gHAvX6pKimtOvqVKvvze5qUa/tUavZ5WhKlQ8sm+Y2DJEo72gp8onLgo8z1C1UCERvALRN107ghNywVuWSGp0eiS388OalokPmxoSSq7vPaRFxDSVW6BfhUPeg5PHDUhtgAblkzmr4vNyyN1QcHhe1aD2qis6Nfgk+kaasaOlNvanfEPbjn1M4cTwxDUYAzueqfSrJtuD+1bZDt0x1DlLRawI/UesYKgtEV0Dn/I7jW5yM2gDuS+3NLJDcquNwcncWKqvpAfScRGwBchak5OO3HZJb7001LoYRzk24LArEBPIvkpo6VqUjMP1eS7SUgNoBnGq7+L/7zyMyC2AAenWv8ifrPITSFdA+AR+eTSekaxJ3jAADKAbEBQHEgNgAoDsQGAMWB2ACgOBAbABQHYgOA4kBsAFAciA0AigOxAUBxIDYAKA7EBgDFgdgAoDgQGwAUB2IDgOJAbABQHIgNAFxp/AX/qdllPni50AAAAABJRU5ErkJggg==""}}]}, {""role"": ""assistant"", ""content"": ""0.530""}, {""role"": ""user"", ""content"": [{""type"": ""text"", ""text"": ""\nYou are given both an image and a text-based representation of the same stimulus. \nIn both, a red dot appears on a horizontal line\nThe left end of the line corresponds to 0.0, and the right end to 1.0.\n\nText representation (the dot is marked as \""\""O\""\""):\n|-------------=---.-------O---.-----~----|\n\n\nEstimate the horizontal position of the **center** of the red dot as a decimal number between 0 and 1.\nDo not explain. Only output the final answer as a number between 0 and 1:\nFinal Answer:\n""}, {""type"": ""image_url"", ""image_url"": {""url"": ""data:image/png;base64,iVBORw0KGgoAAAANSUhEUgAAATYAAABNCAYAAAAsLkgfAAAIlElEQVR4nO2dYVLbSBBGR5LBJlcguf/fnCSXSLgCYGxLW994WmmJkcDYLM7ovaqukWxjvFT8tkc9Paq6rusCAEBB1F/9AQAALg1iA4DiQGwAUByIDQCKA7EBQHEgNgAoDsQGAMWB2ACgOBAbABQHYgOA4kBsAFAciA0AigOxAUBxIDYAKA7EBgDFgdgAoDgQGwAUB2IDgOJAbABQHKuv/gAAV8clbwNSVZd7L3g3iA1gSmg5weUey8nLHnvv6+GiVNylChaN/+efO556fkpUY2nNPTf1GJwNYoNlMicxjRb+fA4TVG7MyW1OgHA2TEVhWcwJrW2HUstFjrHEvMymzvVeczJDdGeB2OCq+ZQJhRNaNRaXyW1q9D8vxsKq69eC84/rx3MC9Jj4PkiFFBEbLExsuemmiWsiKn8+VQxI8uq8xDT6Y/+aXNh7vZXNvUGF2BAbFCy2qaqmi/j+JrDDIQSFzg+H/rxL5/E14ylpVf0VlYlM8tLYNMPzCdFNCs6DrE6C4gFcLS8vL5+aqQ0yMRPZfn881rjf/5WdPe/FaLKxLCyJrPNjileis2MvRPGW4N7J7e1tWDJkbHC1HCSSc5mqePopphdZim63C9VudxSdPabX+QJDEpBNP01k3Wo1eTyQnxPd5LU5QbZ2MogNrpa9pHLpCmgSUzXK0nqxvbxEocVwxya4wbU2E5vLwqLIkszieHNzFFp6PI4Smo2WySlyU1MDuZ0EYoOrZSehXLICqnE89dRoIjOZbbeh1uhDz9k01RURlK1FiUlsJrUks1ajj/Scl1w/VZ3K3gRSOxnEBuWKbaIC2gstSS3sdqGWuLbbo9S229Cl0c71mhh2zS1lbFFsLlszmWlsb29jRKnpWFKzcxNcyt76rC1XVBDI7SQoHsBV8vv37/PfJCc2q36mwoBlacrQosien0Pz/BxqHz6D80UEn7E1zVFmJjSN63U4SGTr9V/JWUhsbpray+2CWduPHz/CUiFjg7IqolOdBRajbE1hUjORdU9PoX56Cs3TU+ien0NQ6HnL2mw6axmbpKZsbbWKIpPADpLZy8tx3O2i5Nr9PrRaPuIiCk2S0/FcMcEgc3sXiA2ukq2mf5e8vmbXxUxqqRjQS01hMktjeHwM4ekpZnESW9BrbTrqMrbWxGZSU0hqu1047PexuiuhtW3bh8QY5SappWt+ryqlc90JMAtig2UUDnwngS3rsGnodhunn41lZ5LZ4+MxdKxI1926jNisaKAMrc/M2jYcum4Yql3oZ0ZhnzEuBFYgtrNBbFDmGrbx7hyjamitjC0VDTpNe11Idm0qHFQ2PVXGlsQWsz0nNqtyKgNru+4YyuSqKhzqOhya5hiSn6SXMrPWt1f5z+ynowK5nczq+/fvp/8UwCfz8+fPy1xjy/SDjlun+ulpmqJ2aTFul6arcZQA/Zo2+z3K2ExyaU1alFx6jzYzDbWpqEbf0vVKYG6tXM8Jgvu+4O/26uHh4as/A8Arzi7Wj3s63U4ecQrod/awKaEdWw+pG2e3MPK9p/bQaBePceN7nMK6iufsf61v3zrh7/Kw4O/26v7+/qs/A8DldqhwmdSr8xR67/j+br1YPE/Tv6ppQpWyLx0HH1a9VIYlfOfAatW/vtKxW8rRH7vX6XfYwtxqrrVq+Id595/ifsHf7dWfP3+++jMAvOLXr1+Xv8aWkBrqVCWtdb1ttQr1zU287qaobm5CdXs7bIS3nT0kFpvGCkkpLdmo1usQ1us4WtTrdVzHFkON6Yq0hm2wjs23V5lk44f9+Dq2Pwv+blM8gKuk0Rf8s5Z7KENLWaFkVXddaBRtG6O2SM/F11kGZ1XRJLaYdSkDS2KLIttsQnd3F+pv30JzdxfCZhOCRi87idTE5ncA8Z0H8RdQNPgIiA2ukhtlNJfeKVcykpwkt5Qh1VU1iCZFPNfzijSVjFmcCgg+Y0vTVT1Xpy4DE1tjQttsQrXZRKHF5SApa/M7fwz2bGOZx9kgNrhK1prWfUbngVvyEYWkaWjT/I26jtmijhs9p0jSiv2kJjZ77yS+OLVMYlNmJqFVXmibzbB3VOGv3Y17RAUdBx+GXlEot190qlfUyy0t1I0dCGlnj8baq/yoNW0mNr+7hzXAu6b31kS22cSWqs5lav0uH2kK2r0ltQ8K7ceC+0QFGRtcLWfvAjsWm3AbTPYN7Skzi9fJdO3LMjTJTNfENEp61rEwytis8lmnrK0vHqRja3yPu3v4KahVRX2FVrCjx9kgNljOdTaN7q5TfeZmUlM2liqiEluUk2VqJrbRfmyD5R5JisrKTGyxQDCXqaUsbdCBgNDOBrFBuWKbud7WZ20aJTZlYSY3CcwKBRKUtVG5pR9GXP+WCgj9JpNJZpLkqx10ndQGd7Q6vtlwhA+D2OBqWUkE55LrEMg1xqcpaczeJDFJTiJTIcC2Dh/f0EVY1uUW5o53yu3F5m7oMim18TF8CIoHsIw7VWVu6tIvAbH1baPe0T5D81uC+5u5CLuRi0lrfE+Dia2/By1WFxba7cLvUCUQG5S7y8fUfUVtzFVL/S4gTnSDmyfn7ivqb6/nRZZbo/aeXTvOkFxzicXN/zhMReGqOeuu5rmfnWiMj7LxO21YP6gXXq4BftR3agIb9H7qPNcQP/UZ4WzI2ODq+ZR/ouk9o9hyi3jHx+MpaKa5PnuH90wngd/V46r+R1AQiA2WxSnT07e2KhJeUm+Ff72BiD4FxAbLZmpJiI254xxjec0t4UBmnw5iAxDjr8FYcrnXeHLiIjv7MhAbwHsl9x5y8kJo/zuIDWCOj349kNmXwnIPgDkQ1D9JWikIAFAOiA0AigOxAUBxIDYAKA7EBgDFgdgAoDgQGwAUB2IDgOJAbABQHIgNAIoDsQFAcSA2ACgOxAYAxYHYAKA4EBsAFAdiA4DiQGwAEErjP5FJi7ZzfsrhAAAAAElFTkSuQmCC""}}]}, {""role"": ""assistant"", ""content"": ""0.523""}, {""role"": ""user"", ""content"": [{""type"": ""text"", ""text"": ""\nYou are given both an image and a text-based representation of the same stimulus. \nIn both, a red dot appears on a horizontal line\nThe left end of the line corresponds to 0.0, and the right end to 1.0.\n\nText representation (the dot is marked as \""\""O\""\""):\n|.---~------~----------=O-----------~----|\n\n\nEstimate the horizontal position of the **center** of the red dot as a decimal number between 0 and 1.\nDo not explain. Only output the final answer as a number between 0 and 1:\nFinal Answer:\n""}, {""type"": ""image_url"", ""image_url"": {""url"": ""data:image/png;base64,iVBORw0KGgoAAAANSUhEUgAAATYAAABNCAYAAAAsLkgfAAAIiklEQVR4nO2df3LaTAxA/YOE3KHt/f/tSXqJtmdoAgF/IyE5QlmgX+yMzfa9Gc0aFxbagVetd7Vuh2EYGgCAiuiW/gAAAHOD2ACgOhAbAFQHYgOA6kBsAFAdiA0AqgOxAUB1IDYAqA7EBgDVgdgAoDoQGwBUB2IDgOpAbABQHYgNAKoDsQFAdSA2AKgOxAYA1YHYAKA6EBsAVMdm6Q8AMAtz3bqjbefpBxYFsUFdMvvbcyWBybn8XER3l7TcpQrujviVvXV87evt0oryKp0rPYZVg9jgPshf0yiuLLHSuRJRYpeOY5tfB6sFscE6uTakzAK7FSWyyK5Ffv6lvmA1IDaYjU/5KqXhZVsS1/H4/jieu3TdrOve5OXH8ZzFcEly+fgDtEjxU2DyANYpttL1siwreRzDzrX5XJRblFPXNYOLrO/fxBbDxSbH/rooOel3gpwQ2+eA2GB5sd0adgax6XuYtFRgh8Pp8eEwPh7Cec3w5HHsOmZpEn1/EpzITcKFV5Dc1WGqg6wWh6EozMJut5uno9J1NMu8VFzy2KUlrUX7+npq4zmXXh6OShbmIhOJSbvZnFqL8TiKLw9Xra+r19/+gsfHx2n/ZvAOMjaYhYNIZCrXJgVihhYEJkKTGPb70zkRnJ/zLM7lJoShpctrEKltNie5ueD8XBRdzuCsvznkBvOC2GAWXkUoc2ZqaULApeby0gxNWhFaDDvngnt3rc2zNRGbSUzbh4e3EKF5GwR3lsXdyt5gURAbzMJeZDKVlKWdTQJEqWWZ7XZNt9uNx1Fy45DVhDmY2DQ8QzOhHR8fT8feWoySs0yuODQVENtqQGywvNhKQ9AgtXHY6bLa708is+heXprB5fby0nTyWeSan113a0pis0ztGKTmoWKz48YfxywuZ25xYkFAbovD5AFM5ufPn9M6yGK7lqlZRiYykxCR9XY8hkvOhqzFjK3vVWrHKLXttjlst82w3Y6P5dgzOJWcDU/fyW3itbZv375N+zeEM8jYYLkZ0bxWLYvNs604/DRpdc/PJ4k9PzeDHD8/q+CGl5emkZDn+LW2gtiOlq0dTGwiNBXb05O2R2n3++ZoExMqN+lLsrgot0tZm0DmthiIDSbzIiKZShRbWJPmEwU6IWDDTheaykzE9uePto2FZHE6FJXMLoptGE5SC2JTuVmmJlI77PcaIjSNw0FbXx8nM60yJB0nFXzZSJ5IgEVBbLD8xEFesxbXqMUhqF9DM6H1f/40jUUrQvNWhqi7nV53G0oZm81wjsNQEZkI7fVVl61oHI8aR5FhjFDhoMciNem/NByFxUBssOwatkvX1+KaNMm8QsY2Djc9Q3t+bo4iNRPb+BwZQvo1Nqs+0DVsvsTDMzIRmElM/iYabauh2Z3JStqxaiF+7jwcFZDbomy+fv267CeAu+f79+/zrl0L1QNx8iBGXO6hmZlFE1ufRQ1i0/Vr9niIWZxlcjpEjSFZnb2nPNbXSsRlHvHvE8/9D7nxO5yXze/fv2fuEv41Jk2sl0qo0k4ePgwcd/bwYWA41sfeushyROLzUx/xvMvWP8N4ra5UHREzudJuvFfgdzgvmy9fvszcJfxrfHiHiiiD2J46HaP194jn4nHXaUi2pOdz6VPuN8xmjq/z49h/etz6ULTweaZuacTvcF42v379mrlL+Nf48ePHx18cMzURQcysvAJhs2k6ycL6vunkOMbDw9t6NS+Etz5HOYXJA5WUrUFrbW1a6/HwoP2dlVbFNWuxrCpGnBn94DU2fofzwuQBTKaXH/Xcs6I5Y7MtiCS647HpJYZB207OeXgGZ+VPXlbl76FZl0jNxKYis4W43Xbb9E9PTSOx3Wq0dl7Wsbn0dLlHrEIoTR7AoiA2mMyD/NDnXscWllH4MFCORVxyeV6jbRtRai/nJTyjkywuVh6k3T1UavJcz8xk8a1IzWQmYmufnppOFulayHl/3tk6tlL1ASwOYoPJbOXH/lmVByYPl5EKKUqs75veMi9tJbOyWtIui83EI69XIcUMTIaiIUNToVnrQpP2rPLAF+hSL7o6qBWF5etFb9WKWuG7SioUvmutqCzUjSVWXnLlz/cqBt+yKNaKhuoDrxc9mMRUakFoKjUX4aWSKuEDWRt1ovNDxgazMGkX2Fu7e4jY7HqZTCSIYHS4aRf9VWSSabn0fI2brYHLGZtf7JdsT/qSPtvQnw5PRWxe+O5F8Hn7IrK11YLYYJ3X2eJ+bCIRryAQAYm0goi0MsFLrjxTC8PQothcbiYrl9vZrGjejy1kanFrcaS2PhAbrENsl6oQPGsToXgVgi3x0OGpiC1vPhnvgZDueeCTEDJzOu6ea20bNp4cJwdim5d45Nv1nd5g2r8DzAJig1nYyI//s+55kO9KFbM3P85C891z07bgOWuTyQgX21hDeuvmLpd2z40tLAqTB7CuO1Vdkdt4K710Q5ezzSjz7fh8wW+qPoi31/MbtcRtiMabt8Q7WV27DR93qFoVZGyw/ELd0v+t8ZZ5LjQ/J+/jWxvlnXZTfehYX+rYzGgsvRoX7UbZle4rWpKa9XkGWdviIDZYvma09Lp8zc1qPsesLQiuKLN8P9GQscWqBr8T/FgnmmtOw3MuCg2RrQ6GojArs36dCgt4VSFRWvE6XBZaztacS0PJPBng8ssym2n77w//RwA3QWywTvLXsrS90aWIf577KmVbpUzsWmbG0HP1IDa4D3L2ltsr+7q9o5Rx3dp6CJndFYgN6srkrj3nlqBuyQuZ3Q2IDe6TSzOpH+WStJDZXYLYoA7m+hojsipguQfUAUKCQLrNDgDA/YPYAKA6EBsAVAdiA4DqQGwAUB2IDQCqA7EBQHUgNgCoDsQGANWB2ACgOhAbAFQHYgOA6kBsAFAdiA0AqgOxAUB1IDYAqA7EBgBNbfwHpukVnIP1gA0AAAAASUVORK5CYII=""}}]}, {""role"": ""assistant"", ""content"": ""0.500""}, {""role"": ""user"", ""content"": [{""type"": ""text"", ""text"": ""\nYou are given both an image and a text-based representation of the same stimulus. \nIn both, a red dot appears on a horizontal line\nThe left end of the line corresponds to 0.0, and the right end to 1.0.\n\nText representation (the dot is marked as \""\""O\""\""):\n|----------~----O-=-- -------.-----------|\n\n\nEstimate the horizontal position of the **center** of the red dot as a decimal number between 0 and 1.\nDo not explain. Only output the final answer as a number between 0 and 1:\nFinal Answer:\n""}, {""type"": ""image_url"", ""image_url"": {""url"": ""data:image/png;base64,iVBORw0KGgoAAAANSUhEUgAAATYAAABNCAYAAAAsLkgfAAAIs0lEQVR4nO2d7XLaPBBGbUMg99D2/v/2SnoTbW8hX3y48yi7yqLYTmMggOacGY0EsQ1vmvfMSqu1277v+wYAoCK6S38BAIBTg9gAoDoQGwBUB2IDgOpAbABQHYgNAKoDsQFAdSA2AKgOxAYA1YHYAKA6EBsAVAdiA4DqQGwAUB2IDQCqA7EBQHUgNgCoDsQGANWB2ACgOhAbAFTH8tJfAGZwisdUtO0pvgnAVYLYblVmU3LTz8bE5e/H85EcVEbLU6puUGbx/bFxKa0or7Hx0GuAG4SI7VaEFqU2NB46rxRbKbkhqZXXQHRwgxCx3UJ0FgW23x++Nya5IamNtfLY8vwxkB5cKYjtCE7+qyummm2UVxSaj8ckV4qn694kNja2lq8wFdUdQYsM4QtgKnotYhuK0KLIXGK73cG4LQXn1yijsq5reokstig369MVhiI5Hx+ZdEBs8BUgtkuJbWwdLbTepSWBudwkNr02wfXq7bgc4TmSmUtrschC631sfT7GJWfnJuZMVZEXXBimojN5eXk5X6QmSbnIXGwmtGa7zeN2u80RXD7erxUjNQnMmo8P3nPJ+fFT63BDYvukyFar1Wl+dwAjELHNZCehnElqWVRRYBKatd76ZrPJ0lPkdhCx+ZpZFNly2fTW0nsal6LTOTF6+0yyYeg1wAVAbDPZSizHUO5Ji+tmMUqTxCSwzeZVbC8v6XVuHrXFtbdSbEFo/d3du94ll6M3X48bWIOb3D5SjgEuBGKbyUayOZYQqaVoy+UUozQXmIRmrXO5ee/T07jOZlJLzUUW2n61envt0ovRW0gyvJPcWPRWjgEuBGK7lNhGMp8xSktyc5E9P6emcf/09Pqe/UzHp1ZEbBJSjNSSzFar1HvTa/18r8itFFyZRS3FFhMMyA2uCJIHM/j9+/dp19bKJEGcakpm1tqnp2YhqZnY0vvqQ9SWIjbhEZvJKstsvX5tq1WzW6/fRBejN5++FtnTyT1w9pkH/QQ/fvw47ncIMAER21dnRCcSBh555bW0ILUks8fH12jt8bFZPD+nsSI6iVByy9cpxCZpucgktdTf3ze7l5csuXdyszW33Ib2vw1FbERucAUgthk8Pz8ff5GhrR1BamkK6kJzmUls1jeS2tNTkl/KjkpuvqctiG1fRGs7E9pus8ktyW27zQJM0ZoEV24TGdvcOyY2gAuB2C6ZOLA1sby1w9fW4pqapp8us4eHpnl8bNqHhzQtbTXWcZtN06t58iFGbJ4skLwkMQlsu03bVXLb71Pba9uINv3qHPU2JT0QW9jvhtjgWkFsX72HbWh9LW6+9WmleiUKFJGpeYT29NTsXWoWzfU2HT3Yy+Ybc/W+EgQSl1rfN1Kfmv4rdm372uy9pEUdo8oHSS1+T13PN/9OiQ25wYVZfv/+/dLf4eb4+fPnvBNjniYWspelUp7ljFs+fHOuZGcRmqarqbfXvuUjIbko0rLXXk2QMqUWge19qupjNROW+pQV1TXLaMzX1vy9GWts/N3BOVn+/fv3rB9QIyerES33sVl9qFo7VDOq6aFeh3EWY2zCZRPEmc+zlq8Zzw3fwb9rHo/dWqnEhTbxe+LvDs7J8tu3b2f9gBqZfYcKn8YV1QFx3Pr1Q0uvLZJqrfk4Twl9mvj2Jd8t9Lehz9fUuEgGpJ+HmtGDzxkrs/pkxMbfHZyT5Z8/f876ATXy69ev06yxeXTlryWdxaLpLBOpvlsum+7uLq27qW+9xUqDKJ9iKtpqnczOaVart/N1zVhapeNi8zKrsW0fY2VWsZ+Avzs4JyQPZrDQ/+DHEBb483aPGLFZplSt2++bxW7XLNTb667vm65tU0sRnL6PZOXVB8KjruXyVWSrVdNpQ+79fWoaL+7vm2a9zi0dY9UIkmgUW976MbXVwz4X4NIgthncKfo5hqFbFPn00qeJJi4t06fWts1CreuaTk2RnJqiMG0P8T1wMWLT9SQ2O66X2ExuSWrW2vU6ic73u0mSfSm2WIHwP9NQgAuC2GawVoRzisRBzIz6lg9NH9VsDS1JLExLFS0qmkqlVRKS9rppmuolVX5NE1vncpKo9L0lLpNZa5FbLrWKhfFWO9pMlVVRcQBXCrWiX10vOlZSVWz3iHf08JpQbcZNQvMyK6sTzbWiavHuHr61I5RVRYmlWtEQqXlBvEvtYPo5Fq3NkBp1onBuiNhmMvsusGPPNijvwWZTSEVaKWkgsdkaWBKaSy9KzSM2x4Vk09acPFCvZkXwqTJBMisSCe/KqD6qNCBSgysBsV3DOpuXVXnkJqmpl4QkLpeRxpp+xptNhjvresIh4zIyUXkWNF3LhBmjtHhn3ZgFzc9EGIrWBEKDKwOxXUJsU1Gb35NNvbKcJrdcID8kNLuLbl5fs+vn/W7lDSctU3ow7Syyn+VzED5MFCA3uCIQ20yWEsExjK21xUypPkPCknx8qhlvbRQf7uLnhDW23ExWSXDlMw8GtnMcTEH/J/uJ1ODKIHlwySdVTURu724VXiYY4pOrPMory55CfeiBtGJiIN4p14/56EEufu0Z8IQq+AqI2L56o+5YvWWUkkdeun58apXLLUxXY3v3XFFJrSiJSpt2bTuJy+zgmQZTUdqUzIja4IpAbF9dMzp0Tik3ycUTCjZ+dzeQeC+3sSfBx7rTkAQoaz9zraiJcHTqibzgRmAqeiQn+/WVj+Mr7vAxmGgYet+vESU09BCWkalmFps4ceZz9s0DAD4JYrsGpqan3o+tx5U/G+Kju3H8b3SGmOBGQGzXxNT9zoZk5/3YeUMR15TEyHZCJSC2Wxfd0HFDjE0ricygQhDbLTD0T3TMPxsyg8pBbLfIKf7JEBlUDNs9bhGkBDBJeNwQAEAdIDYAqA7EBgDVgdgAoDoQGwBUB2IDgOpAbABQHYgNAKoDsQFAdSA2AKgOxAYA1YHYAKA6EBsAVAdiA4DqQGwAUB2IDQCqA7EBQFMb/wCp3rrC7i21WwAAAABJRU5ErkJggg==""}}]}]",0.490
google/gemini-2.5-flash-lite,sample_006,0.378,0.378,0.475,"[{""role"": ""system"", ""content"": ""You are a marker location estimator.""}, {""role"": ""user"", ""content"": [{""type"": ""text"", ""text"": ""\nYou are given both an image and a text-based representation of the same stimulus. \nIn both, a red dot appears on a horizontal line\nThe left end of the line corresponds to 0.0, and the right end to 1.0.\n\nText representation (the dot is marked as \""\""O\""\""):\n|-.----------.--.---O-----.-------------=|\n\n\nEstimate the horizontal position of the **center** of the red dot as a decimal number between 0 and 1.\nDo not explain. Only output the final answer as a number between 0 and 1:\nFinal Answer:\n""}, {""type"": ""image_url"", ""image_url"": {""url"": ""data:image/png;base64,iVBORw0KGgoAAAANSUhEUgAAATYAAABNCAYAAAAsLkgfAAAIfElEQVR4nO2daZLTSBBGtbjbfQfg/n85CZcAzkB71cRXzhTp6pLa2GIal9+LyCjJlmQPeB6ZqkXtMAxDAwBQEd1HfwEAgKVBbABQHYgNAKoDsQFAdSA2AKgOxAYA1YHYAKA6EBsAVAdiA4DqQGwAUB2IDQCqA7EBQHUgNgCoDsQGANWB2ACgOhAbAFQHYgOA6kBsAFAdiA0AqmP10V8A7pilHpfRtstcB8BAbHCbyG6RmwutdA1kBzfQ8pQqeJf8J+L78fWpY0qSivtT21PHA1wAYoPrZKa2tF06N8rpvXZue+41gAClKPy5zKaidE4uL4+5fZ07JzS/NoKDCcjYKmDRv8KCoJI+jsdzicX9/L38++Ti6rpzqRViyM8pXesGWqRYNWRsFbCY2OYyNMnLBebbIdpccJFcWi622GayS2IrhWdzU1ndhSC2ukFsjyy2udIzCG1waR0OTesyOxxOQrN2UGvHJcll5eKZzCzSa6X9XHq53Py63H+DCShF75ztdrvMhUr3zCSpmJlJbBKYRdre73+/5sfnWZsJahRX35+21fb9+WvviW5Kclfw/Py8zJ8d/HOQsd05BwnlFqY6BrzENGElke33o8ja3a4ZtK3XguCGWJaKWH5Goa1WJ6mZ3LQf3y+J7m/IDeoEsd05e4nlWvIhGtn9s5R9eUamdrc7tYrt9tTudqewY5LkSmKzzCwJzaQ2bls0UXba1/G2/0Zu3vpnxBYeHsR25+wkm6Uytlh6ernpWZrLTBJTu902nW+r9WNiSSqsIyCJzGX29DTK7Kht3/dWInPZudhi2TqXuQEgtgcXW16G5vfSPCOT3CQyE1qS2mbTDNbqGL2XMjaFX0dYGRozNJfZ0eP5+SQ122+C5GIWN0apNHUQHNB5cN98//79+pOnhnTkmZqXmptNklcS2WbT9K+vaTuFSS9lcDonz9iC2KLMUrteNwdJTPv2WpKaZCexueAsi5sU25Xl6JcvX67/M4R/FjK2R+wRLY1XiyVoLjUTWucye31tBm2/vja9MrfNJmV0Kavz+2y52CQ1E9vBJJZaiW29PkkthDomkuB0PcvcRrGV5GafddbCw4LY7piNhHILpaEdsQRVmetSc7FJZhLbr1+pbSwkvyS3/b7pXGw2iFbZ2lHh2ZpkJrGp3e1OIbnt96c4HFLou2h8nATnmeRZWRo7EgRCAwOxPXrHQRSbj0dzsfk9NZOaRNb/+tU0Fq1CUlOoRN1uT5mW32fLMrZ0D00Z2W6X5CZ5abjK4Xg8i+MwpGEjg7ehp9Y7FtL3nCpH4eFBbI84hm3u/looQ3XPzDsNBs/IlCXafbajWhObdyY0Pr4tE1vqBJD0lI2ZvHSE4tC2v6PrmqPCMjG9P84bjd/dx7vpc0rlKDw0q8+fP3/0d4Ar+fr167Jj1+Jg3DDDIHYopMG5lpWN2ZlaSVBS817UUIqmoRr2uUlS3plg548lqO7BWRnqpahK2DRdS/JSq/Oj0PW6f84VcuP3Xyernz9/fvR3gI+aI1pYbijNGtCuRRuOS+/4+9r31/NVPuJwDxGnZWXnxf+GeP34HYrvxzYuZ+QT5C+E33+drD59+vTR3wH+zxUqSqtixNcs89G10/VD72Pr5Z+2+z5FE9qxNFQbV+DIxqHF8+K547Z9jj5P4RPo0+dPTYr37x7bC+D3XyerHz9+fPR3gCv59u3bMhlbLgitwXY8Np3dpFfbPT2l3k4N5+ien08lqZesPj9UTon3vvzaEpSNSWs18Vznh9D10rg1G8Om4+IQDx+oe9Eg3T+UPb//OqHz4I7p9T/4kr2iIQuSHmJoQEU/DKew/RRt23QxgyvcY0tZ12rVtBLben0S2ctLiu7lpelfXppGsV6niLKTUEex+SyE0sR4QccBGIjtjnlSZrOk2CQN7yjw0rPrRnl59BZd35+yOcvoUgYWZh/kGZvENmZnJrY+Cs2kl4aCWObmw0SK80UZ6gETILY7Zi0hLNErKrJ119KQD8nIosuil6SenppeWZWE5FOrJsSWylqFpGYic5m1ytyC0Ma5o6UydG4JIwfJPTzMFX3U+aJzy3/7Srm+YofNQvA5oWmuqLZ9ipXPFfWljDKxjXNF4zxRn0ZlU6rezBXNlzIKHRdvFp4UV2RtzBOtFzK2O+fqVWDn5ouG6VVJUioFvdNA8lKWJtEpU/PVPvLli+JwD5eSlax554HCJ74fQ4fBmzXZ8iXDBYtNQgHE9sj32fKyNK5+G1fQdcEp/D6aiW2cehUWnEwRS1Ef8mHSSh0Cuo7dl+tK67H5/bRQfvrg3qLMkBoEENuds6jYJp53MMotW6NtlFlct82PC0NJUm+r9ZqOK+aaxCS34gq6vuLupUuCIzYIILY7ZyUhLCU2byce5jIKTpmWS86fexAe6jKe43jGZnNGo+DGsjM+5yBKzSX23vJEiA0CdB5UwCJPqsqnV1m8KU3jYpT5U6qi1KaeUpWVmXEZojdPqbrkwS08oQoKkLE96kDd0r9npQ6FbB5o8XF8cQJ9/lzR8NyDcUqUTZeSyNLYudLj9q4RGlkbGIjtUeeMls6ZKE2TqHwVjTjZPSwoeZap5WLzqVYxc4uii/v+VCvKTrgBStFKWPSvMRNcXOGjlMW92S6tvBGzr9K9syw7G8vQyEJCu+ofArgrEBv8ZuqnMFeiliKel2daUxHfj8eXQEzwDogN5sl/HjNruZVK0DOmhmnMyQyJwRUgNlhGclPHRKYEhsxgYRAbLNujegn0aMJfBrHBbdzy80Fm8JdguAfcBnKCfxBbIgEAoB4QGwBUB2IDgOpAbABQHYgNAKoDsQFAdSA2AKgOxAYA1YHYAKA6EBsAVAdiA4DqQGwAUB2IDQCqA7EBQHUgNgCoDsQGANWB2ACgqY3/ANGl1gCCZwauAAAAAElFTkSuQmCC""}}]}, {""role"": ""assistant"", ""content"": ""0.470""}, {""role"": ""user"", ""content"": [{""type"": ""text"", ""text"": ""\nYou are given both an image and a text-based representation of the same stimulus. \nIn both, a red dot appears on a horizontal line\nThe left end of the line corresponds to 0.0, and the right end to 1.0.\n\nText representation (the dot is marked as \""\""O\""\""):\n|--------------------=-----=---O------ -.|\n\n\nEstimate the horizontal position of the **center** of the red dot as a decimal number between 0 and 1.\nDo not explain. Only output the final answer as a number between 0 and 1:\nFinal Answer:\n""}, {""type"": ""image_url"", ""image_url"": {""url"": ""data:image/png;base64,iVBORw0KGgoAAAANSUhEUgAAATYAAABNCAYAAAAsLkgfAAAI6UlEQVR4nO2dbY7aMBBA7STLxxna3v9vT9JLtL1Cd4ElqcbxpINxAl0+At73JMtJCAFV2texPWN813WdAwAoiGruLwAAcG0QGwAUB2IDgOJAbABQHIgNAIoDsQFAcSA2ACgOxAYAxYHYAKA4EBsAFAdiA4DiQGwAUByIDQCKA7EBQHEgNgAoDsQGAMWB2ACgOBAbABQHYgOA4mjm/gIAMMG1f5LEe/cZQGwAjy6znNzGhDcmLu8/9r4nxfMrVQAPLDN7PXftlKT8GcfnPOfJQGwAczIlLunHjtP35KTlT/Tp8dS1c157IBAbwCNFZ+mxtLY9PE/fMyYvnzR73d6bHufOx65NXZ8RxAZwBlf/M0nE5K24rMzSPm2WnMx8bFV1JLnuIxHdfwxn/YzCY/EA4N5iy0VlOaElzdvzXMRmWqcik94e23tORXK5Xj4vXYgYERhiAyhZbLmhp16LkgrPV4Ht9/2x9Pt9L7T93nV6Xe6xMrQRmMqrrnt5Sa9yq6peeGn0lhPcmOiuMU93BxiKApxgu91e72GZKG2IxKK4gtje33upJf2B+Oyfro3C6l5mQWp1/U9ucmwkF+6ZGr6eEp/9bNsbFouFmwMiNoAT7EUktxp+JhFaENj7e+ilddLvdr3o5DhGboMMFR1+alTWNEFoQWr22IpO783NwY1FdVOLEXr+ACA2gBO8i1QuIU3PMPNoOszUKE0lJn1o2+2/4yi30Oxcm51XE1k1UWTSv7z0fbymkhuiN+nH5uJycsssQjyi3BAbwAl2IpsrRmwHiwBplKYik367dVXsDwRn596i2EROIqpBaE2U2suLa1VuqeSS6O0ogssJLr02Nfc2I4gN4NZiS4ehKjTpVWjyGbtdL7LNppfaZuO6zSb0ck1eC9Ga3Gvn2VRsUVRd0/QyWyxC38ZezoPomuZ4eJrMvR21VHZ6Lmj/QHJj8QBggp8/f17+kFxKRzL81CitUpG9vbn67c1V0uK10EzUFt5vxRZl1RqZtctlON4vl73UVHIauYnkzLB0Um4TqSNTw9Fv3765e0PEBnCrFdFclYBZ/RyTWpDZ66vrothEcHLsNhv5QkFuwzxbErFJNNaKyERgUWgit/1220tut+vlZoemMWo7EtuY6HLDUyGVm16bAcQGMMFGZHIpaWqHzpHFYajLSK0WscXeidReX8NwVO4N92fEFqQWxdaK1FYrt9/t3P79fWitNrlHvodZaBjSRM6N3qZWS2cGsQHcY+EgFZuZWwsLA1FqtcpM2p8/zovQtL29hXs7aZrXpmLT1VAV22oVxCVt33X/mqSvdJ1rJSm4bfsm75PvZefb5Nmn5IbYAD5pDls6vxajtRCxyWKBiDOufoqwNCKTKE1k10ofWxiextdDflsiNqfDy7Z1kuEWmkRyVeX23ru99PFYrslr8l6572Ci3X5fjd7SOcKc3B5oAaH5+vXrrF8A4JH5/v37dXLX0vpPnfy3zSTmhuTc3W5oLunDKqrNY5OILX5mF6sPhtQPGXrG6K0V6WmL3ytEb7m6Vfu9LSI0vTYmNsV7N4djmt+/f9/9QwGehYuTBjLbDWmdZxebrfscakbN63I+iMcm5lqxCea1TiWXRGNpCVVYdEjOTw4x9TNzu4vY7xPvncMxzZcvX+7+oQDPwod3qMjtfGGqBKTJs8PzzeqiN3NYXs/reuiHphGTfo59ra6dN70ey1A1HMc8tnAemy4e+FP5a1MJurl/K+/dHI5pfv36dfcPBXgWfvz4cdkDMrtwhGORSNu6Kk7aV9Kapm8vL6H5xaIfliaVBuEpOsFvhqIiKBff5+S9plWSxyYJujFJ12mTe5NV0bPLq86cX5vDMSweAExQyx/7pdiCdyMJ+fMPLQ5Hq65zddsOTc5FfJIlJi1EeBp52VVReS3KyUexVauV69br0Kr12tWrlXOmhXui5Cqby6Y7fuTKqP5TaHOC2AAmeJGo5hbpHnao6b2rbBOheh9aONeITqQlVQmxIH5YFRV02CmiWi5dJ03Etlq5er12TpoIbbUKr4dk3Ri12dKqYYU1LXwXcom4Dyg1AbEBTLBcLq+3Kmon/2NybBCUCE7lJa2qQhRVx6FpHaOrkMAbKw8OxBblI+/V4WUn31ujs/W6F5rktkmLCby2KH5I65iaP5uS2YNUHAwfT60owA3rRXMF8LoLrm4iqWVVsQhei95rrUSQa9rrLh+2VlQenyboLmKSrkRmUoEgQ1ON1HSuzdaKplKbEtlEakfKHHWiAhEbwAku2gU2t8Gkik2kIoKKc2Nhdw8Zbuo8WZz0DzKTiEulprludhddjbji4oOTRYPl8qAFmdkhaLo3W05qTxKhpSA2gFvPsyVyC3lrma3Ag9C0j2Ia9mPT0iuVmt2PTYhJuZrGUcWhZpCaLhTo8DNKbdh00kjt6AdenkRkKYgN4M5iO1gl1SoEjd5keCpC0sjMDFOHonmN1ozYdLVVc9I6La8SQarMTKQ2DD81WhtLxh0TGGIDeG4aEcElTC0k2JVSG73FHDZbZqXHbuQ3D0LTRNvG7LdmFwmSxYKj3zzQZ53iwcXG4gHAvX6pKimtOvqVKvvze5qUa/tUavZ5WhKlQ8sm+Y2DJEo72gp8onLgo8z1C1UCERvALRN107ghNywVuWSGp0eiS388OalokPmxoSSq7vPaRFxDSVW6BfhUPeg5PHDUhtgAblkzmr4vNyyN1QcHhe1aD2qis6Nfgk+kaasaOlNvanfEPbjn1M4cTwxDUYAzueqfSrJtuD+1bZDt0x1DlLRawI/UesYKgtEV0Dn/I7jW5yM2gDuS+3NLJDcquNwcncWKqvpAfScRGwBchak5OO3HZJb7001LoYRzk24LArEBPIvkpo6VqUjMP1eS7SUgNoBnGq7+L/7zyMyC2AAenWv8ifrPITSFdA+AR+eTSekaxJ3jAADKAbEBQHEgNgAoDsQGAMWB2ACgOBAbABQHYgOA4kBsAFAciA0AigOxAUBxIDYAKA7EBgDFgdgAoDgQGwAUB2IDgOJAbABQHIgNAFxp/AX/qdllPni50AAAAABJRU5ErkJggg==""}}]}, {""role"": ""assistant"", ""content"": ""0.530""}, {""role"": ""user"", ""content"": [{""type"": ""text"", ""text"": ""\nYou are given both an image and a text-based representation of the same stimulus. \nIn both, a red dot appears on a horizontal line\nThe left end of the line corresponds to 0.0, and the right end to 1.0.\n\nText representation (the dot is marked as \""\""O\""\""):\n|-------------=---.-------O---.-----~----|\n\n\nEstimate the horizontal position of the **center** of the red dot as a decimal number between 0 and 1.\nDo not explain. Only output the final answer as a number between 0 and 1:\nFinal Answer:\n""}, {""type"": ""image_url"", ""image_url"": {""url"": ""data:image/png;base64,iVBORw0KGgoAAAANSUhEUgAAATYAAABNCAYAAAAsLkgfAAAIlElEQVR4nO2dYVLbSBBGR5LBJlcguf/fnCSXSLgCYGxLW994WmmJkcDYLM7ovaqukWxjvFT8tkc9Paq6rusCAEBB1F/9AQAALg1iA4DiQGwAUByIDQCKA7EBQHEgNgAoDsQGAMWB2ACgOBAbABQHYgOA4kBsAFAciA0AigOxAUBxIDYAKA7EBgDFgdgAoDgQGwAUB2IDgOJAbABQHKuv/gAAV8clbwNSVZd7L3g3iA1gSmg5weUey8nLHnvv6+GiVNylChaN/+efO556fkpUY2nNPTf1GJwNYoNlMicxjRb+fA4TVG7MyW1OgHA2TEVhWcwJrW2HUstFjrHEvMymzvVeczJDdGeB2OCq+ZQJhRNaNRaXyW1q9D8vxsKq69eC84/rx3MC9Jj4PkiFFBEbLExsuemmiWsiKn8+VQxI8uq8xDT6Y/+aXNh7vZXNvUGF2BAbFCy2qaqmi/j+JrDDIQSFzg+H/rxL5/E14ylpVf0VlYlM8tLYNMPzCdFNCs6DrE6C4gFcLS8vL5+aqQ0yMRPZfn881rjf/5WdPe/FaLKxLCyJrPNjileis2MvRPGW4N7J7e1tWDJkbHC1HCSSc5mqePopphdZim63C9VudxSdPabX+QJDEpBNP01k3Wo1eTyQnxPd5LU5QbZ2MogNrpa9pHLpCmgSUzXK0nqxvbxEocVwxya4wbU2E5vLwqLIkszieHNzFFp6PI4Smo2WySlyU1MDuZ0EYoOrZSehXLICqnE89dRoIjOZbbeh1uhDz9k01RURlK1FiUlsJrUks1ajj/Scl1w/VZ3K3gRSOxnEBuWKbaIC2gstSS3sdqGWuLbbo9S229Cl0c71mhh2zS1lbFFsLlszmWlsb29jRKnpWFKzcxNcyt76rC1XVBDI7SQoHsBV8vv37/PfJCc2q36mwoBlacrQosien0Pz/BxqHz6D80UEn7E1zVFmJjSN63U4SGTr9V/JWUhsbpray+2CWduPHz/CUiFjg7IqolOdBRajbE1hUjORdU9PoX56Cs3TU+ien0NQ6HnL2mw6axmbpKZsbbWKIpPADpLZy8tx3O2i5Nr9PrRaPuIiCk2S0/FcMcEgc3sXiA2ukq2mf5e8vmbXxUxqqRjQS01hMktjeHwM4ekpZnESW9BrbTrqMrbWxGZSU0hqu1047PexuiuhtW3bh8QY5SappWt+ryqlc90JMAtig2UUDnwngS3rsGnodhunn41lZ5LZ4+MxdKxI1926jNisaKAMrc/M2jYcum4Yql3oZ0ZhnzEuBFYgtrNBbFDmGrbx7hyjamitjC0VDTpNe11Idm0qHFQ2PVXGlsQWsz0nNqtyKgNru+4YyuSqKhzqOhya5hiSn6SXMrPWt1f5z+ynowK5nczq+/fvp/8UwCfz8+fPy1xjy/SDjlun+ulpmqJ2aTFul6arcZQA/Zo2+z3K2ExyaU1alFx6jzYzDbWpqEbf0vVKYG6tXM8Jgvu+4O/26uHh4as/A8Arzi7Wj3s63U4ecQrod/awKaEdWw+pG2e3MPK9p/bQaBePceN7nMK6iufsf61v3zrh7/Kw4O/26v7+/qs/A8DldqhwmdSr8xR67/j+br1YPE/Tv6ppQpWyLx0HH1a9VIYlfOfAatW/vtKxW8rRH7vX6XfYwtxqrrVq+Id595/ifsHf7dWfP3+++jMAvOLXr1+Xv8aWkBrqVCWtdb1ttQr1zU287qaobm5CdXs7bIS3nT0kFpvGCkkpLdmo1usQ1us4WtTrdVzHFkON6Yq0hm2wjs23V5lk44f9+Dq2Pwv+blM8gKuk0Rf8s5Z7KENLWaFkVXddaBRtG6O2SM/F11kGZ1XRJLaYdSkDS2KLIttsQnd3F+pv30JzdxfCZhOCRi87idTE5ncA8Z0H8RdQNPgIiA2ukhtlNJfeKVcykpwkt5Qh1VU1iCZFPNfzijSVjFmcCgg+Y0vTVT1Xpy4DE1tjQttsQrXZRKHF5SApa/M7fwz2bGOZx9kgNrhK1prWfUbngVvyEYWkaWjT/I26jtmijhs9p0jSiv2kJjZ77yS+OLVMYlNmJqFVXmibzbB3VOGv3Y17RAUdBx+GXlEot190qlfUyy0t1I0dCGlnj8baq/yoNW0mNr+7hzXAu6b31kS22cSWqs5lav0uH2kK2r0ltQ8K7ceC+0QFGRtcLWfvAjsWm3AbTPYN7Skzi9fJdO3LMjTJTNfENEp61rEwytis8lmnrK0vHqRja3yPu3v4KahVRX2FVrCjx9kgNljOdTaN7q5TfeZmUlM2liqiEluUk2VqJrbRfmyD5R5JisrKTGyxQDCXqaUsbdCBgNDOBrFBuWKbud7WZ20aJTZlYSY3CcwKBRKUtVG5pR9GXP+WCgj9JpNJZpLkqx10ndQGd7Q6vtlwhA+D2OBqWUkE55LrEMg1xqcpaczeJDFJTiJTIcC2Dh/f0EVY1uUW5o53yu3F5m7oMim18TF8CIoHsIw7VWVu6tIvAbH1baPe0T5D81uC+5u5CLuRi0lrfE+Dia2/By1WFxba7cLvUCUQG5S7y8fUfUVtzFVL/S4gTnSDmyfn7ivqb6/nRZZbo/aeXTvOkFxzicXN/zhMReGqOeuu5rmfnWiMj7LxO21YP6gXXq4BftR3agIb9H7qPNcQP/UZ4WzI2ODq+ZR/ouk9o9hyi3jHx+MpaKa5PnuH90wngd/V46r+R1AQiA2WxSnT07e2KhJeUm+Ff72BiD4FxAbLZmpJiI254xxjec0t4UBmnw5iAxDjr8FYcrnXeHLiIjv7MhAbwHsl9x5y8kJo/zuIDWCOj349kNmXwnIPgDkQ1D9JWikIAFAOiA0AigOxAUBxIDYAKA7EBgDFgdgAoDgQGwAUB2IDgOJAbABQHIgNAIoDsQFAcSA2ACgOxAYAxYHYAKA4EBsAFAdiA4DiQGwAEErjP5FJi7ZzfsrhAAAAAElFTkSuQmCC""}}]}, {""role"": ""assistant"", ""content"": ""0.523""}, {""role"": ""user"", ""content"": [{""type"": ""text"", ""text"": ""\nYou are given both an image and a text-based representation of the same stimulus. \nIn both, a red dot appears on a horizontal line\nThe left end of the line corresponds to 0.0, and the right end to 1.0.\n\nText representation (the dot is marked as \""\""O\""\""):\n|.---~------~----------=O-----------~----|\n\n\nEstimate the horizontal position of the **center** of the red dot as a decimal number between 0 and 1.\nDo not explain. Only output the final answer as a number between 0 and 1:\nFinal Answer:\n""}, {""type"": ""image_url"", ""image_url"": {""url"": ""data:image/png;base64,iVBORw0KGgoAAAANSUhEUgAAATYAAABNCAYAAAAsLkgfAAAIiklEQVR4nO2df3LaTAxA/YOE3KHt/f/tSXqJtmdoAgF/IyE5QlmgX+yMzfa9Gc0aFxbagVetd7Vuh2EYGgCAiuiW/gAAAHOD2ACgOhAbAFQHYgOA6kBsAFAdiA0AqgOxAUB1IDYAqA7EBgDVgdgAoDoQGwBUB2IDgOpAbABQHYgNAKoDsQFAdSA2AKgOxAYA1YHYAKA6EBsAVMdm6Q8AMAtz3bqjbefpBxYFsUFdMvvbcyWBybn8XER3l7TcpQrujviVvXV87evt0oryKp0rPYZVg9jgPshf0yiuLLHSuRJRYpeOY5tfB6sFscE6uTakzAK7FSWyyK5Ffv6lvmA1IDaYjU/5KqXhZVsS1/H4/jieu3TdrOve5OXH8ZzFcEly+fgDtEjxU2DyANYpttL1siwreRzDzrX5XJRblFPXNYOLrO/fxBbDxSbH/rooOel3gpwQ2+eA2GB5sd0adgax6XuYtFRgh8Pp8eEwPh7Cec3w5HHsOmZpEn1/EpzITcKFV5Dc1WGqg6wWh6EozMJut5uno9J1NMu8VFzy2KUlrUX7+npq4zmXXh6OShbmIhOJSbvZnFqL8TiKLw9Xra+r19/+gsfHx2n/ZvAOMjaYhYNIZCrXJgVihhYEJkKTGPb70zkRnJ/zLM7lJoShpctrEKltNie5ueD8XBRdzuCsvznkBvOC2GAWXkUoc2ZqaULApeby0gxNWhFaDDvngnt3rc2zNRGbSUzbh4e3EKF5GwR3lsXdyt5gURAbzMJeZDKVlKWdTQJEqWWZ7XZNt9uNx1Fy45DVhDmY2DQ8QzOhHR8fT8feWoySs0yuODQVENtqQGywvNhKQ9AgtXHY6bLa708is+heXprB5fby0nTyWeSan113a0pis0ztGKTmoWKz48YfxywuZ25xYkFAbovD5AFM5ufPn9M6yGK7lqlZRiYykxCR9XY8hkvOhqzFjK3vVWrHKLXttjlst82w3Y6P5dgzOJWcDU/fyW3itbZv375N+zeEM8jYYLkZ0bxWLYvNs604/DRpdc/PJ4k9PzeDHD8/q+CGl5emkZDn+LW2gtiOlq0dTGwiNBXb05O2R2n3++ZoExMqN+lLsrgot0tZm0DmthiIDSbzIiKZShRbWJPmEwU6IWDDTheaykzE9uePto2FZHE6FJXMLoptGE5SC2JTuVmmJlI77PcaIjSNw0FbXx8nM60yJB0nFXzZSJ5IgEVBbLD8xEFesxbXqMUhqF9DM6H1f/40jUUrQvNWhqi7nV53G0oZm81wjsNQEZkI7fVVl61oHI8aR5FhjFDhoMciNem/NByFxUBssOwatkvX1+KaNMm8QsY2Djc9Q3t+bo4iNRPb+BwZQvo1Nqs+0DVsvsTDMzIRmElM/iYabauh2Z3JStqxaiF+7jwcFZDbomy+fv267CeAu+f79+/zrl0L1QNx8iBGXO6hmZlFE1ufRQ1i0/Vr9niIWZxlcjpEjSFZnb2nPNbXSsRlHvHvE8/9D7nxO5yXze/fv2fuEv41Jk2sl0qo0k4ePgwcd/bwYWA41sfeushyROLzUx/xvMvWP8N4ra5UHREzudJuvFfgdzgvmy9fvszcJfxrfHiHiiiD2J46HaP194jn4nHXaUi2pOdz6VPuN8xmjq/z49h/etz6ULTweaZuacTvcF42v379mrlL+Nf48ePHx18cMzURQcysvAJhs2k6ycL6vunkOMbDw9t6NS+Etz5HOYXJA5WUrUFrbW1a6/HwoP2dlVbFNWuxrCpGnBn94DU2fofzwuQBTKaXH/Xcs6I5Y7MtiCS647HpJYZB207OeXgGZ+VPXlbl76FZl0jNxKYis4W43Xbb9E9PTSOx3Wq0dl7Wsbn0dLlHrEIoTR7AoiA2mMyD/NDnXscWllH4MFCORVxyeV6jbRtRai/nJTyjkywuVh6k3T1UavJcz8xk8a1IzWQmYmufnppOFulayHl/3tk6tlL1ASwOYoPJbOXH/lmVByYPl5EKKUqs75veMi9tJbOyWtIui83EI69XIcUMTIaiIUNToVnrQpP2rPLAF+hSL7o6qBWF5etFb9WKWuG7SioUvmutqCzUjSVWXnLlz/cqBt+yKNaKhuoDrxc9mMRUakFoKjUX4aWSKuEDWRt1ovNDxgazMGkX2Fu7e4jY7HqZTCSIYHS4aRf9VWSSabn0fI2brYHLGZtf7JdsT/qSPtvQnw5PRWxe+O5F8Hn7IrK11YLYYJ3X2eJ+bCIRryAQAYm0goi0MsFLrjxTC8PQothcbiYrl9vZrGjejy1kanFrcaS2PhAbrENsl6oQPGsToXgVgi3x0OGpiC1vPhnvgZDueeCTEDJzOu6ea20bNp4cJwdim5d45Nv1nd5g2r8DzAJig1nYyI//s+55kO9KFbM3P85C891z07bgOWuTyQgX21hDeuvmLpd2z40tLAqTB7CuO1Vdkdt4K710Q5ezzSjz7fh8wW+qPoi31/MbtcRtiMabt8Q7WV27DR93qFoVZGyw/ELd0v+t8ZZ5LjQ/J+/jWxvlnXZTfehYX+rYzGgsvRoX7UbZle4rWpKa9XkGWdviIDZYvma09Lp8zc1qPsesLQiuKLN8P9GQscWqBr8T/FgnmmtOw3MuCg2RrQ6GojArs36dCgt4VSFRWvE6XBZaztacS0PJPBng8ssym2n77w//RwA3QWywTvLXsrS90aWIf577KmVbpUzsWmbG0HP1IDa4D3L2ltsr+7q9o5Rx3dp6CJndFYgN6srkrj3nlqBuyQuZ3Q2IDe6TSzOpH+WStJDZXYLYoA7m+hojsipguQfUAUKCQLrNDgDA/YPYAKA6EBsAVAdiA4DqQGwAUB2IDQCqA7EBQHUgNgCoDsQGANWB2ACgOhAbAFQHYgOA6kBsAFAdiA0AqgOxAUB1IDYAqA7EBgBNbfwHpukVnIP1gA0AAAAASUVORK5CYII=""}}]}, {""role"": ""assistant"", ""content"": ""0.500""}, {""role"": ""user"", ""content"": [{""type"": ""text"", ""text"": ""\nYou are given both an image and a text-based representation of the same stimulus. \nIn both, a red dot appears on a horizontal line\nThe left end of the line corresponds to 0.0, and the right end to 1.0.\n\nText representation (the dot is marked as \""\""O\""\""):\n|----------~----O-=-- -------.-----------|\n\n\nEstimate the horizontal position of the **center** of the red dot as a decimal number between 0 and 1.\nDo not explain. Only output the final answer as a number between 0 and 1:\nFinal Answer:\n""}, {""type"": ""image_url"", ""image_url"": {""url"": ""data:image/png;base64,iVBORw0KGgoAAAANSUhEUgAAATYAAABNCAYAAAAsLkgfAAAIs0lEQVR4nO2d7XLaPBBGbUMg99D2/v/2SnoTbW8hX3y48yi7yqLYTmMggOacGY0EsQ1vmvfMSqu1277v+wYAoCK6S38BAIBTg9gAoDoQGwBUB2IDgOpAbABQHYgNAKoDsQFAdSA2AKgOxAYA1YHYAKA6EBsAVAdiA4DqQGwAUB2IDQCqA7EBQHUgNgCoDsQGANWB2ACgOhAbAFTH8tJfAGZwisdUtO0pvgnAVYLYblVmU3LTz8bE5e/H85EcVEbLU6puUGbx/bFxKa0or7Hx0GuAG4SI7VaEFqU2NB46rxRbKbkhqZXXQHRwgxCx3UJ0FgW23x++Nya5IamNtfLY8vwxkB5cKYjtCE7+qyummm2UVxSaj8ckV4qn694kNja2lq8wFdUdQYsM4QtgKnotYhuK0KLIXGK73cG4LQXn1yijsq5reokstig369MVhiI5Hx+ZdEBs8BUgtkuJbWwdLbTepSWBudwkNr02wfXq7bgc4TmSmUtrschC631sfT7GJWfnJuZMVZEXXBimojN5eXk5X6QmSbnIXGwmtGa7zeN2u80RXD7erxUjNQnMmo8P3nPJ+fFT63BDYvukyFar1Wl+dwAjELHNZCehnElqWVRRYBKatd76ZrPJ0lPkdhCx+ZpZFNly2fTW0nsal6LTOTF6+0yyYeg1wAVAbDPZSizHUO5Ji+tmMUqTxCSwzeZVbC8v6XVuHrXFtbdSbEFo/d3du94ll6M3X48bWIOb3D5SjgEuBGKbyUayOZYQqaVoy+UUozQXmIRmrXO5ee/T07jOZlJLzUUW2n61envt0ovRW0gyvJPcWPRWjgEuBGK7lNhGMp8xSktyc5E9P6emcf/09Pqe/UzHp1ZEbBJSjNSSzFar1HvTa/18r8itFFyZRS3FFhMMyA2uCJIHM/j9+/dp19bKJEGcakpm1tqnp2YhqZnY0vvqQ9SWIjbhEZvJKstsvX5tq1WzW6/fRBejN5++FtnTyT1w9pkH/QQ/fvw47ncIMAER21dnRCcSBh555bW0ILUks8fH12jt8bFZPD+nsSI6iVByy9cpxCZpucgktdTf3ze7l5csuXdyszW33Ib2vw1FbERucAUgthk8Pz8ff5GhrR1BamkK6kJzmUls1jeS2tNTkl/KjkpuvqctiG1fRGs7E9pus8ktyW27zQJM0ZoEV24TGdvcOyY2gAuB2C6ZOLA1sby1w9fW4pqapp8us4eHpnl8bNqHhzQtbTXWcZtN06t58iFGbJ4skLwkMQlsu03bVXLb71Pba9uINv3qHPU2JT0QW9jvhtjgWkFsX72HbWh9LW6+9WmleiUKFJGpeYT29NTsXWoWzfU2HT3Yy+Ybc/W+EgQSl1rfN1Kfmv4rdm372uy9pEUdo8oHSS1+T13PN/9OiQ25wYVZfv/+/dLf4eb4+fPnvBNjniYWspelUp7ljFs+fHOuZGcRmqarqbfXvuUjIbko0rLXXk2QMqUWge19qupjNROW+pQV1TXLaMzX1vy9GWts/N3BOVn+/fv3rB9QIyerES33sVl9qFo7VDOq6aFeh3EWY2zCZRPEmc+zlq8Zzw3fwb9rHo/dWqnEhTbxe+LvDs7J8tu3b2f9gBqZfYcKn8YV1QFx3Pr1Q0uvLZJqrfk4Twl9mvj2Jd8t9Lehz9fUuEgGpJ+HmtGDzxkrs/pkxMbfHZyT5Z8/f876ATXy69ev06yxeXTlryWdxaLpLBOpvlsum+7uLq27qW+9xUqDKJ9iKtpqnczOaVart/N1zVhapeNi8zKrsW0fY2VWsZ+Avzs4JyQPZrDQ/+DHEBb483aPGLFZplSt2++bxW7XLNTb667vm65tU0sRnL6PZOXVB8KjruXyVWSrVdNpQ+79fWoaL+7vm2a9zi0dY9UIkmgUW976MbXVwz4X4NIgthncKfo5hqFbFPn00qeJJi4t06fWts1CreuaTk2RnJqiMG0P8T1wMWLT9SQ2O66X2ExuSWrW2vU6ic73u0mSfSm2WIHwP9NQgAuC2GawVoRzisRBzIz6lg9NH9VsDS1JLExLFS0qmkqlVRKS9rppmuolVX5NE1vncpKo9L0lLpNZa5FbLrWKhfFWO9pMlVVRcQBXCrWiX10vOlZSVWz3iHf08JpQbcZNQvMyK6sTzbWiavHuHr61I5RVRYmlWtEQqXlBvEvtYPo5Fq3NkBp1onBuiNhmMvsusGPPNijvwWZTSEVaKWkgsdkaWBKaSy9KzSM2x4Vk09acPFCvZkXwqTJBMisSCe/KqD6qNCBSgysBsV3DOpuXVXnkJqmpl4QkLpeRxpp+xptNhjvresIh4zIyUXkWNF3LhBmjtHhn3ZgFzc9EGIrWBEKDKwOxXUJsU1Gb35NNvbKcJrdcID8kNLuLbl5fs+vn/W7lDSctU3ow7Syyn+VzED5MFCA3uCIQ20yWEsExjK21xUypPkPCknx8qhlvbRQf7uLnhDW23ExWSXDlMw8GtnMcTEH/J/uJ1ODKIHlwySdVTURu724VXiYY4pOrPMory55CfeiBtGJiIN4p14/56EEufu0Z8IQq+AqI2L56o+5YvWWUkkdeun58apXLLUxXY3v3XFFJrSiJSpt2bTuJy+zgmQZTUdqUzIja4IpAbF9dMzp0Tik3ycUTCjZ+dzeQeC+3sSfBx7rTkAQoaz9zraiJcHTqibzgRmAqeiQn+/WVj+Mr7vAxmGgYet+vESU09BCWkalmFps4ceZz9s0DAD4JYrsGpqan3o+tx5U/G+Kju3H8b3SGmOBGQGzXxNT9zoZk5/3YeUMR15TEyHZCJSC2Wxfd0HFDjE0ricygQhDbLTD0T3TMPxsyg8pBbLfIKf7JEBlUDNs9bhGkBDBJeNwQAEAdIDYAqA7EBgDVgdgAoDoQGwBUB2IDgOpAbABQHYgNAKoDsQFAdSA2AKgOxAYA1YHYAKA6EBsAVAdiA4DqQGwAUB2IDQCqA7EBQFMb/wCp3rrC7i21WwAAAABJRU5ErkJggg==""}}]}, {""role"": ""assistant"", ""content"": ""0.490""}, {""role"": ""user"", ""content"": [{""type"": ""text"", ""text"": ""\nYou are given both an image and a text-based representation of the same stimulus. \nIn both, a red dot appears on a horizontal line\nThe left end of the line corresponds to 0.0, and the right end to 1.0.\n\nText representation (the dot is marked as \""\""O\""\""):\n|------- ---.-O-=-----------=------------|\n\n\nEstimate the horizontal position of the **center** of the red dot as a decimal number between 0 and 1.\nDo not explain. Only output the final answer as a number between 0 and 1:\nFinal Answer:\n""}, {""type"": ""image_url"", ""image_url"": {""url"": ""data:image/png;base64,iVBORw0KGgoAAAANSUhEUgAAATYAAABNCAYAAAAsLkgfAAAIlUlEQVR4nO2da3LTMBCA5Thtegfg/n85CZcArkDzNrObXXUj5LTk0Tia75vZkeI4jinlY/V0NwzDkAAAGmJ27xsAALg2iA0AmgOxAUBzIDYAaA7EBgDNgdgAoDkQGwA0B2IDgOZAbADQHIgNAJoDsQFAcyA2AGgOxAYAzYHYAKA5EBsANAdiA4DmQGwA0ByIDQCaA7EBQHPM730DcCbXeFRF113jTgAmB2J7ZJF95FhNXn4snovkoCE6nlI1ccq/Hn8dj9eORaK0vF47VtYBHhQytqkyJq6xevmZSCkzKWuCG/scwIOB2B4lM3ORvRc1XGSnws+Ln/lIsxZggtAUvYCr/+iKLK3z1/v9m7hq9XisJqMYs1m9tBhqorui0DrkCJ8AGdtUxHYqQ4sCi7HbHeTnr0u5FUIbXGS1iOeMZXJXkBJig88Asd1LbKeanhaDy8oFttsdYr9PndX1HD/m58fLljLr+zT0fa6rzLwez60JTijFhKhggtAUPZP1en2dC430oWVJeWbmUttuc73bbrPs9FjM2gRvXpZSm88PpUWsZ9GNya0U3Rk8Pz9f+lMDOAkZ25nsRCSXMjYw4NmXS80EJqXEIOVmo5JLfkzej01SwfvMgrwGkdp8fpBbrJeiK5qot2qaAtwCxHYmW5HKtfvUTEoqKM/CTFxabjbHsV4f3hPJhWZqVWxBZMPT0yGsnqzu59Waqx9umgJMAMR2JhuRyaWEZmO16WlSU4EFmc3ktcRq9XbcszrP2uTyNhggkjoS2vNz2od6FF2UXM7gatmb3jRSg2mC2O4ltrIZakJSMVk/mjY3N5s3kYnUVqs0rFZaitjkvSRhWV0qxSZhYtubxKT0ULFZXaUmr0NTNfa9HcntSv1tALeAwYMz+Pnz52UXGJvSEUY7Y5Nz5iJbLlMv9eXyEHZcxWdZm37erq/ZmohNpGZi01gstNwtFmmwuhxzyR01T8fk9tHVCyN8+/btsp8hwAnI2D5zRLQ2xcPD+8d8kCA0O7PElss0vL5q2b++pmG5TGm10pj5YIJfJ4hNpfb0lHYmtt3Li4pMxKaSk9ebzSGDc8GZ3FKUWznv7UK5AdwKxHYGK5HJpYRVBXmSbRj59CaoCy3L7PVVy2TRudzkfB9ECGLbu9hcahLrtUpNBLcToW23B7GJ5KxvT+Um92Fy0+xtbDABYGIgtnsPHPjSKZ9kG7I171PrRWoiMJfZnz+p83K51L62Yb1Og2dtPsHX+9hiM1Riu007id3uKPb7vU46Hmzir07+tZBj1SapgNxgYiC2e8xhq0zxyBmbZF42ECAZmMpKwgYJRGJ762+T0OapSM/EptleyNjyVA/JykReEsOgIX+KHJLdWQhS6l3W1quWzVEBucGEmH/9+vXe9/BwfP/+/TpbEZV9bD5dI85Js6kfGjY510ObjCY+lZrIL85lk2zNXg9hXpuOkvZ92seQrM7qyco8zcPn7MUNKiUumNfG7x3ckvnv379v+gUtcvFAcmUQwXUwWOhrH90s6vr90mQ8tVBekFJE483JUOZ1qNb8jAvpq+/XIm5tVNuV9wT83sEtmX/58uWmX9AiZ+9QUUrg7YI55Np6/bAgvfNO+77Xeuf1uMZTwmXkwvFrWL+YXsdKrdv7+n2heen34Dt95Pv5yNrRD/5s+L2DWzL/9evXTb+gRX78+HHdeWxBDjKQMLNMaSax26XZ05P2u0nZPT+/jZz6vDUfWXVBhaaoCmw+T52MbspnPeSa5aqDGOXi+HK6h4fe9P+PjvJ7B7eEwYMz6OUf+TWIo6IiI8ueNKw5KurohyH1+72GSC+GnmtZWV4Y72tOrT+tM7GpyCReXtJssUj9y0tKHotF6haLfI5L72i6x3sTdQEmAmI7gyf5x35tsfmuHt7EnM3SzKPrNHoLf63vibQkJAuLo6KWwfn1cnZmk3D7xSJLTYXmk3VlaZVM0rVzVWxSLzO3cmkVwIRAbGewECncYrdcHwUVUVmmNRMpSYjE+l6zRZFZL+9ZFiZSisuqYlNUPufNSxWVhcgsCy0sszpaViXnnlpWVRMbkoMJwFrRKawX9dIXwYcVCDqvzXf0sMm6ea1oWC/qWxhFsR1N7ZDF7x6+CsGWTx0tiLc+t+SlbUx5zSVVrBOFW0PGds9dYCuL4X3bIZ+3JoLRQQOLnKVZ1uXCO1oEH0dHLWOTLM8HEXzwoAsyy7t7+B5tIkQXW9yb7dTGkwATAbFNoZ/NRkOPdtAVQYl8RFYutjCaqU1Jz9TCnmx5d49yuoc1YYdCknlUNIyM+vbh/+zHxrZF8CAgtomILdfDonjN3iTLkszNsy0Jl5nIzaQWn4WQsz+fp2brRbVZagKT/rsjmRVTPPJgwVjzk341mDCI7UzmIoJrMLLMKj5WTySUN5+0/i/vf/Mtw6sPdIkTb2101Ded9MysFNo/GRrPPYAHhMGDKTyp6r2twr1pGnbXjc9COJJa+Qg+f1aoP4GqfEqVH4uP43vvMXwXSI0nVMFnQMZ2z4m6tf9T/JhIpZjfptKS0qaExIXyRw9PLh7mEpdMadbmy7Ls2D99aGWG9p7QyNpgYiC2ez7VvPb5ILs8oBCXSZnYjp6REDM1XwDvE3SDnFxgvmY0rw0NEtNz/N7GRj4RGUwcmqIXcrMfn+/4UdtVoxRZ7Fcr76e2eL3Wb+ZiO5WdXSi0i/8jAPggiG1q1J6LEMtSYrWIlLtwXGOnDgQFE4em6NR4TxreVCxFVpa1a45J7JTMkBg8IGRsj0I5LaRWlvVT0kJm0DCIrZWmau28/2lKIjNoCMT2qFz614bIoGHoY3tUEBPAKNYTDQDQDogNAJoDsQFAcyA2AGgOxAYAzYHYAKA5EBsANAdiA4DmQGwA0ByIDQCaA7EBQHMgNgBoDsQGAM2B2ACgORAbADQHYgOA5kBsAJBa4y9D9omm4D6++wAAAABJRU5ErkJggg==""}}]}]",0.475
google/gemini-2.5-flash-lite,sample_007,0.32904,0.32904,0.25,"[{""role"": ""system"", ""content"": ""You are a marker location estimator.""}, {""role"": ""user"", ""content"": [{""type"": ""text"", ""text"": ""\nYou are given both an image and a text-based representation of the same stimulus. \nIn both, a red dot appears on a horizontal line\nThe left end of the line corresponds to 0.0, and the right end to 1.0.\n\nText representation (the dot is marked as \""\""O\""\""):\n|-.----------.--.---O-----.-------------=|\n\n\nEstimate the horizontal position of the **center** of the red dot as a decimal number between 0 and 1.\nDo not explain. Only output the final answer as a number between 0 and 1:\nFinal Answer:\n""}, {""type"": ""image_url"", ""image_url"": {""url"": ""data:image/png;base64,iVBORw0KGgoAAAANSUhEUgAAATYAAABNCAYAAAAsLkgfAAAIfElEQVR4nO2daZLTSBBGtbjbfQfg/n85CZcAzkB71cRXzhTp6pLa2GIal9+LyCjJlmQPeB6ZqkXtMAxDAwBQEd1HfwEAgKVBbABQHYgNAKoDsQFAdSA2AKgOxAYA1YHYAKA6EBsAVAdiA4DqQGwAUB2IDQCqA7EBQHUgNgCoDsQGANWB2ACgOhAbAFQHYgOA6kBsAFAdiA0AqmP10V8A7pilHpfRtstcB8BAbHCbyG6RmwutdA1kBzfQ8pQqeJf8J+L78fWpY0qSivtT21PHA1wAYoPrZKa2tF06N8rpvXZue+41gAClKPy5zKaidE4uL4+5fZ07JzS/NoKDCcjYKmDRv8KCoJI+jsdzicX9/L38++Ti6rpzqRViyM8pXesGWqRYNWRsFbCY2OYyNMnLBebbIdpccJFcWi622GayS2IrhWdzU1ndhSC2ukFsjyy2udIzCG1waR0OTesyOxxOQrN2UGvHJcll5eKZzCzSa6X9XHq53Py63H+DCShF75ztdrvMhUr3zCSpmJlJbBKYRdre73+/5sfnWZsJahRX35+21fb9+WvviW5Kclfw/Py8zJ8d/HOQsd05BwnlFqY6BrzENGElke33o8ja3a4ZtK3XguCGWJaKWH5Goa1WJ6mZ3LQf3y+J7m/IDeoEsd05e4nlWvIhGtn9s5R9eUamdrc7tYrt9tTudqewY5LkSmKzzCwJzaQ2bls0UXba1/G2/0Zu3vpnxBYeHsR25+wkm6Uytlh6ernpWZrLTBJTu902nW+r9WNiSSqsIyCJzGX29DTK7Kht3/dWInPZudhi2TqXuQEgtgcXW16G5vfSPCOT3CQyE1qS2mbTDNbqGL2XMjaFX0dYGRozNJfZ0eP5+SQ122+C5GIWN0apNHUQHNB5cN98//79+pOnhnTkmZqXmptNklcS2WbT9K+vaTuFSS9lcDonz9iC2KLMUrteNwdJTPv2WpKaZCexueAsi5sU25Xl6JcvX67/M4R/FjK2R+wRLY1XiyVoLjUTWucye31tBm2/vja9MrfNJmV0Kavz+2y52CQ1E9vBJJZaiW29PkkthDomkuB0PcvcRrGV5GafddbCw4LY7piNhHILpaEdsQRVmetSc7FJZhLbr1+pbSwkvyS3/b7pXGw2iFbZ2lHh2ZpkJrGp3e1OIbnt96c4HFLou2h8nATnmeRZWRo7EgRCAwOxPXrHQRSbj0dzsfk9NZOaRNb/+tU0Fq1CUlOoRN1uT5mW32fLMrZ0D00Z2W6X5CZ5abjK4Xg8i+MwpGEjg7ehp9Y7FtL3nCpH4eFBbI84hm3u/looQ3XPzDsNBs/IlCXafbajWhObdyY0Pr4tE1vqBJD0lI2ZvHSE4tC2v6PrmqPCMjG9P84bjd/dx7vpc0rlKDw0q8+fP3/0d4Ar+fr167Jj1+Jg3DDDIHYopMG5lpWN2ZlaSVBS817UUIqmoRr2uUlS3plg548lqO7BWRnqpahK2DRdS/JSq/Oj0PW6f84VcuP3Xyernz9/fvR3gI+aI1pYbijNGtCuRRuOS+/4+9r31/NVPuJwDxGnZWXnxf+GeP34HYrvxzYuZ+QT5C+E33+drD59+vTR3wH+zxUqSqtixNcs89G10/VD72Pr5Z+2+z5FE9qxNFQbV+DIxqHF8+K547Z9jj5P4RPo0+dPTYr37x7bC+D3XyerHz9+fPR3gCv59u3bMhlbLgitwXY8Np3dpFfbPT2l3k4N5+ien08lqZesPj9UTon3vvzaEpSNSWs18Vznh9D10rg1G8Om4+IQDx+oe9Eg3T+UPb//OqHz4I7p9T/4kr2iIQuSHmJoQEU/DKew/RRt23QxgyvcY0tZ12rVtBLben0S2ctLiu7lpelfXppGsV6niLKTUEex+SyE0sR4QccBGIjtjnlSZrOk2CQN7yjw0rPrRnl59BZd35+yOcvoUgYWZh/kGZvENmZnJrY+Cs2kl4aCWObmw0SK80UZ6gETILY7Zi0hLNErKrJ119KQD8nIosuil6SenppeWZWE5FOrJsSWylqFpGYic5m1ytyC0Ma5o6UydG4JIwfJPTzMFX3U+aJzy3/7Srm+YofNQvA5oWmuqLZ9ipXPFfWljDKxjXNF4zxRn0ZlU6rezBXNlzIKHRdvFp4UV2RtzBOtFzK2O+fqVWDn5ouG6VVJUioFvdNA8lKWJtEpU/PVPvLli+JwD5eSlax554HCJ74fQ4fBmzXZ8iXDBYtNQgHE9sj32fKyNK5+G1fQdcEp/D6aiW2cehUWnEwRS1Ef8mHSSh0Cuo7dl+tK67H5/bRQfvrg3qLMkBoEENuds6jYJp53MMotW6NtlFlct82PC0NJUm+r9ZqOK+aaxCS34gq6vuLupUuCIzYIILY7ZyUhLCU2byce5jIKTpmWS86fexAe6jKe43jGZnNGo+DGsjM+5yBKzSX23vJEiA0CdB5UwCJPqsqnV1m8KU3jYpT5U6qi1KaeUpWVmXEZojdPqbrkwS08oQoKkLE96kDd0r9npQ6FbB5o8XF8cQJ9/lzR8NyDcUqUTZeSyNLYudLj9q4RGlkbGIjtUeeMls6ZKE2TqHwVjTjZPSwoeZap5WLzqVYxc4uii/v+VCvKTrgBStFKWPSvMRNcXOGjlMW92S6tvBGzr9K9syw7G8vQyEJCu+ofArgrEBv8ZuqnMFeiliKel2daUxHfj8eXQEzwDogN5sl/HjNruZVK0DOmhmnMyQyJwRUgNlhGclPHRKYEhsxgYRAbLNujegn0aMJfBrHBbdzy80Fm8JdguAfcBnKCfxBbIgEAoB4QGwBUB2IDgOpAbABQHYgNAKoDsQFAdSA2AKgOxAYA1YHYAKA6EBsAVAdiA4DqQGwAUB2IDQCqA7EBQHUgNgCoDsQGANWB2ACgqY3/ANGl1gCCZwauAAAAAElFTkSuQmCC""}}]}, {""role"": ""assistant"", ""content"": ""0.470""}, {""role"": ""user"", ""content"": [{""type"": ""text"", ""text"": ""\nYou are given both an image and a text-based representation of the same stimulus. \nIn both, a red dot appears on a horizontal line\nThe left end of the line corresponds to 0.0, and the right end to 1.0.\n\nText representation (the dot is marked as \""\""O\""\""):\n|--------------------=-----=---O------ -.|\n\n\nEstimate the horizontal position of the **center** of the red dot as a decimal number between 0 and 1.\nDo not explain. Only output the final answer as a number between 0 and 1:\nFinal Answer:\n""}, {""type"": ""image_url"", ""image_url"": {""url"": ""data:image/png;base64,iVBORw0KGgoAAAANSUhEUgAAATYAAABNCAYAAAAsLkgfAAAI6UlEQVR4nO2dbY7aMBBA7STLxxna3v9vT9JLtL1Cd4ElqcbxpINxAl0+At73JMtJCAFV2texPWN813WdAwAoiGruLwAAcG0QGwAUB2IDgOJAbABQHIgNAIoDsQFAcSA2ACgOxAYAxYHYAKA4EBsAFAdiA4DiQGwAUByIDQCKA7EBQHEgNgAoDsQGAMWB2ACgOBAbABQHYgOA4mjm/gIAMMG1f5LEe/cZQGwAjy6znNzGhDcmLu8/9r4nxfMrVQAPLDN7PXftlKT8GcfnPOfJQGwAczIlLunHjtP35KTlT/Tp8dS1c157IBAbwCNFZ+mxtLY9PE/fMyYvnzR73d6bHufOx65NXZ8RxAZwBlf/M0nE5K24rMzSPm2WnMx8bFV1JLnuIxHdfwxn/YzCY/EA4N5iy0VlOaElzdvzXMRmWqcik94e23tORXK5Xj4vXYgYERhiAyhZbLmhp16LkgrPV4Ht9/2x9Pt9L7T93nV6Xe6xMrQRmMqrrnt5Sa9yq6peeGn0lhPcmOiuMU93BxiKApxgu91e72GZKG2IxKK4gtje33upJf2B+Oyfro3C6l5mQWp1/U9ucmwkF+6ZGr6eEp/9bNsbFouFmwMiNoAT7EUktxp+JhFaENj7e+ilddLvdr3o5DhGboMMFR1+alTWNEFoQWr22IpO783NwY1FdVOLEXr+ACA2gBO8i1QuIU3PMPNoOszUKE0lJn1o2+2/4yi30Oxcm51XE1k1UWTSv7z0fbymkhuiN+nH5uJycsssQjyi3BAbwAl2IpsrRmwHiwBplKYik367dVXsDwRn596i2EROIqpBaE2U2suLa1VuqeSS6O0ogssJLr02Nfc2I4gN4NZiS4ehKjTpVWjyGbtdL7LNppfaZuO6zSb0ck1eC9Ga3Gvn2VRsUVRd0/QyWyxC38ZezoPomuZ4eJrMvR21VHZ6Lmj/QHJj8QBggp8/f17+kFxKRzL81CitUpG9vbn67c1V0uK10EzUFt5vxRZl1RqZtctlON4vl73UVHIauYnkzLB0Um4TqSNTw9Fv3765e0PEBnCrFdFclYBZ/RyTWpDZ66vrothEcHLsNhv5QkFuwzxbErFJNNaKyERgUWgit/1220tut+vlZoemMWo7EtuY6HLDUyGVm16bAcQGMMFGZHIpaWqHzpHFYajLSK0WscXeidReX8NwVO4N92fEFqQWxdaK1FYrt9/t3P79fWitNrlHvodZaBjSRM6N3qZWS2cGsQHcY+EgFZuZWwsLA1FqtcpM2p8/zovQtL29hXs7aZrXpmLT1VAV22oVxCVt33X/mqSvdJ1rJSm4bfsm75PvZefb5Nmn5IbYAD5pDls6vxajtRCxyWKBiDOufoqwNCKTKE1k10ofWxiextdDflsiNqfDy7Z1kuEWmkRyVeX23ru99PFYrslr8l6572Ci3X5fjd7SOcKc3B5oAaH5+vXrrF8A4JH5/v37dXLX0vpPnfy3zSTmhuTc3W5oLunDKqrNY5OILX5mF6sPhtQPGXrG6K0V6WmL3ytEb7m6Vfu9LSI0vTYmNsV7N4djmt+/f9/9QwGehYuTBjLbDWmdZxebrfscakbN63I+iMcm5lqxCea1TiWXRGNpCVVYdEjOTw4x9TNzu4vY7xPvncMxzZcvX+7+oQDPwod3qMjtfGGqBKTJs8PzzeqiN3NYXs/reuiHphGTfo59ra6dN70ey1A1HMc8tnAemy4e+FP5a1MJurl/K+/dHI5pfv36dfcPBXgWfvz4cdkDMrtwhGORSNu6Kk7aV9Kapm8vL6H5xaIfliaVBuEpOsFvhqIiKBff5+S9plWSxyYJujFJ12mTe5NV0bPLq86cX5vDMSweAExQyx/7pdiCdyMJ+fMPLQ5Hq65zddsOTc5FfJIlJi1EeBp52VVReS3KyUexVauV69br0Kr12tWrlXOmhXui5Cqby6Y7fuTKqP5TaHOC2AAmeJGo5hbpHnao6b2rbBOheh9aONeITqQlVQmxIH5YFRV02CmiWi5dJ03Etlq5er12TpoIbbUKr4dk3Ri12dKqYYU1LXwXcom4Dyg1AbEBTLBcLq+3Kmon/2NybBCUCE7lJa2qQhRVx6FpHaOrkMAbKw8OxBblI+/V4WUn31ujs/W6F5rktkmLCby2KH5I65iaP5uS2YNUHAwfT60owA3rRXMF8LoLrm4iqWVVsQhei95rrUSQa9rrLh+2VlQenyboLmKSrkRmUoEgQ1ON1HSuzdaKplKbEtlEakfKHHWiAhEbwAku2gU2t8Gkik2kIoKKc2Nhdw8Zbuo8WZz0DzKTiEulprludhddjbji4oOTRYPl8qAFmdkhaLo3W05qTxKhpSA2gFvPsyVyC3lrma3Ag9C0j2Ia9mPT0iuVmt2PTYhJuZrGUcWhZpCaLhTo8DNKbdh00kjt6AdenkRkKYgN4M5iO1gl1SoEjd5keCpC0sjMDFOHonmN1ozYdLVVc9I6La8SQarMTKQ2DD81WhtLxh0TGGIDeG4aEcElTC0k2JVSG73FHDZbZqXHbuQ3D0LTRNvG7LdmFwmSxYKj3zzQZ53iwcXG4gHAvX6pKimtOvqVKvvze5qUa/tUavZ5WhKlQ8sm+Y2DJEo72gp8onLgo8z1C1UCERvALRN107ghNywVuWSGp0eiS388OalokPmxoSSq7vPaRFxDSVW6BfhUPeg5PHDUhtgAblkzmr4vNyyN1QcHhe1aD2qis6Nfgk+kaasaOlNvanfEPbjn1M4cTwxDUYAzueqfSrJtuD+1bZDt0x1DlLRawI/UesYKgtEV0Dn/I7jW5yM2gDuS+3NLJDcquNwcncWKqvpAfScRGwBchak5OO3HZJb7001LoYRzk24LArEBPIvkpo6VqUjMP1eS7SUgNoBnGq7+L/7zyMyC2AAenWv8ifrPITSFdA+AR+eTSekaxJ3jAADKAbEBQHEgNgAoDsQGAMWB2ACgOBAbABQHYgOA4kBsAFAciA0AigOxAUBxIDYAKA7EBgDFgdgAoDgQGwAUB2IDgOJAbABQHIgNAFxp/AX/qdllPni50AAAAABJRU5ErkJggg==""}}]}, {""role"": ""assistant"", ""content"": ""0.530""}, {""role"": ""user"", ""content"": [{""type"": ""text"", ""text"": ""\nYou are given both an image and a text-based representation of the same stimulus. \nIn both, a red dot appears on a horizontal line\nThe left end of the line corresponds to 0.0, and the right end to 1.0.\n\nText representation (the dot is marked as \""\""O\""\""):\n|-------------=---.-------O---.-----~----|\n\n\nEstimate the horizontal position of the **center** of the red dot as a decimal number between 0 and 1.\nDo not explain. Only output the final answer as a number between 0 and 1:\nFinal Answer:\n""}, {""type"": ""image_url"", ""image_url"": {""url"": ""data:image/png;base64,iVBORw0KGgoAAAANSUhEUgAAATYAAABNCAYAAAAsLkgfAAAIlElEQVR4nO2dYVLbSBBGR5LBJlcguf/fnCSXSLgCYGxLW994WmmJkcDYLM7ovaqukWxjvFT8tkc9Paq6rusCAEBB1F/9AQAALg1iA4DiQGwAUByIDQCKA7EBQHEgNgAoDsQGAMWB2ACgOBAbABQHYgOA4kBsAFAciA0AigOxAUBxIDYAKA7EBgDFgdgAoDgQGwAUB2IDgOJAbABQHKuv/gAAV8clbwNSVZd7L3g3iA1gSmg5weUey8nLHnvv6+GiVNylChaN/+efO556fkpUY2nNPTf1GJwNYoNlMicxjRb+fA4TVG7MyW1OgHA2TEVhWcwJrW2HUstFjrHEvMymzvVeczJDdGeB2OCq+ZQJhRNaNRaXyW1q9D8vxsKq69eC84/rx3MC9Jj4PkiFFBEbLExsuemmiWsiKn8+VQxI8uq8xDT6Y/+aXNh7vZXNvUGF2BAbFCy2qaqmi/j+JrDDIQSFzg+H/rxL5/E14ylpVf0VlYlM8tLYNMPzCdFNCs6DrE6C4gFcLS8vL5+aqQ0yMRPZfn881rjf/5WdPe/FaLKxLCyJrPNjileis2MvRPGW4N7J7e1tWDJkbHC1HCSSc5mqePopphdZim63C9VudxSdPabX+QJDEpBNP01k3Wo1eTyQnxPd5LU5QbZ2MogNrpa9pHLpCmgSUzXK0nqxvbxEocVwxya4wbU2E5vLwqLIkszieHNzFFp6PI4Smo2WySlyU1MDuZ0EYoOrZSehXLICqnE89dRoIjOZbbeh1uhDz9k01RURlK1FiUlsJrUks1ajj/Scl1w/VZ3K3gRSOxnEBuWKbaIC2gstSS3sdqGWuLbbo9S229Cl0c71mhh2zS1lbFFsLlszmWlsb29jRKnpWFKzcxNcyt76rC1XVBDI7SQoHsBV8vv37/PfJCc2q36mwoBlacrQosien0Pz/BxqHz6D80UEn7E1zVFmJjSN63U4SGTr9V/JWUhsbpray+2CWduPHz/CUiFjg7IqolOdBRajbE1hUjORdU9PoX56Cs3TU+ien0NQ6HnL2mw6axmbpKZsbbWKIpPADpLZy8tx3O2i5Nr9PrRaPuIiCk2S0/FcMcEgc3sXiA2ukq2mf5e8vmbXxUxqqRjQS01hMktjeHwM4ekpZnESW9BrbTrqMrbWxGZSU0hqu1047PexuiuhtW3bh8QY5SappWt+ryqlc90JMAtig2UUDnwngS3rsGnodhunn41lZ5LZ4+MxdKxI1926jNisaKAMrc/M2jYcum4Yql3oZ0ZhnzEuBFYgtrNBbFDmGrbx7hyjamitjC0VDTpNe11Idm0qHFQ2PVXGlsQWsz0nNqtyKgNru+4YyuSqKhzqOhya5hiSn6SXMrPWt1f5z+ynowK5nczq+/fvp/8UwCfz8+fPy1xjy/SDjlun+ulpmqJ2aTFul6arcZQA/Zo2+z3K2ExyaU1alFx6jzYzDbWpqEbf0vVKYG6tXM8Jgvu+4O/26uHh4as/A8Arzi7Wj3s63U4ecQrod/awKaEdWw+pG2e3MPK9p/bQaBePceN7nMK6iufsf61v3zrh7/Kw4O/26v7+/qs/A8DldqhwmdSr8xR67/j+br1YPE/Tv6ppQpWyLx0HH1a9VIYlfOfAatW/vtKxW8rRH7vX6XfYwtxqrrVq+Id595/ifsHf7dWfP3+++jMAvOLXr1+Xv8aWkBrqVCWtdb1ttQr1zU287qaobm5CdXs7bIS3nT0kFpvGCkkpLdmo1usQ1us4WtTrdVzHFkON6Yq0hm2wjs23V5lk44f9+Dq2Pwv+blM8gKuk0Rf8s5Z7KENLWaFkVXddaBRtG6O2SM/F11kGZ1XRJLaYdSkDS2KLIttsQnd3F+pv30JzdxfCZhOCRi87idTE5ncA8Z0H8RdQNPgIiA2ukhtlNJfeKVcykpwkt5Qh1VU1iCZFPNfzijSVjFmcCgg+Y0vTVT1Xpy4DE1tjQttsQrXZRKHF5SApa/M7fwz2bGOZx9kgNrhK1prWfUbngVvyEYWkaWjT/I26jtmijhs9p0jSiv2kJjZ77yS+OLVMYlNmJqFVXmibzbB3VOGv3Y17RAUdBx+GXlEot190qlfUyy0t1I0dCGlnj8baq/yoNW0mNr+7hzXAu6b31kS22cSWqs5lav0uH2kK2r0ltQ8K7ceC+0QFGRtcLWfvAjsWm3AbTPYN7Skzi9fJdO3LMjTJTNfENEp61rEwytis8lmnrK0vHqRja3yPu3v4KahVRX2FVrCjx9kgNljOdTaN7q5TfeZmUlM2liqiEluUk2VqJrbRfmyD5R5JisrKTGyxQDCXqaUsbdCBgNDOBrFBuWKbud7WZ20aJTZlYSY3CcwKBRKUtVG5pR9GXP+WCgj9JpNJZpLkqx10ndQGd7Q6vtlwhA+D2OBqWUkE55LrEMg1xqcpaczeJDFJTiJTIcC2Dh/f0EVY1uUW5o53yu3F5m7oMim18TF8CIoHsIw7VWVu6tIvAbH1baPe0T5D81uC+5u5CLuRi0lrfE+Dia2/By1WFxba7cLvUCUQG5S7y8fUfUVtzFVL/S4gTnSDmyfn7ivqb6/nRZZbo/aeXTvOkFxzicXN/zhMReGqOeuu5rmfnWiMj7LxO21YP6gXXq4BftR3agIb9H7qPNcQP/UZ4WzI2ODq+ZR/ouk9o9hyi3jHx+MpaKa5PnuH90wngd/V46r+R1AQiA2WxSnT07e2KhJeUm+Ff72BiD4FxAbLZmpJiI254xxjec0t4UBmnw5iAxDjr8FYcrnXeHLiIjv7MhAbwHsl9x5y8kJo/zuIDWCOj349kNmXwnIPgDkQ1D9JWikIAFAOiA0AigOxAUBxIDYAKA7EBgDFgdgAoDgQGwAUB2IDgOJAbABQHIgNAIoDsQFAcSA2ACgOxAYAxYHYAKA4EBsAFAdiA4DiQGwAEErjP5FJi7ZzfsrhAAAAAElFTkSuQmCC""}}]}, {""role"": ""assistant"", ""content"": ""0.523""}, {""role"": ""user"", ""content"": [{""type"": ""text"", ""text"": ""\nYou are given both an image and a text-based representation of the same stimulus. \nIn both, a red dot appears on a horizontal line\nThe left end of the line corresponds to 0.0, and the right end to 1.0.\n\nText representation (the dot is marked as \""\""O\""\""):\n|.---~------~----------=O-----------~----|\n\n\nEstimate the horizontal position of the **center** of the red dot as a decimal number between 0 and 1.\nDo not explain. Only output the final answer as a number between 0 and 1:\nFinal Answer:\n""}, {""type"": ""image_url"", ""image_url"": {""url"": ""data:image/png;base64,iVBORw0KGgoAAAANSUhEUgAAATYAAABNCAYAAAAsLkgfAAAIiklEQVR4nO2df3LaTAxA/YOE3KHt/f/tSXqJtmdoAgF/IyE5QlmgX+yMzfa9Gc0aFxbagVetd7Vuh2EYGgCAiuiW/gAAAHOD2ACgOhAbAFQHYgOA6kBsAFAdiA0AqgOxAUB1IDYAqA7EBgDVgdgAoDoQGwBUB2IDgOpAbABQHYgNAKoDsQFAdSA2AKgOxAYA1YHYAKA6EBsAVMdm6Q8AMAtz3bqjbefpBxYFsUFdMvvbcyWBybn8XER3l7TcpQrujviVvXV87evt0oryKp0rPYZVg9jgPshf0yiuLLHSuRJRYpeOY5tfB6sFscE6uTakzAK7FSWyyK5Ffv6lvmA1IDaYjU/5KqXhZVsS1/H4/jieu3TdrOve5OXH8ZzFcEly+fgDtEjxU2DyANYpttL1siwreRzDzrX5XJRblFPXNYOLrO/fxBbDxSbH/rooOel3gpwQ2+eA2GB5sd0adgax6XuYtFRgh8Pp8eEwPh7Cec3w5HHsOmZpEn1/EpzITcKFV5Dc1WGqg6wWh6EozMJut5uno9J1NMu8VFzy2KUlrUX7+npq4zmXXh6OShbmIhOJSbvZnFqL8TiKLw9Xra+r19/+gsfHx2n/ZvAOMjaYhYNIZCrXJgVihhYEJkKTGPb70zkRnJ/zLM7lJoShpctrEKltNie5ueD8XBRdzuCsvznkBvOC2GAWXkUoc2ZqaULApeby0gxNWhFaDDvngnt3rc2zNRGbSUzbh4e3EKF5GwR3lsXdyt5gURAbzMJeZDKVlKWdTQJEqWWZ7XZNt9uNx1Fy45DVhDmY2DQ8QzOhHR8fT8feWoySs0yuODQVENtqQGywvNhKQ9AgtXHY6bLa708is+heXprB5fby0nTyWeSan113a0pis0ztGKTmoWKz48YfxywuZ25xYkFAbovD5AFM5ufPn9M6yGK7lqlZRiYykxCR9XY8hkvOhqzFjK3vVWrHKLXttjlst82w3Y6P5dgzOJWcDU/fyW3itbZv375N+zeEM8jYYLkZ0bxWLYvNs604/DRpdc/PJ4k9PzeDHD8/q+CGl5emkZDn+LW2gtiOlq0dTGwiNBXb05O2R2n3++ZoExMqN+lLsrgot0tZm0DmthiIDSbzIiKZShRbWJPmEwU6IWDDTheaykzE9uePto2FZHE6FJXMLoptGE5SC2JTuVmmJlI77PcaIjSNw0FbXx8nM60yJB0nFXzZSJ5IgEVBbLD8xEFesxbXqMUhqF9DM6H1f/40jUUrQvNWhqi7nV53G0oZm81wjsNQEZkI7fVVl61oHI8aR5FhjFDhoMciNem/NByFxUBssOwatkvX1+KaNMm8QsY2Djc9Q3t+bo4iNRPb+BwZQvo1Nqs+0DVsvsTDMzIRmElM/iYabauh2Z3JStqxaiF+7jwcFZDbomy+fv267CeAu+f79+/zrl0L1QNx8iBGXO6hmZlFE1ufRQ1i0/Vr9niIWZxlcjpEjSFZnb2nPNbXSsRlHvHvE8/9D7nxO5yXze/fv2fuEv41Jk2sl0qo0k4ePgwcd/bwYWA41sfeushyROLzUx/xvMvWP8N4ra5UHREzudJuvFfgdzgvmy9fvszcJfxrfHiHiiiD2J46HaP194jn4nHXaUi2pOdz6VPuN8xmjq/z49h/etz6ULTweaZuacTvcF42v379mrlL+Nf48ePHx18cMzURQcysvAJhs2k6ycL6vunkOMbDw9t6NS+Etz5HOYXJA5WUrUFrbW1a6/HwoP2dlVbFNWuxrCpGnBn94DU2fofzwuQBTKaXH/Xcs6I5Y7MtiCS647HpJYZB207OeXgGZ+VPXlbl76FZl0jNxKYis4W43Xbb9E9PTSOx3Wq0dl7Wsbn0dLlHrEIoTR7AoiA2mMyD/NDnXscWllH4MFCORVxyeV6jbRtRai/nJTyjkywuVh6k3T1UavJcz8xk8a1IzWQmYmufnppOFulayHl/3tk6tlL1ASwOYoPJbOXH/lmVByYPl5EKKUqs75veMi9tJbOyWtIui83EI69XIcUMTIaiIUNToVnrQpP2rPLAF+hSL7o6qBWF5etFb9WKWuG7SioUvmutqCzUjSVWXnLlz/cqBt+yKNaKhuoDrxc9mMRUakFoKjUX4aWSKuEDWRt1ovNDxgazMGkX2Fu7e4jY7HqZTCSIYHS4aRf9VWSSabn0fI2brYHLGZtf7JdsT/qSPtvQnw5PRWxe+O5F8Hn7IrK11YLYYJ3X2eJ+bCIRryAQAYm0goi0MsFLrjxTC8PQothcbiYrl9vZrGjejy1kanFrcaS2PhAbrENsl6oQPGsToXgVgi3x0OGpiC1vPhnvgZDueeCTEDJzOu6ea20bNp4cJwdim5d45Nv1nd5g2r8DzAJig1nYyI//s+55kO9KFbM3P85C891z07bgOWuTyQgX21hDeuvmLpd2z40tLAqTB7CuO1Vdkdt4K710Q5ezzSjz7fh8wW+qPoi31/MbtcRtiMabt8Q7WV27DR93qFoVZGyw/ELd0v+t8ZZ5LjQ/J+/jWxvlnXZTfehYX+rYzGgsvRoX7UbZle4rWpKa9XkGWdviIDZYvma09Lp8zc1qPsesLQiuKLN8P9GQscWqBr8T/FgnmmtOw3MuCg2RrQ6GojArs36dCgt4VSFRWvE6XBZaztacS0PJPBng8ssym2n77w//RwA3QWywTvLXsrS90aWIf577KmVbpUzsWmbG0HP1IDa4D3L2ltsr+7q9o5Rx3dp6CJndFYgN6srkrj3nlqBuyQuZ3Q2IDe6TSzOpH+WStJDZXYLYoA7m+hojsipguQfUAUKCQLrNDgDA/YPYAKA6EBsAVAdiA4DqQGwAUB2IDQCqA7EBQHUgNgCoDsQGANWB2ACgOhAbAFQHYgOA6kBsAFAdiA0AqgOxAUB1IDYAqA7EBgBNbfwHpukVnIP1gA0AAAAASUVORK5CYII=""}}]}, {""role"": ""assistant"", ""content"": ""0.500""}, {""role"": ""user"", ""content"": [{""type"": ""text"", ""text"": ""\nYou are given both an image and a text-based representation of the same stimulus. \nIn both, a red dot appears on a horizontal line\nThe left end of the line corresponds to 0.0, and the right end to 1.0.\n\nText representation (the dot is marked as \""\""O\""\""):\n|----------~----O-=-- -------.-----------|\n\n\nEstimate the horizontal position of the **center** of the red dot as a decimal number between 0 and 1.\nDo not explain. Only output the final answer as a number between 0 and 1:\nFinal Answer:\n""}, {""type"": ""image_url"", ""image_url"": {""url"": ""data:image/png;base64,iVBORw0KGgoAAAANSUhEUgAAATYAAABNCAYAAAAsLkgfAAAIs0lEQVR4nO2d7XLaPBBGbUMg99D2/v/2SnoTbW8hX3y48yi7yqLYTmMggOacGY0EsQ1vmvfMSqu1277v+wYAoCK6S38BAIBTg9gAoDoQGwBUB2IDgOpAbABQHYgNAKoDsQFAdSA2AKgOxAYA1YHYAKA6EBsAVAdiA4DqQGwAUB2IDQCqA7EBQHUgNgCoDsQGANWB2ACgOhAbAFTH8tJfAGZwisdUtO0pvgnAVYLYblVmU3LTz8bE5e/H85EcVEbLU6puUGbx/bFxKa0or7Hx0GuAG4SI7VaEFqU2NB46rxRbKbkhqZXXQHRwgxCx3UJ0FgW23x++Nya5IamNtfLY8vwxkB5cKYjtCE7+qyummm2UVxSaj8ckV4qn694kNja2lq8wFdUdQYsM4QtgKnotYhuK0KLIXGK73cG4LQXn1yijsq5reokstig369MVhiI5Hx+ZdEBs8BUgtkuJbWwdLbTepSWBudwkNr02wfXq7bgc4TmSmUtrschC631sfT7GJWfnJuZMVZEXXBimojN5eXk5X6QmSbnIXGwmtGa7zeN2u80RXD7erxUjNQnMmo8P3nPJ+fFT63BDYvukyFar1Wl+dwAjELHNZCehnElqWVRRYBKatd76ZrPJ0lPkdhCx+ZpZFNly2fTW0nsal6LTOTF6+0yyYeg1wAVAbDPZSizHUO5Ji+tmMUqTxCSwzeZVbC8v6XVuHrXFtbdSbEFo/d3du94ll6M3X48bWIOb3D5SjgEuBGKbyUayOZYQqaVoy+UUozQXmIRmrXO5ee/T07jOZlJLzUUW2n61envt0ovRW0gyvJPcWPRWjgEuBGK7lNhGMp8xSktyc5E9P6emcf/09Pqe/UzHp1ZEbBJSjNSSzFar1HvTa/18r8itFFyZRS3FFhMMyA2uCJIHM/j9+/dp19bKJEGcakpm1tqnp2YhqZnY0vvqQ9SWIjbhEZvJKstsvX5tq1WzW6/fRBejN5++FtnTyT1w9pkH/QQ/fvw47ncIMAER21dnRCcSBh555bW0ILUks8fH12jt8bFZPD+nsSI6iVByy9cpxCZpucgktdTf3ze7l5csuXdyszW33Ib2vw1FbERucAUgthk8Pz8ff5GhrR1BamkK6kJzmUls1jeS2tNTkl/KjkpuvqctiG1fRGs7E9pus8ktyW27zQJM0ZoEV24TGdvcOyY2gAuB2C6ZOLA1sby1w9fW4pqapp8us4eHpnl8bNqHhzQtbTXWcZtN06t58iFGbJ4skLwkMQlsu03bVXLb71Pba9uINv3qHPU2JT0QW9jvhtjgWkFsX72HbWh9LW6+9WmleiUKFJGpeYT29NTsXWoWzfU2HT3Yy+Ybc/W+EgQSl1rfN1Kfmv4rdm372uy9pEUdo8oHSS1+T13PN/9OiQ25wYVZfv/+/dLf4eb4+fPnvBNjniYWspelUp7ljFs+fHOuZGcRmqarqbfXvuUjIbko0rLXXk2QMqUWge19qupjNROW+pQV1TXLaMzX1vy9GWts/N3BOVn+/fv3rB9QIyerES33sVl9qFo7VDOq6aFeh3EWY2zCZRPEmc+zlq8Zzw3fwb9rHo/dWqnEhTbxe+LvDs7J8tu3b2f9gBqZfYcKn8YV1QFx3Pr1Q0uvLZJqrfk4Twl9mvj2Jd8t9Lehz9fUuEgGpJ+HmtGDzxkrs/pkxMbfHZyT5Z8/f876ATXy69ev06yxeXTlryWdxaLpLBOpvlsum+7uLq27qW+9xUqDKJ9iKtpqnczOaVart/N1zVhapeNi8zKrsW0fY2VWsZ+Avzs4JyQPZrDQ/+DHEBb483aPGLFZplSt2++bxW7XLNTb667vm65tU0sRnL6PZOXVB8KjruXyVWSrVdNpQ+79fWoaL+7vm2a9zi0dY9UIkmgUW976MbXVwz4X4NIgthncKfo5hqFbFPn00qeJJi4t06fWts1CreuaTk2RnJqiMG0P8T1wMWLT9SQ2O66X2ExuSWrW2vU6ic73u0mSfSm2WIHwP9NQgAuC2GawVoRzisRBzIz6lg9NH9VsDS1JLExLFS0qmkqlVRKS9rppmuolVX5NE1vncpKo9L0lLpNZa5FbLrWKhfFWO9pMlVVRcQBXCrWiX10vOlZSVWz3iHf08JpQbcZNQvMyK6sTzbWiavHuHr61I5RVRYmlWtEQqXlBvEvtYPo5Fq3NkBp1onBuiNhmMvsusGPPNijvwWZTSEVaKWkgsdkaWBKaSy9KzSM2x4Vk09acPFCvZkXwqTJBMisSCe/KqD6qNCBSgysBsV3DOpuXVXnkJqmpl4QkLpeRxpp+xptNhjvresIh4zIyUXkWNF3LhBmjtHhn3ZgFzc9EGIrWBEKDKwOxXUJsU1Gb35NNvbKcJrdcID8kNLuLbl5fs+vn/W7lDSctU3ow7Syyn+VzED5MFCA3uCIQ20yWEsExjK21xUypPkPCknx8qhlvbRQf7uLnhDW23ExWSXDlMw8GtnMcTEH/J/uJ1ODKIHlwySdVTURu724VXiYY4pOrPMory55CfeiBtGJiIN4p14/56EEufu0Z8IQq+AqI2L56o+5YvWWUkkdeun58apXLLUxXY3v3XFFJrSiJSpt2bTuJy+zgmQZTUdqUzIja4IpAbF9dMzp0Tik3ycUTCjZ+dzeQeC+3sSfBx7rTkAQoaz9zraiJcHTqibzgRmAqeiQn+/WVj+Mr7vAxmGgYet+vESU09BCWkalmFps4ceZz9s0DAD4JYrsGpqan3o+tx5U/G+Kju3H8b3SGmOBGQGzXxNT9zoZk5/3YeUMR15TEyHZCJSC2Wxfd0HFDjE0ricygQhDbLTD0T3TMPxsyg8pBbLfIKf7JEBlUDNs9bhGkBDBJeNwQAEAdIDYAqA7EBgDVgdgAoDoQGwBUB2IDgOpAbABQHYgNAKoDsQFAdSA2AKgOxAYA1YHYAKA6EBsAVAdiA4DqQGwAUB2IDQCqA7EBQFMb/wCp3rrC7i21WwAAAABJRU5ErkJggg==""}}]}, {""role"": ""assistant"", ""content"": ""0.490""}, {""role"": ""user"", ""content"": [{""type"": ""text"", ""text"": ""\nYou are given both an image and a text-based representation of the same stimulus. \nIn both, a red dot appears on a horizontal line\nThe left end of the line corresponds to 0.0, and the right end to 1.0.\n\nText representation (the dot is marked as \""\""O\""\""):\n|------- ---.-O-=-----------=------------|\n\n\nEstimate the horizontal position of the **center** of the red dot as a decimal number between 0 and 1.\nDo not explain. Only output the final answer as a number between 0 and 1:\nFinal Answer:\n""}, {""type"": ""image_url"", ""image_url"": {""url"": ""data:image/png;base64,iVBORw0KGgoAAAANSUhEUgAAATYAAABNCAYAAAAsLkgfAAAIlUlEQVR4nO2da3LTMBCA5Thtegfg/n85CZcArkDzNrObXXUj5LTk0Tia75vZkeI4jinlY/V0NwzDkAAAGmJ27xsAALg2iA0AmgOxAUBzIDYAaA7EBgDNgdgAoDkQGwA0B2IDgOZAbADQHIgNAJoDsQFAcyA2AGgOxAYAzYHYAKA5EBsANAdiA4DmQGwA0ByIDQCaA7EBQHPM730DcCbXeFRF113jTgAmB2J7ZJF95FhNXn4snovkoCE6nlI1ccq/Hn8dj9eORaK0vF47VtYBHhQytqkyJq6xevmZSCkzKWuCG/scwIOB2B4lM3ORvRc1XGSnws+Ln/lIsxZggtAUvYCr/+iKLK3z1/v9m7hq9XisJqMYs1m9tBhqorui0DrkCJ8AGdtUxHYqQ4sCi7HbHeTnr0u5FUIbXGS1iOeMZXJXkBJig88Asd1LbKeanhaDy8oFttsdYr9PndX1HD/m58fLljLr+zT0fa6rzLwez60JTijFhKhggtAUPZP1en2dC430oWVJeWbmUttuc73bbrPs9FjM2gRvXpZSm88PpUWsZ9GNya0U3Rk8Pz9f+lMDOAkZ25nsRCSXMjYw4NmXS80EJqXEIOVmo5JLfkzej01SwfvMgrwGkdp8fpBbrJeiK5qot2qaAtwCxHYmW5HKtfvUTEoqKM/CTFxabjbHsV4f3hPJhWZqVWxBZMPT0yGsnqzu59Waqx9umgJMAMR2JhuRyaWEZmO16WlSU4EFmc3ktcRq9XbcszrP2uTyNhggkjoS2vNz2od6FF2UXM7gatmb3jRSg2mC2O4ltrIZakJSMVk/mjY3N5s3kYnUVqs0rFZaitjkvSRhWV0qxSZhYtubxKT0ULFZXaUmr0NTNfa9HcntSv1tALeAwYMz+Pnz52UXGJvSEUY7Y5Nz5iJbLlMv9eXyEHZcxWdZm37erq/ZmohNpGZi01gstNwtFmmwuhxzyR01T8fk9tHVCyN8+/btsp8hwAnI2D5zRLQ2xcPD+8d8kCA0O7PElss0vL5q2b++pmG5TGm10pj5YIJfJ4hNpfb0lHYmtt3Li4pMxKaSk9ebzSGDc8GZ3FKUWznv7UK5AdwKxHYGK5HJpYRVBXmSbRj59CaoCy3L7PVVy2TRudzkfB9ECGLbu9hcahLrtUpNBLcToW23B7GJ5KxvT+Um92Fy0+xtbDABYGIgtnsPHPjSKZ9kG7I171PrRWoiMJfZnz+p83K51L62Yb1Og2dtPsHX+9hiM1Riu007id3uKPb7vU46Hmzir07+tZBj1SapgNxgYiC2e8xhq0zxyBmbZF42ECAZmMpKwgYJRGJ762+T0OapSM/EptleyNjyVA/JykReEsOgIX+KHJLdWQhS6l3W1quWzVEBucGEmH/9+vXe9/BwfP/+/TpbEZV9bD5dI85Js6kfGjY510ObjCY+lZrIL85lk2zNXg9hXpuOkvZ92seQrM7qyco8zcPn7MUNKiUumNfG7x3ckvnv379v+gUtcvFAcmUQwXUwWOhrH90s6vr90mQ8tVBekFJE483JUOZ1qNb8jAvpq+/XIm5tVNuV9wT83sEtmX/58uWmX9AiZ+9QUUrg7YI55Np6/bAgvfNO+77Xeuf1uMZTwmXkwvFrWL+YXsdKrdv7+n2heen34Dt95Pv5yNrRD/5s+L2DWzL/9evXTb+gRX78+HHdeWxBDjKQMLNMaSax26XZ05P2u0nZPT+/jZz6vDUfWXVBhaaoCmw+T52MbspnPeSa5aqDGOXi+HK6h4fe9P+PjvJ7B7eEwYMz6OUf+TWIo6IiI8ueNKw5KurohyH1+72GSC+GnmtZWV4Y72tOrT+tM7GpyCReXtJssUj9y0tKHotF6haLfI5L72i6x3sTdQEmAmI7gyf5x35tsfmuHt7EnM3SzKPrNHoLf63vibQkJAuLo6KWwfn1cnZmk3D7xSJLTYXmk3VlaZVM0rVzVWxSLzO3cmkVwIRAbGewECncYrdcHwUVUVmmNRMpSYjE+l6zRZFZL+9ZFiZSisuqYlNUPufNSxWVhcgsCy0sszpaViXnnlpWVRMbkoMJwFrRKawX9dIXwYcVCDqvzXf0sMm6ea1oWC/qWxhFsR1N7ZDF7x6+CsGWTx0tiLc+t+SlbUx5zSVVrBOFW0PGds9dYCuL4X3bIZ+3JoLRQQOLnKVZ1uXCO1oEH0dHLWOTLM8HEXzwoAsyy7t7+B5tIkQXW9yb7dTGkwATAbFNoZ/NRkOPdtAVQYl8RFYutjCaqU1Jz9TCnmx5d49yuoc1YYdCknlUNIyM+vbh/+zHxrZF8CAgtomILdfDonjN3iTLkszNsy0Jl5nIzaQWn4WQsz+fp2brRbVZagKT/rsjmRVTPPJgwVjzk341mDCI7UzmIoJrMLLMKj5WTySUN5+0/i/vf/Mtw6sPdIkTb2101Ded9MysFNo/GRrPPYAHhMGDKTyp6r2twr1pGnbXjc9COJJa+Qg+f1aoP4GqfEqVH4uP43vvMXwXSI0nVMFnQMZ2z4m6tf9T/JhIpZjfptKS0qaExIXyRw9PLh7mEpdMadbmy7Ls2D99aGWG9p7QyNpgYiC2ez7VvPb5ILs8oBCXSZnYjp6REDM1XwDvE3SDnFxgvmY0rw0NEtNz/N7GRj4RGUwcmqIXcrMfn+/4UdtVoxRZ7Fcr76e2eL3Wb+ZiO5WdXSi0i/8jAPggiG1q1J6LEMtSYrWIlLtwXGOnDgQFE4em6NR4TxreVCxFVpa1a45J7JTMkBg8IGRsj0I5LaRWlvVT0kJm0DCIrZWmau28/2lKIjNoCMT2qFz614bIoGHoY3tUEBPAKNYTDQDQDogNAJoDsQFAcyA2AGgOxAYAzYHYAKA5EBsANAdiA4DmQGwA0ByIDQCaA7EBQHMgNgBoDsQGAM2B2ACgORAbADQHYgOA5kBsAJBa4y9D9omm4D6++wAAAABJRU5ErkJggg==""}}]}, {""role"": ""assistant"", ""content"": ""0.475""}, {""role"": ""user"", ""content"": [{""type"": ""text"", ""text"": ""\nYou are given both an image and a text-based representation of the same stimulus. \nIn both, a red dot appears on a horizontal line\nThe left end of the line corresponds to 0.0, and the right end to 1.0.\n\nText representation (the dot is marked as \""\""O\""\""):\n|--.---------O--=--~------------.------- |\n\n\nEstimate the horizontal position of the **center** of the red dot as a decimal number between 0 and 1.\nDo not explain. Only output the final answer as a number between 0 and 1:\nFinal Answer:\n""}, {""type"": ""image_url"", ""image_url"": {""url"": ""data:image/png;base64,iVBORw0KGgoAAAANSUhEUgAAATYAAABNCAYAAAAsLkgfAAAIfElEQVR4nO2da3LbuBJGQephew1J9v83K8kmkqzBlmyJtz4IjbRg0M5IdKwLnFPVBYqWKFnjnOnGi8M0TVMAAGiI8bM/AADA0iA2AGgOxAYAzYHYAKA5EBsANAdiA4DmQGwA0ByIDQCaA7EBQHMgNgBoDsQGAM2B2ACgORAbADQHYgOA5kBsANAciA0AmgOxAUBzIDYAaI71Z38AKHhvp/Zh+FefBOD/FsT2WVx6q4na65AdwBmI7V9SSum9xzW8xOzYvw7JAYSBu1R9MHPy8ud1XD5+T2Zl+9YxQGeQsX0UNVH5tjyuCc/jRVYelxLTY7sOgoMOIWNbitrXOCew96KGl9h74Z9fXgOgA7rP2Bb3eiGyqJLj8XROrc7PtXNyK8U1jn9aO3bnJ9/35kW30O86IEi4cRDbUmKbKzdLgVVi8I/fEts4hslkZrFa/TnW6/WcWhbnJXcliA1uHcS21LSLGaHF65vADofTsdrD4SS0wyFMdt4kV4xyZlE5kU1qXbwSns/kyhLVg6SgQbruY9vv98tcyGdZLusycZnMotgULy+nY2u96CyMJKUoLpOY2vU6t/GcWi++OcHZNa9ku91efQ2Aj6LrjO0goVzD3MCAz75KkaWYnp9jq3P288nLzTCpWZYmoaWIx5vNn+MkuSy/t+SWrg3QIl2L7UVSuZTaPLSy30yiMnGplcxmIgrOlaT5+i77Monldrs9HW82IVQEl8vVvy1LARqha7E9SyhLZWx+EMBKS5OaCWy/zzGqtXMpe4vP1+tcaSupxZCovNC223DU47u7P4JLbZabK0+jHBEbdAJiW0hquTWhqbVszESm2O3CuNuFSed2uyw5K0lz1laKLWVqJrOjxKZ2v89yO+q9fBZn/XC+LEVu0AHdDh78/Plz2b41P0hgmZrP0JLQJLbV01N+HEM/t6zO+tm82NLgQJSZxf19FNvh/j5M6Vhh2dxZeTrX33al2L59+3b5dwjwgXSbsV08Ijo3T82VoGd9aSYvySzFlNqVMrenp5jRxazOsjYTWxo4kNiOSWyHJLDDfh/ldnh5CcciNAhhEctRP2Jq00YEAwnQKN2KbbfbXXeBQmxnUzmsBPVZ2ePjSWaPj1FmaoOk9vQUM7oot+fnMJalqKRmYpPUdruYpUloMY7HOLp7PB5PMU0x4hw6yU2Zm67p57rNrTEFaIRuxbbIwEE5+dbE5krQwbKzx8eTzFIMCklNkfraNAUkZlkKy9jS6GbsX3t+PpWgSWKHaQqasBJjGGKriSJSonoYLOJn9FNAEBs0Trdiu3gOW1mK+jLUjYKObtBgUnboQjI7mtSUyaXBBGVscS5bIbYoJZWYElqS13EYwnEcw2G1OouY3SWB6edn60YVlrUJ5AaNsv769Wvoke/fv1+/hMpKRrd6IK8wcJNv/cRcSS9KSq3kV7Q587O1nSop04TdKDk9T6OdqS8t9qup9ZFEq+NX5ad99gUm6/b6twO3z/r379+hR65eI1oZRLD5Z1YC5vloviQsSsTY1hbMz+zdZs/P16j9PvpZKknzKX+t2n5tF3wfvf7twO2z/vLlS+iR/7xDhRdBTQ4uA9K14/Xd4vXBrePU8ZBKTGtjuNHQ3Lo1ov75gx2njMwf5/ewVQvl53lv992/pNe/Hbh91r9+/Qo98uPHj8te6DOpsrxLctI8tFFTLA6H2ObYbMK43Z7mqlnJquena2X5ecFJULrWZhMGLTy/uwuDxXYbr1curYpRLquqTdIVV/Sx9fq3A7dPt4MHK/1DvxS/k4dlRCYMueI08znHOE1hpdD76nG6oes4DGFM4opTPmxhvBPbkOQ0SGx3d2FME3Knh4cwPjyE1cNDCPf3p0jCM9lJpH5p1Vl/W/ygDBxAm3Qrto2ymqWWU0k8yr6KMlDHUV4W4xhWitUqjArL4jRSWlt5YBmbrm/ZmVYXJLGtJDOJ7eEhDPf3UXq2AiGuOlDY1kauLGU0FFqnW7Hd6R//taOi5ciojm0U1PWDnZWi63VYqd1swkqyckuqRhs5LcQWy1qJOGVilqFJZoMyN8msXFaV1paelaG1VQcIDhqk27WiF68XLUdFiwXw5VZFtoNHlFeaiKulVFloatO8t7OMzd7O7eyR14kmgcUlVcre7LHvb7MtjD5oATzrROGW6TZju2oX2HfWi55tKpk68+OggUIyUz+Y27ooSy1tOFlmbDHjShmfsjYbOLBBhLyNkX4f29rIBg8+YPE7wK3TtdgW62ez9aLlLh9ecBKXRGQZXLnZpCtDz8SmsH6yVMJKYnEwwfrd3F5sOVMrbvSS75sgkBo0DmJbavfcmW3Bh7ny1Ld+k0m/g67NP0t9dZaJWR+axPZqa3BXfr656B25QcN0Lba1RHApb6xAeHVbPS+4UnLFTV1ytuYzNjdJV1NDcqlpZae/ucuc1AQZG3RC14MHi9ypqrb8yd+lyt8HoXLHqupdqvx/En8/0dpdqvy5Wun5ASUod6iCW6frjO3iibq1qR9lW04HKW+M7EXm9mCbu6+ozYuLWVsaKfXLqM62JCp376gJjawNGqZ7sV10V/Paa2bkFoVUkVxVeF6I7r3yOk9XYmbRlSsf7HZ9/nMiMeiM7ktRsdhXUA4qpKVVrwYYajt5lOHxfW3lceXWenkPNnvtZ/+PAOAfg9iWovY1zpWowibh1oQ2J7a58M+x4/L1AB2B2D6Kv+mHs3ZOaJ63BFbrR0Nm0DGI7TMl99Zxjff2UUNmABHEdksl699CdgbwJojtM7nmq0dmALN0P93jU0FOAB9CmvAEANAOiA0AmgOxAUBzIDYAaA7EBgDNgdgAoDkQGwA0B2IDgOZAbADQHIgNAJoDsQFAcyA2AGgOxAYAzYHYAKA5EBsANAdiA4DmQGwAEFrjf2x+Ho4epb+CAAAAAElFTkSuQmCC""}}]}]",0.250
google/gemini-2.5-flash-lite,sample_008,0.73309,0.73309,0.45,"[{""role"": ""system"", ""content"": ""You are a marker location estimator.""}, {""role"": ""user"", ""content"": [{""type"": ""text"", ""text"": ""\nYou are given both an image and a text-based representation of the same stimulus. \nIn both, a red dot appears on a horizontal line\nThe left end of the line corresponds to 0.0, and the right end to 1.0.\n\nText representation (the dot is marked as \""\""O\""\""):\n|-.----------.--.---O-----.-------------=|\n\n\nEstimate the horizontal position of the **center** of the red dot as a decimal number between 0 and 1.\nDo not explain. Only output the final answer as a number between 0 and 1:\nFinal Answer:\n""}, {""type"": ""image_url"", ""image_url"": {""url"": ""data:image/png;base64,iVBORw0KGgoAAAANSUhEUgAAATYAAABNCAYAAAAsLkgfAAAIfElEQVR4nO2daZLTSBBGtbjbfQfg/n85CZcAzkB71cRXzhTp6pLa2GIal9+LyCjJlmQPeB6ZqkXtMAxDAwBQEd1HfwEAgKVBbABQHYgNAKoDsQFAdSA2AKgOxAYA1YHYAKA6EBsAVAdiA4DqQGwAUB2IDQCqA7EBQHUgNgCoDsQGANWB2ACgOhAbAFQHYgOA6kBsAFAdiA0AqmP10V8A7pilHpfRtstcB8BAbHCbyG6RmwutdA1kBzfQ8pQqeJf8J+L78fWpY0qSivtT21PHA1wAYoPrZKa2tF06N8rpvXZue+41gAClKPy5zKaidE4uL4+5fZ07JzS/NoKDCcjYKmDRv8KCoJI+jsdzicX9/L38++Ti6rpzqRViyM8pXesGWqRYNWRsFbCY2OYyNMnLBebbIdpccJFcWi622GayS2IrhWdzU1ndhSC2ukFsjyy2udIzCG1waR0OTesyOxxOQrN2UGvHJcll5eKZzCzSa6X9XHq53Py63H+DCShF75ztdrvMhUr3zCSpmJlJbBKYRdre73+/5sfnWZsJahRX35+21fb9+WvviW5Kclfw/Py8zJ8d/HOQsd05BwnlFqY6BrzENGElke33o8ja3a4ZtK3XguCGWJaKWH5Goa1WJ6mZ3LQf3y+J7m/IDeoEsd05e4nlWvIhGtn9s5R9eUamdrc7tYrt9tTudqewY5LkSmKzzCwJzaQ2bls0UXba1/G2/0Zu3vpnxBYeHsR25+wkm6Uytlh6ernpWZrLTBJTu902nW+r9WNiSSqsIyCJzGX29DTK7Kht3/dWInPZudhi2TqXuQEgtgcXW16G5vfSPCOT3CQyE1qS2mbTDNbqGL2XMjaFX0dYGRozNJfZ0eP5+SQ122+C5GIWN0apNHUQHNB5cN98//79+pOnhnTkmZqXmptNklcS2WbT9K+vaTuFSS9lcDonz9iC2KLMUrteNwdJTPv2WpKaZCexueAsi5sU25Xl6JcvX67/M4R/FjK2R+wRLY1XiyVoLjUTWucye31tBm2/vja9MrfNJmV0Kavz+2y52CQ1E9vBJJZaiW29PkkthDomkuB0PcvcRrGV5GafddbCw4LY7piNhHILpaEdsQRVmetSc7FJZhLbr1+pbSwkvyS3/b7pXGw2iFbZ2lHh2ZpkJrGp3e1OIbnt96c4HFLou2h8nATnmeRZWRo7EgRCAwOxPXrHQRSbj0dzsfk9NZOaRNb/+tU0Fq1CUlOoRN1uT5mW32fLMrZ0D00Z2W6X5CZ5abjK4Xg8i+MwpGEjg7ehp9Y7FtL3nCpH4eFBbI84hm3u/looQ3XPzDsNBs/IlCXafbajWhObdyY0Pr4tE1vqBJD0lI2ZvHSE4tC2v6PrmqPCMjG9P84bjd/dx7vpc0rlKDw0q8+fP3/0d4Ar+fr167Jj1+Jg3DDDIHYopMG5lpWN2ZlaSVBS817UUIqmoRr2uUlS3plg548lqO7BWRnqpahK2DRdS/JSq/Oj0PW6f84VcuP3Xyernz9/fvR3gI+aI1pYbijNGtCuRRuOS+/4+9r31/NVPuJwDxGnZWXnxf+GeP34HYrvxzYuZ+QT5C+E33+drD59+vTR3wH+zxUqSqtixNcs89G10/VD72Pr5Z+2+z5FE9qxNFQbV+DIxqHF8+K547Z9jj5P4RPo0+dPTYr37x7bC+D3XyerHz9+fPR3gCv59u3bMhlbLgitwXY8Np3dpFfbPT2l3k4N5+ien08lqZesPj9UTon3vvzaEpSNSWs18Vznh9D10rg1G8Om4+IQDx+oe9Eg3T+UPb//OqHz4I7p9T/4kr2iIQuSHmJoQEU/DKew/RRt23QxgyvcY0tZ12rVtBLben0S2ctLiu7lpelfXppGsV6niLKTUEex+SyE0sR4QccBGIjtjnlSZrOk2CQN7yjw0rPrRnl59BZd35+yOcvoUgYWZh/kGZvENmZnJrY+Cs2kl4aCWObmw0SK80UZ6gETILY7Zi0hLNErKrJ119KQD8nIosuil6SenppeWZWE5FOrJsSWylqFpGYic5m1ytyC0Ma5o6UydG4JIwfJPTzMFX3U+aJzy3/7Srm+YofNQvA5oWmuqLZ9ipXPFfWljDKxjXNF4zxRn0ZlU6rezBXNlzIKHRdvFp4UV2RtzBOtFzK2O+fqVWDn5ouG6VVJUioFvdNA8lKWJtEpU/PVPvLli+JwD5eSlax554HCJ74fQ4fBmzXZ8iXDBYtNQgHE9sj32fKyNK5+G1fQdcEp/D6aiW2cehUWnEwRS1Ef8mHSSh0Cuo7dl+tK67H5/bRQfvrg3qLMkBoEENuds6jYJp53MMotW6NtlFlct82PC0NJUm+r9ZqOK+aaxCS34gq6vuLupUuCIzYIILY7ZyUhLCU2byce5jIKTpmWS86fexAe6jKe43jGZnNGo+DGsjM+5yBKzSX23vJEiA0CdB5UwCJPqsqnV1m8KU3jYpT5U6qi1KaeUpWVmXEZojdPqbrkwS08oQoKkLE96kDd0r9npQ6FbB5o8XF8cQJ9/lzR8NyDcUqUTZeSyNLYudLj9q4RGlkbGIjtUeeMls6ZKE2TqHwVjTjZPSwoeZap5WLzqVYxc4uii/v+VCvKTrgBStFKWPSvMRNcXOGjlMW92S6tvBGzr9K9syw7G8vQyEJCu+ofArgrEBv8ZuqnMFeiliKel2daUxHfj8eXQEzwDogN5sl/HjNruZVK0DOmhmnMyQyJwRUgNlhGclPHRKYEhsxgYRAbLNujegn0aMJfBrHBbdzy80Fm8JdguAfcBnKCfxBbIgEAoB4QGwBUB2IDgOpAbABQHYgNAKoDsQFAdSA2AKgOxAYA1YHYAKA6EBsAVAdiA4DqQGwAUB2IDQCqA7EBQHUgNgCoDsQGANWB2ACgqY3/ANGl1gCCZwauAAAAAElFTkSuQmCC""}}]}, {""role"": ""assistant"", ""content"": ""0.470""}, {""role"": ""user"", ""content"": [{""type"": ""text"", ""text"": ""\nYou are given both an image and a text-based representation of the same stimulus. \nIn both, a red dot appears on a horizontal line\nThe left end of the line corresponds to 0.0, and the right end to 1.0.\n\nText representation (the dot is marked as \""\""O\""\""):\n|--------------------=-----=---O------ -.|\n\n\nEstimate the horizontal position of the **center** of the red dot as a decimal number between 0 and 1.\nDo not explain. Only output the final answer as a number between 0 and 1:\nFinal Answer:\n""}, {""type"": ""image_url"", ""image_url"": {""url"": ""data:image/png;base64,iVBORw0KGgoAAAANSUhEUgAAATYAAABNCAYAAAAsLkgfAAAI6UlEQVR4nO2dbY7aMBBA7STLxxna3v9vT9JLtL1Cd4ElqcbxpINxAl0+At73JMtJCAFV2texPWN813WdAwAoiGruLwAAcG0QGwAUB2IDgOJAbABQHIgNAIoDsQFAcSA2ACgOxAYAxYHYAKA4EBsAFAdiA4DiQGwAUByIDQCKA7EBQHEgNgAoDsQGAMWB2ACgOBAbABQHYgOA4mjm/gIAMMG1f5LEe/cZQGwAjy6znNzGhDcmLu8/9r4nxfMrVQAPLDN7PXftlKT8GcfnPOfJQGwAczIlLunHjtP35KTlT/Tp8dS1c157IBAbwCNFZ+mxtLY9PE/fMyYvnzR73d6bHufOx65NXZ8RxAZwBlf/M0nE5K24rMzSPm2WnMx8bFV1JLnuIxHdfwxn/YzCY/EA4N5iy0VlOaElzdvzXMRmWqcik94e23tORXK5Xj4vXYgYERhiAyhZbLmhp16LkgrPV4Ht9/2x9Pt9L7T93nV6Xe6xMrQRmMqrrnt5Sa9yq6peeGn0lhPcmOiuMU93BxiKApxgu91e72GZKG2IxKK4gtje33upJf2B+Oyfro3C6l5mQWp1/U9ucmwkF+6ZGr6eEp/9bNsbFouFmwMiNoAT7EUktxp+JhFaENj7e+ilddLvdr3o5DhGboMMFR1+alTWNEFoQWr22IpO783NwY1FdVOLEXr+ACA2gBO8i1QuIU3PMPNoOszUKE0lJn1o2+2/4yi30Oxcm51XE1k1UWTSv7z0fbymkhuiN+nH5uJycsssQjyi3BAbwAl2IpsrRmwHiwBplKYik367dVXsDwRn596i2EROIqpBaE2U2suLa1VuqeSS6O0ogssJLr02Nfc2I4gN4NZiS4ehKjTpVWjyGbtdL7LNppfaZuO6zSb0ck1eC9Ga3Gvn2VRsUVRd0/QyWyxC38ZezoPomuZ4eJrMvR21VHZ6Lmj/QHJj8QBggp8/f17+kFxKRzL81CitUpG9vbn67c1V0uK10EzUFt5vxRZl1RqZtctlON4vl73UVHIauYnkzLB0Um4TqSNTw9Fv3765e0PEBnCrFdFclYBZ/RyTWpDZ66vrothEcHLsNhv5QkFuwzxbErFJNNaKyERgUWgit/1220tut+vlZoemMWo7EtuY6HLDUyGVm16bAcQGMMFGZHIpaWqHzpHFYajLSK0WscXeidReX8NwVO4N92fEFqQWxdaK1FYrt9/t3P79fWitNrlHvodZaBjSRM6N3qZWS2cGsQHcY+EgFZuZWwsLA1FqtcpM2p8/zovQtL29hXs7aZrXpmLT1VAV22oVxCVt33X/mqSvdJ1rJSm4bfsm75PvZefb5Nmn5IbYAD5pDls6vxajtRCxyWKBiDOufoqwNCKTKE1k10ofWxiextdDflsiNqfDy7Z1kuEWmkRyVeX23ru99PFYrslr8l6572Ci3X5fjd7SOcKc3B5oAaH5+vXrrF8A4JH5/v37dXLX0vpPnfy3zSTmhuTc3W5oLunDKqrNY5OILX5mF6sPhtQPGXrG6K0V6WmL3ytEb7m6Vfu9LSI0vTYmNsV7N4djmt+/f9/9QwGehYuTBjLbDWmdZxebrfscakbN63I+iMcm5lqxCea1TiWXRGNpCVVYdEjOTw4x9TNzu4vY7xPvncMxzZcvX+7+oQDPwod3qMjtfGGqBKTJs8PzzeqiN3NYXs/reuiHphGTfo59ra6dN70ey1A1HMc8tnAemy4e+FP5a1MJurl/K+/dHI5pfv36dfcPBXgWfvz4cdkDMrtwhGORSNu6Kk7aV9Kapm8vL6H5xaIfliaVBuEpOsFvhqIiKBff5+S9plWSxyYJujFJ12mTe5NV0bPLq86cX5vDMSweAExQyx/7pdiCdyMJ+fMPLQ5Hq65zddsOTc5FfJIlJi1EeBp52VVReS3KyUexVauV69br0Kr12tWrlXOmhXui5Cqby6Y7fuTKqP5TaHOC2AAmeJGo5hbpHnao6b2rbBOheh9aONeITqQlVQmxIH5YFRV02CmiWi5dJ03Etlq5er12TpoIbbUKr4dk3Ri12dKqYYU1LXwXcom4Dyg1AbEBTLBcLq+3Kmon/2NybBCUCE7lJa2qQhRVx6FpHaOrkMAbKw8OxBblI+/V4WUn31ujs/W6F5rktkmLCby2KH5I65iaP5uS2YNUHAwfT60owA3rRXMF8LoLrm4iqWVVsQhei95rrUSQa9rrLh+2VlQenyboLmKSrkRmUoEgQ1ON1HSuzdaKplKbEtlEakfKHHWiAhEbwAku2gU2t8Gkik2kIoKKc2Nhdw8Zbuo8WZz0DzKTiEulprludhddjbji4oOTRYPl8qAFmdkhaLo3W05qTxKhpSA2gFvPsyVyC3lrma3Ag9C0j2Ia9mPT0iuVmt2PTYhJuZrGUcWhZpCaLhTo8DNKbdh00kjt6AdenkRkKYgN4M5iO1gl1SoEjd5keCpC0sjMDFOHonmN1ozYdLVVc9I6La8SQarMTKQ2DD81WhtLxh0TGGIDeG4aEcElTC0k2JVSG73FHDZbZqXHbuQ3D0LTRNvG7LdmFwmSxYKj3zzQZ53iwcXG4gHAvX6pKimtOvqVKvvze5qUa/tUavZ5WhKlQ8sm+Y2DJEo72gp8onLgo8z1C1UCERvALRN107ghNywVuWSGp0eiS388OalokPmxoSSq7vPaRFxDSVW6BfhUPeg5PHDUhtgAblkzmr4vNyyN1QcHhe1aD2qis6Nfgk+kaasaOlNvanfEPbjn1M4cTwxDUYAzueqfSrJtuD+1bZDt0x1DlLRawI/UesYKgtEV0Dn/I7jW5yM2gDuS+3NLJDcquNwcncWKqvpAfScRGwBchak5OO3HZJb7001LoYRzk24LArEBPIvkpo6VqUjMP1eS7SUgNoBnGq7+L/7zyMyC2AAenWv8ifrPITSFdA+AR+eTSekaxJ3jAADKAbEBQHEgNgAoDsQGAMWB2ACgOBAbABQHYgOA4kBsAFAciA0AigOxAUBxIDYAKA7EBgDFgdgAoDgQGwAUB2IDgOJAbABQHIgNAFxp/AX/qdllPni50AAAAABJRU5ErkJggg==""}}]}, {""role"": ""assistant"", ""content"": ""0.530""}, {""role"": ""user"", ""content"": [{""type"": ""text"", ""text"": ""\nYou are given both an image and a text-based representation of the same stimulus. \nIn both, a red dot appears on a horizontal line\nThe left end of the line corresponds to 0.0, and the right end to 1.0.\n\nText representation (the dot is marked as \""\""O\""\""):\n|-------------=---.-------O---.-----~----|\n\n\nEstimate the horizontal position of the **center** of the red dot as a decimal number between 0 and 1.\nDo not explain. Only output the final answer as a number between 0 and 1:\nFinal Answer:\n""}, {""type"": ""image_url"", ""image_url"": {""url"": ""data:image/png;base64,iVBORw0KGgoAAAANSUhEUgAAATYAAABNCAYAAAAsLkgfAAAIlElEQVR4nO2dYVLbSBBGR5LBJlcguf/fnCSXSLgCYGxLW994WmmJkcDYLM7ovaqukWxjvFT8tkc9Paq6rusCAEBB1F/9AQAALg1iA4DiQGwAUByIDQCKA7EBQHEgNgAoDsQGAMWB2ACgOBAbABQHYgOA4kBsAFAciA0AigOxAUBxIDYAKA7EBgDFgdgAoDgQGwAUB2IDgOJAbABQHKuv/gAAV8clbwNSVZd7L3g3iA1gSmg5weUey8nLHnvv6+GiVNylChaN/+efO556fkpUY2nNPTf1GJwNYoNlMicxjRb+fA4TVG7MyW1OgHA2TEVhWcwJrW2HUstFjrHEvMymzvVeczJDdGeB2OCq+ZQJhRNaNRaXyW1q9D8vxsKq69eC84/rx3MC9Jj4PkiFFBEbLExsuemmiWsiKn8+VQxI8uq8xDT6Y/+aXNh7vZXNvUGF2BAbFCy2qaqmi/j+JrDDIQSFzg+H/rxL5/E14ylpVf0VlYlM8tLYNMPzCdFNCs6DrE6C4gFcLS8vL5+aqQ0yMRPZfn881rjf/5WdPe/FaLKxLCyJrPNjileis2MvRPGW4N7J7e1tWDJkbHC1HCSSc5mqePopphdZim63C9VudxSdPabX+QJDEpBNP01k3Wo1eTyQnxPd5LU5QbZ2MogNrpa9pHLpCmgSUzXK0nqxvbxEocVwxya4wbU2E5vLwqLIkszieHNzFFp6PI4Smo2WySlyU1MDuZ0EYoOrZSehXLICqnE89dRoIjOZbbeh1uhDz9k01RURlK1FiUlsJrUks1ajj/Scl1w/VZ3K3gRSOxnEBuWKbaIC2gstSS3sdqGWuLbbo9S229Cl0c71mhh2zS1lbFFsLlszmWlsb29jRKnpWFKzcxNcyt76rC1XVBDI7SQoHsBV8vv37/PfJCc2q36mwoBlacrQosien0Pz/BxqHz6D80UEn7E1zVFmJjSN63U4SGTr9V/JWUhsbpray+2CWduPHz/CUiFjg7IqolOdBRajbE1hUjORdU9PoX56Cs3TU+ien0NQ6HnL2mw6axmbpKZsbbWKIpPADpLZy8tx3O2i5Nr9PrRaPuIiCk2S0/FcMcEgc3sXiA2ukq2mf5e8vmbXxUxqqRjQS01hMktjeHwM4ekpZnESW9BrbTrqMrbWxGZSU0hqu1047PexuiuhtW3bh8QY5SappWt+ryqlc90JMAtig2UUDnwngS3rsGnodhunn41lZ5LZ4+MxdKxI1926jNisaKAMrc/M2jYcum4Yql3oZ0ZhnzEuBFYgtrNBbFDmGrbx7hyjamitjC0VDTpNe11Idm0qHFQ2PVXGlsQWsz0nNqtyKgNru+4YyuSqKhzqOhya5hiSn6SXMrPWt1f5z+ynowK5nczq+/fvp/8UwCfz8+fPy1xjy/SDjlun+ulpmqJ2aTFul6arcZQA/Zo2+z3K2ExyaU1alFx6jzYzDbWpqEbf0vVKYG6tXM8Jgvu+4O/26uHh4as/A8Arzi7Wj3s63U4ecQrod/awKaEdWw+pG2e3MPK9p/bQaBePceN7nMK6iufsf61v3zrh7/Kw4O/26v7+/qs/A8DldqhwmdSr8xR67/j+br1YPE/Tv6ppQpWyLx0HH1a9VIYlfOfAatW/vtKxW8rRH7vX6XfYwtxqrrVq+Id595/ifsHf7dWfP3+++jMAvOLXr1+Xv8aWkBrqVCWtdb1ttQr1zU287qaobm5CdXs7bIS3nT0kFpvGCkkpLdmo1usQ1us4WtTrdVzHFkON6Yq0hm2wjs23V5lk44f9+Dq2Pwv+blM8gKuk0Rf8s5Z7KENLWaFkVXddaBRtG6O2SM/F11kGZ1XRJLaYdSkDS2KLIttsQnd3F+pv30JzdxfCZhOCRi87idTE5ncA8Z0H8RdQNPgIiA2ukhtlNJfeKVcykpwkt5Qh1VU1iCZFPNfzijSVjFmcCgg+Y0vTVT1Xpy4DE1tjQttsQrXZRKHF5SApa/M7fwz2bGOZx9kgNrhK1prWfUbngVvyEYWkaWjT/I26jtmijhs9p0jSiv2kJjZ77yS+OLVMYlNmJqFVXmibzbB3VOGv3Y17RAUdBx+GXlEot190qlfUyy0t1I0dCGlnj8baq/yoNW0mNr+7hzXAu6b31kS22cSWqs5lav0uH2kK2r0ltQ8K7ceC+0QFGRtcLWfvAjsWm3AbTPYN7Skzi9fJdO3LMjTJTNfENEp61rEwytis8lmnrK0vHqRja3yPu3v4KahVRX2FVrCjx9kgNljOdTaN7q5TfeZmUlM2liqiEluUk2VqJrbRfmyD5R5JisrKTGyxQDCXqaUsbdCBgNDOBrFBuWKbud7WZ20aJTZlYSY3CcwKBRKUtVG5pR9GXP+WCgj9JpNJZpLkqx10ndQGd7Q6vtlwhA+D2OBqWUkE55LrEMg1xqcpaczeJDFJTiJTIcC2Dh/f0EVY1uUW5o53yu3F5m7oMim18TF8CIoHsIw7VWVu6tIvAbH1baPe0T5D81uC+5u5CLuRi0lrfE+Dia2/By1WFxba7cLvUCUQG5S7y8fUfUVtzFVL/S4gTnSDmyfn7ivqb6/nRZZbo/aeXTvOkFxzicXN/zhMReGqOeuu5rmfnWiMj7LxO21YP6gXXq4BftR3agIb9H7qPNcQP/UZ4WzI2ODq+ZR/ouk9o9hyi3jHx+MpaKa5PnuH90wngd/V46r+R1AQiA2WxSnT07e2KhJeUm+Ff72BiD4FxAbLZmpJiI254xxjec0t4UBmnw5iAxDjr8FYcrnXeHLiIjv7MhAbwHsl9x5y8kJo/zuIDWCOj349kNmXwnIPgDkQ1D9JWikIAFAOiA0AigOxAUBxIDYAKA7EBgDFgdgAoDgQGwAUB2IDgOJAbABQHIgNAIoDsQFAcSA2ACgOxAYAxYHYAKA4EBsAFAdiA4DiQGwAEErjP5FJi7ZzfsrhAAAAAElFTkSuQmCC""}}]}, {""role"": ""assistant"", ""content"": ""0.523""}, {""role"": ""user"", ""content"": [{""type"": ""text"", ""text"": ""\nYou are given both an image and a text-based representation of the same stimulus. \nIn both, a red dot appears on a horizontal line\nThe left end of the line corresponds to 0.0, and the right end to 1.0.\n\nText representation (the dot is marked as \""\""O\""\""):\n|.---~------~----------=O-----------~----|\n\n\nEstimate the horizontal position of the **center** of the red dot as a decimal number between 0 and 1.\nDo not explain. Only output the final answer as a number between 0 and 1:\nFinal Answer:\n""}, {""type"": ""image_url"", ""image_url"": {""url"": ""data:image/png;base64,iVBORw0KGgoAAAANSUhEUgAAATYAAABNCAYAAAAsLkgfAAAIiklEQVR4nO2df3LaTAxA/YOE3KHt/f/tSXqJtmdoAgF/IyE5QlmgX+yMzfa9Gc0aFxbagVetd7Vuh2EYGgCAiuiW/gAAAHOD2ACgOhAbAFQHYgOA6kBsAFAdiA0AqgOxAUB1IDYAqA7EBgDVgdgAoDoQGwBUB2IDgOpAbABQHYgNAKoDsQFAdSA2AKgOxAYA1YHYAKA6EBsAVMdm6Q8AMAtz3bqjbefpBxYFsUFdMvvbcyWBybn8XER3l7TcpQrujviVvXV87evt0oryKp0rPYZVg9jgPshf0yiuLLHSuRJRYpeOY5tfB6sFscE6uTakzAK7FSWyyK5Ffv6lvmA1IDaYjU/5KqXhZVsS1/H4/jieu3TdrOve5OXH8ZzFcEly+fgDtEjxU2DyANYpttL1siwreRzDzrX5XJRblFPXNYOLrO/fxBbDxSbH/rooOel3gpwQ2+eA2GB5sd0adgax6XuYtFRgh8Pp8eEwPh7Cec3w5HHsOmZpEn1/EpzITcKFV5Dc1WGqg6wWh6EozMJut5uno9J1NMu8VFzy2KUlrUX7+npq4zmXXh6OShbmIhOJSbvZnFqL8TiKLw9Xra+r19/+gsfHx2n/ZvAOMjaYhYNIZCrXJgVihhYEJkKTGPb70zkRnJ/zLM7lJoShpctrEKltNie5ueD8XBRdzuCsvznkBvOC2GAWXkUoc2ZqaULApeby0gxNWhFaDDvngnt3rc2zNRGbSUzbh4e3EKF5GwR3lsXdyt5gURAbzMJeZDKVlKWdTQJEqWWZ7XZNt9uNx1Fy45DVhDmY2DQ8QzOhHR8fT8feWoySs0yuODQVENtqQGywvNhKQ9AgtXHY6bLa708is+heXprB5fby0nTyWeSan113a0pis0ztGKTmoWKz48YfxywuZ25xYkFAbovD5AFM5ufPn9M6yGK7lqlZRiYykxCR9XY8hkvOhqzFjK3vVWrHKLXttjlst82w3Y6P5dgzOJWcDU/fyW3itbZv375N+zeEM8jYYLkZ0bxWLYvNs604/DRpdc/PJ4k9PzeDHD8/q+CGl5emkZDn+LW2gtiOlq0dTGwiNBXb05O2R2n3++ZoExMqN+lLsrgot0tZm0DmthiIDSbzIiKZShRbWJPmEwU6IWDDTheaykzE9uePto2FZHE6FJXMLoptGE5SC2JTuVmmJlI77PcaIjSNw0FbXx8nM60yJB0nFXzZSJ5IgEVBbLD8xEFesxbXqMUhqF9DM6H1f/40jUUrQvNWhqi7nV53G0oZm81wjsNQEZkI7fVVl61oHI8aR5FhjFDhoMciNem/NByFxUBssOwatkvX1+KaNMm8QsY2Djc9Q3t+bo4iNRPb+BwZQvo1Nqs+0DVsvsTDMzIRmElM/iYabauh2Z3JStqxaiF+7jwcFZDbomy+fv267CeAu+f79+/zrl0L1QNx8iBGXO6hmZlFE1ufRQ1i0/Vr9niIWZxlcjpEjSFZnb2nPNbXSsRlHvHvE8/9D7nxO5yXze/fv2fuEv41Jk2sl0qo0k4ePgwcd/bwYWA41sfeushyROLzUx/xvMvWP8N4ra5UHREzudJuvFfgdzgvmy9fvszcJfxrfHiHiiiD2J46HaP194jn4nHXaUi2pOdz6VPuN8xmjq/z49h/etz6ULTweaZuacTvcF42v379mrlL+Nf48ePHx18cMzURQcysvAJhs2k6ycL6vunkOMbDw9t6NS+Etz5HOYXJA5WUrUFrbW1a6/HwoP2dlVbFNWuxrCpGnBn94DU2fofzwuQBTKaXH/Xcs6I5Y7MtiCS647HpJYZB207OeXgGZ+VPXlbl76FZl0jNxKYis4W43Xbb9E9PTSOx3Wq0dl7Wsbn0dLlHrEIoTR7AoiA2mMyD/NDnXscWllH4MFCORVxyeV6jbRtRai/nJTyjkywuVh6k3T1UavJcz8xk8a1IzWQmYmufnppOFulayHl/3tk6tlL1ASwOYoPJbOXH/lmVByYPl5EKKUqs75veMi9tJbOyWtIui83EI69XIcUMTIaiIUNToVnrQpP2rPLAF+hSL7o6qBWF5etFb9WKWuG7SioUvmutqCzUjSVWXnLlz/cqBt+yKNaKhuoDrxc9mMRUakFoKjUX4aWSKuEDWRt1ovNDxgazMGkX2Fu7e4jY7HqZTCSIYHS4aRf9VWSSabn0fI2brYHLGZtf7JdsT/qSPtvQnw5PRWxe+O5F8Hn7IrK11YLYYJ3X2eJ+bCIRryAQAYm0goi0MsFLrjxTC8PQothcbiYrl9vZrGjejy1kanFrcaS2PhAbrENsl6oQPGsToXgVgi3x0OGpiC1vPhnvgZDueeCTEDJzOu6ea20bNp4cJwdim5d45Nv1nd5g2r8DzAJig1nYyI//s+55kO9KFbM3P85C891z07bgOWuTyQgX21hDeuvmLpd2z40tLAqTB7CuO1Vdkdt4K710Q5ezzSjz7fh8wW+qPoi31/MbtcRtiMabt8Q7WV27DR93qFoVZGyw/ELd0v+t8ZZ5LjQ/J+/jWxvlnXZTfehYX+rYzGgsvRoX7UbZle4rWpKa9XkGWdviIDZYvma09Lp8zc1qPsesLQiuKLN8P9GQscWqBr8T/FgnmmtOw3MuCg2RrQ6GojArs36dCgt4VSFRWvE6XBZaztacS0PJPBng8ssym2n77w//RwA3QWywTvLXsrS90aWIf577KmVbpUzsWmbG0HP1IDa4D3L2ltsr+7q9o5Rx3dp6CJndFYgN6srkrj3nlqBuyQuZ3Q2IDe6TSzOpH+WStJDZXYLYoA7m+hojsipguQfUAUKCQLrNDgDA/YPYAKA6EBsAVAdiA4DqQGwAUB2IDQCqA7EBQHUgNgCoDsQGANWB2ACgOhAbAFQHYgOA6kBsAFAdiA0AqgOxAUB1IDYAqA7EBgBNbfwHpukVnIP1gA0AAAAASUVORK5CYII=""}}]}, {""role"": ""assistant"", ""content"": ""0.500""}, {""role"": ""user"", ""content"": [{""type"": ""text"", ""text"": ""\nYou are given both an image and a text-based representation of the same stimulus. \nIn both, a red dot appears on a horizontal line\nThe left end of the line corresponds to 0.0, and the right end to 1.0.\n\nText representation (the dot is marked as \""\""O\""\""):\n|----------~----O-=-- -------.-----------|\n\n\nEstimate the horizontal position of the **center** of the red dot as a decimal number between 0 and 1.\nDo not explain. Only output the final answer as a number between 0 and 1:\nFinal Answer:\n""}, {""type"": ""image_url"", ""image_url"": {""url"": ""data:image/png;base64,iVBORw0KGgoAAAANSUhEUgAAATYAAABNCAYAAAAsLkgfAAAIs0lEQVR4nO2d7XLaPBBGbUMg99D2/v/2SnoTbW8hX3y48yi7yqLYTmMggOacGY0EsQ1vmvfMSqu1277v+wYAoCK6S38BAIBTg9gAoDoQGwBUB2IDgOpAbABQHYgNAKoDsQFAdSA2AKgOxAYA1YHYAKA6EBsAVAdiA4DqQGwAUB2IDQCqA7EBQHUgNgCoDsQGANWB2ACgOhAbAFTH8tJfAGZwisdUtO0pvgnAVYLYblVmU3LTz8bE5e/H85EcVEbLU6puUGbx/bFxKa0or7Hx0GuAG4SI7VaEFqU2NB46rxRbKbkhqZXXQHRwgxCx3UJ0FgW23x++Nya5IamNtfLY8vwxkB5cKYjtCE7+qyummm2UVxSaj8ckV4qn694kNja2lq8wFdUdQYsM4QtgKnotYhuK0KLIXGK73cG4LQXn1yijsq5reokstig369MVhiI5Hx+ZdEBs8BUgtkuJbWwdLbTepSWBudwkNr02wfXq7bgc4TmSmUtrschC631sfT7GJWfnJuZMVZEXXBimojN5eXk5X6QmSbnIXGwmtGa7zeN2u80RXD7erxUjNQnMmo8P3nPJ+fFT63BDYvukyFar1Wl+dwAjELHNZCehnElqWVRRYBKatd76ZrPJ0lPkdhCx+ZpZFNly2fTW0nsal6LTOTF6+0yyYeg1wAVAbDPZSizHUO5Ji+tmMUqTxCSwzeZVbC8v6XVuHrXFtbdSbEFo/d3du94ll6M3X48bWIOb3D5SjgEuBGKbyUayOZYQqaVoy+UUozQXmIRmrXO5ee/T07jOZlJLzUUW2n61envt0ovRW0gyvJPcWPRWjgEuBGK7lNhGMp8xSktyc5E9P6emcf/09Pqe/UzHp1ZEbBJSjNSSzFar1HvTa/18r8itFFyZRS3FFhMMyA2uCJIHM/j9+/dp19bKJEGcakpm1tqnp2YhqZnY0vvqQ9SWIjbhEZvJKstsvX5tq1WzW6/fRBejN5++FtnTyT1w9pkH/QQ/fvw47ncIMAER21dnRCcSBh555bW0ILUks8fH12jt8bFZPD+nsSI6iVByy9cpxCZpucgktdTf3ze7l5csuXdyszW33Ib2vw1FbERucAUgthk8Pz8ff5GhrR1BamkK6kJzmUls1jeS2tNTkl/KjkpuvqctiG1fRGs7E9pus8ktyW27zQJM0ZoEV24TGdvcOyY2gAuB2C6ZOLA1sby1w9fW4pqapp8us4eHpnl8bNqHhzQtbTXWcZtN06t58iFGbJ4skLwkMQlsu03bVXLb71Pba9uINv3qHPU2JT0QW9jvhtjgWkFsX72HbWh9LW6+9WmleiUKFJGpeYT29NTsXWoWzfU2HT3Yy+Ybc/W+EgQSl1rfN1Kfmv4rdm372uy9pEUdo8oHSS1+T13PN/9OiQ25wYVZfv/+/dLf4eb4+fPnvBNjniYWspelUp7ljFs+fHOuZGcRmqarqbfXvuUjIbko0rLXXk2QMqUWge19qupjNROW+pQV1TXLaMzX1vy9GWts/N3BOVn+/fv3rB9QIyerES33sVl9qFo7VDOq6aFeh3EWY2zCZRPEmc+zlq8Zzw3fwb9rHo/dWqnEhTbxe+LvDs7J8tu3b2f9gBqZfYcKn8YV1QFx3Pr1Q0uvLZJqrfk4Twl9mvj2Jd8t9Lehz9fUuEgGpJ+HmtGDzxkrs/pkxMbfHZyT5Z8/f876ATXy69ev06yxeXTlryWdxaLpLBOpvlsum+7uLq27qW+9xUqDKJ9iKtpqnczOaVart/N1zVhapeNi8zKrsW0fY2VWsZ+Avzs4JyQPZrDQ/+DHEBb483aPGLFZplSt2++bxW7XLNTb667vm65tU0sRnL6PZOXVB8KjruXyVWSrVdNpQ+79fWoaL+7vm2a9zi0dY9UIkmgUW976MbXVwz4X4NIgthncKfo5hqFbFPn00qeJJi4t06fWts1CreuaTk2RnJqiMG0P8T1wMWLT9SQ2O66X2ExuSWrW2vU6ic73u0mSfSm2WIHwP9NQgAuC2GawVoRzisRBzIz6lg9NH9VsDS1JLExLFS0qmkqlVRKS9rppmuolVX5NE1vncpKo9L0lLpNZa5FbLrWKhfFWO9pMlVVRcQBXCrWiX10vOlZSVWz3iHf08JpQbcZNQvMyK6sTzbWiavHuHr61I5RVRYmlWtEQqXlBvEvtYPo5Fq3NkBp1onBuiNhmMvsusGPPNijvwWZTSEVaKWkgsdkaWBKaSy9KzSM2x4Vk09acPFCvZkXwqTJBMisSCe/KqD6qNCBSgysBsV3DOpuXVXnkJqmpl4QkLpeRxpp+xptNhjvresIh4zIyUXkWNF3LhBmjtHhn3ZgFzc9EGIrWBEKDKwOxXUJsU1Gb35NNvbKcJrdcID8kNLuLbl5fs+vn/W7lDSctU3ow7Syyn+VzED5MFCA3uCIQ20yWEsExjK21xUypPkPCknx8qhlvbRQf7uLnhDW23ExWSXDlMw8GtnMcTEH/J/uJ1ODKIHlwySdVTURu724VXiYY4pOrPMory55CfeiBtGJiIN4p14/56EEufu0Z8IQq+AqI2L56o+5YvWWUkkdeun58apXLLUxXY3v3XFFJrSiJSpt2bTuJy+zgmQZTUdqUzIja4IpAbF9dMzp0Tik3ycUTCjZ+dzeQeC+3sSfBx7rTkAQoaz9zraiJcHTqibzgRmAqeiQn+/WVj+Mr7vAxmGgYet+vESU09BCWkalmFps4ceZz9s0DAD4JYrsGpqan3o+tx5U/G+Kju3H8b3SGmOBGQGzXxNT9zoZk5/3YeUMR15TEyHZCJSC2Wxfd0HFDjE0ricygQhDbLTD0T3TMPxsyg8pBbLfIKf7JEBlUDNs9bhGkBDBJeNwQAEAdIDYAqA7EBgDVgdgAoDoQGwBUB2IDgOpAbABQHYgNAKoDsQFAdSA2AKgOxAYA1YHYAKA6EBsAVAdiA4DqQGwAUB2IDQCqA7EBQFMb/wCp3rrC7i21WwAAAABJRU5ErkJggg==""}}]}, {""role"": ""assistant"", ""content"": ""0.490""}, {""role"": ""user"", ""content"": [{""type"": ""text"", ""text"": ""\nYou are given both an image and a text-based representation of the same stimulus. \nIn both, a red dot appears on a horizontal line\nThe left end of the line corresponds to 0.0, and the right end to 1.0.\n\nText representation (the dot is marked as \""\""O\""\""):\n|------- ---.-O-=-----------=------------|\n\n\nEstimate the horizontal position of the **center** of the red dot as a decimal number between 0 and 1.\nDo not explain. Only output the final answer as a number between 0 and 1:\nFinal Answer:\n""}, {""type"": ""image_url"", ""image_url"": {""url"": ""data:image/png;base64,iVBORw0KGgoAAAANSUhEUgAAATYAAABNCAYAAAAsLkgfAAAIlUlEQVR4nO2da3LTMBCA5Thtegfg/n85CZcArkDzNrObXXUj5LTk0Tia75vZkeI4jinlY/V0NwzDkAAAGmJ27xsAALg2iA0AmgOxAUBzIDYAaA7EBgDNgdgAoDkQGwA0B2IDgOZAbADQHIgNAJoDsQFAcyA2AGgOxAYAzYHYAKA5EBsANAdiA4DmQGwA0ByIDQCaA7EBQHPM730DcCbXeFRF113jTgAmB2J7ZJF95FhNXn4snovkoCE6nlI1ccq/Hn8dj9eORaK0vF47VtYBHhQytqkyJq6xevmZSCkzKWuCG/scwIOB2B4lM3ORvRc1XGSnws+Ln/lIsxZggtAUvYCr/+iKLK3z1/v9m7hq9XisJqMYs1m9tBhqorui0DrkCJ8AGdtUxHYqQ4sCi7HbHeTnr0u5FUIbXGS1iOeMZXJXkBJig88Asd1LbKeanhaDy8oFttsdYr9PndX1HD/m58fLljLr+zT0fa6rzLwez60JTijFhKhggtAUPZP1en2dC430oWVJeWbmUttuc73bbrPs9FjM2gRvXpZSm88PpUWsZ9GNya0U3Rk8Pz9f+lMDOAkZ25nsRCSXMjYw4NmXS80EJqXEIOVmo5JLfkzej01SwfvMgrwGkdp8fpBbrJeiK5qot2qaAtwCxHYmW5HKtfvUTEoqKM/CTFxabjbHsV4f3hPJhWZqVWxBZMPT0yGsnqzu59Waqx9umgJMAMR2JhuRyaWEZmO16WlSU4EFmc3ktcRq9XbcszrP2uTyNhggkjoS2vNz2od6FF2UXM7gatmb3jRSg2mC2O4ltrIZakJSMVk/mjY3N5s3kYnUVqs0rFZaitjkvSRhWV0qxSZhYtubxKT0ULFZXaUmr0NTNfa9HcntSv1tALeAwYMz+Pnz52UXGJvSEUY7Y5Nz5iJbLlMv9eXyEHZcxWdZm37erq/ZmohNpGZi01gstNwtFmmwuhxzyR01T8fk9tHVCyN8+/btsp8hwAnI2D5zRLQ2xcPD+8d8kCA0O7PElss0vL5q2b++pmG5TGm10pj5YIJfJ4hNpfb0lHYmtt3Li4pMxKaSk9ebzSGDc8GZ3FKUWznv7UK5AdwKxHYGK5HJpYRVBXmSbRj59CaoCy3L7PVVy2TRudzkfB9ECGLbu9hcahLrtUpNBLcToW23B7GJ5KxvT+Um92Fy0+xtbDABYGIgtnsPHPjSKZ9kG7I171PrRWoiMJfZnz+p83K51L62Yb1Og2dtPsHX+9hiM1Riu007id3uKPb7vU46Hmzir07+tZBj1SapgNxgYiC2e8xhq0zxyBmbZF42ECAZmMpKwgYJRGJ762+T0OapSM/EptleyNjyVA/JykReEsOgIX+KHJLdWQhS6l3W1quWzVEBucGEmH/9+vXe9/BwfP/+/TpbEZV9bD5dI85Js6kfGjY510ObjCY+lZrIL85lk2zNXg9hXpuOkvZ92seQrM7qyco8zcPn7MUNKiUumNfG7x3ckvnv379v+gUtcvFAcmUQwXUwWOhrH90s6vr90mQ8tVBekFJE483JUOZ1qNb8jAvpq+/XIm5tVNuV9wT83sEtmX/58uWmX9AiZ+9QUUrg7YI55Np6/bAgvfNO+77Xeuf1uMZTwmXkwvFrWL+YXsdKrdv7+n2heen34Dt95Pv5yNrRD/5s+L2DWzL/9evXTb+gRX78+HHdeWxBDjKQMLNMaSax26XZ05P2u0nZPT+/jZz6vDUfWXVBhaaoCmw+T52MbspnPeSa5aqDGOXi+HK6h4fe9P+PjvJ7B7eEwYMz6OUf+TWIo6IiI8ueNKw5KurohyH1+72GSC+GnmtZWV4Y72tOrT+tM7GpyCReXtJssUj9y0tKHotF6haLfI5L72i6x3sTdQEmAmI7gyf5x35tsfmuHt7EnM3SzKPrNHoLf63vibQkJAuLo6KWwfn1cnZmk3D7xSJLTYXmk3VlaZVM0rVzVWxSLzO3cmkVwIRAbGewECncYrdcHwUVUVmmNRMpSYjE+l6zRZFZL+9ZFiZSisuqYlNUPufNSxWVhcgsCy0sszpaViXnnlpWVRMbkoMJwFrRKawX9dIXwYcVCDqvzXf0sMm6ea1oWC/qWxhFsR1N7ZDF7x6+CsGWTx0tiLc+t+SlbUx5zSVVrBOFW0PGds9dYCuL4X3bIZ+3JoLRQQOLnKVZ1uXCO1oEH0dHLWOTLM8HEXzwoAsyy7t7+B5tIkQXW9yb7dTGkwATAbFNoZ/NRkOPdtAVQYl8RFYutjCaqU1Jz9TCnmx5d49yuoc1YYdCknlUNIyM+vbh/+zHxrZF8CAgtomILdfDonjN3iTLkszNsy0Jl5nIzaQWn4WQsz+fp2brRbVZagKT/rsjmRVTPPJgwVjzk341mDCI7UzmIoJrMLLMKj5WTySUN5+0/i/vf/Mtw6sPdIkTb2101Ded9MysFNo/GRrPPYAHhMGDKTyp6r2twr1pGnbXjc9COJJa+Qg+f1aoP4GqfEqVH4uP43vvMXwXSI0nVMFnQMZ2z4m6tf9T/JhIpZjfptKS0qaExIXyRw9PLh7mEpdMadbmy7Ls2D99aGWG9p7QyNpgYiC2ez7VvPb5ILs8oBCXSZnYjp6REDM1XwDvE3SDnFxgvmY0rw0NEtNz/N7GRj4RGUwcmqIXcrMfn+/4UdtVoxRZ7Fcr76e2eL3Wb+ZiO5WdXSi0i/8jAPggiG1q1J6LEMtSYrWIlLtwXGOnDgQFE4em6NR4TxreVCxFVpa1a45J7JTMkBg8IGRsj0I5LaRWlvVT0kJm0DCIrZWmau28/2lKIjNoCMT2qFz614bIoGHoY3tUEBPAKNYTDQDQDogNAJoDsQFAcyA2AGgOxAYAzYHYAKA5EBsANAdiA4DmQGwA0ByIDQCaA7EBQHMgNgBoDsQGAM2B2ACgORAbADQHYgOA5kBsAJBa4y9D9omm4D6++wAAAABJRU5ErkJggg==""}}]}, {""role"": ""assistant"", ""content"": ""0.475""}, {""role"": ""user"", ""content"": [{""type"": ""text"", ""text"": ""\nYou are given both an image and a text-based representation of the same stimulus. \nIn both, a red dot appears on a horizontal line\nThe left end of the line corresponds to 0.0, and the right end to 1.0.\n\nText representation (the dot is marked as \""\""O\""\""):\n|--.---------O--=--~------------.------- |\n\n\nEstimate the horizontal position of the **center** of the red dot as a decimal number between 0 and 1.\nDo not explain. Only output the final answer as a number between 0 and 1:\nFinal Answer:\n""}, {""type"": ""image_url"", ""image_url"": {""url"": ""data:image/png;base64,iVBORw0KGgoAAAANSUhEUgAAATYAAABNCAYAAAAsLkgfAAAIfElEQVR4nO2da3LbuBJGQephew1J9v83K8kmkqzBlmyJtz4IjbRg0M5IdKwLnFPVBYqWKFnjnOnGi8M0TVMAAGiI8bM/AADA0iA2AGgOxAYAzYHYAKA5EBsANAdiA4DmQGwA0ByIDQCaA7EBQHMgNgBoDsQGAM2B2ACgORAbADQHYgOA5kBsANAciA0AmgOxAUBzIDYAaI71Z38AKHhvp/Zh+FefBOD/FsT2WVx6q4na65AdwBmI7V9SSum9xzW8xOzYvw7JAYSBu1R9MHPy8ud1XD5+T2Zl+9YxQGeQsX0UNVH5tjyuCc/jRVYelxLTY7sOgoMOIWNbitrXOCew96KGl9h74Z9fXgOgA7rP2Bb3eiGyqJLj8XROrc7PtXNyK8U1jn9aO3bnJ9/35kW30O86IEi4cRDbUmKbKzdLgVVi8I/fEts4hslkZrFa/TnW6/WcWhbnJXcliA1uHcS21LSLGaHF65vADofTsdrD4SS0wyFMdt4kV4xyZlE5kU1qXbwSns/kyhLVg6SgQbruY9vv98tcyGdZLusycZnMotgULy+nY2u96CyMJKUoLpOY2vU6t/GcWi++OcHZNa9ku91efQ2Aj6LrjO0goVzD3MCAz75KkaWYnp9jq3P288nLzTCpWZYmoaWIx5vNn+MkuSy/t+SWrg3QIl2L7UVSuZTaPLSy30yiMnGplcxmIgrOlaT5+i77Monldrs9HW82IVQEl8vVvy1LARqha7E9SyhLZWx+EMBKS5OaCWy/zzGqtXMpe4vP1+tcaSupxZCovNC223DU47u7P4JLbZabK0+jHBEbdAJiW0hquTWhqbVszESm2O3CuNuFSed2uyw5K0lz1laKLWVqJrOjxKZ2v89yO+q9fBZn/XC+LEVu0AHdDh78/Plz2b41P0hgmZrP0JLQJLbV01N+HEM/t6zO+tm82NLgQJSZxf19FNvh/j5M6Vhh2dxZeTrX33al2L59+3b5dwjwgXSbsV08Ijo3T82VoGd9aSYvySzFlNqVMrenp5jRxazOsjYTWxo4kNiOSWyHJLDDfh/ldnh5CcciNAhhEctRP2Jq00YEAwnQKN2KbbfbXXeBQmxnUzmsBPVZ2ePjSWaPj1FmaoOk9vQUM7oot+fnMJalqKRmYpPUdruYpUloMY7HOLp7PB5PMU0x4hw6yU2Zm67p57rNrTEFaIRuxbbIwEE5+dbE5krQwbKzx8eTzFIMCklNkfraNAUkZlkKy9jS6GbsX3t+PpWgSWKHaQqasBJjGGKriSJSonoYLOJn9FNAEBs0Trdiu3gOW1mK+jLUjYKObtBgUnboQjI7mtSUyaXBBGVscS5bIbYoJZWYElqS13EYwnEcw2G1OouY3SWB6edn60YVlrUJ5AaNsv769Wvoke/fv1+/hMpKRrd6IK8wcJNv/cRcSS9KSq3kV7Q587O1nSop04TdKDk9T6OdqS8t9qup9ZFEq+NX5ad99gUm6/b6twO3z/r379+hR65eI1oZRLD5Z1YC5vloviQsSsTY1hbMz+zdZs/P16j9PvpZKknzKX+t2n5tF3wfvf7twO2z/vLlS+iR/7xDhRdBTQ4uA9K14/Xd4vXBrePU8ZBKTGtjuNHQ3Lo1ov75gx2njMwf5/ewVQvl53lv992/pNe/Hbh91r9+/Qo98uPHj8te6DOpsrxLctI8tFFTLA6H2ObYbMK43Z7mqlnJquena2X5ecFJULrWZhMGLTy/uwuDxXYbr1curYpRLquqTdIVV/Sx9fq3A7dPt4MHK/1DvxS/k4dlRCYMueI08znHOE1hpdD76nG6oes4DGFM4opTPmxhvBPbkOQ0SGx3d2FME3Knh4cwPjyE1cNDCPf3p0jCM9lJpH5p1Vl/W/ygDBxAm3Qrto2ymqWWU0k8yr6KMlDHUV4W4xhWitUqjArL4jRSWlt5YBmbrm/ZmVYXJLGtJDOJ7eEhDPf3UXq2AiGuOlDY1kauLGU0FFqnW7Hd6R//taOi5ciojm0U1PWDnZWi63VYqd1swkqyckuqRhs5LcQWy1qJOGVilqFJZoMyN8msXFaV1paelaG1VQcIDhqk27WiF68XLUdFiwXw5VZFtoNHlFeaiKulVFloatO8t7OMzd7O7eyR14kmgcUlVcre7LHvb7MtjD5oATzrROGW6TZju2oX2HfWi55tKpk68+OggUIyUz+Y27ooSy1tOFlmbDHjShmfsjYbOLBBhLyNkX4f29rIBg8+YPE7wK3TtdgW62ez9aLlLh9ecBKXRGQZXLnZpCtDz8SmsH6yVMJKYnEwwfrd3F5sOVMrbvSS75sgkBo0DmJbavfcmW3Bh7ny1Ld+k0m/g67NP0t9dZaJWR+axPZqa3BXfr656B25QcN0Lba1RHApb6xAeHVbPS+4UnLFTV1ytuYzNjdJV1NDcqlpZae/ucuc1AQZG3RC14MHi9ypqrb8yd+lyt8HoXLHqupdqvx/En8/0dpdqvy5Wun5ASUod6iCW6frjO3iibq1qR9lW04HKW+M7EXm9mCbu6+ozYuLWVsaKfXLqM62JCp376gJjawNGqZ7sV10V/Paa2bkFoVUkVxVeF6I7r3yOk9XYmbRlSsf7HZ9/nMiMeiM7ktRsdhXUA4qpKVVrwYYajt5lOHxfW3lceXWenkPNnvtZ/+PAOAfg9iWovY1zpWowibh1oQ2J7a58M+x4/L1AB2B2D6Kv+mHs3ZOaJ63BFbrR0Nm0DGI7TMl99Zxjff2UUNmABHEdksl699CdgbwJojtM7nmq0dmALN0P93jU0FOAB9CmvAEANAOiA0AmgOxAUBzIDYAaA7EBgDNgdgAoDkQGwA0B2IDgOZAbADQHIgNAJoDsQFAcyA2AGgOxAYAzYHYAKA5EBsANAdiA4DmQGwAEFrjf2x+Ho4epb+CAAAAAElFTkSuQmCC""}}]}, {""role"": ""assistant"", ""content"": ""0.250""}, {""role"": ""user"", ""content"": [{""type"": ""text"", ""text"": ""\nYou are given both an image and a text-based representation of the same stimulus. \nIn both, a red dot appears on a horizontal line\nThe left end of the line corresponds to 0.0, and the right end to 1.0.\n\nText representation (the dot is marked as \""\""O\""\""):\n|----.-------------- --------O--=----~.--|\n\n\nEstimate the horizontal position of the **center** of the red dot as a decimal number between 0 and 1.\nDo not explain. Only output the final answer as a number between 0 and 1:\nFinal Answer:\n""}, {""type"": ""image_url"", ""image_url"": {""url"": ""data:image/png;base64,iVBORw0KGgoAAAANSUhEUgAAATYAAABNCAYAAAAsLkgfAAAIoElEQVR4nO2dW3LbOBBFAVIvryHJ/n+zkmwiyRbGlmQSUxfqhloI9LBFWUXgnqouUDRFs1LjM41Hgz6EEBwhhFRE9+wHIISQqaHYCCHVQbERQqqDYiOEVAfFRgipDoqNEFIdFBshpDooNkJIdVBshJDqoNgIIdVBsRFCqoNiI4RUB8VGCKkOio0QUh0UGyGkOig2Qkh1UGyEkOqg2Agh1UGxEUKqY/HsByCkKaZ+xYj3096vEig2Qr5aZiW5XRJeSV56Tr9HwZ3g+ZYqQh6E/dPS42vnzqHisgIrnSt9bhBmbIRMTS4s2147zsnlhVYD3ymJLmTnG4QZGyGP6mrm4tIYx3/PXRKbSqrrTsWWR349aFRwzNhIczzs/+VyX1+SlsrsXFuSW0lekJsKzrQhFxrQrG4C/MwESbGR5phcbOcyNCuvLPwwHD/rNfYeQGQVVGB9fxRbFukam9WF6bqkFBshtYvtUtczBBeMrLzKCyIbhoPQhuFwjcgtnsuytlDI0gLEplH4HENl5rMuqjIzQX0WjrGRptjtdtPe0HYhIaksQ1ORuff3w7FprehOuqQAmVoutcUitZBZQCvH8TOuxbHPMje5372sVis3F5ixkaYYIJEpKM1oZhmaSstDZvu9C9JGqeH4/f1wTuVWyNg0KwsqsuUytmG5PIhO2iQ9/O7OjMNNLLe5QLGRpniHVO4lX4uWdTut0KLA9vtj7Hbp2BnJnWRtKjbJ1KLIRGIxVquD0NDiuyK7KDe0XSFzUxqRG8VGmmIPmUw9A6pCKmRpSWa7neuk9dvtqeA0a5P7BBEbupYnUlut3AiZIdZrF5AFyucoN8gO9+lN1/TSeFvFUGykKSYRW2H2M2ZrIjaVVRIZpLbdurDduu7tLYoNP3MamrVZsclMJ6Q2irTG9TpFlBqO5btRcJCaZm19NoMKGuqScvKANMPv37/vv0lp0a2KTcbNNBPrRGgQWf/2FqWWAnKzmZsZZ0vZWt+7UcSGTG3cbKLUhs3GBRxLxOwNoZnbQiYVrNgmGmv78eOHmwPM2Egz3D0jWlqvZicLVGwQGsQmGRoivL7Gtn99jcduu42Ba9JYm2ZsIrYRYlsu3SDZ2rDbRZEN7+9uHIZDjGMMLB9BxqZjbi7P2hpb/kGxkWbYQiJTjq9lyzriZIFmagiRmsoMrfvvP+deX51/ezvKTcUmM7a4e5SaiA3Z2rDfR6FhVncYxxhRaiEcQp4jCm6UNXIym/rPJEKlMrNQbKQZJp04COE4caBja5Kt6Zgaup9RZiI0D6GhRWCsDZkcxt5ysZmJgyg2ZGgisiEEh6sG71OMuF6EiJGloMJVsdmqBECxEVIPk6xhy9at2W5opxkbBvYhK50ckHG2UWSG6JDFIWvb7VyADLOuqC7AhaRQbAV5jdI9HRaLQ8hxHIcTgankTp6vwUmExffv35/9DIR8CT9//rzvBqVaUO2KmrIpW2mg425BQ9avpVYmD9IYG4CcdD0bZATBYfxMYjwTTtpQkpg+87llHzdKbi6+WPz9+/fZz0DIlzDJAoBsF46oA2RZEvpZz9ljrSG152/ZukjPanczP3/yO7Lf6fA78912SzK78d9mLr5YfPv27dnPQMiXcPcOFXa3DHvsfby3zwrX42fJnryEHqfidS2DsvfTn8uyDW9aPcbPfbZWTZ8hyH3S88gzXqxAuPHfZi6+WPz58+fZz0DIl/Dr16/px9gESKaTbmm3WMTxttgilkvnEavVscxKu7AqNBUcgKRUZuu1c+t1bDU6rT7Q0ipTL5omDPozWxyVduT9AHPxBScPSDP0+GOfclYUopDB+ZgtSdcUsoLk+hBcjxay08DP8F1cL5lZHGPTkio5DzlFGUJkugD35cV1m43rX16cQ2w2B+mtVgfZLZdRoiGXXGktW8UTB4BiI82wRGYz9To2rRE1Xc3O+2NAqN7HiJ/xcwSyMc3iUHmgExEmY8PPo7BUbJAaZCah0otVCaZeNORbGVFshNTLGt26R1UeoFuplQfolmbRaytdUwhLF/LG75iMLcpRsy4RG1qVmd9sjkJDa4QWu6Z9YQPKfB1b5RUIrBUlTXF3vaj9c8l3yrVlVaYCIdWKmhKrVEeKbM2MublsV49UJ6oF8KhCkLpQzdTS7h92M8o+G2M7l619QGhzqRMFzNhIU0yyC+y53T1saZWMd8XuphzHLA1dT2RcKjUpgE/bg2tmJZLC95x2WU3oxAHEpzJLYusKEwalyoPKsjQLxUaaYvJxtmyxbhQUxscgKx1HU7mJ1LTsKmVruNZsMpkv94gTAmZmVT+nvdrMLrvFF7z4M6/pqxiKjTTFJGIr7aCLmc6sCiEu2YC47CRBFmlzSrOYNq1307IqM37mz3Q7NUsLpSzNt/fOUYqNNMUCsnngK/dOdvzA79JxNwjVjL+lXXOt2GzJk1nEG2VmXt5ykqVdewUfuHNsbY5w8oA0x6RvqrILdu2OH4Ua0jj2piLTY/tu0ezVealraRbd2nca5Es5wrVup/98N3ROb6gCzNhIc9y9UPfKe0XT+z1VbFpVgDE3Wyxv5WfvIzOjsSRK5JYW7V7K0OS77txY2h3F73ODYiPNcXfNaOn7edaWCU73RzuRmc3UsjfApzpPIzArtfRZniVla/b5fN1r1S7Brihpkof8Z29nSvWznTXNj/OXJGeF9f9MAOTH5trwQKH5GQqRYiNkCq51Ty9tU3RObNreOnaWH+fMUFCfhWIjZGry5SB5WzqXc2ngv9Fxs49AsRHyjCzu3DWWcwKjzK5CsRHyTMndAkX2YSg2Qr6az/7JUWY3w+UehHw1FNTDkXJ/QgipB4qNEFIdFBshpDooNkJIdVBshJDqoNgIIdVBsRFCqoNiI4RUB8VGCKkOio0QUh0UGyGkOig2Qkh1UGyEkOqg2Agh1UGxEUKqg2IjhFQHxUYIcbXxP4NOlatHaI8FAAAAAElFTkSuQmCC""}}]}]",0.450
google/gemini-2.5-flash-lite,sample_009,0.60056,0.60056,0.41,"[{""role"": ""system"", ""content"": ""You are a marker location estimator.""}, {""role"": ""user"", ""content"": [{""type"": ""text"", ""text"": ""\nYou are given both an image and a text-based representation of the same stimulus. \nIn both, a red dot appears on a horizontal line\nThe left end of the line corresponds to 0.0, and the right end to 1.0.\n\nText representation (the dot is marked as \""\""O\""\""):\n|-.----------.--.---O-----.-------------=|\n\n\nEstimate the horizontal position of the **center** of the red dot as a decimal number between 0 and 1.\nDo not explain. Only output the final answer as a number between 0 and 1:\nFinal Answer:\n""}, {""type"": ""image_url"", ""image_url"": {""url"": ""data:image/png;base64,iVBORw0KGgoAAAANSUhEUgAAATYAAABNCAYAAAAsLkgfAAAIfElEQVR4nO2daZLTSBBGtbjbfQfg/n85CZcAzkB71cRXzhTp6pLa2GIal9+LyCjJlmQPeB6ZqkXtMAxDAwBQEd1HfwEAgKVBbABQHYgNAKoDsQFAdSA2AKgOxAYA1YHYAKA6EBsAVAdiA4DqQGwAUB2IDQCqA7EBQHUgNgCoDsQGANWB2ACgOhAbAFQHYgOA6kBsAFAdiA0AqmP10V8A7pilHpfRtstcB8BAbHCbyG6RmwutdA1kBzfQ8pQqeJf8J+L78fWpY0qSivtT21PHA1wAYoPrZKa2tF06N8rpvXZue+41gAClKPy5zKaidE4uL4+5fZ07JzS/NoKDCcjYKmDRv8KCoJI+jsdzicX9/L38++Ti6rpzqRViyM8pXesGWqRYNWRsFbCY2OYyNMnLBebbIdpccJFcWi622GayS2IrhWdzU1ndhSC2ukFsjyy2udIzCG1waR0OTesyOxxOQrN2UGvHJcll5eKZzCzSa6X9XHq53Py63H+DCShF75ztdrvMhUr3zCSpmJlJbBKYRdre73+/5sfnWZsJahRX35+21fb9+WvviW5Kclfw/Py8zJ8d/HOQsd05BwnlFqY6BrzENGElke33o8ja3a4ZtK3XguCGWJaKWH5Goa1WJ6mZ3LQf3y+J7m/IDeoEsd05e4nlWvIhGtn9s5R9eUamdrc7tYrt9tTudqewY5LkSmKzzCwJzaQ2bls0UXba1/G2/0Zu3vpnxBYeHsR25+wkm6Uytlh6ernpWZrLTBJTu902nW+r9WNiSSqsIyCJzGX29DTK7Kht3/dWInPZudhi2TqXuQEgtgcXW16G5vfSPCOT3CQyE1qS2mbTDNbqGL2XMjaFX0dYGRozNJfZ0eP5+SQ122+C5GIWN0apNHUQHNB5cN98//79+pOnhnTkmZqXmptNklcS2WbT9K+vaTuFSS9lcDonz9iC2KLMUrteNwdJTPv2WpKaZCexueAsi5sU25Xl6JcvX67/M4R/FjK2R+wRLY1XiyVoLjUTWucye31tBm2/vja9MrfNJmV0Kavz+2y52CQ1E9vBJJZaiW29PkkthDomkuB0PcvcRrGV5GafddbCw4LY7piNhHILpaEdsQRVmetSc7FJZhLbr1+pbSwkvyS3/b7pXGw2iFbZ2lHh2ZpkJrGp3e1OIbnt96c4HFLou2h8nATnmeRZWRo7EgRCAwOxPXrHQRSbj0dzsfk9NZOaRNb/+tU0Fq1CUlOoRN1uT5mW32fLMrZ0D00Z2W6X5CZ5abjK4Xg8i+MwpGEjg7ehp9Y7FtL3nCpH4eFBbI84hm3u/looQ3XPzDsNBs/IlCXafbajWhObdyY0Pr4tE1vqBJD0lI2ZvHSE4tC2v6PrmqPCMjG9P84bjd/dx7vpc0rlKDw0q8+fP3/0d4Ar+fr167Jj1+Jg3DDDIHYopMG5lpWN2ZlaSVBS817UUIqmoRr2uUlS3plg548lqO7BWRnqpahK2DRdS/JSq/Oj0PW6f84VcuP3Xyernz9/fvR3gI+aI1pYbijNGtCuRRuOS+/4+9r31/NVPuJwDxGnZWXnxf+GeP34HYrvxzYuZ+QT5C+E33+drD59+vTR3wH+zxUqSqtixNcs89G10/VD72Pr5Z+2+z5FE9qxNFQbV+DIxqHF8+K547Z9jj5P4RPo0+dPTYr37x7bC+D3XyerHz9+fPR3gCv59u3bMhlbLgitwXY8Np3dpFfbPT2l3k4N5+ien08lqZesPj9UTon3vvzaEpSNSWs18Vznh9D10rg1G8Om4+IQDx+oe9Eg3T+UPb//OqHz4I7p9T/4kr2iIQuSHmJoQEU/DKew/RRt23QxgyvcY0tZ12rVtBLben0S2ctLiu7lpelfXppGsV6niLKTUEex+SyE0sR4QccBGIjtjnlSZrOk2CQN7yjw0rPrRnl59BZd35+yOcvoUgYWZh/kGZvENmZnJrY+Cs2kl4aCWObmw0SK80UZ6gETILY7Zi0hLNErKrJ119KQD8nIosuil6SenppeWZWE5FOrJsSWylqFpGYic5m1ytyC0Ma5o6UydG4JIwfJPTzMFX3U+aJzy3/7Srm+YofNQvA5oWmuqLZ9ipXPFfWljDKxjXNF4zxRn0ZlU6rezBXNlzIKHRdvFp4UV2RtzBOtFzK2O+fqVWDn5ouG6VVJUioFvdNA8lKWJtEpU/PVPvLli+JwD5eSlax554HCJ74fQ4fBmzXZ8iXDBYtNQgHE9sj32fKyNK5+G1fQdcEp/D6aiW2cehUWnEwRS1Ef8mHSSh0Cuo7dl+tK67H5/bRQfvrg3qLMkBoEENuds6jYJp53MMotW6NtlFlct82PC0NJUm+r9ZqOK+aaxCS34gq6vuLupUuCIzYIILY7ZyUhLCU2byce5jIKTpmWS86fexAe6jKe43jGZnNGo+DGsjM+5yBKzSX23vJEiA0CdB5UwCJPqsqnV1m8KU3jYpT5U6qi1KaeUpWVmXEZojdPqbrkwS08oQoKkLE96kDd0r9npQ6FbB5o8XF8cQJ9/lzR8NyDcUqUTZeSyNLYudLj9q4RGlkbGIjtUeeMls6ZKE2TqHwVjTjZPSwoeZap5WLzqVYxc4uii/v+VCvKTrgBStFKWPSvMRNcXOGjlMW92S6tvBGzr9K9syw7G8vQyEJCu+ofArgrEBv8ZuqnMFeiliKel2daUxHfj8eXQEzwDogN5sl/HjNruZVK0DOmhmnMyQyJwRUgNlhGclPHRKYEhsxgYRAbLNujegn0aMJfBrHBbdzy80Fm8JdguAfcBnKCfxBbIgEAoB4QGwBUB2IDgOpAbABQHYgNAKoDsQFAdSA2AKgOxAYA1YHYAKA6EBsAVAdiA4DqQGwAUB2IDQCqA7EBQHUgNgCoDsQGANWB2ACgqY3/ANGl1gCCZwauAAAAAElFTkSuQmCC""}}]}, {""role"": ""assistant"", ""content"": ""0.470""}, {""role"": ""user"", ""content"": [{""type"": ""text"", ""text"": ""\nYou are given both an image and a text-based representation of the same stimulus. \nIn both, a red dot appears on a horizontal line\nThe left end of the line corresponds to 0.0, and the right end to 1.0.\n\nText representation (the dot is marked as \""\""O\""\""):\n|--------------------=-----=---O------ -.|\n\n\nEstimate the horizontal position of the **center** of the red dot as a decimal number between 0 and 1.\nDo not explain. Only output the final answer as a number between 0 and 1:\nFinal Answer:\n""}, {""type"": ""image_url"", ""image_url"": {""url"": ""data:image/png;base64,iVBORw0KGgoAAAANSUhEUgAAATYAAABNCAYAAAAsLkgfAAAI6UlEQVR4nO2dbY7aMBBA7STLxxna3v9vT9JLtL1Cd4ElqcbxpINxAl0+At73JMtJCAFV2texPWN813WdAwAoiGruLwAAcG0QGwAUB2IDgOJAbABQHIgNAIoDsQFAcSA2ACgOxAYAxYHYAKA4EBsAFAdiA4DiQGwAUByIDQCKA7EBQHEgNgAoDsQGAMWB2ACgOBAbABQHYgOA4mjm/gIAMMG1f5LEe/cZQGwAjy6znNzGhDcmLu8/9r4nxfMrVQAPLDN7PXftlKT8GcfnPOfJQGwAczIlLunHjtP35KTlT/Tp8dS1c157IBAbwCNFZ+mxtLY9PE/fMyYvnzR73d6bHufOx65NXZ8RxAZwBlf/M0nE5K24rMzSPm2WnMx8bFV1JLnuIxHdfwxn/YzCY/EA4N5iy0VlOaElzdvzXMRmWqcik94e23tORXK5Xj4vXYgYERhiAyhZbLmhp16LkgrPV4Ht9/2x9Pt9L7T93nV6Xe6xMrQRmMqrrnt5Sa9yq6peeGn0lhPcmOiuMU93BxiKApxgu91e72GZKG2IxKK4gtje33upJf2B+Oyfro3C6l5mQWp1/U9ucmwkF+6ZGr6eEp/9bNsbFouFmwMiNoAT7EUktxp+JhFaENj7e+ilddLvdr3o5DhGboMMFR1+alTWNEFoQWr22IpO783NwY1FdVOLEXr+ACA2gBO8i1QuIU3PMPNoOszUKE0lJn1o2+2/4yi30Oxcm51XE1k1UWTSv7z0fbymkhuiN+nH5uJycsssQjyi3BAbwAl2IpsrRmwHiwBplKYik367dVXsDwRn596i2EROIqpBaE2U2suLa1VuqeSS6O0ogssJLr02Nfc2I4gN4NZiS4ehKjTpVWjyGbtdL7LNppfaZuO6zSb0ck1eC9Ga3Gvn2VRsUVRd0/QyWyxC38ZezoPomuZ4eJrMvR21VHZ6Lmj/QHJj8QBggp8/f17+kFxKRzL81CitUpG9vbn67c1V0uK10EzUFt5vxRZl1RqZtctlON4vl73UVHIauYnkzLB0Um4TqSNTw9Fv3765e0PEBnCrFdFclYBZ/RyTWpDZ66vrothEcHLsNhv5QkFuwzxbErFJNNaKyERgUWgit/1220tut+vlZoemMWo7EtuY6HLDUyGVm16bAcQGMMFGZHIpaWqHzpHFYajLSK0WscXeidReX8NwVO4N92fEFqQWxdaK1FYrt9/t3P79fWitNrlHvodZaBjSRM6N3qZWS2cGsQHcY+EgFZuZWwsLA1FqtcpM2p8/zovQtL29hXs7aZrXpmLT1VAV22oVxCVt33X/mqSvdJ1rJSm4bfsm75PvZefb5Nmn5IbYAD5pDls6vxajtRCxyWKBiDOufoqwNCKTKE1k10ofWxiextdDflsiNqfDy7Z1kuEWmkRyVeX23ru99PFYrslr8l6572Ci3X5fjd7SOcKc3B5oAaH5+vXrrF8A4JH5/v37dXLX0vpPnfy3zSTmhuTc3W5oLunDKqrNY5OILX5mF6sPhtQPGXrG6K0V6WmL3ytEb7m6Vfu9LSI0vTYmNsV7N4djmt+/f9/9QwGehYuTBjLbDWmdZxebrfscakbN63I+iMcm5lqxCea1TiWXRGNpCVVYdEjOTw4x9TNzu4vY7xPvncMxzZcvX+7+oQDPwod3qMjtfGGqBKTJs8PzzeqiN3NYXs/reuiHphGTfo59ra6dN70ey1A1HMc8tnAemy4e+FP5a1MJurl/K+/dHI5pfv36dfcPBXgWfvz4cdkDMrtwhGORSNu6Kk7aV9Kapm8vL6H5xaIfliaVBuEpOsFvhqIiKBff5+S9plWSxyYJujFJ12mTe5NV0bPLq86cX5vDMSweAExQyx/7pdiCdyMJ+fMPLQ5Hq65zddsOTc5FfJIlJi1EeBp52VVReS3KyUexVauV69br0Kr12tWrlXOmhXui5Cqby6Y7fuTKqP5TaHOC2AAmeJGo5hbpHnao6b2rbBOheh9aONeITqQlVQmxIH5YFRV02CmiWi5dJ03Etlq5er12TpoIbbUKr4dk3Ri12dKqYYU1LXwXcom4Dyg1AbEBTLBcLq+3Kmon/2NybBCUCE7lJa2qQhRVx6FpHaOrkMAbKw8OxBblI+/V4WUn31ujs/W6F5rktkmLCby2KH5I65iaP5uS2YNUHAwfT60owA3rRXMF8LoLrm4iqWVVsQhei95rrUSQa9rrLh+2VlQenyboLmKSrkRmUoEgQ1ON1HSuzdaKplKbEtlEakfKHHWiAhEbwAku2gU2t8Gkik2kIoKKc2Nhdw8Zbuo8WZz0DzKTiEulprludhddjbji4oOTRYPl8qAFmdkhaLo3W05qTxKhpSA2gFvPsyVyC3lrma3Ag9C0j2Ia9mPT0iuVmt2PTYhJuZrGUcWhZpCaLhTo8DNKbdh00kjt6AdenkRkKYgN4M5iO1gl1SoEjd5keCpC0sjMDFOHonmN1ozYdLVVc9I6La8SQarMTKQ2DD81WhtLxh0TGGIDeG4aEcElTC0k2JVSG73FHDZbZqXHbuQ3D0LTRNvG7LdmFwmSxYKj3zzQZ53iwcXG4gHAvX6pKimtOvqVKvvze5qUa/tUavZ5WhKlQ8sm+Y2DJEo72gp8onLgo8z1C1UCERvALRN107ghNywVuWSGp0eiS388OalokPmxoSSq7vPaRFxDSVW6BfhUPeg5PHDUhtgAblkzmr4vNyyN1QcHhe1aD2qis6Nfgk+kaasaOlNvanfEPbjn1M4cTwxDUYAzueqfSrJtuD+1bZDt0x1DlLRawI/UesYKgtEV0Dn/I7jW5yM2gDuS+3NLJDcquNwcncWKqvpAfScRGwBchak5OO3HZJb7001LoYRzk24LArEBPIvkpo6VqUjMP1eS7SUgNoBnGq7+L/7zyMyC2AAenWv8ifrPITSFdA+AR+eTSekaxJ3jAADKAbEBQHEgNgAoDsQGAMWB2ACgOBAbABQHYgOA4kBsAFAciA0AigOxAUBxIDYAKA7EBgDFgdgAoDgQGwAUB2IDgOJAbABQHIgNAFxp/AX/qdllPni50AAAAABJRU5ErkJggg==""}}]}, {""role"": ""assistant"", ""content"": ""0.530""}, {""role"": ""user"", ""content"": [{""type"": ""text"", ""text"": ""\nYou are given both an image and a text-based representation of the same stimulus. \nIn both, a red dot appears on a horizontal line\nThe left end of the line corresponds to 0.0, and the right end to 1.0.\n\nText representation (the dot is marked as \""\""O\""\""):\n|-------------=---.-------O---.-----~----|\n\n\nEstimate the horizontal position of the **center** of the red dot as a decimal number between 0 and 1.\nDo not explain. Only output the final answer as a number between 0 and 1:\nFinal Answer:\n""}, {""type"": ""image_url"", ""image_url"": {""url"": ""data:image/png;base64,iVBORw0KGgoAAAANSUhEUgAAATYAAABNCAYAAAAsLkgfAAAIlElEQVR4nO2dYVLbSBBGR5LBJlcguf/fnCSXSLgCYGxLW994WmmJkcDYLM7ovaqukWxjvFT8tkc9Paq6rusCAEBB1F/9AQAALg1iA4DiQGwAUByIDQCKA7EBQHEgNgAoDsQGAMWB2ACgOBAbABQHYgOA4kBsAFAciA0AigOxAUBxIDYAKA7EBgDFgdgAoDgQGwAUB2IDgOJAbABQHKuv/gAAV8clbwNSVZd7L3g3iA1gSmg5weUey8nLHnvv6+GiVNylChaN/+efO556fkpUY2nNPTf1GJwNYoNlMicxjRb+fA4TVG7MyW1OgHA2TEVhWcwJrW2HUstFjrHEvMymzvVeczJDdGeB2OCq+ZQJhRNaNRaXyW1q9D8vxsKq69eC84/rx3MC9Jj4PkiFFBEbLExsuemmiWsiKn8+VQxI8uq8xDT6Y/+aXNh7vZXNvUGF2BAbFCy2qaqmi/j+JrDDIQSFzg+H/rxL5/E14ylpVf0VlYlM8tLYNMPzCdFNCs6DrE6C4gFcLS8vL5+aqQ0yMRPZfn881rjf/5WdPe/FaLKxLCyJrPNjileis2MvRPGW4N7J7e1tWDJkbHC1HCSSc5mqePopphdZim63C9VudxSdPabX+QJDEpBNP01k3Wo1eTyQnxPd5LU5QbZ2MogNrpa9pHLpCmgSUzXK0nqxvbxEocVwxya4wbU2E5vLwqLIkszieHNzFFp6PI4Smo2WySlyU1MDuZ0EYoOrZSehXLICqnE89dRoIjOZbbeh1uhDz9k01RURlK1FiUlsJrUks1ajj/Scl1w/VZ3K3gRSOxnEBuWKbaIC2gstSS3sdqGWuLbbo9S229Cl0c71mhh2zS1lbFFsLlszmWlsb29jRKnpWFKzcxNcyt76rC1XVBDI7SQoHsBV8vv37/PfJCc2q36mwoBlacrQosien0Pz/BxqHz6D80UEn7E1zVFmJjSN63U4SGTr9V/JWUhsbpray+2CWduPHz/CUiFjg7IqolOdBRajbE1hUjORdU9PoX56Cs3TU+ien0NQ6HnL2mw6axmbpKZsbbWKIpPADpLZy8tx3O2i5Nr9PrRaPuIiCk2S0/FcMcEgc3sXiA2ukq2mf5e8vmbXxUxqqRjQS01hMktjeHwM4ekpZnESW9BrbTrqMrbWxGZSU0hqu1047PexuiuhtW3bh8QY5SappWt+ryqlc90JMAtig2UUDnwngS3rsGnodhunn41lZ5LZ4+MxdKxI1926jNisaKAMrc/M2jYcum4Yql3oZ0ZhnzEuBFYgtrNBbFDmGrbx7hyjamitjC0VDTpNe11Idm0qHFQ2PVXGlsQWsz0nNqtyKgNru+4YyuSqKhzqOhya5hiSn6SXMrPWt1f5z+ynowK5nczq+/fvp/8UwCfz8+fPy1xjy/SDjlun+ulpmqJ2aTFul6arcZQA/Zo2+z3K2ExyaU1alFx6jzYzDbWpqEbf0vVKYG6tXM8Jgvu+4O/26uHh4as/A8Arzi7Wj3s63U4ecQrod/awKaEdWw+pG2e3MPK9p/bQaBePceN7nMK6iufsf61v3zrh7/Kw4O/26v7+/qs/A8DldqhwmdSr8xR67/j+br1YPE/Tv6ppQpWyLx0HH1a9VIYlfOfAatW/vtKxW8rRH7vX6XfYwtxqrrVq+Id595/ifsHf7dWfP3+++jMAvOLXr1+Xv8aWkBrqVCWtdb1ttQr1zU287qaobm5CdXs7bIS3nT0kFpvGCkkpLdmo1usQ1us4WtTrdVzHFkON6Yq0hm2wjs23V5lk44f9+Dq2Pwv+blM8gKuk0Rf8s5Z7KENLWaFkVXddaBRtG6O2SM/F11kGZ1XRJLaYdSkDS2KLIttsQnd3F+pv30JzdxfCZhOCRi87idTE5ncA8Z0H8RdQNPgIiA2ukhtlNJfeKVcykpwkt5Qh1VU1iCZFPNfzijSVjFmcCgg+Y0vTVT1Xpy4DE1tjQttsQrXZRKHF5SApa/M7fwz2bGOZx9kgNrhK1prWfUbngVvyEYWkaWjT/I26jtmijhs9p0jSiv2kJjZ77yS+OLVMYlNmJqFVXmibzbB3VOGv3Y17RAUdBx+GXlEot190qlfUyy0t1I0dCGlnj8baq/yoNW0mNr+7hzXAu6b31kS22cSWqs5lav0uH2kK2r0ltQ8K7ceC+0QFGRtcLWfvAjsWm3AbTPYN7Skzi9fJdO3LMjTJTNfENEp61rEwytis8lmnrK0vHqRja3yPu3v4KahVRX2FVrCjx9kgNljOdTaN7q5TfeZmUlM2liqiEluUk2VqJrbRfmyD5R5JisrKTGyxQDCXqaUsbdCBgNDOBrFBuWKbud7WZ20aJTZlYSY3CcwKBRKUtVG5pR9GXP+WCgj9JpNJZpLkqx10ndQGd7Q6vtlwhA+D2OBqWUkE55LrEMg1xqcpaczeJDFJTiJTIcC2Dh/f0EVY1uUW5o53yu3F5m7oMim18TF8CIoHsIw7VWVu6tIvAbH1baPe0T5D81uC+5u5CLuRi0lrfE+Dia2/By1WFxba7cLvUCUQG5S7y8fUfUVtzFVL/S4gTnSDmyfn7ivqb6/nRZZbo/aeXTvOkFxzicXN/zhMReGqOeuu5rmfnWiMj7LxO21YP6gXXq4BftR3agIb9H7qPNcQP/UZ4WzI2ODq+ZR/ouk9o9hyi3jHx+MpaKa5PnuH90wngd/V46r+R1AQiA2WxSnT07e2KhJeUm+Ff72BiD4FxAbLZmpJiI254xxjec0t4UBmnw5iAxDjr8FYcrnXeHLiIjv7MhAbwHsl9x5y8kJo/zuIDWCOj349kNmXwnIPgDkQ1D9JWikIAFAOiA0AigOxAUBxIDYAKA7EBgDFgdgAoDgQGwAUB2IDgOJAbABQHIgNAIoDsQFAcSA2ACgOxAYAxYHYAKA4EBsAFAdiA4DiQGwAEErjP5FJi7ZzfsrhAAAAAElFTkSuQmCC""}}]}, {""role"": ""assistant"", ""content"": ""0.523""}, {""role"": ""user"", ""content"": [{""type"": ""text"", ""text"": ""\nYou are given both an image and a text-based representation of the same stimulus. \nIn both, a red dot appears on a horizontal line\nThe left end of the line corresponds to 0.0, and the right end to 1.0.\n\nText representation (the dot is marked as \""\""O\""\""):\n|.---~------~----------=O-----------~----|\n\n\nEstimate the horizontal position of the **center** of the red dot as a decimal number between 0 and 1.\nDo not explain. Only output the final answer as a number between 0 and 1:\nFinal Answer:\n""}, {""type"": ""image_url"", ""image_url"": {""url"": ""data:image/png;base64,iVBORw0KGgoAAAANSUhEUgAAATYAAABNCAYAAAAsLkgfAAAIiklEQVR4nO2df3LaTAxA/YOE3KHt/f/tSXqJtmdoAgF/IyE5QlmgX+yMzfa9Gc0aFxbagVetd7Vuh2EYGgCAiuiW/gAAAHOD2ACgOhAbAFQHYgOA6kBsAFAdiA0AqgOxAUB1IDYAqA7EBgDVgdgAoDoQGwBUB2IDgOpAbABQHYgNAKoDsQFAdSA2AKgOxAYA1YHYAKA6EBsAVMdm6Q8AMAtz3bqjbefpBxYFsUFdMvvbcyWBybn8XER3l7TcpQrujviVvXV87evt0oryKp0rPYZVg9jgPshf0yiuLLHSuRJRYpeOY5tfB6sFscE6uTakzAK7FSWyyK5Ffv6lvmA1IDaYjU/5KqXhZVsS1/H4/jieu3TdrOve5OXH8ZzFcEly+fgDtEjxU2DyANYpttL1siwreRzDzrX5XJRblFPXNYOLrO/fxBbDxSbH/rooOel3gpwQ2+eA2GB5sd0adgax6XuYtFRgh8Pp8eEwPh7Cec3w5HHsOmZpEn1/EpzITcKFV5Dc1WGqg6wWh6EozMJut5uno9J1NMu8VFzy2KUlrUX7+npq4zmXXh6OShbmIhOJSbvZnFqL8TiKLw9Xra+r19/+gsfHx2n/ZvAOMjaYhYNIZCrXJgVihhYEJkKTGPb70zkRnJ/zLM7lJoShpctrEKltNie5ueD8XBRdzuCsvznkBvOC2GAWXkUoc2ZqaULApeby0gxNWhFaDDvngnt3rc2zNRGbSUzbh4e3EKF5GwR3lsXdyt5gURAbzMJeZDKVlKWdTQJEqWWZ7XZNt9uNx1Fy45DVhDmY2DQ8QzOhHR8fT8feWoySs0yuODQVENtqQGywvNhKQ9AgtXHY6bLa708is+heXprB5fby0nTyWeSan113a0pis0ztGKTmoWKz48YfxywuZ25xYkFAbovD5AFM5ufPn9M6yGK7lqlZRiYykxCR9XY8hkvOhqzFjK3vVWrHKLXttjlst82w3Y6P5dgzOJWcDU/fyW3itbZv375N+zeEM8jYYLkZ0bxWLYvNs604/DRpdc/PJ4k9PzeDHD8/q+CGl5emkZDn+LW2gtiOlq0dTGwiNBXb05O2R2n3++ZoExMqN+lLsrgot0tZm0DmthiIDSbzIiKZShRbWJPmEwU6IWDDTheaykzE9uePto2FZHE6FJXMLoptGE5SC2JTuVmmJlI77PcaIjSNw0FbXx8nM60yJB0nFXzZSJ5IgEVBbLD8xEFesxbXqMUhqF9DM6H1f/40jUUrQvNWhqi7nV53G0oZm81wjsNQEZkI7fVVl61oHI8aR5FhjFDhoMciNem/NByFxUBssOwatkvX1+KaNMm8QsY2Djc9Q3t+bo4iNRPb+BwZQvo1Nqs+0DVsvsTDMzIRmElM/iYabauh2Z3JStqxaiF+7jwcFZDbomy+fv267CeAu+f79+/zrl0L1QNx8iBGXO6hmZlFE1ufRQ1i0/Vr9niIWZxlcjpEjSFZnb2nPNbXSsRlHvHvE8/9D7nxO5yXze/fv2fuEv41Jk2sl0qo0k4ePgwcd/bwYWA41sfeushyROLzUx/xvMvWP8N4ra5UHREzudJuvFfgdzgvmy9fvszcJfxrfHiHiiiD2J46HaP194jn4nHXaUi2pOdz6VPuN8xmjq/z49h/etz6ULTweaZuacTvcF42v379mrlL+Nf48ePHx18cMzURQcysvAJhs2k6ycL6vunkOMbDw9t6NS+Etz5HOYXJA5WUrUFrbW1a6/HwoP2dlVbFNWuxrCpGnBn94DU2fofzwuQBTKaXH/Xcs6I5Y7MtiCS647HpJYZB207OeXgGZ+VPXlbl76FZl0jNxKYis4W43Xbb9E9PTSOx3Wq0dl7Wsbn0dLlHrEIoTR7AoiA2mMyD/NDnXscWllH4MFCORVxyeV6jbRtRai/nJTyjkywuVh6k3T1UavJcz8xk8a1IzWQmYmufnppOFulayHl/3tk6tlL1ASwOYoPJbOXH/lmVByYPl5EKKUqs75veMi9tJbOyWtIui83EI69XIcUMTIaiIUNToVnrQpP2rPLAF+hSL7o6qBWF5etFb9WKWuG7SioUvmutqCzUjSVWXnLlz/cqBt+yKNaKhuoDrxc9mMRUakFoKjUX4aWSKuEDWRt1ovNDxgazMGkX2Fu7e4jY7HqZTCSIYHS4aRf9VWSSabn0fI2brYHLGZtf7JdsT/qSPtvQnw5PRWxe+O5F8Hn7IrK11YLYYJ3X2eJ+bCIRryAQAYm0goi0MsFLrjxTC8PQothcbiYrl9vZrGjejy1kanFrcaS2PhAbrENsl6oQPGsToXgVgi3x0OGpiC1vPhnvgZDueeCTEDJzOu6ea20bNp4cJwdim5d45Nv1nd5g2r8DzAJig1nYyI//s+55kO9KFbM3P85C891z07bgOWuTyQgX21hDeuvmLpd2z40tLAqTB7CuO1Vdkdt4K710Q5ezzSjz7fh8wW+qPoi31/MbtcRtiMabt8Q7WV27DR93qFoVZGyw/ELd0v+t8ZZ5LjQ/J+/jWxvlnXZTfehYX+rYzGgsvRoX7UbZle4rWpKa9XkGWdviIDZYvma09Lp8zc1qPsesLQiuKLN8P9GQscWqBr8T/FgnmmtOw3MuCg2RrQ6GojArs36dCgt4VSFRWvE6XBZaztacS0PJPBng8ssym2n77w//RwA3QWywTvLXsrS90aWIf577KmVbpUzsWmbG0HP1IDa4D3L2ltsr+7q9o5Rx3dp6CJndFYgN6srkrj3nlqBuyQuZ3Q2IDe6TSzOpH+WStJDZXYLYoA7m+hojsipguQfUAUKCQLrNDgDA/YPYAKA6EBsAVAdiA4DqQGwAUB2IDQCqA7EBQHUgNgCoDsQGANWB2ACgOhAbAFQHYgOA6kBsAFAdiA0AqgOxAUB1IDYAqA7EBgBNbfwHpukVnIP1gA0AAAAASUVORK5CYII=""}}]}, {""role"": ""assistant"", ""content"": ""0.500""}, {""role"": ""user"", ""content"": [{""type"": ""text"", ""text"": ""\nYou are given both an image and a text-based representation of the same stimulus. \nIn both, a red dot appears on a horizontal line\nThe left end of the line corresponds to 0.0, and the right end to 1.0.\n\nText representation (the dot is marked as \""\""O\""\""):\n|----------~----O-=-- -------.-----------|\n\n\nEstimate the horizontal position of the **center** of the red dot as a decimal number between 0 and 1.\nDo not explain. Only output the final answer as a number between 0 and 1:\nFinal Answer:\n""}, {""type"": ""image_url"", ""image_url"": {""url"": ""data:image/png;base64,iVBORw0KGgoAAAANSUhEUgAAATYAAABNCAYAAAAsLkgfAAAIs0lEQVR4nO2d7XLaPBBGbUMg99D2/v/2SnoTbW8hX3y48yi7yqLYTmMggOacGY0EsQ1vmvfMSqu1277v+wYAoCK6S38BAIBTg9gAoDoQGwBUB2IDgOpAbABQHYgNAKoDsQFAdSA2AKgOxAYA1YHYAKA6EBsAVAdiA4DqQGwAUB2IDQCqA7EBQHUgNgCoDsQGANWB2ACgOhAbAFTH8tJfAGZwisdUtO0pvgnAVYLYblVmU3LTz8bE5e/H85EcVEbLU6puUGbx/bFxKa0or7Hx0GuAG4SI7VaEFqU2NB46rxRbKbkhqZXXQHRwgxCx3UJ0FgW23x++Nya5IamNtfLY8vwxkB5cKYjtCE7+qyummm2UVxSaj8ckV4qn694kNja2lq8wFdUdQYsM4QtgKnotYhuK0KLIXGK73cG4LQXn1yijsq5reokstig369MVhiI5Hx+ZdEBs8BUgtkuJbWwdLbTepSWBudwkNr02wfXq7bgc4TmSmUtrschC631sfT7GJWfnJuZMVZEXXBimojN5eXk5X6QmSbnIXGwmtGa7zeN2u80RXD7erxUjNQnMmo8P3nPJ+fFT63BDYvukyFar1Wl+dwAjELHNZCehnElqWVRRYBKatd76ZrPJ0lPkdhCx+ZpZFNly2fTW0nsal6LTOTF6+0yyYeg1wAVAbDPZSizHUO5Ji+tmMUqTxCSwzeZVbC8v6XVuHrXFtbdSbEFo/d3du94ll6M3X48bWIOb3D5SjgEuBGKbyUayOZYQqaVoy+UUozQXmIRmrXO5ee/T07jOZlJLzUUW2n61envt0ovRW0gyvJPcWPRWjgEuBGK7lNhGMp8xSktyc5E9P6emcf/09Pqe/UzHp1ZEbBJSjNSSzFar1HvTa/18r8itFFyZRS3FFhMMyA2uCJIHM/j9+/dp19bKJEGcakpm1tqnp2YhqZnY0vvqQ9SWIjbhEZvJKstsvX5tq1WzW6/fRBejN5++FtnTyT1w9pkH/QQ/fvw47ncIMAER21dnRCcSBh555bW0ILUks8fH12jt8bFZPD+nsSI6iVByy9cpxCZpucgktdTf3ze7l5csuXdyszW33Ib2vw1FbERucAUgthk8Pz8ff5GhrR1BamkK6kJzmUls1jeS2tNTkl/KjkpuvqctiG1fRGs7E9pus8ktyW27zQJM0ZoEV24TGdvcOyY2gAuB2C6ZOLA1sby1w9fW4pqapp8us4eHpnl8bNqHhzQtbTXWcZtN06t58iFGbJ4skLwkMQlsu03bVXLb71Pba9uINv3qHPU2JT0QW9jvhtjgWkFsX72HbWh9LW6+9WmleiUKFJGpeYT29NTsXWoWzfU2HT3Yy+Ybc/W+EgQSl1rfN1Kfmv4rdm372uy9pEUdo8oHSS1+T13PN/9OiQ25wYVZfv/+/dLf4eb4+fPnvBNjniYWspelUp7ljFs+fHOuZGcRmqarqbfXvuUjIbko0rLXXk2QMqUWge19qupjNROW+pQV1TXLaMzX1vy9GWts/N3BOVn+/fv3rB9QIyerES33sVl9qFo7VDOq6aFeh3EWY2zCZRPEmc+zlq8Zzw3fwb9rHo/dWqnEhTbxe+LvDs7J8tu3b2f9gBqZfYcKn8YV1QFx3Pr1Q0uvLZJqrfk4Twl9mvj2Jd8t9Lehz9fUuEgGpJ+HmtGDzxkrs/pkxMbfHZyT5Z8/f876ATXy69ev06yxeXTlryWdxaLpLBOpvlsum+7uLq27qW+9xUqDKJ9iKtpqnczOaVart/N1zVhapeNi8zKrsW0fY2VWsZ+Avzs4JyQPZrDQ/+DHEBb483aPGLFZplSt2++bxW7XLNTb667vm65tU0sRnL6PZOXVB8KjruXyVWSrVdNpQ+79fWoaL+7vm2a9zi0dY9UIkmgUW976MbXVwz4X4NIgthncKfo5hqFbFPn00qeJJi4t06fWts1CreuaTk2RnJqiMG0P8T1wMWLT9SQ2O66X2ExuSWrW2vU6ic73u0mSfSm2WIHwP9NQgAuC2GawVoRzisRBzIz6lg9NH9VsDS1JLExLFS0qmkqlVRKS9rppmuolVX5NE1vncpKo9L0lLpNZa5FbLrWKhfFWO9pMlVVRcQBXCrWiX10vOlZSVWz3iHf08JpQbcZNQvMyK6sTzbWiavHuHr61I5RVRYmlWtEQqXlBvEvtYPo5Fq3NkBp1onBuiNhmMvsusGPPNijvwWZTSEVaKWkgsdkaWBKaSy9KzSM2x4Vk09acPFCvZkXwqTJBMisSCe/KqD6qNCBSgysBsV3DOpuXVXnkJqmpl4QkLpeRxpp+xptNhjvresIh4zIyUXkWNF3LhBmjtHhn3ZgFzc9EGIrWBEKDKwOxXUJsU1Gb35NNvbKcJrdcID8kNLuLbl5fs+vn/W7lDSctU3ow7Syyn+VzED5MFCA3uCIQ20yWEsExjK21xUypPkPCknx8qhlvbRQf7uLnhDW23ExWSXDlMw8GtnMcTEH/J/uJ1ODKIHlwySdVTURu724VXiYY4pOrPMory55CfeiBtGJiIN4p14/56EEufu0Z8IQq+AqI2L56o+5YvWWUkkdeun58apXLLUxXY3v3XFFJrSiJSpt2bTuJy+zgmQZTUdqUzIja4IpAbF9dMzp0Tik3ycUTCjZ+dzeQeC+3sSfBx7rTkAQoaz9zraiJcHTqibzgRmAqeiQn+/WVj+Mr7vAxmGgYet+vESU09BCWkalmFps4ceZz9s0DAD4JYrsGpqan3o+tx5U/G+Kju3H8b3SGmOBGQGzXxNT9zoZk5/3YeUMR15TEyHZCJSC2Wxfd0HFDjE0ricygQhDbLTD0T3TMPxsyg8pBbLfIKf7JEBlUDNs9bhGkBDBJeNwQAEAdIDYAqA7EBgDVgdgAoDoQGwBUB2IDgOpAbABQHYgNAKoDsQFAdSA2AKgOxAYA1YHYAKA6EBsAVAdiA4DqQGwAUB2IDQCqA7EBQFMb/wCp3rrC7i21WwAAAABJRU5ErkJggg==""}}]}, {""role"": ""assistant"", ""content"": ""0.490""}, {""role"": ""user"", ""content"": [{""type"": ""text"", ""text"": ""\nYou are given both an image and a text-based representation of the same stimulus. \nIn both, a red dot appears on a horizontal line\nThe left end of the line corresponds to 0.0, and the right end to 1.0.\n\nText representation (the dot is marked as \""\""O\""\""):\n|------- ---.-O-=-----------=------------|\n\n\nEstimate the horizontal position of the **center** of the red dot as a decimal number between 0 and 1.\nDo not explain. Only output the final answer as a number between 0 and 1:\nFinal Answer:\n""}, {""type"": ""image_url"", ""image_url"": {""url"": ""data:image/png;base64,iVBORw0KGgoAAAANSUhEUgAAATYAAABNCAYAAAAsLkgfAAAIlUlEQVR4nO2da3LTMBCA5Thtegfg/n85CZcArkDzNrObXXUj5LTk0Tia75vZkeI4jinlY/V0NwzDkAAAGmJ27xsAALg2iA0AmgOxAUBzIDYAaA7EBgDNgdgAoDkQGwA0B2IDgOZAbADQHIgNAJoDsQFAcyA2AGgOxAYAzYHYAKA5EBsANAdiA4DmQGwA0ByIDQCaA7EBQHPM730DcCbXeFRF113jTgAmB2J7ZJF95FhNXn4snovkoCE6nlI1ccq/Hn8dj9eORaK0vF47VtYBHhQytqkyJq6xevmZSCkzKWuCG/scwIOB2B4lM3ORvRc1XGSnws+Ln/lIsxZggtAUvYCr/+iKLK3z1/v9m7hq9XisJqMYs1m9tBhqorui0DrkCJ8AGdtUxHYqQ4sCi7HbHeTnr0u5FUIbXGS1iOeMZXJXkBJig88Asd1LbKeanhaDy8oFttsdYr9PndX1HD/m58fLljLr+zT0fa6rzLwez60JTijFhKhggtAUPZP1en2dC430oWVJeWbmUttuc73bbrPs9FjM2gRvXpZSm88PpUWsZ9GNya0U3Rk8Pz9f+lMDOAkZ25nsRCSXMjYw4NmXS80EJqXEIOVmo5JLfkzej01SwfvMgrwGkdp8fpBbrJeiK5qot2qaAtwCxHYmW5HKtfvUTEoqKM/CTFxabjbHsV4f3hPJhWZqVWxBZMPT0yGsnqzu59Waqx9umgJMAMR2JhuRyaWEZmO16WlSU4EFmc3ktcRq9XbcszrP2uTyNhggkjoS2vNz2od6FF2UXM7gatmb3jRSg2mC2O4ltrIZakJSMVk/mjY3N5s3kYnUVqs0rFZaitjkvSRhWV0qxSZhYtubxKT0ULFZXaUmr0NTNfa9HcntSv1tALeAwYMz+Pnz52UXGJvSEUY7Y5Nz5iJbLlMv9eXyEHZcxWdZm37erq/ZmohNpGZi01gstNwtFmmwuhxzyR01T8fk9tHVCyN8+/btsp8hwAnI2D5zRLQ2xcPD+8d8kCA0O7PElss0vL5q2b++pmG5TGm10pj5YIJfJ4hNpfb0lHYmtt3Li4pMxKaSk9ebzSGDc8GZ3FKUWznv7UK5AdwKxHYGK5HJpYRVBXmSbRj59CaoCy3L7PVVy2TRudzkfB9ECGLbu9hcahLrtUpNBLcToW23B7GJ5KxvT+Um92Fy0+xtbDABYGIgtnsPHPjSKZ9kG7I171PrRWoiMJfZnz+p83K51L62Yb1Og2dtPsHX+9hiM1Riu007id3uKPb7vU46Hmzir07+tZBj1SapgNxgYiC2e8xhq0zxyBmbZF42ECAZmMpKwgYJRGJ762+T0OapSM/EptleyNjyVA/JykReEsOgIX+KHJLdWQhS6l3W1quWzVEBucGEmH/9+vXe9/BwfP/+/TpbEZV9bD5dI85Js6kfGjY510ObjCY+lZrIL85lk2zNXg9hXpuOkvZ92seQrM7qyco8zcPn7MUNKiUumNfG7x3ckvnv379v+gUtcvFAcmUQwXUwWOhrH90s6vr90mQ8tVBekFJE483JUOZ1qNb8jAvpq+/XIm5tVNuV9wT83sEtmX/58uWmX9AiZ+9QUUrg7YI55Np6/bAgvfNO+77Xeuf1uMZTwmXkwvFrWL+YXsdKrdv7+n2heen34Dt95Pv5yNrRD/5s+L2DWzL/9evXTb+gRX78+HHdeWxBDjKQMLNMaSax26XZ05P2u0nZPT+/jZz6vDUfWXVBhaaoCmw+T52MbspnPeSa5aqDGOXi+HK6h4fe9P+PjvJ7B7eEwYMz6OUf+TWIo6IiI8ueNKw5KurohyH1+72GSC+GnmtZWV4Y72tOrT+tM7GpyCReXtJssUj9y0tKHotF6haLfI5L72i6x3sTdQEmAmI7gyf5x35tsfmuHt7EnM3SzKPrNHoLf63vibQkJAuLo6KWwfn1cnZmk3D7xSJLTYXmk3VlaZVM0rVzVWxSLzO3cmkVwIRAbGewECncYrdcHwUVUVmmNRMpSYjE+l6zRZFZL+9ZFiZSisuqYlNUPufNSxWVhcgsCy0sszpaViXnnlpWVRMbkoMJwFrRKawX9dIXwYcVCDqvzXf0sMm6ea1oWC/qWxhFsR1N7ZDF7x6+CsGWTx0tiLc+t+SlbUx5zSVVrBOFW0PGds9dYCuL4X3bIZ+3JoLRQQOLnKVZ1uXCO1oEH0dHLWOTLM8HEXzwoAsyy7t7+B5tIkQXW9yb7dTGkwATAbFNoZ/NRkOPdtAVQYl8RFYutjCaqU1Jz9TCnmx5d49yuoc1YYdCknlUNIyM+vbh/+zHxrZF8CAgtomILdfDonjN3iTLkszNsy0Jl5nIzaQWn4WQsz+fp2brRbVZagKT/rsjmRVTPPJgwVjzk341mDCI7UzmIoJrMLLMKj5WTySUN5+0/i/vf/Mtw6sPdIkTb2101Ded9MysFNo/GRrPPYAHhMGDKTyp6r2twr1pGnbXjc9COJJa+Qg+f1aoP4GqfEqVH4uP43vvMXwXSI0nVMFnQMZ2z4m6tf9T/JhIpZjfptKS0qaExIXyRw9PLh7mEpdMadbmy7Ls2D99aGWG9p7QyNpgYiC2ez7VvPb5ILs8oBCXSZnYjp6REDM1XwDvE3SDnFxgvmY0rw0NEtNz/N7GRj4RGUwcmqIXcrMfn+/4UdtVoxRZ7Fcr76e2eL3Wb+ZiO5WdXSi0i/8jAPggiG1q1J6LEMtSYrWIlLtwXGOnDgQFE4em6NR4TxreVCxFVpa1a45J7JTMkBg8IGRsj0I5LaRWlvVT0kJm0DCIrZWmau28/2lKIjNoCMT2qFz614bIoGHoY3tUEBPAKNYTDQDQDogNAJoDsQFAcyA2AGgOxAYAzYHYAKA5EBsANAdiA4DmQGwA0ByIDQCaA7EBQHMgNgBoDsQGAM2B2ACgORAbADQHYgOA5kBsAJBa4y9D9omm4D6++wAAAABJRU5ErkJggg==""}}]}, {""role"": ""assistant"", ""content"": ""0.475""}, {""role"": ""user"", ""content"": [{""type"": ""text"", ""text"": ""\nYou are given both an image and a text-based representation of the same stimulus. \nIn both, a red dot appears on a horizontal line\nThe left end of the line corresponds to 0.0, and the right end to 1.0.\n\nText representation (the dot is marked as \""\""O\""\""):\n|--.---------O--=--~------------.------- |\n\n\nEstimate the horizontal position of the **center** of the red dot as a decimal number between 0 and 1.\nDo not explain. Only output the final answer as a number between 0 and 1:\nFinal Answer:\n""}, {""type"": ""image_url"", ""image_url"": {""url"": ""data:image/png;base64,iVBORw0KGgoAAAANSUhEUgAAATYAAABNCAYAAAAsLkgfAAAIfElEQVR4nO2da3LbuBJGQephew1J9v83K8kmkqzBlmyJtz4IjbRg0M5IdKwLnFPVBYqWKFnjnOnGi8M0TVMAAGiI8bM/AADA0iA2AGgOxAYAzYHYAKA5EBsANAdiA4DmQGwA0ByIDQCaA7EBQHMgNgBoDsQGAM2B2ACgORAbADQHYgOA5kBsANAciA0AmgOxAUBzIDYAaI71Z38AKHhvp/Zh+FefBOD/FsT2WVx6q4na65AdwBmI7V9SSum9xzW8xOzYvw7JAYSBu1R9MHPy8ud1XD5+T2Zl+9YxQGeQsX0UNVH5tjyuCc/jRVYelxLTY7sOgoMOIWNbitrXOCew96KGl9h74Z9fXgOgA7rP2Bb3eiGyqJLj8XROrc7PtXNyK8U1jn9aO3bnJ9/35kW30O86IEi4cRDbUmKbKzdLgVVi8I/fEts4hslkZrFa/TnW6/WcWhbnJXcliA1uHcS21LSLGaHF65vADofTsdrD4SS0wyFMdt4kV4xyZlE5kU1qXbwSns/kyhLVg6SgQbruY9vv98tcyGdZLusycZnMotgULy+nY2u96CyMJKUoLpOY2vU6t/GcWi++OcHZNa9ku91efQ2Aj6LrjO0goVzD3MCAz75KkaWYnp9jq3P288nLzTCpWZYmoaWIx5vNn+MkuSy/t+SWrg3QIl2L7UVSuZTaPLSy30yiMnGplcxmIgrOlaT5+i77Monldrs9HW82IVQEl8vVvy1LARqha7E9SyhLZWx+EMBKS5OaCWy/zzGqtXMpe4vP1+tcaSupxZCovNC223DU47u7P4JLbZabK0+jHBEbdAJiW0hquTWhqbVszESm2O3CuNuFSed2uyw5K0lz1laKLWVqJrOjxKZ2v89yO+q9fBZn/XC+LEVu0AHdDh78/Plz2b41P0hgmZrP0JLQJLbV01N+HEM/t6zO+tm82NLgQJSZxf19FNvh/j5M6Vhh2dxZeTrX33al2L59+3b5dwjwgXSbsV08Ijo3T82VoGd9aSYvySzFlNqVMrenp5jRxazOsjYTWxo4kNiOSWyHJLDDfh/ldnh5CcciNAhhEctRP2Jq00YEAwnQKN2KbbfbXXeBQmxnUzmsBPVZ2ePjSWaPj1FmaoOk9vQUM7oot+fnMJalqKRmYpPUdruYpUloMY7HOLp7PB5PMU0x4hw6yU2Zm67p57rNrTEFaIRuxbbIwEE5+dbE5krQwbKzx8eTzFIMCklNkfraNAUkZlkKy9jS6GbsX3t+PpWgSWKHaQqasBJjGGKriSJSonoYLOJn9FNAEBs0Trdiu3gOW1mK+jLUjYKObtBgUnboQjI7mtSUyaXBBGVscS5bIbYoJZWYElqS13EYwnEcw2G1OouY3SWB6edn60YVlrUJ5AaNsv769Wvoke/fv1+/hMpKRrd6IK8wcJNv/cRcSS9KSq3kV7Q587O1nSop04TdKDk9T6OdqS8t9qup9ZFEq+NX5ad99gUm6/b6twO3z/r379+hR65eI1oZRLD5Z1YC5vloviQsSsTY1hbMz+zdZs/P16j9PvpZKknzKX+t2n5tF3wfvf7twO2z/vLlS+iR/7xDhRdBTQ4uA9K14/Xd4vXBrePU8ZBKTGtjuNHQ3Lo1ov75gx2njMwf5/ewVQvl53lv992/pNe/Hbh91r9+/Qo98uPHj8te6DOpsrxLctI8tFFTLA6H2ObYbMK43Z7mqlnJquena2X5ecFJULrWZhMGLTy/uwuDxXYbr1curYpRLquqTdIVV/Sx9fq3A7dPt4MHK/1DvxS/k4dlRCYMueI08znHOE1hpdD76nG6oes4DGFM4opTPmxhvBPbkOQ0SGx3d2FME3Knh4cwPjyE1cNDCPf3p0jCM9lJpH5p1Vl/W/ygDBxAm3Qrto2ymqWWU0k8yr6KMlDHUV4W4xhWitUqjArL4jRSWlt5YBmbrm/ZmVYXJLGtJDOJ7eEhDPf3UXq2AiGuOlDY1kauLGU0FFqnW7Hd6R//taOi5ciojm0U1PWDnZWi63VYqd1swkqyckuqRhs5LcQWy1qJOGVilqFJZoMyN8msXFaV1paelaG1VQcIDhqk27WiF68XLUdFiwXw5VZFtoNHlFeaiKulVFloatO8t7OMzd7O7eyR14kmgcUlVcre7LHvb7MtjD5oATzrROGW6TZju2oX2HfWi55tKpk68+OggUIyUz+Y27ooSy1tOFlmbDHjShmfsjYbOLBBhLyNkX4f29rIBg8+YPE7wK3TtdgW62ez9aLlLh9ecBKXRGQZXLnZpCtDz8SmsH6yVMJKYnEwwfrd3F5sOVMrbvSS75sgkBo0DmJbavfcmW3Bh7ny1Ld+k0m/g67NP0t9dZaJWR+axPZqa3BXfr656B25QcN0Lba1RHApb6xAeHVbPS+4UnLFTV1ytuYzNjdJV1NDcqlpZae/ucuc1AQZG3RC14MHi9ypqrb8yd+lyt8HoXLHqupdqvx/En8/0dpdqvy5Wun5ASUod6iCW6frjO3iibq1qR9lW04HKW+M7EXm9mCbu6+ozYuLWVsaKfXLqM62JCp376gJjawNGqZ7sV10V/Paa2bkFoVUkVxVeF6I7r3yOk9XYmbRlSsf7HZ9/nMiMeiM7ktRsdhXUA4qpKVVrwYYajt5lOHxfW3lceXWenkPNnvtZ/+PAOAfg9iWovY1zpWowibh1oQ2J7a58M+x4/L1AB2B2D6Kv+mHs3ZOaJ63BFbrR0Nm0DGI7TMl99Zxjff2UUNmABHEdksl699CdgbwJojtM7nmq0dmALN0P93jU0FOAB9CmvAEANAOiA0AmgOxAUBzIDYAaA7EBgDNgdgAoDkQGwA0B2IDgOZAbADQHIgNAJoDsQFAcyA2AGgOxAYAzYHYAKA5EBsANAdiA4DmQGwAEFrjf2x+Ho4epb+CAAAAAElFTkSuQmCC""}}]}, {""role"": ""assistant"", ""content"": ""0.250""}, {""role"": ""user"", ""content"": [{""type"": ""text"", ""text"": ""\nYou are given both an image and a text-based representation of the same stimulus. \nIn both, a red dot appears on a horizontal line\nThe left end of the line corresponds to 0.0, and the right end to 1.0.\n\nText representation (the dot is marked as \""\""O\""\""):\n|----.-------------- --------O--=----~.--|\n\n\nEstimate the horizontal position of the **center** of the red dot as a decimal number between 0 and 1.\nDo not explain. Only output the final answer as a number between 0 and 1:\nFinal Answer:\n""}, {""type"": ""image_url"", ""image_url"": {""url"": ""data:image/png;base64,iVBORw0KGgoAAAANSUhEUgAAATYAAABNCAYAAAAsLkgfAAAIoElEQVR4nO2dW3LbOBBFAVIvryHJ/n+zkmwiyRbGlmQSUxfqhloI9LBFWUXgnqouUDRFs1LjM41Hgz6EEBwhhFRE9+wHIISQqaHYCCHVQbERQqqDYiOEVAfFRgipDoqNEFIdFBshpDooNkJIdVBshJDqoNgIIdVBsRFCqoNiI4RUB8VGCKkOio0QUh0UGyGkOig2Qkh1UGyEkOqg2Agh1UGxEUKqY/HsByCkKaZ+xYj3096vEig2Qr5aZiW5XRJeSV56Tr9HwZ3g+ZYqQh6E/dPS42vnzqHisgIrnSt9bhBmbIRMTS4s2147zsnlhVYD3ymJLmTnG4QZGyGP6mrm4tIYx3/PXRKbSqrrTsWWR349aFRwzNhIczzs/+VyX1+SlsrsXFuSW0lekJsKzrQhFxrQrG4C/MwESbGR5phcbOcyNCuvLPwwHD/rNfYeQGQVVGB9fxRbFukam9WF6bqkFBshtYvtUtczBBeMrLzKCyIbhoPQhuFwjcgtnsuytlDI0gLEplH4HENl5rMuqjIzQX0WjrGRptjtdtPe0HYhIaksQ1ORuff3w7FprehOuqQAmVoutcUitZBZQCvH8TOuxbHPMje5372sVis3F5ixkaYYIJEpKM1oZhmaSstDZvu9C9JGqeH4/f1wTuVWyNg0KwsqsuUytmG5PIhO2iQ9/O7OjMNNLLe5QLGRpniHVO4lX4uWdTut0KLA9vtj7Hbp2BnJnWRtKjbJ1KLIRGIxVquD0NDiuyK7KDe0XSFzUxqRG8VGmmIPmUw9A6pCKmRpSWa7neuk9dvtqeA0a5P7BBEbupYnUlut3AiZIdZrF5AFyucoN8gO9+lN1/TSeFvFUGykKSYRW2H2M2ZrIjaVVRIZpLbdurDduu7tLYoNP3MamrVZsclMJ6Q2irTG9TpFlBqO5btRcJCaZm19NoMKGuqScvKANMPv37/vv0lp0a2KTcbNNBPrRGgQWf/2FqWWAnKzmZsZZ0vZWt+7UcSGTG3cbKLUhs3GBRxLxOwNoZnbQiYVrNgmGmv78eOHmwPM2Egz3D0jWlqvZicLVGwQGsQmGRoivL7Gtn99jcduu42Ba9JYm2ZsIrYRYlsu3SDZ2rDbRZEN7+9uHIZDjGMMLB9BxqZjbi7P2hpb/kGxkWbYQiJTjq9lyzriZIFmagiRmsoMrfvvP+deX51/ezvKTcUmM7a4e5SaiA3Z2rDfR6FhVncYxxhRaiEcQp4jCm6UNXIym/rPJEKlMrNQbKQZJp04COE4caBja5Kt6Zgaup9RZiI0D6GhRWCsDZkcxt5ysZmJgyg2ZGgisiEEh6sG71OMuF6EiJGloMJVsdmqBECxEVIPk6xhy9at2W5opxkbBvYhK50ckHG2UWSG6JDFIWvb7VyADLOuqC7AhaRQbAV5jdI9HRaLQ8hxHIcTgankTp6vwUmExffv35/9DIR8CT9//rzvBqVaUO2KmrIpW2mg425BQ9avpVYmD9IYG4CcdD0bZATBYfxMYjwTTtpQkpg+87llHzdKbi6+WPz9+/fZz0DIlzDJAoBsF46oA2RZEvpZz9ljrSG152/ZukjPanczP3/yO7Lf6fA78912SzK78d9mLr5YfPv27dnPQMiXcPcOFXa3DHvsfby3zwrX42fJnryEHqfidS2DsvfTn8uyDW9aPcbPfbZWTZ8hyH3S88gzXqxAuPHfZi6+WPz58+fZz0DIl/Dr16/px9gESKaTbmm3WMTxttgilkvnEavVscxKu7AqNBUcgKRUZuu1c+t1bDU6rT7Q0ipTL5omDPozWxyVduT9AHPxBScPSDP0+GOfclYUopDB+ZgtSdcUsoLk+hBcjxay08DP8F1cL5lZHGPTkio5DzlFGUJkugD35cV1m43rX16cQ2w2B+mtVgfZLZdRoiGXXGktW8UTB4BiI82wRGYz9To2rRE1Xc3O+2NAqN7HiJ/xcwSyMc3iUHmgExEmY8PPo7BUbJAaZCah0otVCaZeNORbGVFshNTLGt26R1UeoFuplQfolmbRaytdUwhLF/LG75iMLcpRsy4RG1qVmd9sjkJDa4QWu6Z9YQPKfB1b5RUIrBUlTXF3vaj9c8l3yrVlVaYCIdWKmhKrVEeKbM2MublsV49UJ6oF8KhCkLpQzdTS7h92M8o+G2M7l619QGhzqRMFzNhIU0yyC+y53T1saZWMd8XuphzHLA1dT2RcKjUpgE/bg2tmJZLC95x2WU3oxAHEpzJLYusKEwalyoPKsjQLxUaaYvJxtmyxbhQUxscgKx1HU7mJ1LTsKmVruNZsMpkv94gTAmZmVT+nvdrMLrvFF7z4M6/pqxiKjTTFJGIr7aCLmc6sCiEu2YC47CRBFmlzSrOYNq1307IqM37mz3Q7NUsLpSzNt/fOUYqNNMUCsnngK/dOdvzA79JxNwjVjL+lXXOt2GzJk1nEG2VmXt5ykqVdewUfuHNsbY5w8oA0x6RvqrILdu2OH4Ua0jj2piLTY/tu0ezVealraRbd2nca5Es5wrVup/98N3ROb6gCzNhIc9y9UPfKe0XT+z1VbFpVgDE3Wyxv5WfvIzOjsSRK5JYW7V7K0OS77txY2h3F73ODYiPNcXfNaOn7edaWCU73RzuRmc3UsjfApzpPIzArtfRZniVla/b5fN1r1S7Brihpkof8Z29nSvWznTXNj/OXJGeF9f9MAOTH5trwQKH5GQqRYiNkCq51Ty9tU3RObNreOnaWH+fMUFCfhWIjZGry5SB5WzqXc2ngv9Fxs49AsRHyjCzu3DWWcwKjzK5CsRHyTMndAkX2YSg2Qr6az/7JUWY3w+UehHw1FNTDkXJ/QgipB4qNEFIdFBshpDooNkJIdVBshJDqoNgIIdVBsRFCqoNiI4RUB8VGCKkOio0QUh0UGyGkOig2Qkh1UGyEkOqg2Agh1UGxEUKqg2IjhFQHxUYIcbXxP4NOlatHaI8FAAAAAElFTkSuQmCC""}}]}, {""role"": ""assistant"", ""content"": ""0.450""}, {""role"": ""user"", ""content"": [{""type"": ""text"", ""text"": ""\nYou are given both an image and a text-based representation of the same stimulus. \nIn both, a red dot appears on a horizontal line\nThe left end of the line corresponds to 0.0, and the right end to 1.0.\n\nText representation (the dot is marked as \""\""O\""\""):\n|------. --------.------O ---------------|\n\n\nEstimate the horizontal position of the **center** of the red dot as a decimal number between 0 and 1.\nDo not explain. Only output the final answer as a number between 0 and 1:\nFinal Answer:\n""}, {""type"": ""image_url"", ""image_url"": {""url"": ""data:image/png;base64,iVBORw0KGgoAAAANSUhEUgAAATYAAABNCAYAAAAsLkgfAAAInElEQVR4nO2df1LbPBBAZTsQeoa29/+3J+klaI/QEJI4/mbXWn2LKgMtonHEezMayU5sUoa87uqXu2mapgAA0BD9pT8AAEBtEBsANAdiA4DmQGwA0ByIDQCaA7EBQHMgNgBoDsQGAM2B2ACgORAbADQHYgOA5kBsANAciA0AmgOxAUBzIDYAaA7EBgDNgdgAoDkQGwA0B2IDgObYXPoDAFSj1uM7uq7OfeBiIDZoT2Z/KzgTWn49ors6Op5SBVeL/9O1dulc3s5F5Y+X2s+dg9WB2KAdmUltpfR6SVC5yPLzpfeVjmFVIDa4bqG9puTXl6Tly3PnfO1BdKsCsUFV3vXPaZqC6qMkr/N5Ltb2tV3jycXlS98/OZ7+VHJ/SIcUq8PgAVyH2EpRmheYlHHUurNjez2P3HJpmcikLrSnTHS1BYfY6oPYYJ1iy+8T5aT3jzLrcqFJPY5hisfS7rz87FZ5dNb3s7ysDMPTY19eEpwHYV0MUlGoxuFwqH9TF2l1WdppIlOBnU4hnE7zOWnLOXs9T0l9FCZSG4b/61hSe0l0XowVIrfb29sqvy6YIWKDaowikVoURjZVbD4SiyLrjscwSft4nKV2POr5KdZPUlIXsamsosRUZJvN3N5s5vOxTm0X0f1x9Ab/FMQG1TiJVN6pT82kpkKzaCzKLJXDIdXBJBejt6LYnNREXFpubmaJxeNgx150udy85AzkdlEQG1TjKDJ5rxFQ16cmaacWk9nhEHqpHx/TsUkupacxapOeF4nUUjGhbTbhLBIrlCQ3KxbhmeDylBSpXRzEBqsV22/RmovUei+1x8cwPT6Gfr9XuclxkCKRm0VtJrYYsanUhiGcndTOt7daVGixHex4QXC/9bsJpKQXh8EDqML9/X29m/npGSI0aUepWZ9a76K0Yb9XqfUPDyo1bUv0JkUE6NLRJDaRWhSbl9ooIttu5+PtVgVnxST3RGxebm/sa/v69Wu93+EHh4gN1jUims9Xi5GWCi2moL2JLUpsEqHt92HY7cK034fw8BBClJv2tUmJaayKre/DWcpmE0aR2s2NCk1ENorUDgdtn4/HWW6nUyoiN5WaCM6NohYHEwwit38OYoMqPIpEKtJlfWs+BdUSpSbR2rTbhUFkttup1DppS5H3WDoa+9lEbCo1F62J3ERo4+EwFxHa6TSXcdRi8+N0jpzITdqvidrgIiA2WF//mojNTaw1sVlaKVIbYgqqAhOZ7Xah+/VLpaZtEZ4UGyH1qajrX0tp6OkURinjGMZpSkWm9eo1cfKxxpPxc03yGUVuUiO2VYHYYF1z2HwqaqOg53Po4yCARGAyP00HBqTEvrSz1DJ4EPvaNCWNYusysdlkXB00kIjsfA7nKLGx68LY93PddXN0F4V1trlv+d5tUir1s0EdNl++fKl0K/jIfPv2re7uHT4VtRUEllLadI845WNyRWSX6jhq6iM2vb0ISEZD3SoEFZ2lni4F9amoCFBTUUk9pTaB+Xlyb5jTxnexHpufP39WvB18VKqvEXVLqDQF9EuqbM2oTeGwtNDVxWIL4PP7WIrqP0b+sfy/0SI//3mXju3nvQK+i/XYfP78ueLt4KPy5h0q7MtvInD3k3t3WXqXjqXd9/Ox1EuL1+1n2GTauISqi1M3umHQks77Ec/4WufWjKafv7S06i8iNr6L9dj8+PGj4u3go/L9+/c6N3Lz16wtWuijjPpCETlZkWkYnUzFkDTVdvQQsbiIzaSl79tuQ+dKb3PXYq3TOqzYMis/GlqapPuXfWx8F+vB4AFUYZAveC0k7RRJWB+byCgKTtLRfprCMI5zkQGFcdTBBa3lWrlG7iORlUjI5rHJa3Fyrorw5ib0JrG7O5XacHcXwqdPIUjtZSe1TdA1yXm5laI3uBiIDapwI1/2WmRbFGkaGCOivuv0YbgiMKkHkZw71tdFhFFcaeVBFrHJ631cOqViE6ltt7PQ7u6S0HSirpy399rKg3xrI78gXkBsFwWxQRW28uWv/UwD1/FvfVydpaAiuSi6IbYlauxFWFJub1VMNnqaNpoU8cVRUZOVTri1dDRGbio0Wzvq14s+t5yqtF40b8M/gbWisK71ooUlVaVdPWz1wZO1onEZlda2w4eJzW1ZZLt66ORcm6AbRSYrECY7dlGaSW1x66I3bjrJOtG6ELFBNarsAlt4tkESm6SXIqkYlaWUMqaVEqXp7h4SedkebZnYVDYx2pJrbLChk2tjsUXvZ7ejx5M92V7aLtx+DlwMxAbr72fzE3VFaLK8yo2E6iCAyUn6x2zDybiDrl7nxeame2g/m5ObHduGk2nTyWwU9FUPeIGLgdhgfWJbitokQrMddG3+WYzi0kCBi9TyTSaFNN/N75wbJSb3sOMkM6vdsxFeFaUht4uC2KAaG5FNDRaWV/nH6qmwbNqGtEVslnbasw4sWnNPqEoichNv88gspZ0+Qlua0oHUVgmDB7DeJ1VlzwNND3NZekqV22E3vW7vN7IHuSRpZemmf13fszRPrYLQeEJVfYjYYF0TdZfWXvpF5m5+W3quqERu1nZCSzI04kOSLSXVqC3KLS3H8o/bKz2s5TX9aURtFwWxwbrWjObXZ2lpGlAQ2VjfmQnObXP025Pg3f1tVUKK3GyNqUnMH9vT4kk7rwpSUajOu/xJWed/vl9btoX4k3O+ePI+snwuWva6is2u8/dYw38EUASxwbp5blugksBKQiuJzernSv7eEohplSA2uB5e6n8rtZ9jSWBLMkNiVwNig+uktLb0uXaJUmqJzJoAscF189IOtq+hJC+EdtUgNmiHt/wpI7KmYLoHtANygkjcZwUAoB0QGwA0B2IDgOZAbADQHIgNAJoDsQFAcyA2AGgOxAYAzYHYAKA5EBsANAdiA4DmQGwA0ByIDQCaA7EBQHMgNgBoDsQGAM2B2AAgtMZ/tUFVB4B3SsEAAAAASUVORK5CYII=""}}]}]",0.410
google/gemini-2.5-flash-lite,sample_010,0.65404,0.65404,0.5,"[{""role"": ""system"", ""content"": ""You are a marker location estimator.""}, {""role"": ""user"", ""content"": [{""type"": ""text"", ""text"": ""\nYou are given both an image and a text-based representation of the same stimulus. \nIn both, a red dot appears on a horizontal line\nThe left end of the line corresponds to 0.0, and the right end to 1.0.\n\nText representation (the dot is marked as \""\""O\""\""):\n|-.----------.--.---O-----.-------------=|\n\n\nEstimate the horizontal position of the **center** of the red dot as a decimal number between 0 and 1.\nDo not explain. Only output the final answer as a number between 0 and 1:\nFinal Answer:\n""}, {""type"": ""image_url"", ""image_url"": {""url"": ""data:image/png;base64,iVBORw0KGgoAAAANSUhEUgAAATYAAABNCAYAAAAsLkgfAAAIfElEQVR4nO2daZLTSBBGtbjbfQfg/n85CZcAzkB71cRXzhTp6pLa2GIal9+LyCjJlmQPeB6ZqkXtMAxDAwBQEd1HfwEAgKVBbABQHYgNAKoDsQFAdSA2AKgOxAYA1YHYAKA6EBsAVAdiA4DqQGwAUB2IDQCqA7EBQHUgNgCoDsQGANWB2ACgOhAbAFQHYgOA6kBsAFAdiA0AqmP10V8A7pilHpfRtstcB8BAbHCbyG6RmwutdA1kBzfQ8pQqeJf8J+L78fWpY0qSivtT21PHA1wAYoPrZKa2tF06N8rpvXZue+41gAClKPy5zKaidE4uL4+5fZ07JzS/NoKDCcjYKmDRv8KCoJI+jsdzicX9/L38++Ti6rpzqRViyM8pXesGWqRYNWRsFbCY2OYyNMnLBebbIdpccJFcWi622GayS2IrhWdzU1ndhSC2ukFsjyy2udIzCG1waR0OTesyOxxOQrN2UGvHJcll5eKZzCzSa6X9XHq53Py63H+DCShF75ztdrvMhUr3zCSpmJlJbBKYRdre73+/5sfnWZsJahRX35+21fb9+WvviW5Kclfw/Py8zJ8d/HOQsd05BwnlFqY6BrzENGElke33o8ja3a4ZtK3XguCGWJaKWH5Goa1WJ6mZ3LQf3y+J7m/IDeoEsd05e4nlWvIhGtn9s5R9eUamdrc7tYrt9tTudqewY5LkSmKzzCwJzaQ2bls0UXba1/G2/0Zu3vpnxBYeHsR25+wkm6Uytlh6ernpWZrLTBJTu902nW+r9WNiSSqsIyCJzGX29DTK7Kht3/dWInPZudhi2TqXuQEgtgcXW16G5vfSPCOT3CQyE1qS2mbTDNbqGL2XMjaFX0dYGRozNJfZ0eP5+SQ122+C5GIWN0apNHUQHNB5cN98//79+pOnhnTkmZqXmptNklcS2WbT9K+vaTuFSS9lcDonz9iC2KLMUrteNwdJTPv2WpKaZCexueAsi5sU25Xl6JcvX67/M4R/FjK2R+wRLY1XiyVoLjUTWucye31tBm2/vja9MrfNJmV0Kavz+2y52CQ1E9vBJJZaiW29PkkthDomkuB0PcvcRrGV5GafddbCw4LY7piNhHILpaEdsQRVmetSc7FJZhLbr1+pbSwkvyS3/b7pXGw2iFbZ2lHh2ZpkJrGp3e1OIbnt96c4HFLou2h8nATnmeRZWRo7EgRCAwOxPXrHQRSbj0dzsfk9NZOaRNb/+tU0Fq1CUlOoRN1uT5mW32fLMrZ0D00Z2W6X5CZ5abjK4Xg8i+MwpGEjg7ehp9Y7FtL3nCpH4eFBbI84hm3u/looQ3XPzDsNBs/IlCXafbajWhObdyY0Pr4tE1vqBJD0lI2ZvHSE4tC2v6PrmqPCMjG9P84bjd/dx7vpc0rlKDw0q8+fP3/0d4Ar+fr167Jj1+Jg3DDDIHYopMG5lpWN2ZlaSVBS817UUIqmoRr2uUlS3plg548lqO7BWRnqpahK2DRdS/JSq/Oj0PW6f84VcuP3Xyernz9/fvR3gI+aI1pYbijNGtCuRRuOS+/4+9r31/NVPuJwDxGnZWXnxf+GeP34HYrvxzYuZ+QT5C+E33+drD59+vTR3wH+zxUqSqtixNcs89G10/VD72Pr5Z+2+z5FE9qxNFQbV+DIxqHF8+K547Z9jj5P4RPo0+dPTYr37x7bC+D3XyerHz9+fPR3gCv59u3bMhlbLgitwXY8Np3dpFfbPT2l3k4N5+ien08lqZesPj9UTon3vvzaEpSNSWs18Vznh9D10rg1G8Om4+IQDx+oe9Eg3T+UPb//OqHz4I7p9T/4kr2iIQuSHmJoQEU/DKew/RRt23QxgyvcY0tZ12rVtBLben0S2ctLiu7lpelfXppGsV6niLKTUEex+SyE0sR4QccBGIjtjnlSZrOk2CQN7yjw0rPrRnl59BZd35+yOcvoUgYWZh/kGZvENmZnJrY+Cs2kl4aCWObmw0SK80UZ6gETILY7Zi0hLNErKrJ119KQD8nIosuil6SenppeWZWE5FOrJsSWylqFpGYic5m1ytyC0Ma5o6UydG4JIwfJPTzMFX3U+aJzy3/7Srm+YofNQvA5oWmuqLZ9ipXPFfWljDKxjXNF4zxRn0ZlU6rezBXNlzIKHRdvFp4UV2RtzBOtFzK2O+fqVWDn5ouG6VVJUioFvdNA8lKWJtEpU/PVPvLli+JwD5eSlax554HCJ74fQ4fBmzXZ8iXDBYtNQgHE9sj32fKyNK5+G1fQdcEp/D6aiW2cehUWnEwRS1Ef8mHSSh0Cuo7dl+tK67H5/bRQfvrg3qLMkBoEENuds6jYJp53MMotW6NtlFlct82PC0NJUm+r9ZqOK+aaxCS34gq6vuLupUuCIzYIILY7ZyUhLCU2byce5jIKTpmWS86fexAe6jKe43jGZnNGo+DGsjM+5yBKzSX23vJEiA0CdB5UwCJPqsqnV1m8KU3jYpT5U6qi1KaeUpWVmXEZojdPqbrkwS08oQoKkLE96kDd0r9npQ6FbB5o8XF8cQJ9/lzR8NyDcUqUTZeSyNLYudLj9q4RGlkbGIjtUeeMls6ZKE2TqHwVjTjZPSwoeZap5WLzqVYxc4uii/v+VCvKTrgBStFKWPSvMRNcXOGjlMW92S6tvBGzr9K9syw7G8vQyEJCu+ofArgrEBv8ZuqnMFeiliKel2daUxHfj8eXQEzwDogN5sl/HjNruZVK0DOmhmnMyQyJwRUgNlhGclPHRKYEhsxgYRAbLNujegn0aMJfBrHBbdzy80Fm8JdguAfcBnKCfxBbIgEAoB4QGwBUB2IDgOpAbABQHYgNAKoDsQFAdSA2AKgOxAYA1YHYAKA6EBsAVAdiA4DqQGwAUB2IDQCqA7EBQHUgNgCoDsQGANWB2ACgqY3/ANGl1gCCZwauAAAAAElFTkSuQmCC""}}]}, {""role"": ""assistant"", ""content"": ""0.470""}, {""role"": ""user"", ""content"": [{""type"": ""text"", ""text"": ""\nYou are given both an image and a text-based representation of the same stimulus. \nIn both, a red dot appears on a horizontal line\nThe left end of the line corresponds to 0.0, and the right end to 1.0.\n\nText representation (the dot is marked as \""\""O\""\""):\n|--------------------=-----=---O------ -.|\n\n\nEstimate the horizontal position of the **center** of the red dot as a decimal number between 0 and 1.\nDo not explain. Only output the final answer as a number between 0 and 1:\nFinal Answer:\n""}, {""type"": ""image_url"", ""image_url"": {""url"": ""data:image/png;base64,iVBORw0KGgoAAAANSUhEUgAAATYAAABNCAYAAAAsLkgfAAAI6UlEQVR4nO2dbY7aMBBA7STLxxna3v9vT9JLtL1Cd4ElqcbxpINxAl0+At73JMtJCAFV2texPWN813WdAwAoiGruLwAAcG0QGwAUB2IDgOJAbABQHIgNAIoDsQFAcSA2ACgOxAYAxYHYAKA4EBsAFAdiA4DiQGwAUByIDQCKA7EBQHEgNgAoDsQGAMWB2ACgOBAbABQHYgOA4mjm/gIAMMG1f5LEe/cZQGwAjy6znNzGhDcmLu8/9r4nxfMrVQAPLDN7PXftlKT8GcfnPOfJQGwAczIlLunHjtP35KTlT/Tp8dS1c157IBAbwCNFZ+mxtLY9PE/fMyYvnzR73d6bHufOx65NXZ8RxAZwBlf/M0nE5K24rMzSPm2WnMx8bFV1JLnuIxHdfwxn/YzCY/EA4N5iy0VlOaElzdvzXMRmWqcik94e23tORXK5Xj4vXYgYERhiAyhZbLmhp16LkgrPV4Ht9/2x9Pt9L7T93nV6Xe6xMrQRmMqrrnt5Sa9yq6peeGn0lhPcmOiuMU93BxiKApxgu91e72GZKG2IxKK4gtje33upJf2B+Oyfro3C6l5mQWp1/U9ucmwkF+6ZGr6eEp/9bNsbFouFmwMiNoAT7EUktxp+JhFaENj7e+ilddLvdr3o5DhGboMMFR1+alTWNEFoQWr22IpO783NwY1FdVOLEXr+ACA2gBO8i1QuIU3PMPNoOszUKE0lJn1o2+2/4yi30Oxcm51XE1k1UWTSv7z0fbymkhuiN+nH5uJycsssQjyi3BAbwAl2IpsrRmwHiwBplKYik367dVXsDwRn596i2EROIqpBaE2U2suLa1VuqeSS6O0ogssJLr02Nfc2I4gN4NZiS4ehKjTpVWjyGbtdL7LNppfaZuO6zSb0ck1eC9Ga3Gvn2VRsUVRd0/QyWyxC38ZezoPomuZ4eJrMvR21VHZ6Lmj/QHJj8QBggp8/f17+kFxKRzL81CitUpG9vbn67c1V0uK10EzUFt5vxRZl1RqZtctlON4vl73UVHIauYnkzLB0Um4TqSNTw9Fv3765e0PEBnCrFdFclYBZ/RyTWpDZ66vrothEcHLsNhv5QkFuwzxbErFJNNaKyERgUWgit/1220tut+vlZoemMWo7EtuY6HLDUyGVm16bAcQGMMFGZHIpaWqHzpHFYajLSK0WscXeidReX8NwVO4N92fEFqQWxdaK1FYrt9/t3P79fWitNrlHvodZaBjSRM6N3qZWS2cGsQHcY+EgFZuZWwsLA1FqtcpM2p8/zovQtL29hXs7aZrXpmLT1VAV22oVxCVt33X/mqSvdJ1rJSm4bfsm75PvZefb5Nmn5IbYAD5pDls6vxajtRCxyWKBiDOufoqwNCKTKE1k10ofWxiextdDflsiNqfDy7Z1kuEWmkRyVeX23ru99PFYrslr8l6572Ci3X5fjd7SOcKc3B5oAaH5+vXrrF8A4JH5/v37dXLX0vpPnfy3zSTmhuTc3W5oLunDKqrNY5OILX5mF6sPhtQPGXrG6K0V6WmL3ytEb7m6Vfu9LSI0vTYmNsV7N4djmt+/f9/9QwGehYuTBjLbDWmdZxebrfscakbN63I+iMcm5lqxCea1TiWXRGNpCVVYdEjOTw4x9TNzu4vY7xPvncMxzZcvX+7+oQDPwod3qMjtfGGqBKTJs8PzzeqiN3NYXs/reuiHphGTfo59ra6dN70ey1A1HMc8tnAemy4e+FP5a1MJurl/K+/dHI5pfv36dfcPBXgWfvz4cdkDMrtwhGORSNu6Kk7aV9Kapm8vL6H5xaIfliaVBuEpOsFvhqIiKBff5+S9plWSxyYJujFJ12mTe5NV0bPLq86cX5vDMSweAExQyx/7pdiCdyMJ+fMPLQ5Hq65zddsOTc5FfJIlJi1EeBp52VVReS3KyUexVauV69br0Kr12tWrlXOmhXui5Cqby6Y7fuTKqP5TaHOC2AAmeJGo5hbpHnao6b2rbBOheh9aONeITqQlVQmxIH5YFRV02CmiWi5dJ03Etlq5er12TpoIbbUKr4dk3Ri12dKqYYU1LXwXcom4Dyg1AbEBTLBcLq+3Kmon/2NybBCUCE7lJa2qQhRVx6FpHaOrkMAbKw8OxBblI+/V4WUn31ujs/W6F5rktkmLCby2KH5I65iaP5uS2YNUHAwfT60owA3rRXMF8LoLrm4iqWVVsQhei95rrUSQa9rrLh+2VlQenyboLmKSrkRmUoEgQ1ON1HSuzdaKplKbEtlEakfKHHWiAhEbwAku2gU2t8Gkik2kIoKKc2Nhdw8Zbuo8WZz0DzKTiEulprludhddjbji4oOTRYPl8qAFmdkhaLo3W05qTxKhpSA2gFvPsyVyC3lrma3Ag9C0j2Ia9mPT0iuVmt2PTYhJuZrGUcWhZpCaLhTo8DNKbdh00kjt6AdenkRkKYgN4M5iO1gl1SoEjd5keCpC0sjMDFOHonmN1ozYdLVVc9I6La8SQarMTKQ2DD81WhtLxh0TGGIDeG4aEcElTC0k2JVSG73FHDZbZqXHbuQ3D0LTRNvG7LdmFwmSxYKj3zzQZ53iwcXG4gHAvX6pKimtOvqVKvvze5qUa/tUavZ5WhKlQ8sm+Y2DJEo72gp8onLgo8z1C1UCERvALRN107ghNywVuWSGp0eiS388OalokPmxoSSq7vPaRFxDSVW6BfhUPeg5PHDUhtgAblkzmr4vNyyN1QcHhe1aD2qis6Nfgk+kaasaOlNvanfEPbjn1M4cTwxDUYAzueqfSrJtuD+1bZDt0x1DlLRawI/UesYKgtEV0Dn/I7jW5yM2gDuS+3NLJDcquNwcncWKqvpAfScRGwBchak5OO3HZJb7001LoYRzk24LArEBPIvkpo6VqUjMP1eS7SUgNoBnGq7+L/7zyMyC2AAenWv8ifrPITSFdA+AR+eTSekaxJ3jAADKAbEBQHEgNgAoDsQGAMWB2ACgOBAbABQHYgOA4kBsAFAciA0AigOxAUBxIDYAKA7EBgDFgdgAoDgQGwAUB2IDgOJAbABQHIgNAFxp/AX/qdllPni50AAAAABJRU5ErkJggg==""}}]}, {""role"": ""assistant"", ""content"": ""0.530""}, {""role"": ""user"", ""content"": [{""type"": ""text"", ""text"": ""\nYou are given both an image and a text-based representation of the same stimulus. \nIn both, a red dot appears on a horizontal line\nThe left end of the line corresponds to 0.0, and the right end to 1.0.\n\nText representation (the dot is marked as \""\""O\""\""):\n|-------------=---.-------O---.-----~----|\n\n\nEstimate the horizontal position of the **center** of the red dot as a decimal number between 0 and 1.\nDo not explain. Only output the final answer as a number between 0 and 1:\nFinal Answer:\n""}, {""type"": ""image_url"", ""image_url"": {""url"": ""data:image/png;base64,iVBORw0KGgoAAAANSUhEUgAAATYAAABNCAYAAAAsLkgfAAAIlElEQVR4nO2dYVLbSBBGR5LBJlcguf/fnCSXSLgCYGxLW994WmmJkcDYLM7ovaqukWxjvFT8tkc9Paq6rusCAEBB1F/9AQAALg1iA4DiQGwAUByIDQCKA7EBQHEgNgAoDsQGAMWB2ACgOBAbABQHYgOA4kBsAFAciA0AigOxAUBxIDYAKA7EBgDFgdgAoDgQGwAUB2IDgOJAbABQHKuv/gAAV8clbwNSVZd7L3g3iA1gSmg5weUey8nLHnvv6+GiVNylChaN/+efO556fkpUY2nNPTf1GJwNYoNlMicxjRb+fA4TVG7MyW1OgHA2TEVhWcwJrW2HUstFjrHEvMymzvVeczJDdGeB2OCq+ZQJhRNaNRaXyW1q9D8vxsKq69eC84/rx3MC9Jj4PkiFFBEbLExsuemmiWsiKn8+VQxI8uq8xDT6Y/+aXNh7vZXNvUGF2BAbFCy2qaqmi/j+JrDDIQSFzg+H/rxL5/E14ylpVf0VlYlM8tLYNMPzCdFNCs6DrE6C4gFcLS8vL5+aqQ0yMRPZfn881rjf/5WdPe/FaLKxLCyJrPNjileis2MvRPGW4N7J7e1tWDJkbHC1HCSSc5mqePopphdZim63C9VudxSdPabX+QJDEpBNP01k3Wo1eTyQnxPd5LU5QbZ2MogNrpa9pHLpCmgSUzXK0nqxvbxEocVwxya4wbU2E5vLwqLIkszieHNzFFp6PI4Smo2WySlyU1MDuZ0EYoOrZSehXLICqnE89dRoIjOZbbeh1uhDz9k01RURlK1FiUlsJrUks1ajj/Scl1w/VZ3K3gRSOxnEBuWKbaIC2gstSS3sdqGWuLbbo9S229Cl0c71mhh2zS1lbFFsLlszmWlsb29jRKnpWFKzcxNcyt76rC1XVBDI7SQoHsBV8vv37/PfJCc2q36mwoBlacrQosien0Pz/BxqHz6D80UEn7E1zVFmJjSN63U4SGTr9V/JWUhsbpray+2CWduPHz/CUiFjg7IqolOdBRajbE1hUjORdU9PoX56Cs3TU+ien0NQ6HnL2mw6axmbpKZsbbWKIpPADpLZy8tx3O2i5Nr9PrRaPuIiCk2S0/FcMcEgc3sXiA2ukq2mf5e8vmbXxUxqqRjQS01hMktjeHwM4ekpZnESW9BrbTrqMrbWxGZSU0hqu1047PexuiuhtW3bh8QY5SappWt+ryqlc90JMAtig2UUDnwngS3rsGnodhunn41lZ5LZ4+MxdKxI1926jNisaKAMrc/M2jYcum4Yql3oZ0ZhnzEuBFYgtrNBbFDmGrbx7hyjamitjC0VDTpNe11Idm0qHFQ2PVXGlsQWsz0nNqtyKgNru+4YyuSqKhzqOhya5hiSn6SXMrPWt1f5z+ynowK5nczq+/fvp/8UwCfz8+fPy1xjy/SDjlun+ulpmqJ2aTFul6arcZQA/Zo2+z3K2ExyaU1alFx6jzYzDbWpqEbf0vVKYG6tXM8Jgvu+4O/26uHh4as/A8Arzi7Wj3s63U4ecQrod/awKaEdWw+pG2e3MPK9p/bQaBePceN7nMK6iufsf61v3zrh7/Kw4O/26v7+/qs/A8DldqhwmdSr8xR67/j+br1YPE/Tv6ppQpWyLx0HH1a9VIYlfOfAatW/vtKxW8rRH7vX6XfYwtxqrrVq+Id595/ifsHf7dWfP3+++jMAvOLXr1+Xv8aWkBrqVCWtdb1ttQr1zU287qaobm5CdXs7bIS3nT0kFpvGCkkpLdmo1usQ1us4WtTrdVzHFkON6Yq0hm2wjs23V5lk44f9+Dq2Pwv+blM8gKuk0Rf8s5Z7KENLWaFkVXddaBRtG6O2SM/F11kGZ1XRJLaYdSkDS2KLIttsQnd3F+pv30JzdxfCZhOCRi87idTE5ncA8Z0H8RdQNPgIiA2ukhtlNJfeKVcykpwkt5Qh1VU1iCZFPNfzijSVjFmcCgg+Y0vTVT1Xpy4DE1tjQttsQrXZRKHF5SApa/M7fwz2bGOZx9kgNrhK1prWfUbngVvyEYWkaWjT/I26jtmijhs9p0jSiv2kJjZ77yS+OLVMYlNmJqFVXmibzbB3VOGv3Y17RAUdBx+GXlEot190qlfUyy0t1I0dCGlnj8baq/yoNW0mNr+7hzXAu6b31kS22cSWqs5lav0uH2kK2r0ltQ8K7ceC+0QFGRtcLWfvAjsWm3AbTPYN7Skzi9fJdO3LMjTJTNfENEp61rEwytis8lmnrK0vHqRja3yPu3v4KahVRX2FVrCjx9kgNljOdTaN7q5TfeZmUlM2liqiEluUk2VqJrbRfmyD5R5JisrKTGyxQDCXqaUsbdCBgNDOBrFBuWKbud7WZ20aJTZlYSY3CcwKBRKUtVG5pR9GXP+WCgj9JpNJZpLkqx10ndQGd7Q6vtlwhA+D2OBqWUkE55LrEMg1xqcpaczeJDFJTiJTIcC2Dh/f0EVY1uUW5o53yu3F5m7oMim18TF8CIoHsIw7VWVu6tIvAbH1baPe0T5D81uC+5u5CLuRi0lrfE+Dia2/By1WFxba7cLvUCUQG5S7y8fUfUVtzFVL/S4gTnSDmyfn7ivqb6/nRZZbo/aeXTvOkFxzicXN/zhMReGqOeuu5rmfnWiMj7LxO21YP6gXXq4BftR3agIb9H7qPNcQP/UZ4WzI2ODq+ZR/ouk9o9hyi3jHx+MpaKa5PnuH90wngd/V46r+R1AQiA2WxSnT07e2KhJeUm+Ff72BiD4FxAbLZmpJiI254xxjec0t4UBmnw5iAxDjr8FYcrnXeHLiIjv7MhAbwHsl9x5y8kJo/zuIDWCOj349kNmXwnIPgDkQ1D9JWikIAFAOiA0AigOxAUBxIDYAKA7EBgDFgdgAoDgQGwAUB2IDgOJAbABQHIgNAIoDsQFAcSA2ACgOxAYAxYHYAKA4EBsAFAdiA4DiQGwAEErjP5FJi7ZzfsrhAAAAAElFTkSuQmCC""}}]}, {""role"": ""assistant"", ""content"": ""0.523""}, {""role"": ""user"", ""content"": [{""type"": ""text"", ""text"": ""\nYou are given both an image and a text-based representation of the same stimulus. \nIn both, a red dot appears on a horizontal line\nThe left end of the line corresponds to 0.0, and the right end to 1.0.\n\nText representation (the dot is marked as \""\""O\""\""):\n|.---~------~----------=O-----------~----|\n\n\nEstimate the horizontal position of the **center** of the red dot as a decimal number between 0 and 1.\nDo not explain. Only output the final answer as a number between 0 and 1:\nFinal Answer:\n""}, {""type"": ""image_url"", ""image_url"": {""url"": ""data:image/png;base64,iVBORw0KGgoAAAANSUhEUgAAATYAAABNCAYAAAAsLkgfAAAIiklEQVR4nO2df3LaTAxA/YOE3KHt/f/tSXqJtmdoAgF/IyE5QlmgX+yMzfa9Gc0aFxbagVetd7Vuh2EYGgCAiuiW/gAAAHOD2ACgOhAbAFQHYgOA6kBsAFAdiA0AqgOxAUB1IDYAqA7EBgDVgdgAoDoQGwBUB2IDgOpAbABQHYgNAKoDsQFAdSA2AKgOxAYA1YHYAKA6EBsAVMdm6Q8AMAtz3bqjbefpBxYFsUFdMvvbcyWBybn8XER3l7TcpQrujviVvXV87evt0oryKp0rPYZVg9jgPshf0yiuLLHSuRJRYpeOY5tfB6sFscE6uTakzAK7FSWyyK5Ffv6lvmA1IDaYjU/5KqXhZVsS1/H4/jieu3TdrOve5OXH8ZzFcEly+fgDtEjxU2DyANYpttL1siwreRzDzrX5XJRblFPXNYOLrO/fxBbDxSbH/rooOel3gpwQ2+eA2GB5sd0adgax6XuYtFRgh8Pp8eEwPh7Cec3w5HHsOmZpEn1/EpzITcKFV5Dc1WGqg6wWh6EozMJut5uno9J1NMu8VFzy2KUlrUX7+npq4zmXXh6OShbmIhOJSbvZnFqL8TiKLw9Xra+r19/+gsfHx2n/ZvAOMjaYhYNIZCrXJgVihhYEJkKTGPb70zkRnJ/zLM7lJoShpctrEKltNie5ueD8XBRdzuCsvznkBvOC2GAWXkUoc2ZqaULApeby0gxNWhFaDDvngnt3rc2zNRGbSUzbh4e3EKF5GwR3lsXdyt5gURAbzMJeZDKVlKWdTQJEqWWZ7XZNt9uNx1Fy45DVhDmY2DQ8QzOhHR8fT8feWoySs0yuODQVENtqQGywvNhKQ9AgtXHY6bLa708is+heXprB5fby0nTyWeSan113a0pis0ztGKTmoWKz48YfxywuZ25xYkFAbovD5AFM5ufPn9M6yGK7lqlZRiYykxCR9XY8hkvOhqzFjK3vVWrHKLXttjlst82w3Y6P5dgzOJWcDU/fyW3itbZv375N+zeEM8jYYLkZ0bxWLYvNs604/DRpdc/PJ4k9PzeDHD8/q+CGl5emkZDn+LW2gtiOlq0dTGwiNBXb05O2R2n3++ZoExMqN+lLsrgot0tZm0DmthiIDSbzIiKZShRbWJPmEwU6IWDDTheaykzE9uePto2FZHE6FJXMLoptGE5SC2JTuVmmJlI77PcaIjSNw0FbXx8nM60yJB0nFXzZSJ5IgEVBbLD8xEFesxbXqMUhqF9DM6H1f/40jUUrQvNWhqi7nV53G0oZm81wjsNQEZkI7fVVl61oHI8aR5FhjFDhoMciNem/NByFxUBssOwatkvX1+KaNMm8QsY2Djc9Q3t+bo4iNRPb+BwZQvo1Nqs+0DVsvsTDMzIRmElM/iYabauh2Z3JStqxaiF+7jwcFZDbomy+fv267CeAu+f79+/zrl0L1QNx8iBGXO6hmZlFE1ufRQ1i0/Vr9niIWZxlcjpEjSFZnb2nPNbXSsRlHvHvE8/9D7nxO5yXze/fv2fuEv41Jk2sl0qo0k4ePgwcd/bwYWA41sfeushyROLzUx/xvMvWP8N4ra5UHREzudJuvFfgdzgvmy9fvszcJfxrfHiHiiiD2J46HaP194jn4nHXaUi2pOdz6VPuN8xmjq/z49h/etz6ULTweaZuacTvcF42v379mrlL+Nf48ePHx18cMzURQcysvAJhs2k6ycL6vunkOMbDw9t6NS+Etz5HOYXJA5WUrUFrbW1a6/HwoP2dlVbFNWuxrCpGnBn94DU2fofzwuQBTKaXH/Xcs6I5Y7MtiCS647HpJYZB207OeXgGZ+VPXlbl76FZl0jNxKYis4W43Xbb9E9PTSOx3Wq0dl7Wsbn0dLlHrEIoTR7AoiA2mMyD/NDnXscWllH4MFCORVxyeV6jbRtRai/nJTyjkywuVh6k3T1UavJcz8xk8a1IzWQmYmufnppOFulayHl/3tk6tlL1ASwOYoPJbOXH/lmVByYPl5EKKUqs75veMi9tJbOyWtIui83EI69XIcUMTIaiIUNToVnrQpP2rPLAF+hSL7o6qBWF5etFb9WKWuG7SioUvmutqCzUjSVWXnLlz/cqBt+yKNaKhuoDrxc9mMRUakFoKjUX4aWSKuEDWRt1ovNDxgazMGkX2Fu7e4jY7HqZTCSIYHS4aRf9VWSSabn0fI2brYHLGZtf7JdsT/qSPtvQnw5PRWxe+O5F8Hn7IrK11YLYYJ3X2eJ+bCIRryAQAYm0goi0MsFLrjxTC8PQothcbiYrl9vZrGjejy1kanFrcaS2PhAbrENsl6oQPGsToXgVgi3x0OGpiC1vPhnvgZDueeCTEDJzOu6ea20bNp4cJwdim5d45Nv1nd5g2r8DzAJig1nYyI//s+55kO9KFbM3P85C891z07bgOWuTyQgX21hDeuvmLpd2z40tLAqTB7CuO1Vdkdt4K710Q5ezzSjz7fh8wW+qPoi31/MbtcRtiMabt8Q7WV27DR93qFoVZGyw/ELd0v+t8ZZ5LjQ/J+/jWxvlnXZTfehYX+rYzGgsvRoX7UbZle4rWpKa9XkGWdviIDZYvma09Lp8zc1qPsesLQiuKLN8P9GQscWqBr8T/FgnmmtOw3MuCg2RrQ6GojArs36dCgt4VSFRWvE6XBZaztacS0PJPBng8ssym2n77w//RwA3QWywTvLXsrS90aWIf577KmVbpUzsWmbG0HP1IDa4D3L2ltsr+7q9o5Rx3dp6CJndFYgN6srkrj3nlqBuyQuZ3Q2IDe6TSzOpH+WStJDZXYLYoA7m+hojsipguQfUAUKCQLrNDgDA/YPYAKA6EBsAVAdiA4DqQGwAUB2IDQCqA7EBQHUgNgCoDsQGANWB2ACgOhAbAFQHYgOA6kBsAFAdiA0AqgOxAUB1IDYAqA7EBgBNbfwHpukVnIP1gA0AAAAASUVORK5CYII=""}}]}, {""role"": ""assistant"", ""content"": ""0.500""}, {""role"": ""user"", ""content"": [{""type"": ""text"", ""text"": ""\nYou are given both an image and a text-based representation of the same stimulus. \nIn both, a red dot appears on a horizontal line\nThe left end of the line corresponds to 0.0, and the right end to 1.0.\n\nText representation (the dot is marked as \""\""O\""\""):\n|----------~----O-=-- -------.-----------|\n\n\nEstimate the horizontal position of the **center** of the red dot as a decimal number between 0 and 1.\nDo not explain. Only output the final answer as a number between 0 and 1:\nFinal Answer:\n""}, {""type"": ""image_url"", ""image_url"": {""url"": ""data:image/png;base64,iVBORw0KGgoAAAANSUhEUgAAATYAAABNCAYAAAAsLkgfAAAIs0lEQVR4nO2d7XLaPBBGbUMg99D2/v/2SnoTbW8hX3y48yi7yqLYTmMggOacGY0EsQ1vmvfMSqu1277v+wYAoCK6S38BAIBTg9gAoDoQGwBUB2IDgOpAbABQHYgNAKoDsQFAdSA2AKgOxAYA1YHYAKA6EBsAVAdiA4DqQGwAUB2IDQCqA7EBQHUgNgCoDsQGANWB2ACgOhAbAFTH8tJfAGZwisdUtO0pvgnAVYLYblVmU3LTz8bE5e/H85EcVEbLU6puUGbx/bFxKa0or7Hx0GuAG4SI7VaEFqU2NB46rxRbKbkhqZXXQHRwgxCx3UJ0FgW23x++Nya5IamNtfLY8vwxkB5cKYjtCE7+qyummm2UVxSaj8ckV4qn694kNja2lq8wFdUdQYsM4QtgKnotYhuK0KLIXGK73cG4LQXn1yijsq5reokstig369MVhiI5Hx+ZdEBs8BUgtkuJbWwdLbTepSWBudwkNr02wfXq7bgc4TmSmUtrschC631sfT7GJWfnJuZMVZEXXBimojN5eXk5X6QmSbnIXGwmtGa7zeN2u80RXD7erxUjNQnMmo8P3nPJ+fFT63BDYvukyFar1Wl+dwAjELHNZCehnElqWVRRYBKatd76ZrPJ0lPkdhCx+ZpZFNly2fTW0nsal6LTOTF6+0yyYeg1wAVAbDPZSizHUO5Ji+tmMUqTxCSwzeZVbC8v6XVuHrXFtbdSbEFo/d3du94ll6M3X48bWIOb3D5SjgEuBGKbyUayOZYQqaVoy+UUozQXmIRmrXO5ee/T07jOZlJLzUUW2n61envt0ovRW0gyvJPcWPRWjgEuBGK7lNhGMp8xSktyc5E9P6emcf/09Pqe/UzHp1ZEbBJSjNSSzFar1HvTa/18r8itFFyZRS3FFhMMyA2uCJIHM/j9+/dp19bKJEGcakpm1tqnp2YhqZnY0vvqQ9SWIjbhEZvJKstsvX5tq1WzW6/fRBejN5++FtnTyT1w9pkH/QQ/fvw47ncIMAER21dnRCcSBh555bW0ILUks8fH12jt8bFZPD+nsSI6iVByy9cpxCZpucgktdTf3ze7l5csuXdyszW33Ib2vw1FbERucAUgthk8Pz8ff5GhrR1BamkK6kJzmUls1jeS2tNTkl/KjkpuvqctiG1fRGs7E9pus8ktyW27zQJM0ZoEV24TGdvcOyY2gAuB2C6ZOLA1sby1w9fW4pqapp8us4eHpnl8bNqHhzQtbTXWcZtN06t58iFGbJ4skLwkMQlsu03bVXLb71Pba9uINv3qHPU2JT0QW9jvhtjgWkFsX72HbWh9LW6+9WmleiUKFJGpeYT29NTsXWoWzfU2HT3Yy+Ybc/W+EgQSl1rfN1Kfmv4rdm372uy9pEUdo8oHSS1+T13PN/9OiQ25wYVZfv/+/dLf4eb4+fPnvBNjniYWspelUp7ljFs+fHOuZGcRmqarqbfXvuUjIbko0rLXXk2QMqUWge19qupjNROW+pQV1TXLaMzX1vy9GWts/N3BOVn+/fv3rB9QIyerES33sVl9qFo7VDOq6aFeh3EWY2zCZRPEmc+zlq8Zzw3fwb9rHo/dWqnEhTbxe+LvDs7J8tu3b2f9gBqZfYcKn8YV1QFx3Pr1Q0uvLZJqrfk4Twl9mvj2Jd8t9Lehz9fUuEgGpJ+HmtGDzxkrs/pkxMbfHZyT5Z8/f876ATXy69ev06yxeXTlryWdxaLpLBOpvlsum+7uLq27qW+9xUqDKJ9iKtpqnczOaVart/N1zVhapeNi8zKrsW0fY2VWsZ+Avzs4JyQPZrDQ/+DHEBb483aPGLFZplSt2++bxW7XLNTb667vm65tU0sRnL6PZOXVB8KjruXyVWSrVdNpQ+79fWoaL+7vm2a9zi0dY9UIkmgUW976MbXVwz4X4NIgthncKfo5hqFbFPn00qeJJi4t06fWts1CreuaTk2RnJqiMG0P8T1wMWLT9SQ2O66X2ExuSWrW2vU6ic73u0mSfSm2WIHwP9NQgAuC2GawVoRzisRBzIz6lg9NH9VsDS1JLExLFS0qmkqlVRKS9rppmuolVX5NE1vncpKo9L0lLpNZa5FbLrWKhfFWO9pMlVVRcQBXCrWiX10vOlZSVWz3iHf08JpQbcZNQvMyK6sTzbWiavHuHr61I5RVRYmlWtEQqXlBvEvtYPo5Fq3NkBp1onBuiNhmMvsusGPPNijvwWZTSEVaKWkgsdkaWBKaSy9KzSM2x4Vk09acPFCvZkXwqTJBMisSCe/KqD6qNCBSgysBsV3DOpuXVXnkJqmpl4QkLpeRxpp+xptNhjvresIh4zIyUXkWNF3LhBmjtHhn3ZgFzc9EGIrWBEKDKwOxXUJsU1Gb35NNvbKcJrdcID8kNLuLbl5fs+vn/W7lDSctU3ow7Syyn+VzED5MFCA3uCIQ20yWEsExjK21xUypPkPCknx8qhlvbRQf7uLnhDW23ExWSXDlMw8GtnMcTEH/J/uJ1ODKIHlwySdVTURu724VXiYY4pOrPMory55CfeiBtGJiIN4p14/56EEufu0Z8IQq+AqI2L56o+5YvWWUkkdeun58apXLLUxXY3v3XFFJrSiJSpt2bTuJy+zgmQZTUdqUzIja4IpAbF9dMzp0Tik3ycUTCjZ+dzeQeC+3sSfBx7rTkAQoaz9zraiJcHTqibzgRmAqeiQn+/WVj+Mr7vAxmGgYet+vESU09BCWkalmFps4ceZz9s0DAD4JYrsGpqan3o+tx5U/G+Kju3H8b3SGmOBGQGzXxNT9zoZk5/3YeUMR15TEyHZCJSC2Wxfd0HFDjE0ricygQhDbLTD0T3TMPxsyg8pBbLfIKf7JEBlUDNs9bhGkBDBJeNwQAEAdIDYAqA7EBgDVgdgAoDoQGwBUB2IDgOpAbABQHYgNAKoDsQFAdSA2AKgOxAYA1YHYAKA6EBsAVAdiA4DqQGwAUB2IDQCqA7EBQFMb/wCp3rrC7i21WwAAAABJRU5ErkJggg==""}}]}, {""role"": ""assistant"", ""content"": ""0.490""}, {""role"": ""user"", ""content"": [{""type"": ""text"", ""text"": ""\nYou are given both an image and a text-based representation of the same stimulus. \nIn both, a red dot appears on a horizontal line\nThe left end of the line corresponds to 0.0, and the right end to 1.0.\n\nText representation (the dot is marked as \""\""O\""\""):\n|------- ---.-O-=-----------=------------|\n\n\nEstimate the horizontal position of the **center** of the red dot as a decimal number between 0 and 1.\nDo not explain. Only output the final answer as a number between 0 and 1:\nFinal Answer:\n""}, {""type"": ""image_url"", ""image_url"": {""url"": ""data:image/png;base64,iVBORw0KGgoAAAANSUhEUgAAATYAAABNCAYAAAAsLkgfAAAIlUlEQVR4nO2da3LTMBCA5Thtegfg/n85CZcArkDzNrObXXUj5LTk0Tia75vZkeI4jinlY/V0NwzDkAAAGmJ27xsAALg2iA0AmgOxAUBzIDYAaA7EBgDNgdgAoDkQGwA0B2IDgOZAbADQHIgNAJoDsQFAcyA2AGgOxAYAzYHYAKA5EBsANAdiA4DmQGwA0ByIDQCaA7EBQHPM730DcCbXeFRF113jTgAmB2J7ZJF95FhNXn4snovkoCE6nlI1ccq/Hn8dj9eORaK0vF47VtYBHhQytqkyJq6xevmZSCkzKWuCG/scwIOB2B4lM3ORvRc1XGSnws+Ln/lIsxZggtAUvYCr/+iKLK3z1/v9m7hq9XisJqMYs1m9tBhqorui0DrkCJ8AGdtUxHYqQ4sCi7HbHeTnr0u5FUIbXGS1iOeMZXJXkBJig88Asd1LbKeanhaDy8oFttsdYr9PndX1HD/m58fLljLr+zT0fa6rzLwez60JTijFhKhggtAUPZP1en2dC430oWVJeWbmUttuc73bbrPs9FjM2gRvXpZSm88PpUWsZ9GNya0U3Rk8Pz9f+lMDOAkZ25nsRCSXMjYw4NmXS80EJqXEIOVmo5JLfkzej01SwfvMgrwGkdp8fpBbrJeiK5qot2qaAtwCxHYmW5HKtfvUTEoqKM/CTFxabjbHsV4f3hPJhWZqVWxBZMPT0yGsnqzu59Waqx9umgJMAMR2JhuRyaWEZmO16WlSU4EFmc3ktcRq9XbcszrP2uTyNhggkjoS2vNz2od6FF2UXM7gatmb3jRSg2mC2O4ltrIZakJSMVk/mjY3N5s3kYnUVqs0rFZaitjkvSRhWV0qxSZhYtubxKT0ULFZXaUmr0NTNfa9HcntSv1tALeAwYMz+Pnz52UXGJvSEUY7Y5Nz5iJbLlMv9eXyEHZcxWdZm37erq/ZmohNpGZi01gstNwtFmmwuhxzyR01T8fk9tHVCyN8+/btsp8hwAnI2D5zRLQ2xcPD+8d8kCA0O7PElss0vL5q2b++pmG5TGm10pj5YIJfJ4hNpfb0lHYmtt3Li4pMxKaSk9ebzSGDc8GZ3FKUWznv7UK5AdwKxHYGK5HJpYRVBXmSbRj59CaoCy3L7PVVy2TRudzkfB9ECGLbu9hcahLrtUpNBLcToW23B7GJ5KxvT+Um92Fy0+xtbDABYGIgtnsPHPjSKZ9kG7I171PrRWoiMJfZnz+p83K51L62Yb1Og2dtPsHX+9hiM1Riu007id3uKPb7vU46Hmzir07+tZBj1SapgNxgYiC2e8xhq0zxyBmbZF42ECAZmMpKwgYJRGJ762+T0OapSM/EptleyNjyVA/JykReEsOgIX+KHJLdWQhS6l3W1quWzVEBucGEmH/9+vXe9/BwfP/+/TpbEZV9bD5dI85Js6kfGjY510ObjCY+lZrIL85lk2zNXg9hXpuOkvZ92seQrM7qyco8zcPn7MUNKiUumNfG7x3ckvnv379v+gUtcvFAcmUQwXUwWOhrH90s6vr90mQ8tVBekFJE483JUOZ1qNb8jAvpq+/XIm5tVNuV9wT83sEtmX/58uWmX9AiZ+9QUUrg7YI55Np6/bAgvfNO+77Xeuf1uMZTwmXkwvFrWL+YXsdKrdv7+n2heen34Dt95Pv5yNrRD/5s+L2DWzL/9evXTb+gRX78+HHdeWxBDjKQMLNMaSax26XZ05P2u0nZPT+/jZz6vDUfWXVBhaaoCmw+T52MbspnPeSa5aqDGOXi+HK6h4fe9P+PjvJ7B7eEwYMz6OUf+TWIo6IiI8ueNKw5KurohyH1+72GSC+GnmtZWV4Y72tOrT+tM7GpyCReXtJssUj9y0tKHotF6haLfI5L72i6x3sTdQEmAmI7gyf5x35tsfmuHt7EnM3SzKPrNHoLf63vibQkJAuLo6KWwfn1cnZmk3D7xSJLTYXmk3VlaZVM0rVzVWxSLzO3cmkVwIRAbGewECncYrdcHwUVUVmmNRMpSYjE+l6zRZFZL+9ZFiZSisuqYlNUPufNSxWVhcgsCy0sszpaViXnnlpWVRMbkoMJwFrRKawX9dIXwYcVCDqvzXf0sMm6ea1oWC/qWxhFsR1N7ZDF7x6+CsGWTx0tiLc+t+SlbUx5zSVVrBOFW0PGds9dYCuL4X3bIZ+3JoLRQQOLnKVZ1uXCO1oEH0dHLWOTLM8HEXzwoAsyy7t7+B5tIkQXW9yb7dTGkwATAbFNoZ/NRkOPdtAVQYl8RFYutjCaqU1Jz9TCnmx5d49yuoc1YYdCknlUNIyM+vbh/+zHxrZF8CAgtomILdfDonjN3iTLkszNsy0Jl5nIzaQWn4WQsz+fp2brRbVZagKT/rsjmRVTPPJgwVjzk341mDCI7UzmIoJrMLLMKj5WTySUN5+0/i/vf/Mtw6sPdIkTb2101Ded9MysFNo/GRrPPYAHhMGDKTyp6r2twr1pGnbXjc9COJJa+Qg+f1aoP4GqfEqVH4uP43vvMXwXSI0nVMFnQMZ2z4m6tf9T/JhIpZjfptKS0qaExIXyRw9PLh7mEpdMadbmy7Ls2D99aGWG9p7QyNpgYiC2ez7VvPb5ILs8oBCXSZnYjp6REDM1XwDvE3SDnFxgvmY0rw0NEtNz/N7GRj4RGUwcmqIXcrMfn+/4UdtVoxRZ7Fcr76e2eL3Wb+ZiO5WdXSi0i/8jAPggiG1q1J6LEMtSYrWIlLtwXGOnDgQFE4em6NR4TxreVCxFVpa1a45J7JTMkBg8IGRsj0I5LaRWlvVT0kJm0DCIrZWmau28/2lKIjNoCMT2qFz614bIoGHoY3tUEBPAKNYTDQDQDogNAJoDsQFAcyA2AGgOxAYAzYHYAKA5EBsANAdiA4DmQGwA0ByIDQCaA7EBQHMgNgBoDsQGAM2B2ACgORAbADQHYgOA5kBsAJBa4y9D9omm4D6++wAAAABJRU5ErkJggg==""}}]}, {""role"": ""assistant"", ""content"": ""0.475""}, {""role"": ""user"", ""content"": [{""type"": ""text"", ""text"": ""\nYou are given both an image and a text-based representation of the same stimulus. \nIn both, a red dot appears on a horizontal line\nThe left end of the line corresponds to 0.0, and the right end to 1.0.\n\nText representation (the dot is marked as \""\""O\""\""):\n|--.---------O--=--~------------.------- |\n\n\nEstimate the horizontal position of the **center** of the red dot as a decimal number between 0 and 1.\nDo not explain. Only output the final answer as a number between 0 and 1:\nFinal Answer:\n""}, {""type"": ""image_url"", ""image_url"": {""url"": ""data:image/png;base64,iVBORw0KGgoAAAANSUhEUgAAATYAAABNCAYAAAAsLkgfAAAIfElEQVR4nO2da3LbuBJGQephew1J9v83K8kmkqzBlmyJtz4IjbRg0M5IdKwLnFPVBYqWKFnjnOnGi8M0TVMAAGiI8bM/AADA0iA2AGgOxAYAzYHYAKA5EBsANAdiA4DmQGwA0ByIDQCaA7EBQHMgNgBoDsQGAM2B2ACgORAbADQHYgOA5kBsANAciA0AmgOxAUBzIDYAaI71Z38AKHhvp/Zh+FefBOD/FsT2WVx6q4na65AdwBmI7V9SSum9xzW8xOzYvw7JAYSBu1R9MHPy8ud1XD5+T2Zl+9YxQGeQsX0UNVH5tjyuCc/jRVYelxLTY7sOgoMOIWNbitrXOCew96KGl9h74Z9fXgOgA7rP2Bb3eiGyqJLj8XROrc7PtXNyK8U1jn9aO3bnJ9/35kW30O86IEi4cRDbUmKbKzdLgVVi8I/fEts4hslkZrFa/TnW6/WcWhbnJXcliA1uHcS21LSLGaHF65vADofTsdrD4SS0wyFMdt4kV4xyZlE5kU1qXbwSns/kyhLVg6SgQbruY9vv98tcyGdZLusycZnMotgULy+nY2u96CyMJKUoLpOY2vU6t/GcWi++OcHZNa9ku91efQ2Aj6LrjO0goVzD3MCAz75KkaWYnp9jq3P288nLzTCpWZYmoaWIx5vNn+MkuSy/t+SWrg3QIl2L7UVSuZTaPLSy30yiMnGplcxmIgrOlaT5+i77Monldrs9HW82IVQEl8vVvy1LARqha7E9SyhLZWx+EMBKS5OaCWy/zzGqtXMpe4vP1+tcaSupxZCovNC223DU47u7P4JLbZabK0+jHBEbdAJiW0hquTWhqbVszESm2O3CuNuFSed2uyw5K0lz1laKLWVqJrOjxKZ2v89yO+q9fBZn/XC+LEVu0AHdDh78/Plz2b41P0hgmZrP0JLQJLbV01N+HEM/t6zO+tm82NLgQJSZxf19FNvh/j5M6Vhh2dxZeTrX33al2L59+3b5dwjwgXSbsV08Ijo3T82VoGd9aSYvySzFlNqVMrenp5jRxazOsjYTWxo4kNiOSWyHJLDDfh/ldnh5CcciNAhhEctRP2Jq00YEAwnQKN2KbbfbXXeBQmxnUzmsBPVZ2ePjSWaPj1FmaoOk9vQUM7oot+fnMJalqKRmYpPUdruYpUloMY7HOLp7PB5PMU0x4hw6yU2Zm67p57rNrTEFaIRuxbbIwEE5+dbE5krQwbKzx8eTzFIMCklNkfraNAUkZlkKy9jS6GbsX3t+PpWgSWKHaQqasBJjGGKriSJSonoYLOJn9FNAEBs0Trdiu3gOW1mK+jLUjYKObtBgUnboQjI7mtSUyaXBBGVscS5bIbYoJZWYElqS13EYwnEcw2G1OouY3SWB6edn60YVlrUJ5AaNsv769Wvoke/fv1+/hMpKRrd6IK8wcJNv/cRcSS9KSq3kV7Q587O1nSop04TdKDk9T6OdqS8t9qup9ZFEq+NX5ad99gUm6/b6twO3z/r379+hR65eI1oZRLD5Z1YC5vloviQsSsTY1hbMz+zdZs/P16j9PvpZKknzKX+t2n5tF3wfvf7twO2z/vLlS+iR/7xDhRdBTQ4uA9K14/Xd4vXBrePU8ZBKTGtjuNHQ3Lo1ov75gx2njMwf5/ewVQvl53lv992/pNe/Hbh91r9+/Qo98uPHj8te6DOpsrxLctI8tFFTLA6H2ObYbMK43Z7mqlnJquena2X5ecFJULrWZhMGLTy/uwuDxXYbr1curYpRLquqTdIVV/Sx9fq3A7dPt4MHK/1DvxS/k4dlRCYMueI08znHOE1hpdD76nG6oes4DGFM4opTPmxhvBPbkOQ0SGx3d2FME3Knh4cwPjyE1cNDCPf3p0jCM9lJpH5p1Vl/W/ygDBxAm3Qrto2ymqWWU0k8yr6KMlDHUV4W4xhWitUqjArL4jRSWlt5YBmbrm/ZmVYXJLGtJDOJ7eEhDPf3UXq2AiGuOlDY1kauLGU0FFqnW7Hd6R//taOi5ciojm0U1PWDnZWi63VYqd1swkqyckuqRhs5LcQWy1qJOGVilqFJZoMyN8msXFaV1paelaG1VQcIDhqk27WiF68XLUdFiwXw5VZFtoNHlFeaiKulVFloatO8t7OMzd7O7eyR14kmgcUlVcre7LHvb7MtjD5oATzrROGW6TZju2oX2HfWi55tKpk68+OggUIyUz+Y27ooSy1tOFlmbDHjShmfsjYbOLBBhLyNkX4f29rIBg8+YPE7wK3TtdgW62ez9aLlLh9ecBKXRGQZXLnZpCtDz8SmsH6yVMJKYnEwwfrd3F5sOVMrbvSS75sgkBo0DmJbavfcmW3Bh7ny1Ld+k0m/g67NP0t9dZaJWR+axPZqa3BXfr656B25QcN0Lba1RHApb6xAeHVbPS+4UnLFTV1ytuYzNjdJV1NDcqlpZae/ucuc1AQZG3RC14MHi9ypqrb8yd+lyt8HoXLHqupdqvx/En8/0dpdqvy5Wun5ASUod6iCW6frjO3iibq1qR9lW04HKW+M7EXm9mCbu6+ozYuLWVsaKfXLqM62JCp376gJjawNGqZ7sV10V/Paa2bkFoVUkVxVeF6I7r3yOk9XYmbRlSsf7HZ9/nMiMeiM7ktRsdhXUA4qpKVVrwYYajt5lOHxfW3lceXWenkPNnvtZ/+PAOAfg9iWovY1zpWowibh1oQ2J7a58M+x4/L1AB2B2D6Kv+mHs3ZOaJ63BFbrR0Nm0DGI7TMl99Zxjff2UUNmABHEdksl699CdgbwJojtM7nmq0dmALN0P93jU0FOAB9CmvAEANAOiA0AmgOxAUBzIDYAaA7EBgDNgdgAoDkQGwA0B2IDgOZAbADQHIgNAJoDsQFAcyA2AGgOxAYAzYHYAKA5EBsANAdiA4DmQGwAEFrjf2x+Ho4epb+CAAAAAElFTkSuQmCC""}}]}, {""role"": ""assistant"", ""content"": ""0.250""}, {""role"": ""user"", ""content"": [{""type"": ""text"", ""text"": ""\nYou are given both an image and a text-based representation of the same stimulus. \nIn both, a red dot appears on a horizontal line\nThe left end of the line corresponds to 0.0, and the right end to 1.0.\n\nText representation (the dot is marked as \""\""O\""\""):\n|----.-------------- --------O--=----~.--|\n\n\nEstimate the horizontal position of the **center** of the red dot as a decimal number between 0 and 1.\nDo not explain. Only output the final answer as a number between 0 and 1:\nFinal Answer:\n""}, {""type"": ""image_url"", ""image_url"": {""url"": ""data:image/png;base64,iVBORw0KGgoAAAANSUhEUgAAATYAAABNCAYAAAAsLkgfAAAIoElEQVR4nO2dW3LbOBBFAVIvryHJ/n+zkmwiyRbGlmQSUxfqhloI9LBFWUXgnqouUDRFs1LjM41Hgz6EEBwhhFRE9+wHIISQqaHYCCHVQbERQqqDYiOEVAfFRgipDoqNEFIdFBshpDooNkJIdVBshJDqoNgIIdVBsRFCqoNiI4RUB8VGCKkOio0QUh0UGyGkOig2Qkh1UGyEkOqg2Agh1UGxEUKqY/HsByCkKaZ+xYj3096vEig2Qr5aZiW5XRJeSV56Tr9HwZ3g+ZYqQh6E/dPS42vnzqHisgIrnSt9bhBmbIRMTS4s2147zsnlhVYD3ymJLmTnG4QZGyGP6mrm4tIYx3/PXRKbSqrrTsWWR349aFRwzNhIczzs/+VyX1+SlsrsXFuSW0lekJsKzrQhFxrQrG4C/MwESbGR5phcbOcyNCuvLPwwHD/rNfYeQGQVVGB9fxRbFukam9WF6bqkFBshtYvtUtczBBeMrLzKCyIbhoPQhuFwjcgtnsuytlDI0gLEplH4HENl5rMuqjIzQX0WjrGRptjtdtPe0HYhIaksQ1ORuff3w7FprehOuqQAmVoutcUitZBZQCvH8TOuxbHPMje5372sVis3F5ixkaYYIJEpKM1oZhmaSstDZvu9C9JGqeH4/f1wTuVWyNg0KwsqsuUytmG5PIhO2iQ9/O7OjMNNLLe5QLGRpniHVO4lX4uWdTut0KLA9vtj7Hbp2BnJnWRtKjbJ1KLIRGIxVquD0NDiuyK7KDe0XSFzUxqRG8VGmmIPmUw9A6pCKmRpSWa7neuk9dvtqeA0a5P7BBEbupYnUlut3AiZIdZrF5AFyucoN8gO9+lN1/TSeFvFUGykKSYRW2H2M2ZrIjaVVRIZpLbdurDduu7tLYoNP3MamrVZsclMJ6Q2irTG9TpFlBqO5btRcJCaZm19NoMKGuqScvKANMPv37/vv0lp0a2KTcbNNBPrRGgQWf/2FqWWAnKzmZsZZ0vZWt+7UcSGTG3cbKLUhs3GBRxLxOwNoZnbQiYVrNgmGmv78eOHmwPM2Egz3D0jWlqvZicLVGwQGsQmGRoivL7Gtn99jcduu42Ba9JYm2ZsIrYRYlsu3SDZ2rDbRZEN7+9uHIZDjGMMLB9BxqZjbi7P2hpb/kGxkWbYQiJTjq9lyzriZIFmagiRmsoMrfvvP+deX51/ezvKTcUmM7a4e5SaiA3Z2rDfR6FhVncYxxhRaiEcQp4jCm6UNXIym/rPJEKlMrNQbKQZJp04COE4caBja5Kt6Zgaup9RZiI0D6GhRWCsDZkcxt5ysZmJgyg2ZGgisiEEh6sG71OMuF6EiJGloMJVsdmqBECxEVIPk6xhy9at2W5opxkbBvYhK50ckHG2UWSG6JDFIWvb7VyADLOuqC7AhaRQbAV5jdI9HRaLQ8hxHIcTgankTp6vwUmExffv35/9DIR8CT9//rzvBqVaUO2KmrIpW2mg425BQ9avpVYmD9IYG4CcdD0bZATBYfxMYjwTTtpQkpg+87llHzdKbi6+WPz9+/fZz0DIlzDJAoBsF46oA2RZEvpZz9ljrSG152/ZukjPanczP3/yO7Lf6fA78912SzK78d9mLr5YfPv27dnPQMiXcPcOFXa3DHvsfby3zwrX42fJnryEHqfidS2DsvfTn8uyDW9aPcbPfbZWTZ8hyH3S88gzXqxAuPHfZi6+WPz58+fZz0DIl/Dr16/px9gESKaTbmm3WMTxttgilkvnEavVscxKu7AqNBUcgKRUZuu1c+t1bDU6rT7Q0ipTL5omDPozWxyVduT9AHPxBScPSDP0+GOfclYUopDB+ZgtSdcUsoLk+hBcjxay08DP8F1cL5lZHGPTkio5DzlFGUJkugD35cV1m43rX16cQ2w2B+mtVgfZLZdRoiGXXGktW8UTB4BiI82wRGYz9To2rRE1Xc3O+2NAqN7HiJ/xcwSyMc3iUHmgExEmY8PPo7BUbJAaZCah0otVCaZeNORbGVFshNTLGt26R1UeoFuplQfolmbRaytdUwhLF/LG75iMLcpRsy4RG1qVmd9sjkJDa4QWu6Z9YQPKfB1b5RUIrBUlTXF3vaj9c8l3yrVlVaYCIdWKmhKrVEeKbM2MublsV49UJ6oF8KhCkLpQzdTS7h92M8o+G2M7l619QGhzqRMFzNhIU0yyC+y53T1saZWMd8XuphzHLA1dT2RcKjUpgE/bg2tmJZLC95x2WU3oxAHEpzJLYusKEwalyoPKsjQLxUaaYvJxtmyxbhQUxscgKx1HU7mJ1LTsKmVruNZsMpkv94gTAmZmVT+nvdrMLrvFF7z4M6/pqxiKjTTFJGIr7aCLmc6sCiEu2YC47CRBFmlzSrOYNq1307IqM37mz3Q7NUsLpSzNt/fOUYqNNMUCsnngK/dOdvzA79JxNwjVjL+lXXOt2GzJk1nEG2VmXt5ykqVdewUfuHNsbY5w8oA0x6RvqrILdu2OH4Ua0jj2piLTY/tu0ezVealraRbd2nca5Es5wrVup/98N3ROb6gCzNhIc9y9UPfKe0XT+z1VbFpVgDE3Wyxv5WfvIzOjsSRK5JYW7V7K0OS77txY2h3F73ODYiPNcXfNaOn7edaWCU73RzuRmc3UsjfApzpPIzArtfRZniVla/b5fN1r1S7Brihpkof8Z29nSvWznTXNj/OXJGeF9f9MAOTH5trwQKH5GQqRYiNkCq51Ty9tU3RObNreOnaWH+fMUFCfhWIjZGry5SB5WzqXc2ngv9Fxs49AsRHyjCzu3DWWcwKjzK5CsRHyTMndAkX2YSg2Qr6az/7JUWY3w+UehHw1FNTDkXJ/QgipB4qNEFIdFBshpDooNkJIdVBshJDqoNgIIdVBsRFCqoNiI4RUB8VGCKkOio0QUh0UGyGkOig2Qkh1UGyEkOqg2Agh1UGxEUKqg2IjhFQHxUYIcbXxP4NOlatHaI8FAAAAAElFTkSuQmCC""}}]}, {""role"": ""assistant"", ""content"": ""0.450""}, {""role"": ""user"", ""content"": [{""type"": ""text"", ""text"": ""\nYou are given both an image and a text-based representation of the same stimulus. \nIn both, a red dot appears on a horizontal line\nThe left end of the line corresponds to 0.0, and the right end to 1.0.\n\nText representation (the dot is marked as \""\""O\""\""):\n|------. --------.------O ---------------|\n\n\nEstimate the horizontal position of the **center** of the red dot as a decimal number between 0 and 1.\nDo not explain. Only output the final answer as a number between 0 and 1:\nFinal Answer:\n""}, {""type"": ""image_url"", ""image_url"": {""url"": ""data:image/png;base64,iVBORw0KGgoAAAANSUhEUgAAATYAAABNCAYAAAAsLkgfAAAInElEQVR4nO2df1LbPBBAZTsQeoa29/+3J+klaI/QEJI4/mbXWn2LKgMtonHEezMayU5sUoa87uqXu2mapgAA0BD9pT8AAEBtEBsANAdiA4DmQGwA0ByIDQCaA7EBQHMgNgBoDsQGAM2B2ACgORAbADQHYgOA5kBsANAciA0AmgOxAUBzIDYAaA7EBgDNgdgAoDkQGwA0B2IDgObYXPoDAFSj1uM7uq7OfeBiIDZoT2Z/KzgTWn49ors6Op5SBVeL/9O1dulc3s5F5Y+X2s+dg9WB2KAdmUltpfR6SVC5yPLzpfeVjmFVIDa4bqG9puTXl6Tly3PnfO1BdKsCsUFV3vXPaZqC6qMkr/N5Ltb2tV3jycXlS98/OZ7+VHJ/SIcUq8PgAVyH2EpRmheYlHHUurNjez2P3HJpmcikLrSnTHS1BYfY6oPYYJ1iy+8T5aT3jzLrcqFJPY5hisfS7rz87FZ5dNb3s7ysDMPTY19eEpwHYV0MUlGoxuFwqH9TF2l1WdppIlOBnU4hnE7zOWnLOXs9T0l9FCZSG4b/61hSe0l0XowVIrfb29sqvy6YIWKDaowikVoURjZVbD4SiyLrjscwSft4nKV2POr5KdZPUlIXsamsosRUZJvN3N5s5vOxTm0X0f1x9Ab/FMQG1TiJVN6pT82kpkKzaCzKLJXDIdXBJBejt6LYnNREXFpubmaJxeNgx150udy85AzkdlEQG1TjKDJ5rxFQ16cmaacWk9nhEHqpHx/TsUkupacxapOeF4nUUjGhbTbhLBIrlCQ3KxbhmeDylBSpXRzEBqsV22/RmovUei+1x8cwPT6Gfr9XuclxkCKRm0VtJrYYsanUhiGcndTOt7daVGixHex4QXC/9bsJpKQXh8EDqML9/X29m/npGSI0aUepWZ9a76K0Yb9XqfUPDyo1bUv0JkUE6NLRJDaRWhSbl9ooIttu5+PtVgVnxST3RGxebm/sa/v69Wu93+EHh4gN1jUims9Xi5GWCi2moL2JLUpsEqHt92HY7cK034fw8BBClJv2tUmJaayKre/DWcpmE0aR2s2NCk1ENorUDgdtn4/HWW6nUyoiN5WaCM6NohYHEwwit38OYoMqPIpEKtJlfWs+BdUSpSbR2rTbhUFkttup1DppS5H3WDoa+9lEbCo1F62J3ERo4+EwFxHa6TSXcdRi8+N0jpzITdqvidrgIiA2WF//mojNTaw1sVlaKVIbYgqqAhOZ7Xah+/VLpaZtEZ4UGyH1qajrX0tp6OkURinjGMZpSkWm9eo1cfKxxpPxc03yGUVuUiO2VYHYYF1z2HwqaqOg53Po4yCARGAyP00HBqTEvrSz1DJ4EPvaNCWNYusysdlkXB00kIjsfA7nKLGx68LY93PddXN0F4V1trlv+d5tUir1s0EdNl++fKl0K/jIfPv2re7uHT4VtRUEllLadI845WNyRWSX6jhq6iM2vb0ISEZD3SoEFZ2lni4F9amoCFBTUUk9pTaB+Xlyb5jTxnexHpufP39WvB18VKqvEXVLqDQF9EuqbM2oTeGwtNDVxWIL4PP7WIrqP0b+sfy/0SI//3mXju3nvQK+i/XYfP78ueLt4KPy5h0q7MtvInD3k3t3WXqXjqXd9/Ox1EuL1+1n2GTauISqi1M3umHQks77Ec/4WufWjKafv7S06i8iNr6L9dj8+PGj4u3go/L9+/c6N3Lz16wtWuijjPpCETlZkWkYnUzFkDTVdvQQsbiIzaSl79tuQ+dKb3PXYq3TOqzYMis/GlqapPuXfWx8F+vB4AFUYZAveC0k7RRJWB+byCgKTtLRfprCMI5zkQGFcdTBBa3lWrlG7iORlUjI5rHJa3Fyrorw5ib0JrG7O5XacHcXwqdPIUjtZSe1TdA1yXm5laI3uBiIDapwI1/2WmRbFGkaGCOivuv0YbgiMKkHkZw71tdFhFFcaeVBFrHJ631cOqViE6ltt7PQ7u6S0HSirpy399rKg3xrI78gXkBsFwWxQRW28uWv/UwD1/FvfVydpaAiuSi6IbYlauxFWFJub1VMNnqaNpoU8cVRUZOVTri1dDRGbio0Wzvq14s+t5yqtF40b8M/gbWisK71ooUlVaVdPWz1wZO1onEZlda2w4eJzW1ZZLt66ORcm6AbRSYrECY7dlGaSW1x66I3bjrJOtG6ELFBNarsAlt4tkESm6SXIqkYlaWUMqaVEqXp7h4SedkebZnYVDYx2pJrbLChk2tjsUXvZ7ejx5M92V7aLtx+DlwMxAbr72fzE3VFaLK8yo2E6iCAyUn6x2zDybiDrl7nxeame2g/m5ObHduGk2nTyWwU9FUPeIGLgdhgfWJbitokQrMddG3+WYzi0kCBi9TyTSaFNN/N75wbJSb3sOMkM6vdsxFeFaUht4uC2KAaG5FNDRaWV/nH6qmwbNqGtEVslnbasw4sWnNPqEoichNv88gspZ0+Qlua0oHUVgmDB7DeJ1VlzwNND3NZekqV22E3vW7vN7IHuSRpZemmf13fszRPrYLQeEJVfYjYYF0TdZfWXvpF5m5+W3quqERu1nZCSzI04kOSLSXVqC3KLS3H8o/bKz2s5TX9aURtFwWxwbrWjObXZ2lpGlAQ2VjfmQnObXP025Pg3f1tVUKK3GyNqUnMH9vT4kk7rwpSUajOu/xJWed/vl9btoX4k3O+ePI+snwuWva6is2u8/dYw38EUASxwbp5blugksBKQiuJzernSv7eEohplSA2uB5e6n8rtZ9jSWBLMkNiVwNig+uktLb0uXaJUmqJzJoAscF189IOtq+hJC+EdtUgNmiHt/wpI7KmYLoHtANygkjcZwUAoB0QGwA0B2IDgOZAbADQHIgNAJoDsQFAcyA2AGgOxAYAzYHYAKA5EBsANAdiA4DmQGwA0ByIDQCaA7EBQHMgNgBoDsQGAM2B2AAgtMZ/tUFVB4B3SsEAAAAASUVORK5CYII=""}}]}, {""role"": ""assistant"", ""content"": ""0.410""}, {""role"": ""user"", ""content"": [{""type"": ""text"", ""text"": ""\nYou are given both an image and a text-based representation of the same stimulus. \nIn both, a red dot appears on a horizontal line\nThe left end of the line corresponds to 0.0, and the right end to 1.0.\n\nText representation (the dot is marked as \""\""O\""\""):\n|-=-----------=------=----O---.------- --|\n\n\nEstimate the horizontal position of the **center** of the red dot as a decimal number between 0 and 1.\nDo not explain. Only output the final answer as a number between 0 and 1:\nFinal Answer:\n""}, {""type"": ""image_url"", ""image_url"": {""url"": ""data:image/png;base64,iVBORw0KGgoAAAANSUhEUgAAATYAAABNCAYAAAAsLkgfAAAIoElEQVR4nO2dbXKbPBRGBf5K19B2/3+7km6i7Rra2AHeeWRdfC0LJ7HJG6KcM6MRYENIxj65+riiGYZhCAAAFdG+9w0AAMwNYgOA6kBsAFAdiA0AqgOxAUB1IDYAqA7EBgDVgdgAoDoQGwBUB2IDgOpAbABQHYgNAKoDsQFAdSA2AKgOxAYA1YHYAKA6EBsAVAdiA4DqQGwAUB3r974BgMUwx+M/mmaOO4E7QWzweSmJ7B65SWql85Hd/07DU6rgU3FNZv61/H1+PxeV35/avnYMZgexwedgSlS+Lh0rnesF9dI63y7tw2wgNqiPqY/0lMxyqU0dN0ryyos/PnWOB8nNCmKDRTHrx7HUtBwGfejLAuv78vZUxFYqbVs8PrxGcq+kQYoXMHgA9YltQmiTMjOJ2Xbfh8Yf89coRGmDZGZC87WT3FASnl3PX/cGENsliA0+ttheMhiQyWxwMmu67iS0rjsKrevO3+PlJnwEZgJr26O8Vqvz/ew9F5Fdut5ZnW/Dq6EpCothv9/fd4Hn+tAUiVkUloQWxZaKbY/HLHLzzVITjhfXahWGJLRYp3ImOtvPI7tSv9wNbLfb+/52lUHEBouhk0zmaHp6sXkpWURm0ZmJ7OkpliFth1SaFLmN5+QRm5OXhDas18XtUXS2XYrgZpAbnEBssBieJJS5I7W838yElsQV68PhKLesjoLzTVXD9asNTmSxbDbH/c0mBO1LZOm1cT+Xm0q67png4GYQGyyGw+Ewj9hclHbRh2YysyKJ7fexbrVt+/aaRXV2zRStSWyxmNCS1HqJzQRnRVKzOkVyvvk6GbnBzSA2+NhiK02w9SOavi/NCS1IZNqWxPb70O73YUh13Ne9qFjU5prJo9hSpNY7qfXb7VFu220s2g7aTpLz0ZsJ7qLfTSC3u2DwABbBr1+/5ulb8/1qFq25vrMxEpPYTGSPj2Gl7cfHY0nH42t2jhsZjWJLEZek1nupbbehk8h2u3Ff21Fs6uB3ghvlNlPU9v3799f/DSuFiA0+3ohoKT1qol9tjLZ8H1qKyEaJ/fsXhiS1VdoOuh+L3CxqM7GlZmiU2noduiS1Lsks1vt96FWraGBCgtNghPXdmdzyPrdcakRuN4HYYBE8Sia3UhKbm5PmI7XYBLWILJOZ6pBK4+VmcrR5cJKaojWVFK1JZt1+f6wPh9A9PUWh9V03Ft1XlJuT7uRIKdwFYoOPPXBwbRTUR2t+oCCJTSJbSWCS2d+/oZHQrH58jGU4HE5RVt4UtWaompxJZBKapq10fX8swxB6yVDnpQnIg7vX2N+m+0Vss4LY4OPOYXtmeodJLUZvadQzRmySlaIx7auWxNR0TDJTseapXpfYmkxscVRTAwEWlfV9FJgmhXRNE7q2HUufSkj1OLHX/x4lsSG4m1l/+/bt9rMBZuLHjx/z9LF5sRVSpXy/W+OKBGVFwlOkZnVswtq5QnJKgwnxTiyC0/sVxRWaobEpmmo1R2Pz0+7vpeu7PQPf5RPrP3/+uF2A9+GmwfnnEtw1j81dX++OKVV2zF3DmoqjrKauK0xGJjfre8t+j/x3Gn+G/Zyp+35uRd4J+C6fWH/9+tXtArwPr1qhwr7sUyvU+kTzJKGmbWPxuZvjvrZTGY9n7z0TjDvPzs2v4Y+P++keLGsh/pyp5Y/87/NC+C6fWP/+/dvtArwPP3/+fP1JXjYuM6AkCG21KSJq+z5ux1rFN0vVFLVkeYv4TGTWFJUotb/ZhEbTNna70Gy3x7LbhTZNzo1Fr/vi06p8KU33eGUfG9/lEwwewCJY6ct9K9b5nq/kob6sJIsYLbm6bZqgn2hF+8rYjMVHeOv1RR+bzldfWqOy2YRWE3BVHh5C+/AQVg8PIXz5EoJqSU/H9fp2e5Sem6AbR0VLSfFwF4gNFsFGX/Z7KGQejAMGagYqGpM8n55Cu1qdlVXbRrG2bXs6nqIxyyMdc05dxBalZulTDw9RblFqqcTozSbpKuvAMhAs68Cit1LmAdwFYoNFsNvt5kupykdI/Siopm6s11FIsWh7vQ6rtB1rFUuvssT4bFRU8otyslQp3b+iMxehmdB6l1JlCfEXzdAZ+tjgBLmi8LHzRUtrsBXk5heRtMm6Ma0qTdhdmcj+/TulWmlOm6VhObH5lT3GCbpOYso+GOyYCc0nwV/rW7uxf4080XOI2GAx3LUK7JTcsmapDRLEJqmkpQ5/CU79X6np2HipebH50dgkJkV3cRDBBg/SAIJFaHF1D1vKqNT8nGHQAC5BbFBHP9vEKrpnD2XJFpscV+5Q1CaxqZbY3Bpt1gw9E5ufDpKasJJY7JPTvovQLoQ29UwEpDYriA3qFJvVfrJuaSVd1RKSW87Il5hnav10JsskI/XVjavnJpHFY26AIF8ifHzuAf1qbwpig8WwlgRupZRmVZJbqd8tie1sFRC/dLh/oIvwT57SlA+3NLjJbFwSPH+YS+lBLnZNX8NdMHgAdT2p6pnobRSbn+vmF6N09RjV+QfCCHtWqJeWF1npKVVqek5lGNw5xYMnVF1CxAZ1TNSd+v+cPw8hn8Trk9EVfflEeROeydBIzz0YU6/ULE0ia/I+tJc8jepaEjzcBGKDRXHzU82nzitEb5YuNWYrmNic5M6an4UHJo+pVhaJWaaCl501O9MUkbP7pOn5ptAUhcXxJh9Jd83myrSQi7q06kYp2X7qIcgmtjd62vvN/wgqB7FB/ZQ+4i9Y8uhibpxnqp/stSt1IKY3AbHB52NqcMHqa0LzlJqV9J8tAsQGn5drU0Sm3pNTisiQ2buD2ACuSe6lILNFgdgAPPd8HZDZYmC6B4AHOVVBmlwDAFAPiA0AqgOxAUB1IDYAqA7EBgDVgdgAoDoQGwBUB2IDgOpAbABQHYgNAKoDsQFAdSA2AKgOxAYA1YHYAKA6EBsAVAdiA4DqQGwAEGrjP7ZRJYhPBne0AAAAAElFTkSuQmCC""}}]}]",0.500
google/gemini-2.5-flash-lite,sample_001,0.48727,0.48727,0.52,"[{""role"": ""system"", ""content"": ""You are a marker location estimator.""}, {""role"": ""user"", ""content"": [{""type"": ""text"", ""text"": ""\nYou are given both an image and a text-based representation of the same stimulus. \nIn both, a red dot appears on a horizontal line\nThe left end of the line corresponds to 0.0, and the right end to 1.0.\n\nText representation (the dot is marked as \""\""O\""\""):\n|-.----------.--.---O-----.-------------=|\n\n\nEstimate the horizontal position of the **center** of the red dot as a decimal number between 0 and 1.\nDo not explain. Only output the final answer as a number between 0 and 1:\nFinal Answer:\n""}, {""type"": ""image_url"", ""image_url"": {""url"": ""data:image/png;base64,iVBORw0KGgoAAAANSUhEUgAAATYAAABNCAYAAAAsLkgfAAAIfElEQVR4nO2daZLTSBBGtbjbfQfg/n85CZcAzkB71cRXzhTp6pLa2GIal9+LyCjJlmQPeB6ZqkXtMAxDAwBQEd1HfwEAgKVBbABQHYgNAKoDsQFAdSA2AKgOxAYA1YHYAKA6EBsAVAdiA4DqQGwAUB2IDQCqA7EBQHUgNgCoDsQGANWB2ACgOhAbAFQHYgOA6kBsAFAdiA0AqmP10V8A7pilHpfRtstcB8BAbHCbyG6RmwutdA1kBzfQ8pQqeJf8J+L78fWpY0qSivtT21PHA1wAYoPrZKa2tF06N8rpvXZue+41gAClKPy5zKaidE4uL4+5fZ07JzS/NoKDCcjYKmDRv8KCoJI+jsdzicX9/L38++Ti6rpzqRViyM8pXesGWqRYNWRsFbCY2OYyNMnLBebbIdpccJFcWi622GayS2IrhWdzU1ndhSC2ukFsjyy2udIzCG1waR0OTesyOxxOQrN2UGvHJcll5eKZzCzSa6X9XHq53Py63H+DCShF75ztdrvMhUr3zCSpmJlJbBKYRdre73+/5sfnWZsJahRX35+21fb9+WvviW5Kclfw/Py8zJ8d/HOQsd05BwnlFqY6BrzENGElke33o8ja3a4ZtK3XguCGWJaKWH5Goa1WJ6mZ3LQf3y+J7m/IDeoEsd05e4nlWvIhGtn9s5R9eUamdrc7tYrt9tTudqewY5LkSmKzzCwJzaQ2bls0UXba1/G2/0Zu3vpnxBYeHsR25+wkm6Uytlh6ernpWZrLTBJTu902nW+r9WNiSSqsIyCJzGX29DTK7Kht3/dWInPZudhi2TqXuQEgtgcXW16G5vfSPCOT3CQyE1qS2mbTDNbqGL2XMjaFX0dYGRozNJfZ0eP5+SQ122+C5GIWN0apNHUQHNB5cN98//79+pOnhnTkmZqXmptNklcS2WbT9K+vaTuFSS9lcDonz9iC2KLMUrteNwdJTPv2WpKaZCexueAsi5sU25Xl6JcvX67/M4R/FjK2R+wRLY1XiyVoLjUTWucye31tBm2/vja9MrfNJmV0Kavz+2y52CQ1E9vBJJZaiW29PkkthDomkuB0PcvcRrGV5GafddbCw4LY7piNhHILpaEdsQRVmetSc7FJZhLbr1+pbSwkvyS3/b7pXGw2iFbZ2lHh2ZpkJrGp3e1OIbnt96c4HFLou2h8nATnmeRZWRo7EgRCAwOxPXrHQRSbj0dzsfk9NZOaRNb/+tU0Fq1CUlOoRN1uT5mW32fLMrZ0D00Z2W6X5CZ5abjK4Xg8i+MwpGEjg7ehp9Y7FtL3nCpH4eFBbI84hm3u/looQ3XPzDsNBs/IlCXafbajWhObdyY0Pr4tE1vqBJD0lI2ZvHSE4tC2v6PrmqPCMjG9P84bjd/dx7vpc0rlKDw0q8+fP3/0d4Ar+fr167Jj1+Jg3DDDIHYopMG5lpWN2ZlaSVBS817UUIqmoRr2uUlS3plg548lqO7BWRnqpahK2DRdS/JSq/Oj0PW6f84VcuP3Xyernz9/fvR3gI+aI1pYbijNGtCuRRuOS+/4+9r31/NVPuJwDxGnZWXnxf+GeP34HYrvxzYuZ+QT5C+E33+drD59+vTR3wH+zxUqSqtixNcs89G10/VD72Pr5Z+2+z5FE9qxNFQbV+DIxqHF8+K547Z9jj5P4RPo0+dPTYr37x7bC+D3XyerHz9+fPR3gCv59u3bMhlbLgitwXY8Np3dpFfbPT2l3k4N5+ien08lqZesPj9UTon3vvzaEpSNSWs18Vznh9D10rg1G8Om4+IQDx+oe9Eg3T+UPb//OqHz4I7p9T/4kr2iIQuSHmJoQEU/DKew/RRt23QxgyvcY0tZ12rVtBLben0S2ctLiu7lpelfXppGsV6niLKTUEex+SyE0sR4QccBGIjtjnlSZrOk2CQN7yjw0rPrRnl59BZd35+yOcvoUgYWZh/kGZvENmZnJrY+Cs2kl4aCWObmw0SK80UZ6gETILY7Zi0hLNErKrJ119KQD8nIosuil6SenppeWZWE5FOrJsSWylqFpGYic5m1ytyC0Ma5o6UydG4JIwfJPTzMFX3U+aJzy3/7Srm+YofNQvA5oWmuqLZ9ipXPFfWljDKxjXNF4zxRn0ZlU6rezBXNlzIKHRdvFp4UV2RtzBOtFzK2O+fqVWDn5ouG6VVJUioFvdNA8lKWJtEpU/PVPvLli+JwD5eSlax554HCJ74fQ4fBmzXZ8iXDBYtNQgHE9sj32fKyNK5+G1fQdcEp/D6aiW2cehUWnEwRS1Ef8mHSSh0Cuo7dl+tK67H5/bRQfvrg3qLMkBoEENuds6jYJp53MMotW6NtlFlct82PC0NJUm+r9ZqOK+aaxCS34gq6vuLupUuCIzYIILY7ZyUhLCU2byce5jIKTpmWS86fexAe6jKe43jGZnNGo+DGsjM+5yBKzSX23vJEiA0CdB5UwCJPqsqnV1m8KU3jYpT5U6qi1KaeUpWVmXEZojdPqbrkwS08oQoKkLE96kDd0r9npQ6FbB5o8XF8cQJ9/lzR8NyDcUqUTZeSyNLYudLj9q4RGlkbGIjtUeeMls6ZKE2TqHwVjTjZPSwoeZap5WLzqVYxc4uii/v+VCvKTrgBStFKWPSvMRNcXOGjlMW92S6tvBGzr9K9syw7G8vQyEJCu+ofArgrEBv8ZuqnMFeiliKel2daUxHfj8eXQEzwDogN5sl/HjNruZVK0DOmhmnMyQyJwRUgNlhGclPHRKYEhsxgYRAbLNujegn0aMJfBrHBbdzy80Fm8JdguAfcBnKCfxBbIgEAoB4QGwBUB2IDgOpAbABQHYgNAKoDsQFAdSA2AKgOxAYA1YHYAKA6EBsAVAdiA4DqQGwAUB2IDQCqA7EBQHUgNgCoDsQGANWB2ACgqY3/ANGl1gCCZwauAAAAAElFTkSuQmCC""}}]}]",0.52
google/gemini-2.5-flash-lite,sample_002,0.77536,0.77536,0.61,"[{""role"": ""system"", ""content"": ""You are a marker location estimator.""}, {""role"": ""user"", ""content"": [{""type"": ""text"", ""text"": ""\nYou are given both an image and a text-based representation of the same stimulus. \nIn both, a red dot appears on a horizontal line\nThe left end of the line corresponds to 0.0, and the right end to 1.0.\n\nText representation (the dot is marked as \""\""O\""\""):\n|-.----------.--.---O-----.-------------=|\n\n\nEstimate the horizontal position of the **center** of the red dot as a decimal number between 0 and 1.\nDo not explain. Only output the final answer as a number between 0 and 1:\nFinal Answer:\n""}, {""type"": ""image_url"", ""image_url"": {""url"": ""data:image/png;base64,iVBORw0KGgoAAAANSUhEUgAAATYAAABNCAYAAAAsLkgfAAAIfElEQVR4nO2daZLTSBBGtbjbfQfg/n85CZcAzkB71cRXzhTp6pLa2GIal9+LyCjJlmQPeB6ZqkXtMAxDAwBQEd1HfwEAgKVBbABQHYgNAKoDsQFAdSA2AKgOxAYA1YHYAKA6EBsAVAdiA4DqQGwAUB2IDQCqA7EBQHUgNgCoDsQGANWB2ACgOhAbAFQHYgOA6kBsAFAdiA0AqmP10V8A7pilHpfRtstcB8BAbHCbyG6RmwutdA1kBzfQ8pQqeJf8J+L78fWpY0qSivtT21PHA1wAYoPrZKa2tF06N8rpvXZue+41gAClKPy5zKaidE4uL4+5fZ07JzS/NoKDCcjYKmDRv8KCoJI+jsdzicX9/L38++Ti6rpzqRViyM8pXesGWqRYNWRsFbCY2OYyNMnLBebbIdpccJFcWi622GayS2IrhWdzU1ndhSC2ukFsjyy2udIzCG1waR0OTesyOxxOQrN2UGvHJcll5eKZzCzSa6X9XHq53Py63H+DCShF75ztdrvMhUr3zCSpmJlJbBKYRdre73+/5sfnWZsJahRX35+21fb9+WvviW5Kclfw/Py8zJ8d/HOQsd05BwnlFqY6BrzENGElke33o8ja3a4ZtK3XguCGWJaKWH5Goa1WJ6mZ3LQf3y+J7m/IDeoEsd05e4nlWvIhGtn9s5R9eUamdrc7tYrt9tTudqewY5LkSmKzzCwJzaQ2bls0UXba1/G2/0Zu3vpnxBYeHsR25+wkm6Uytlh6ernpWZrLTBJTu902nW+r9WNiSSqsIyCJzGX29DTK7Kht3/dWInPZudhi2TqXuQEgtgcXW16G5vfSPCOT3CQyE1qS2mbTDNbqGL2XMjaFX0dYGRozNJfZ0eP5+SQ122+C5GIWN0apNHUQHNB5cN98//79+pOnhnTkmZqXmptNklcS2WbT9K+vaTuFSS9lcDonz9iC2KLMUrteNwdJTPv2WpKaZCexueAsi5sU25Xl6JcvX67/M4R/FjK2R+wRLY1XiyVoLjUTWucye31tBm2/vja9MrfNJmV0Kavz+2y52CQ1E9vBJJZaiW29PkkthDomkuB0PcvcRrGV5GafddbCw4LY7piNhHILpaEdsQRVmetSc7FJZhLbr1+pbSwkvyS3/b7pXGw2iFbZ2lHh2ZpkJrGp3e1OIbnt96c4HFLou2h8nATnmeRZWRo7EgRCAwOxPXrHQRSbj0dzsfk9NZOaRNb/+tU0Fq1CUlOoRN1uT5mW32fLMrZ0D00Z2W6X5CZ5abjK4Xg8i+MwpGEjg7ehp9Y7FtL3nCpH4eFBbI84hm3u/looQ3XPzDsNBs/IlCXafbajWhObdyY0Pr4tE1vqBJD0lI2ZvHSE4tC2v6PrmqPCMjG9P84bjd/dx7vpc0rlKDw0q8+fP3/0d4Ar+fr167Jj1+Jg3DDDIHYopMG5lpWN2ZlaSVBS817UUIqmoRr2uUlS3plg548lqO7BWRnqpahK2DRdS/JSq/Oj0PW6f84VcuP3Xyernz9/fvR3gI+aI1pYbijNGtCuRRuOS+/4+9r31/NVPuJwDxGnZWXnxf+GeP34HYrvxzYuZ+QT5C+E33+drD59+vTR3wH+zxUqSqtixNcs89G10/VD72Pr5Z+2+z5FE9qxNFQbV+DIxqHF8+K547Z9jj5P4RPo0+dPTYr37x7bC+D3XyerHz9+fPR3gCv59u3bMhlbLgitwXY8Np3dpFfbPT2l3k4N5+ien08lqZesPj9UTon3vvzaEpSNSWs18Vznh9D10rg1G8Om4+IQDx+oe9Eg3T+UPb//OqHz4I7p9T/4kr2iIQuSHmJoQEU/DKew/RRt23QxgyvcY0tZ12rVtBLben0S2ctLiu7lpelfXppGsV6niLKTUEex+SyE0sR4QccBGIjtjnlSZrOk2CQN7yjw0rPrRnl59BZd35+yOcvoUgYWZh/kGZvENmZnJrY+Cs2kl4aCWObmw0SK80UZ6gETILY7Zi0hLNErKrJ119KQD8nIosuil6SenppeWZWE5FOrJsSWylqFpGYic5m1ytyC0Ma5o6UydG4JIwfJPTzMFX3U+aJzy3/7Srm+YofNQvA5oWmuqLZ9ipXPFfWljDKxjXNF4zxRn0ZlU6rezBXNlzIKHRdvFp4UV2RtzBOtFzK2O+fqVWDn5ouG6VVJUioFvdNA8lKWJtEpU/PVPvLli+JwD5eSlax554HCJ74fQ4fBmzXZ8iXDBYtNQgHE9sj32fKyNK5+G1fQdcEp/D6aiW2cehUWnEwRS1Ef8mHSSh0Cuo7dl+tK67H5/bRQfvrg3qLMkBoEENuds6jYJp53MMotW6NtlFlct82PC0NJUm+r9ZqOK+aaxCS34gq6vuLupUuCIzYIILY7ZyUhLCU2byce5jIKTpmWS86fexAe6jKe43jGZnNGo+DGsjM+5yBKzSX23vJEiA0CdB5UwCJPqsqnV1m8KU3jYpT5U6qi1KaeUpWVmXEZojdPqbrkwS08oQoKkLE96kDd0r9npQ6FbB5o8XF8cQJ9/lzR8NyDcUqUTZeSyNLYudLj9q4RGlkbGIjtUeeMls6ZKE2TqHwVjTjZPSwoeZap5WLzqVYxc4uii/v+VCvKTrgBStFKWPSvMRNcXOGjlMW92S6tvBGzr9K9syw7G8vQyEJCu+ofArgrEBv8ZuqnMFeiliKel2daUxHfj8eXQEzwDogN5sl/HjNruZVK0DOmhmnMyQyJwRUgNlhGclPHRKYEhsxgYRAbLNujegn0aMJfBrHBbdzy80Fm8JdguAfcBnKCfxBbIgEAoB4QGwBUB2IDgOpAbABQHYgNAKoDsQFAdSA2AKgOxAYA1YHYAKA6EBsAVAdiA4DqQGwAUB2IDQCqA7EBQHUgNgCoDsQGANWB2ACgqY3/ANGl1gCCZwauAAAAAElFTkSuQmCC""}}]}, {""role"": ""assistant"", ""content"": ""0.52""}, {""role"": ""user"", ""content"": [{""type"": ""text"", ""text"": ""\nYou are given both an image and a text-based representation of the same stimulus. \nIn both, a red dot appears on a horizontal line\nThe left end of the line corresponds to 0.0, and the right end to 1.0.\n\nText representation (the dot is marked as \""\""O\""\""):\n|--------------------=-----=---O------ -.|\n\n\nEstimate the horizontal position of the **center** of the red dot as a decimal number between 0 and 1.\nDo not explain. Only output the final answer as a number between 0 and 1:\nFinal Answer:\n""}, {""type"": ""image_url"", ""image_url"": {""url"": ""data:image/png;base64,iVBORw0KGgoAAAANSUhEUgAAATYAAABNCAYAAAAsLkgfAAAI6UlEQVR4nO2dbY7aMBBA7STLxxna3v9vT9JLtL1Cd4ElqcbxpINxAl0+At73JMtJCAFV2texPWN813WdAwAoiGruLwAAcG0QGwAUB2IDgOJAbABQHIgNAIoDsQFAcSA2ACgOxAYAxYHYAKA4EBsAFAdiA4DiQGwAUByIDQCKA7EBQHEgNgAoDsQGAMWB2ACgOBAbABQHYgOA4mjm/gIAMMG1f5LEe/cZQGwAjy6znNzGhDcmLu8/9r4nxfMrVQAPLDN7PXftlKT8GcfnPOfJQGwAczIlLunHjtP35KTlT/Tp8dS1c157IBAbwCNFZ+mxtLY9PE/fMyYvnzR73d6bHufOx65NXZ8RxAZwBlf/M0nE5K24rMzSPm2WnMx8bFV1JLnuIxHdfwxn/YzCY/EA4N5iy0VlOaElzdvzXMRmWqcik94e23tORXK5Xj4vXYgYERhiAyhZbLmhp16LkgrPV4Ht9/2x9Pt9L7T93nV6Xe6xMrQRmMqrrnt5Sa9yq6peeGn0lhPcmOiuMU93BxiKApxgu91e72GZKG2IxKK4gtje33upJf2B+Oyfro3C6l5mQWp1/U9ucmwkF+6ZGr6eEp/9bNsbFouFmwMiNoAT7EUktxp+JhFaENj7e+ilddLvdr3o5DhGboMMFR1+alTWNEFoQWr22IpO783NwY1FdVOLEXr+ACA2gBO8i1QuIU3PMPNoOszUKE0lJn1o2+2/4yi30Oxcm51XE1k1UWTSv7z0fbymkhuiN+nH5uJycsssQjyi3BAbwAl2IpsrRmwHiwBplKYik367dVXsDwRn596i2EROIqpBaE2U2suLa1VuqeSS6O0ogssJLr02Nfc2I4gN4NZiS4ehKjTpVWjyGbtdL7LNppfaZuO6zSb0ck1eC9Ga3Gvn2VRsUVRd0/QyWyxC38ZezoPomuZ4eJrMvR21VHZ6Lmj/QHJj8QBggp8/f17+kFxKRzL81CitUpG9vbn67c1V0uK10EzUFt5vxRZl1RqZtctlON4vl73UVHIauYnkzLB0Um4TqSNTw9Fv3765e0PEBnCrFdFclYBZ/RyTWpDZ66vrothEcHLsNhv5QkFuwzxbErFJNNaKyERgUWgit/1220tut+vlZoemMWo7EtuY6HLDUyGVm16bAcQGMMFGZHIpaWqHzpHFYajLSK0WscXeidReX8NwVO4N92fEFqQWxdaK1FYrt9/t3P79fWitNrlHvodZaBjSRM6N3qZWS2cGsQHcY+EgFZuZWwsLA1FqtcpM2p8/zovQtL29hXs7aZrXpmLT1VAV22oVxCVt33X/mqSvdJ1rJSm4bfsm75PvZefb5Nmn5IbYAD5pDls6vxajtRCxyWKBiDOufoqwNCKTKE1k10ofWxiextdDflsiNqfDy7Z1kuEWmkRyVeX23ru99PFYrslr8l6572Ci3X5fjd7SOcKc3B5oAaH5+vXrrF8A4JH5/v37dXLX0vpPnfy3zSTmhuTc3W5oLunDKqrNY5OILX5mF6sPhtQPGXrG6K0V6WmL3ytEb7m6Vfu9LSI0vTYmNsV7N4djmt+/f9/9QwGehYuTBjLbDWmdZxebrfscakbN63I+iMcm5lqxCea1TiWXRGNpCVVYdEjOTw4x9TNzu4vY7xPvncMxzZcvX+7+oQDPwod3qMjtfGGqBKTJs8PzzeqiN3NYXs/reuiHphGTfo59ra6dN70ey1A1HMc8tnAemy4e+FP5a1MJurl/K+/dHI5pfv36dfcPBXgWfvz4cdkDMrtwhGORSNu6Kk7aV9Kapm8vL6H5xaIfliaVBuEpOsFvhqIiKBff5+S9plWSxyYJujFJ12mTe5NV0bPLq86cX5vDMSweAExQyx/7pdiCdyMJ+fMPLQ5Hq65zddsOTc5FfJIlJi1EeBp52VVReS3KyUexVauV69br0Kr12tWrlXOmhXui5Cqby6Y7fuTKqP5TaHOC2AAmeJGo5hbpHnao6b2rbBOheh9aONeITqQlVQmxIH5YFRV02CmiWi5dJ03Etlq5er12TpoIbbUKr4dk3Ri12dKqYYU1LXwXcom4Dyg1AbEBTLBcLq+3Kmon/2NybBCUCE7lJa2qQhRVx6FpHaOrkMAbKw8OxBblI+/V4WUn31ujs/W6F5rktkmLCby2KH5I65iaP5uS2YNUHAwfT60owA3rRXMF8LoLrm4iqWVVsQhei95rrUSQa9rrLh+2VlQenyboLmKSrkRmUoEgQ1ON1HSuzdaKplKbEtlEakfKHHWiAhEbwAku2gU2t8Gkik2kIoKKc2Nhdw8Zbuo8WZz0DzKTiEulprludhddjbji4oOTRYPl8qAFmdkhaLo3W05qTxKhpSA2gFvPsyVyC3lrma3Ag9C0j2Ia9mPT0iuVmt2PTYhJuZrGUcWhZpCaLhTo8DNKbdh00kjt6AdenkRkKYgN4M5iO1gl1SoEjd5keCpC0sjMDFOHonmN1ozYdLVVc9I6La8SQarMTKQ2DD81WhtLxh0TGGIDeG4aEcElTC0k2JVSG73FHDZbZqXHbuQ3D0LTRNvG7LdmFwmSxYKj3zzQZ53iwcXG4gHAvX6pKimtOvqVKvvze5qUa/tUavZ5WhKlQ8sm+Y2DJEo72gp8onLgo8z1C1UCERvALRN107ghNywVuWSGp0eiS388OalokPmxoSSq7vPaRFxDSVW6BfhUPeg5PHDUhtgAblkzmr4vNyyN1QcHhe1aD2qis6Nfgk+kaasaOlNvanfEPbjn1M4cTwxDUYAzueqfSrJtuD+1bZDt0x1DlLRawI/UesYKgtEV0Dn/I7jW5yM2gDuS+3NLJDcquNwcncWKqvpAfScRGwBchak5OO3HZJb7001LoYRzk24LArEBPIvkpo6VqUjMP1eS7SUgNoBnGq7+L/7zyMyC2AAenWv8ifrPITSFdA+AR+eTSekaxJ3jAADKAbEBQHEgNgAoDsQGAMWB2ACgOBAbABQHYgOA4kBsAFAciA0AigOxAUBxIDYAKA7EBgDFgdgAoDgQGwAUB2IDgOJAbABQHIgNAFxp/AX/qdllPni50AAAAABJRU5ErkJggg==""}}]}]",0.61
google/gemini-2.5-flash-lite,sample_003,0.666,0.666,0.69,"[{""role"": ""system"", ""content"": ""You are a marker location estimator.""}, {""role"": ""user"", ""content"": [{""type"": ""text"", ""text"": ""\nYou are given both an image and a text-based representation of the same stimulus. \nIn both, a red dot appears on a horizontal line\nThe left end of the line corresponds to 0.0, and the right end to 1.0.\n\nText representation (the dot is marked as \""\""O\""\""):\n|-.----------.--.---O-----.-------------=|\n\n\nEstimate the horizontal position of the **center** of the red dot as a decimal number between 0 and 1.\nDo not explain. Only output the final answer as a number between 0 and 1:\nFinal Answer:\n""}, {""type"": ""image_url"", ""image_url"": {""url"": ""data:image/png;base64,iVBORw0KGgoAAAANSUhEUgAAATYAAABNCAYAAAAsLkgfAAAIfElEQVR4nO2daZLTSBBGtbjbfQfg/n85CZcAzkB71cRXzhTp6pLa2GIal9+LyCjJlmQPeB6ZqkXtMAxDAwBQEd1HfwEAgKVBbABQHYgNAKoDsQFAdSA2AKgOxAYA1YHYAKA6EBsAVAdiA4DqQGwAUB2IDQCqA7EBQHUgNgCoDsQGANWB2ACgOhAbAFQHYgOA6kBsAFAdiA0AqmP10V8A7pilHpfRtstcB8BAbHCbyG6RmwutdA1kBzfQ8pQqeJf8J+L78fWpY0qSivtT21PHA1wAYoPrZKa2tF06N8rpvXZue+41gAClKPy5zKaidE4uL4+5fZ07JzS/NoKDCcjYKmDRv8KCoJI+jsdzicX9/L38++Ti6rpzqRViyM8pXesGWqRYNWRsFbCY2OYyNMnLBebbIdpccJFcWi622GayS2IrhWdzU1ndhSC2ukFsjyy2udIzCG1waR0OTesyOxxOQrN2UGvHJcll5eKZzCzSa6X9XHq53Py63H+DCShF75ztdrvMhUr3zCSpmJlJbBKYRdre73+/5sfnWZsJahRX35+21fb9+WvviW5Kclfw/Py8zJ8d/HOQsd05BwnlFqY6BrzENGElke33o8ja3a4ZtK3XguCGWJaKWH5Goa1WJ6mZ3LQf3y+J7m/IDeoEsd05e4nlWvIhGtn9s5R9eUamdrc7tYrt9tTudqewY5LkSmKzzCwJzaQ2bls0UXba1/G2/0Zu3vpnxBYeHsR25+wkm6Uytlh6ernpWZrLTBJTu902nW+r9WNiSSqsIyCJzGX29DTK7Kht3/dWInPZudhi2TqXuQEgtgcXW16G5vfSPCOT3CQyE1qS2mbTDNbqGL2XMjaFX0dYGRozNJfZ0eP5+SQ122+C5GIWN0apNHUQHNB5cN98//79+pOnhnTkmZqXmptNklcS2WbT9K+vaTuFSS9lcDonz9iC2KLMUrteNwdJTPv2WpKaZCexueAsi5sU25Xl6JcvX67/M4R/FjK2R+wRLY1XiyVoLjUTWucye31tBm2/vja9MrfNJmV0Kavz+2y52CQ1E9vBJJZaiW29PkkthDomkuB0PcvcRrGV5GafddbCw4LY7piNhHILpaEdsQRVmetSc7FJZhLbr1+pbSwkvyS3/b7pXGw2iFbZ2lHh2ZpkJrGp3e1OIbnt96c4HFLou2h8nATnmeRZWRo7EgRCAwOxPXrHQRSbj0dzsfk9NZOaRNb/+tU0Fq1CUlOoRN1uT5mW32fLMrZ0D00Z2W6X5CZ5abjK4Xg8i+MwpGEjg7ehp9Y7FtL3nCpH4eFBbI84hm3u/looQ3XPzDsNBs/IlCXafbajWhObdyY0Pr4tE1vqBJD0lI2ZvHSE4tC2v6PrmqPCMjG9P84bjd/dx7vpc0rlKDw0q8+fP3/0d4Ar+fr167Jj1+Jg3DDDIHYopMG5lpWN2ZlaSVBS817UUIqmoRr2uUlS3plg548lqO7BWRnqpahK2DRdS/JSq/Oj0PW6f84VcuP3Xyernz9/fvR3gI+aI1pYbijNGtCuRRuOS+/4+9r31/NVPuJwDxGnZWXnxf+GeP34HYrvxzYuZ+QT5C+E33+drD59+vTR3wH+zxUqSqtixNcs89G10/VD72Pr5Z+2+z5FE9qxNFQbV+DIxqHF8+K547Z9jj5P4RPo0+dPTYr37x7bC+D3XyerHz9+fPR3gCv59u3bMhlbLgitwXY8Np3dpFfbPT2l3k4N5+ien08lqZesPj9UTon3vvzaEpSNSWs18Vznh9D10rg1G8Om4+IQDx+oe9Eg3T+UPb//OqHz4I7p9T/4kr2iIQuSHmJoQEU/DKew/RRt23QxgyvcY0tZ12rVtBLben0S2ctLiu7lpelfXppGsV6niLKTUEex+SyE0sR4QccBGIjtjnlSZrOk2CQN7yjw0rPrRnl59BZd35+yOcvoUgYWZh/kGZvENmZnJrY+Cs2kl4aCWObmw0SK80UZ6gETILY7Zi0hLNErKrJ119KQD8nIosuil6SenppeWZWE5FOrJsSWylqFpGYic5m1ytyC0Ma5o6UydG4JIwfJPTzMFX3U+aJzy3/7Srm+YofNQvA5oWmuqLZ9ipXPFfWljDKxjXNF4zxRn0ZlU6rezBXNlzIKHRdvFp4UV2RtzBOtFzK2O+fqVWDn5ouG6VVJUioFvdNA8lKWJtEpU/PVPvLli+JwD5eSlax554HCJ74fQ4fBmzXZ8iXDBYtNQgHE9sj32fKyNK5+G1fQdcEp/D6aiW2cehUWnEwRS1Ef8mHSSh0Cuo7dl+tK67H5/bRQfvrg3qLMkBoEENuds6jYJp53MMotW6NtlFlct82PC0NJUm+r9ZqOK+aaxCS34gq6vuLupUuCIzYIILY7ZyUhLCU2byce5jIKTpmWS86fexAe6jKe43jGZnNGo+DGsjM+5yBKzSX23vJEiA0CdB5UwCJPqsqnV1m8KU3jYpT5U6qi1KaeUpWVmXEZojdPqbrkwS08oQoKkLE96kDd0r9npQ6FbB5o8XF8cQJ9/lzR8NyDcUqUTZeSyNLYudLj9q4RGlkbGIjtUeeMls6ZKE2TqHwVjTjZPSwoeZap5WLzqVYxc4uii/v+VCvKTrgBStFKWPSvMRNcXOGjlMW92S6tvBGzr9K9syw7G8vQyEJCu+ofArgrEBv8ZuqnMFeiliKel2daUxHfj8eXQEzwDogN5sl/HjNruZVK0DOmhmnMyQyJwRUgNlhGclPHRKYEhsxgYRAbLNujegn0aMJfBrHBbdzy80Fm8JdguAfcBnKCfxBbIgEAoB4QGwBUB2IDgOpAbABQHYgNAKoDsQFAdSA2AKgOxAYA1YHYAKA6EBsAVAdiA4DqQGwAUB2IDQCqA7EBQHUgNgCoDsQGANWB2ACgqY3/ANGl1gCCZwauAAAAAElFTkSuQmCC""}}]}, {""role"": ""assistant"", ""content"": ""0.52""}, {""role"": ""user"", ""content"": [{""type"": ""text"", ""text"": ""\nYou are given both an image and a text-based representation of the same stimulus. \nIn both, a red dot appears on a horizontal line\nThe left end of the line corresponds to 0.0, and the right end to 1.0.\n\nText representation (the dot is marked as \""\""O\""\""):\n|--------------------=-----=---O------ -.|\n\n\nEstimate the horizontal position of the **center** of the red dot as a decimal number between 0 and 1.\nDo not explain. Only output the final answer as a number between 0 and 1:\nFinal Answer:\n""}, {""type"": ""image_url"", ""image_url"": {""url"": ""data:image/png;base64,iVBORw0KGgoAAAANSUhEUgAAATYAAABNCAYAAAAsLkgfAAAI6UlEQVR4nO2dbY7aMBBA7STLxxna3v9vT9JLtL1Cd4ElqcbxpINxAl0+At73JMtJCAFV2texPWN813WdAwAoiGruLwAAcG0QGwAUB2IDgOJAbABQHIgNAIoDsQFAcSA2ACgOxAYAxYHYAKA4EBsAFAdiA4DiQGwAUByIDQCKA7EBQHEgNgAoDsQGAMWB2ACgOBAbABQHYgOA4mjm/gIAMMG1f5LEe/cZQGwAjy6znNzGhDcmLu8/9r4nxfMrVQAPLDN7PXftlKT8GcfnPOfJQGwAczIlLunHjtP35KTlT/Tp8dS1c157IBAbwCNFZ+mxtLY9PE/fMyYvnzR73d6bHufOx65NXZ8RxAZwBlf/M0nE5K24rMzSPm2WnMx8bFV1JLnuIxHdfwxn/YzCY/EA4N5iy0VlOaElzdvzXMRmWqcik94e23tORXK5Xj4vXYgYERhiAyhZbLmhp16LkgrPV4Ht9/2x9Pt9L7T93nV6Xe6xMrQRmMqrrnt5Sa9yq6peeGn0lhPcmOiuMU93BxiKApxgu91e72GZKG2IxKK4gtje33upJf2B+Oyfro3C6l5mQWp1/U9ucmwkF+6ZGr6eEp/9bNsbFouFmwMiNoAT7EUktxp+JhFaENj7e+ilddLvdr3o5DhGboMMFR1+alTWNEFoQWr22IpO783NwY1FdVOLEXr+ACA2gBO8i1QuIU3PMPNoOszUKE0lJn1o2+2/4yi30Oxcm51XE1k1UWTSv7z0fbymkhuiN+nH5uJycsssQjyi3BAbwAl2IpsrRmwHiwBplKYik367dVXsDwRn596i2EROIqpBaE2U2suLa1VuqeSS6O0ogssJLr02Nfc2I4gN4NZiS4ehKjTpVWjyGbtdL7LNppfaZuO6zSb0ck1eC9Ga3Gvn2VRsUVRd0/QyWyxC38ZezoPomuZ4eJrMvR21VHZ6Lmj/QHJj8QBggp8/f17+kFxKRzL81CitUpG9vbn67c1V0uK10EzUFt5vxRZl1RqZtctlON4vl73UVHIauYnkzLB0Um4TqSNTw9Fv3765e0PEBnCrFdFclYBZ/RyTWpDZ66vrothEcHLsNhv5QkFuwzxbErFJNNaKyERgUWgit/1220tut+vlZoemMWo7EtuY6HLDUyGVm16bAcQGMMFGZHIpaWqHzpHFYajLSK0WscXeidReX8NwVO4N92fEFqQWxdaK1FYrt9/t3P79fWitNrlHvodZaBjSRM6N3qZWS2cGsQHcY+EgFZuZWwsLA1FqtcpM2p8/zovQtL29hXs7aZrXpmLT1VAV22oVxCVt33X/mqSvdJ1rJSm4bfsm75PvZefb5Nmn5IbYAD5pDls6vxajtRCxyWKBiDOufoqwNCKTKE1k10ofWxiextdDflsiNqfDy7Z1kuEWmkRyVeX23ru99PFYrslr8l6572Ci3X5fjd7SOcKc3B5oAaH5+vXrrF8A4JH5/v37dXLX0vpPnfy3zSTmhuTc3W5oLunDKqrNY5OILX5mF6sPhtQPGXrG6K0V6WmL3ytEb7m6Vfu9LSI0vTYmNsV7N4djmt+/f9/9QwGehYuTBjLbDWmdZxebrfscakbN63I+iMcm5lqxCea1TiWXRGNpCVVYdEjOTw4x9TNzu4vY7xPvncMxzZcvX+7+oQDPwod3qMjtfGGqBKTJs8PzzeqiN3NYXs/reuiHphGTfo59ra6dN70ey1A1HMc8tnAemy4e+FP5a1MJurl/K+/dHI5pfv36dfcPBXgWfvz4cdkDMrtwhGORSNu6Kk7aV9Kapm8vL6H5xaIfliaVBuEpOsFvhqIiKBff5+S9plWSxyYJujFJ12mTe5NV0bPLq86cX5vDMSweAExQyx/7pdiCdyMJ+fMPLQ5Hq65zddsOTc5FfJIlJi1EeBp52VVReS3KyUexVauV69br0Kr12tWrlXOmhXui5Cqby6Y7fuTKqP5TaHOC2AAmeJGo5hbpHnao6b2rbBOheh9aONeITqQlVQmxIH5YFRV02CmiWi5dJ03Etlq5er12TpoIbbUKr4dk3Ri12dKqYYU1LXwXcom4Dyg1AbEBTLBcLq+3Kmon/2NybBCUCE7lJa2qQhRVx6FpHaOrkMAbKw8OxBblI+/V4WUn31ujs/W6F5rktkmLCby2KH5I65iaP5uS2YNUHAwfT60owA3rRXMF8LoLrm4iqWVVsQhei95rrUSQa9rrLh+2VlQenyboLmKSrkRmUoEgQ1ON1HSuzdaKplKbEtlEakfKHHWiAhEbwAku2gU2t8Gkik2kIoKKc2Nhdw8Zbuo8WZz0DzKTiEulprludhddjbji4oOTRYPl8qAFmdkhaLo3W05qTxKhpSA2gFvPsyVyC3lrma3Ag9C0j2Ia9mPT0iuVmt2PTYhJuZrGUcWhZpCaLhTo8DNKbdh00kjt6AdenkRkKYgN4M5iO1gl1SoEjd5keCpC0sjMDFOHonmN1ozYdLVVc9I6La8SQarMTKQ2DD81WhtLxh0TGGIDeG4aEcElTC0k2JVSG73FHDZbZqXHbuQ3D0LTRNvG7LdmFwmSxYKj3zzQZ53iwcXG4gHAvX6pKimtOvqVKvvze5qUa/tUavZ5WhKlQ8sm+Y2DJEo72gp8onLgo8z1C1UCERvALRN107ghNywVuWSGp0eiS388OalokPmxoSSq7vPaRFxDSVW6BfhUPeg5PHDUhtgAblkzmr4vNyyN1QcHhe1aD2qis6Nfgk+kaasaOlNvanfEPbjn1M4cTwxDUYAzueqfSrJtuD+1bZDt0x1DlLRawI/UesYKgtEV0Dn/I7jW5yM2gDuS+3NLJDcquNwcncWKqvpAfScRGwBchak5OO3HZJb7001LoYRzk24LArEBPIvkpo6VqUjMP1eS7SUgNoBnGq7+L/7zyMyC2AAenWv8ifrPITSFdA+AR+eTSekaxJ3jAADKAbEBQHEgNgAoDsQGAMWB2ACgOBAbABQHYgOA4kBsAFAciA0AigOxAUBxIDYAKA7EBgDFgdgAoDgQGwAUB2IDgOJAbABQHIgNAFxp/AX/qdllPni50AAAAABJRU5ErkJggg==""}}]}, {""role"": ""assistant"", ""content"": ""0.61""}, {""role"": ""user"", ""content"": [{""type"": ""text"", ""text"": ""\nYou are given both an image and a text-based representation of the same stimulus. \nIn both, a red dot appears on a horizontal line\nThe left end of the line corresponds to 0.0, and the right end to 1.0.\n\nText representation (the dot is marked as \""\""O\""\""):\n|-------------=---.-------O---.-----~----|\n\n\nEstimate the horizontal position of the **center** of the red dot as a decimal number between 0 and 1.\nDo not explain. Only output the final answer as a number between 0 and 1:\nFinal Answer:\n""}, {""type"": ""image_url"", ""image_url"": {""url"": ""data:image/png;base64,iVBORw0KGgoAAAANSUhEUgAAATYAAABNCAYAAAAsLkgfAAAIlElEQVR4nO2dYVLbSBBGR5LBJlcguf/fnCSXSLgCYGxLW994WmmJkcDYLM7ovaqukWxjvFT8tkc9Paq6rusCAEBB1F/9AQAALg1iA4DiQGwAUByIDQCKA7EBQHEgNgAoDsQGAMWB2ACgOBAbABQHYgOA4kBsAFAciA0AigOxAUBxIDYAKA7EBgDFgdgAoDgQGwAUB2IDgOJAbABQHKuv/gAAV8clbwNSVZd7L3g3iA1gSmg5weUey8nLHnvv6+GiVNylChaN/+efO556fkpUY2nNPTf1GJwNYoNlMicxjRb+fA4TVG7MyW1OgHA2TEVhWcwJrW2HUstFjrHEvMymzvVeczJDdGeB2OCq+ZQJhRNaNRaXyW1q9D8vxsKq69eC84/rx3MC9Jj4PkiFFBEbLExsuemmiWsiKn8+VQxI8uq8xDT6Y/+aXNh7vZXNvUGF2BAbFCy2qaqmi/j+JrDDIQSFzg+H/rxL5/E14ylpVf0VlYlM8tLYNMPzCdFNCs6DrE6C4gFcLS8vL5+aqQ0yMRPZfn881rjf/5WdPe/FaLKxLCyJrPNjileis2MvRPGW4N7J7e1tWDJkbHC1HCSSc5mqePopphdZim63C9VudxSdPabX+QJDEpBNP01k3Wo1eTyQnxPd5LU5QbZ2MogNrpa9pHLpCmgSUzXK0nqxvbxEocVwxya4wbU2E5vLwqLIkszieHNzFFp6PI4Smo2WySlyU1MDuZ0EYoOrZSehXLICqnE89dRoIjOZbbeh1uhDz9k01RURlK1FiUlsJrUks1ajj/Scl1w/VZ3K3gRSOxnEBuWKbaIC2gstSS3sdqGWuLbbo9S229Cl0c71mhh2zS1lbFFsLlszmWlsb29jRKnpWFKzcxNcyt76rC1XVBDI7SQoHsBV8vv37/PfJCc2q36mwoBlacrQosien0Pz/BxqHz6D80UEn7E1zVFmJjSN63U4SGTr9V/JWUhsbpray+2CWduPHz/CUiFjg7IqolOdBRajbE1hUjORdU9PoX56Cs3TU+ien0NQ6HnL2mw6axmbpKZsbbWKIpPADpLZy8tx3O2i5Nr9PrRaPuIiCk2S0/FcMcEgc3sXiA2ukq2mf5e8vmbXxUxqqRjQS01hMktjeHwM4ekpZnESW9BrbTrqMrbWxGZSU0hqu1047PexuiuhtW3bh8QY5SappWt+ryqlc90JMAtig2UUDnwngS3rsGnodhunn41lZ5LZ4+MxdKxI1926jNisaKAMrc/M2jYcum4Yql3oZ0ZhnzEuBFYgtrNBbFDmGrbx7hyjamitjC0VDTpNe11Idm0qHFQ2PVXGlsQWsz0nNqtyKgNru+4YyuSqKhzqOhya5hiSn6SXMrPWt1f5z+ynowK5nczq+/fvp/8UwCfz8+fPy1xjy/SDjlun+ulpmqJ2aTFul6arcZQA/Zo2+z3K2ExyaU1alFx6jzYzDbWpqEbf0vVKYG6tXM8Jgvu+4O/26uHh4as/A8Arzi7Wj3s63U4ecQrod/awKaEdWw+pG2e3MPK9p/bQaBePceN7nMK6iufsf61v3zrh7/Kw4O/26v7+/qs/A8DldqhwmdSr8xR67/j+br1YPE/Tv6ppQpWyLx0HH1a9VIYlfOfAatW/vtKxW8rRH7vX6XfYwtxqrrVq+Id595/ifsHf7dWfP3+++jMAvOLXr1+Xv8aWkBrqVCWtdb1ttQr1zU287qaobm5CdXs7bIS3nT0kFpvGCkkpLdmo1usQ1us4WtTrdVzHFkON6Yq0hm2wjs23V5lk44f9+Dq2Pwv+blM8gKuk0Rf8s5Z7KENLWaFkVXddaBRtG6O2SM/F11kGZ1XRJLaYdSkDS2KLIttsQnd3F+pv30JzdxfCZhOCRi87idTE5ncA8Z0H8RdQNPgIiA2ukhtlNJfeKVcykpwkt5Qh1VU1iCZFPNfzijSVjFmcCgg+Y0vTVT1Xpy4DE1tjQttsQrXZRKHF5SApa/M7fwz2bGOZx9kgNrhK1prWfUbngVvyEYWkaWjT/I26jtmijhs9p0jSiv2kJjZ77yS+OLVMYlNmJqFVXmibzbB3VOGv3Y17RAUdBx+GXlEot190qlfUyy0t1I0dCGlnj8baq/yoNW0mNr+7hzXAu6b31kS22cSWqs5lav0uH2kK2r0ltQ8K7ceC+0QFGRtcLWfvAjsWm3AbTPYN7Skzi9fJdO3LMjTJTNfENEp61rEwytis8lmnrK0vHqRja3yPu3v4KahVRX2FVrCjx9kgNljOdTaN7q5TfeZmUlM2liqiEluUk2VqJrbRfmyD5R5JisrKTGyxQDCXqaUsbdCBgNDOBrFBuWKbud7WZ20aJTZlYSY3CcwKBRKUtVG5pR9GXP+WCgj9JpNJZpLkqx10ndQGd7Q6vtlwhA+D2OBqWUkE55LrEMg1xqcpaczeJDFJTiJTIcC2Dh/f0EVY1uUW5o53yu3F5m7oMim18TF8CIoHsIw7VWVu6tIvAbH1baPe0T5D81uC+5u5CLuRi0lrfE+Dia2/By1WFxba7cLvUCUQG5S7y8fUfUVtzFVL/S4gTnSDmyfn7ivqb6/nRZZbo/aeXTvOkFxzicXN/zhMReGqOeuu5rmfnWiMj7LxO21YP6gXXq4BftR3agIb9H7qPNcQP/UZ4WzI2ODq+ZR/ouk9o9hyi3jHx+MpaKa5PnuH90wngd/V46r+R1AQiA2WxSnT07e2KhJeUm+Ff72BiD4FxAbLZmpJiI254xxjec0t4UBmnw5iAxDjr8FYcrnXeHLiIjv7MhAbwHsl9x5y8kJo/zuIDWCOj349kNmXwnIPgDkQ1D9JWikIAFAOiA0AigOxAUBxIDYAKA7EBgDFgdgAoDgQGwAUB2IDgOJAbABQHIgNAIoDsQFAcSA2ACgOxAYAxYHYAKA4EBsAFAdiA4DiQGwAEErjP5FJi7ZzfsrhAAAAAElFTkSuQmCC""}}]}]",0.69
google/gemini-2.5-flash-lite,sample_004,0.59933,0.59933,0.54,"[{""role"": ""system"", ""content"": ""You are a marker location estimator.""}, {""role"": ""user"", ""content"": [{""type"": ""text"", ""text"": ""\nYou are given both an image and a text-based representation of the same stimulus. \nIn both, a red dot appears on a horizontal line\nThe left end of the line corresponds to 0.0, and the right end to 1.0.\n\nText representation (the dot is marked as \""\""O\""\""):\n|-.----------.--.---O-----.-------------=|\n\n\nEstimate the horizontal position of the **center** of the red dot as a decimal number between 0 and 1.\nDo not explain. Only output the final answer as a number between 0 and 1:\nFinal Answer:\n""}, {""type"": ""image_url"", ""image_url"": {""url"": ""data:image/png;base64,iVBORw0KGgoAAAANSUhEUgAAATYAAABNCAYAAAAsLkgfAAAIfElEQVR4nO2daZLTSBBGtbjbfQfg/n85CZcAzkB71cRXzhTp6pLa2GIal9+LyCjJlmQPeB6ZqkXtMAxDAwBQEd1HfwEAgKVBbABQHYgNAKoDsQFAdSA2AKgOxAYA1YHYAKA6EBsAVAdiA4DqQGwAUB2IDQCqA7EBQHUgNgCoDsQGANWB2ACgOhAbAFQHYgOA6kBsAFAdiA0AqmP10V8A7pilHpfRtstcB8BAbHCbyG6RmwutdA1kBzfQ8pQqeJf8J+L78fWpY0qSivtT21PHA1wAYoPrZKa2tF06N8rpvXZue+41gAClKPy5zKaidE4uL4+5fZ07JzS/NoKDCcjYKmDRv8KCoJI+jsdzicX9/L38++Ti6rpzqRViyM8pXesGWqRYNWRsFbCY2OYyNMnLBebbIdpccJFcWi622GayS2IrhWdzU1ndhSC2ukFsjyy2udIzCG1waR0OTesyOxxOQrN2UGvHJcll5eKZzCzSa6X9XHq53Py63H+DCShF75ztdrvMhUr3zCSpmJlJbBKYRdre73+/5sfnWZsJahRX35+21fb9+WvviW5Kclfw/Py8zJ8d/HOQsd05BwnlFqY6BrzENGElke33o8ja3a4ZtK3XguCGWJaKWH5Goa1WJ6mZ3LQf3y+J7m/IDeoEsd05e4nlWvIhGtn9s5R9eUamdrc7tYrt9tTudqewY5LkSmKzzCwJzaQ2bls0UXba1/G2/0Zu3vpnxBYeHsR25+wkm6Uytlh6ernpWZrLTBJTu902nW+r9WNiSSqsIyCJzGX29DTK7Kht3/dWInPZudhi2TqXuQEgtgcXW16G5vfSPCOT3CQyE1qS2mbTDNbqGL2XMjaFX0dYGRozNJfZ0eP5+SQ122+C5GIWN0apNHUQHNB5cN98//79+pOnhnTkmZqXmptNklcS2WbT9K+vaTuFSS9lcDonz9iC2KLMUrteNwdJTPv2WpKaZCexueAsi5sU25Xl6JcvX67/M4R/FjK2R+wRLY1XiyVoLjUTWucye31tBm2/vja9MrfNJmV0Kavz+2y52CQ1E9vBJJZaiW29PkkthDomkuB0PcvcRrGV5GafddbCw4LY7piNhHILpaEdsQRVmetSc7FJZhLbr1+pbSwkvyS3/b7pXGw2iFbZ2lHh2ZpkJrGp3e1OIbnt96c4HFLou2h8nATnmeRZWRo7EgRCAwOxPXrHQRSbj0dzsfk9NZOaRNb/+tU0Fq1CUlOoRN1uT5mW32fLMrZ0D00Z2W6X5CZ5abjK4Xg8i+MwpGEjg7ehp9Y7FtL3nCpH4eFBbI84hm3u/looQ3XPzDsNBs/IlCXafbajWhObdyY0Pr4tE1vqBJD0lI2ZvHSE4tC2v6PrmqPCMjG9P84bjd/dx7vpc0rlKDw0q8+fP3/0d4Ar+fr167Jj1+Jg3DDDIHYopMG5lpWN2ZlaSVBS817UUIqmoRr2uUlS3plg548lqO7BWRnqpahK2DRdS/JSq/Oj0PW6f84VcuP3Xyernz9/fvR3gI+aI1pYbijNGtCuRRuOS+/4+9r31/NVPuJwDxGnZWXnxf+GeP34HYrvxzYuZ+QT5C+E33+drD59+vTR3wH+zxUqSqtixNcs89G10/VD72Pr5Z+2+z5FE9qxNFQbV+DIxqHF8+K547Z9jj5P4RPo0+dPTYr37x7bC+D3XyerHz9+fPR3gCv59u3bMhlbLgitwXY8Np3dpFfbPT2l3k4N5+ien08lqZesPj9UTon3vvzaEpSNSWs18Vznh9D10rg1G8Om4+IQDx+oe9Eg3T+UPb//OqHz4I7p9T/4kr2iIQuSHmJoQEU/DKew/RRt23QxgyvcY0tZ12rVtBLben0S2ctLiu7lpelfXppGsV6niLKTUEex+SyE0sR4QccBGIjtjnlSZrOk2CQN7yjw0rPrRnl59BZd35+yOcvoUgYWZh/kGZvENmZnJrY+Cs2kl4aCWObmw0SK80UZ6gETILY7Zi0hLNErKrJ119KQD8nIosuil6SenppeWZWE5FOrJsSWylqFpGYic5m1ytyC0Ma5o6UydG4JIwfJPTzMFX3U+aJzy3/7Srm+YofNQvA5oWmuqLZ9ipXPFfWljDKxjXNF4zxRn0ZlU6rezBXNlzIKHRdvFp4UV2RtzBOtFzK2O+fqVWDn5ouG6VVJUioFvdNA8lKWJtEpU/PVPvLli+JwD5eSlax554HCJ74fQ4fBmzXZ8iXDBYtNQgHE9sj32fKyNK5+G1fQdcEp/D6aiW2cehUWnEwRS1Ef8mHSSh0Cuo7dl+tK67H5/bRQfvrg3qLMkBoEENuds6jYJp53MMotW6NtlFlct82PC0NJUm+r9ZqOK+aaxCS34gq6vuLupUuCIzYIILY7ZyUhLCU2byce5jIKTpmWS86fexAe6jKe43jGZnNGo+DGsjM+5yBKzSX23vJEiA0CdB5UwCJPqsqnV1m8KU3jYpT5U6qi1KaeUpWVmXEZojdPqbrkwS08oQoKkLE96kDd0r9npQ6FbB5o8XF8cQJ9/lzR8NyDcUqUTZeSyNLYudLj9q4RGlkbGIjtUeeMls6ZKE2TqHwVjTjZPSwoeZap5WLzqVYxc4uii/v+VCvKTrgBStFKWPSvMRNcXOGjlMW92S6tvBGzr9K9syw7G8vQyEJCu+ofArgrEBv8ZuqnMFeiliKel2daUxHfj8eXQEzwDogN5sl/HjNruZVK0DOmhmnMyQyJwRUgNlhGclPHRKYEhsxgYRAbLNujegn0aMJfBrHBbdzy80Fm8JdguAfcBnKCfxBbIgEAoB4QGwBUB2IDgOpAbABQHYgNAKoDsQFAdSA2AKgOxAYA1YHYAKA6EBsAVAdiA4DqQGwAUB2IDQCqA7EBQHUgNgCoDsQGANWB2ACgqY3/ANGl1gCCZwauAAAAAElFTkSuQmCC""}}]}, {""role"": ""assistant"", ""content"": ""0.52""}, {""role"": ""user"", ""content"": [{""type"": ""text"", ""text"": ""\nYou are given both an image and a text-based representation of the same stimulus. \nIn both, a red dot appears on a horizontal line\nThe left end of the line corresponds to 0.0, and the right end to 1.0.\n\nText representation (the dot is marked as \""\""O\""\""):\n|--------------------=-----=---O------ -.|\n\n\nEstimate the horizontal position of the **center** of the red dot as a decimal number between 0 and 1.\nDo not explain. Only output the final answer as a number between 0 and 1:\nFinal Answer:\n""}, {""type"": ""image_url"", ""image_url"": {""url"": ""data:image/png;base64,iVBORw0KGgoAAAANSUhEUgAAATYAAABNCAYAAAAsLkgfAAAI6UlEQVR4nO2dbY7aMBBA7STLxxna3v9vT9JLtL1Cd4ElqcbxpINxAl0+At73JMtJCAFV2texPWN813WdAwAoiGruLwAAcG0QGwAUB2IDgOJAbABQHIgNAIoDsQFAcSA2ACgOxAYAxYHYAKA4EBsAFAdiA4DiQGwAUByIDQCKA7EBQHEgNgAoDsQGAMWB2ACgOBAbABQHYgOA4mjm/gIAMMG1f5LEe/cZQGwAjy6znNzGhDcmLu8/9r4nxfMrVQAPLDN7PXftlKT8GcfnPOfJQGwAczIlLunHjtP35KTlT/Tp8dS1c157IBAbwCNFZ+mxtLY9PE/fMyYvnzR73d6bHufOx65NXZ8RxAZwBlf/M0nE5K24rMzSPm2WnMx8bFV1JLnuIxHdfwxn/YzCY/EA4N5iy0VlOaElzdvzXMRmWqcik94e23tORXK5Xj4vXYgYERhiAyhZbLmhp16LkgrPV4Ht9/2x9Pt9L7T93nV6Xe6xMrQRmMqrrnt5Sa9yq6peeGn0lhPcmOiuMU93BxiKApxgu91e72GZKG2IxKK4gtje33upJf2B+Oyfro3C6l5mQWp1/U9ucmwkF+6ZGr6eEp/9bNsbFouFmwMiNoAT7EUktxp+JhFaENj7e+ilddLvdr3o5DhGboMMFR1+alTWNEFoQWr22IpO783NwY1FdVOLEXr+ACA2gBO8i1QuIU3PMPNoOszUKE0lJn1o2+2/4yi30Oxcm51XE1k1UWTSv7z0fbymkhuiN+nH5uJycsssQjyi3BAbwAl2IpsrRmwHiwBplKYik367dVXsDwRn596i2EROIqpBaE2U2suLa1VuqeSS6O0ogssJLr02Nfc2I4gN4NZiS4ehKjTpVWjyGbtdL7LNppfaZuO6zSb0ck1eC9Ga3Gvn2VRsUVRd0/QyWyxC38ZezoPomuZ4eJrMvR21VHZ6Lmj/QHJj8QBggp8/f17+kFxKRzL81CitUpG9vbn67c1V0uK10EzUFt5vxRZl1RqZtctlON4vl73UVHIauYnkzLB0Um4TqSNTw9Fv3765e0PEBnCrFdFclYBZ/RyTWpDZ66vrothEcHLsNhv5QkFuwzxbErFJNNaKyERgUWgit/1220tut+vlZoemMWo7EtuY6HLDUyGVm16bAcQGMMFGZHIpaWqHzpHFYajLSK0WscXeidReX8NwVO4N92fEFqQWxdaK1FYrt9/t3P79fWitNrlHvodZaBjSRM6N3qZWS2cGsQHcY+EgFZuZWwsLA1FqtcpM2p8/zovQtL29hXs7aZrXpmLT1VAV22oVxCVt33X/mqSvdJ1rJSm4bfsm75PvZefb5Nmn5IbYAD5pDls6vxajtRCxyWKBiDOufoqwNCKTKE1k10ofWxiextdDflsiNqfDy7Z1kuEWmkRyVeX23ru99PFYrslr8l6572Ci3X5fjd7SOcKc3B5oAaH5+vXrrF8A4JH5/v37dXLX0vpPnfy3zSTmhuTc3W5oLunDKqrNY5OILX5mF6sPhtQPGXrG6K0V6WmL3ytEb7m6Vfu9LSI0vTYmNsV7N4djmt+/f9/9QwGehYuTBjLbDWmdZxebrfscakbN63I+iMcm5lqxCea1TiWXRGNpCVVYdEjOTw4x9TNzu4vY7xPvncMxzZcvX+7+oQDPwod3qMjtfGGqBKTJs8PzzeqiN3NYXs/reuiHphGTfo59ra6dN70ey1A1HMc8tnAemy4e+FP5a1MJurl/K+/dHI5pfv36dfcPBXgWfvz4cdkDMrtwhGORSNu6Kk7aV9Kapm8vL6H5xaIfliaVBuEpOsFvhqIiKBff5+S9plWSxyYJujFJ12mTe5NV0bPLq86cX5vDMSweAExQyx/7pdiCdyMJ+fMPLQ5Hq65zddsOTc5FfJIlJi1EeBp52VVReS3KyUexVauV69br0Kr12tWrlXOmhXui5Cqby6Y7fuTKqP5TaHOC2AAmeJGo5hbpHnao6b2rbBOheh9aONeITqQlVQmxIH5YFRV02CmiWi5dJ03Etlq5er12TpoIbbUKr4dk3Ri12dKqYYU1LXwXcom4Dyg1AbEBTLBcLq+3Kmon/2NybBCUCE7lJa2qQhRVx6FpHaOrkMAbKw8OxBblI+/V4WUn31ujs/W6F5rktkmLCby2KH5I65iaP5uS2YNUHAwfT60owA3rRXMF8LoLrm4iqWVVsQhei95rrUSQa9rrLh+2VlQenyboLmKSrkRmUoEgQ1ON1HSuzdaKplKbEtlEakfKHHWiAhEbwAku2gU2t8Gkik2kIoKKc2Nhdw8Zbuo8WZz0DzKTiEulprludhddjbji4oOTRYPl8qAFmdkhaLo3W05qTxKhpSA2gFvPsyVyC3lrma3Ag9C0j2Ia9mPT0iuVmt2PTYhJuZrGUcWhZpCaLhTo8DNKbdh00kjt6AdenkRkKYgN4M5iO1gl1SoEjd5keCpC0sjMDFOHonmN1ozYdLVVc9I6La8SQarMTKQ2DD81WhtLxh0TGGIDeG4aEcElTC0k2JVSG73FHDZbZqXHbuQ3D0LTRNvG7LdmFwmSxYKj3zzQZ53iwcXG4gHAvX6pKimtOvqVKvvze5qUa/tUavZ5WhKlQ8sm+Y2DJEo72gp8onLgo8z1C1UCERvALRN107ghNywVuWSGp0eiS388OalokPmxoSSq7vPaRFxDSVW6BfhUPeg5PHDUhtgAblkzmr4vNyyN1QcHhe1aD2qis6Nfgk+kaasaOlNvanfEPbjn1M4cTwxDUYAzueqfSrJtuD+1bZDt0x1DlLRawI/UesYKgtEV0Dn/I7jW5yM2gDuS+3NLJDcquNwcncWKqvpAfScRGwBchak5OO3HZJb7001LoYRzk24LArEBPIvkpo6VqUjMP1eS7SUgNoBnGq7+L/7zyMyC2AAenWv8ifrPITSFdA+AR+eTSekaxJ3jAADKAbEBQHEgNgAoDsQGAMWB2ACgOBAbABQHYgOA4kBsAFAciA0AigOxAUBxIDYAKA7EBgDFgdgAoDgQGwAUB2IDgOJAbABQHIgNAFxp/AX/qdllPni50AAAAABJRU5ErkJggg==""}}]}, {""role"": ""assistant"", ""content"": ""0.61""}, {""role"": ""user"", ""content"": [{""type"": ""text"", ""text"": ""\nYou are given both an image and a text-based representation of the same stimulus. \nIn both, a red dot appears on a horizontal line\nThe left end of the line corresponds to 0.0, and the right end to 1.0.\n\nText representation (the dot is marked as \""\""O\""\""):\n|-------------=---.-------O---.-----~----|\n\n\nEstimate the horizontal position of the **center** of the red dot as a decimal number between 0 and 1.\nDo not explain. Only output the final answer as a number between 0 and 1:\nFinal Answer:\n""}, {""type"": ""image_url"", ""image_url"": {""url"": ""data:image/png;base64,iVBORw0KGgoAAAANSUhEUgAAATYAAABNCAYAAAAsLkgfAAAIlElEQVR4nO2dYVLbSBBGR5LBJlcguf/fnCSXSLgCYGxLW994WmmJkcDYLM7ovaqukWxjvFT8tkc9Paq6rusCAEBB1F/9AQAALg1iA4DiQGwAUByIDQCKA7EBQHEgNgAoDsQGAMWB2ACgOBAbABQHYgOA4kBsAFAciA0AigOxAUBxIDYAKA7EBgDFgdgAoDgQGwAUB2IDgOJAbABQHKuv/gAAV8clbwNSVZd7L3g3iA1gSmg5weUey8nLHnvv6+GiVNylChaN/+efO556fkpUY2nNPTf1GJwNYoNlMicxjRb+fA4TVG7MyW1OgHA2TEVhWcwJrW2HUstFjrHEvMymzvVeczJDdGeB2OCq+ZQJhRNaNRaXyW1q9D8vxsKq69eC84/rx3MC9Jj4PkiFFBEbLExsuemmiWsiKn8+VQxI8uq8xDT6Y/+aXNh7vZXNvUGF2BAbFCy2qaqmi/j+JrDDIQSFzg+H/rxL5/E14ylpVf0VlYlM8tLYNMPzCdFNCs6DrE6C4gFcLS8vL5+aqQ0yMRPZfn881rjf/5WdPe/FaLKxLCyJrPNjileis2MvRPGW4N7J7e1tWDJkbHC1HCSSc5mqePopphdZim63C9VudxSdPabX+QJDEpBNP01k3Wo1eTyQnxPd5LU5QbZ2MogNrpa9pHLpCmgSUzXK0nqxvbxEocVwxya4wbU2E5vLwqLIkszieHNzFFp6PI4Smo2WySlyU1MDuZ0EYoOrZSehXLICqnE89dRoIjOZbbeh1uhDz9k01RURlK1FiUlsJrUks1ajj/Scl1w/VZ3K3gRSOxnEBuWKbaIC2gstSS3sdqGWuLbbo9S229Cl0c71mhh2zS1lbFFsLlszmWlsb29jRKnpWFKzcxNcyt76rC1XVBDI7SQoHsBV8vv37/PfJCc2q36mwoBlacrQosien0Pz/BxqHz6D80UEn7E1zVFmJjSN63U4SGTr9V/JWUhsbpray+2CWduPHz/CUiFjg7IqolOdBRajbE1hUjORdU9PoX56Cs3TU+ien0NQ6HnL2mw6axmbpKZsbbWKIpPADpLZy8tx3O2i5Nr9PrRaPuIiCk2S0/FcMcEgc3sXiA2ukq2mf5e8vmbXxUxqqRjQS01hMktjeHwM4ekpZnESW9BrbTrqMrbWxGZSU0hqu1047PexuiuhtW3bh8QY5SappWt+ryqlc90JMAtig2UUDnwngS3rsGnodhunn41lZ5LZ4+MxdKxI1926jNisaKAMrc/M2jYcum4Yql3oZ0ZhnzEuBFYgtrNBbFDmGrbx7hyjamitjC0VDTpNe11Idm0qHFQ2PVXGlsQWsz0nNqtyKgNru+4YyuSqKhzqOhya5hiSn6SXMrPWt1f5z+ynowK5nczq+/fvp/8UwCfz8+fPy1xjy/SDjlun+ulpmqJ2aTFul6arcZQA/Zo2+z3K2ExyaU1alFx6jzYzDbWpqEbf0vVKYG6tXM8Jgvu+4O/26uHh4as/A8Arzi7Wj3s63U4ecQrod/awKaEdWw+pG2e3MPK9p/bQaBePceN7nMK6iufsf61v3zrh7/Kw4O/26v7+/qs/A8DldqhwmdSr8xR67/j+br1YPE/Tv6ppQpWyLx0HH1a9VIYlfOfAatW/vtKxW8rRH7vX6XfYwtxqrrVq+Id595/ifsHf7dWfP3+++jMAvOLXr1+Xv8aWkBrqVCWtdb1ttQr1zU287qaobm5CdXs7bIS3nT0kFpvGCkkpLdmo1usQ1us4WtTrdVzHFkON6Yq0hm2wjs23V5lk44f9+Dq2Pwv+blM8gKuk0Rf8s5Z7KENLWaFkVXddaBRtG6O2SM/F11kGZ1XRJLaYdSkDS2KLIttsQnd3F+pv30JzdxfCZhOCRi87idTE5ncA8Z0H8RdQNPgIiA2ukhtlNJfeKVcykpwkt5Qh1VU1iCZFPNfzijSVjFmcCgg+Y0vTVT1Xpy4DE1tjQttsQrXZRKHF5SApa/M7fwz2bGOZx9kgNrhK1prWfUbngVvyEYWkaWjT/I26jtmijhs9p0jSiv2kJjZ77yS+OLVMYlNmJqFVXmibzbB3VOGv3Y17RAUdBx+GXlEot190qlfUyy0t1I0dCGlnj8baq/yoNW0mNr+7hzXAu6b31kS22cSWqs5lav0uH2kK2r0ltQ8K7ceC+0QFGRtcLWfvAjsWm3AbTPYN7Skzi9fJdO3LMjTJTNfENEp61rEwytis8lmnrK0vHqRja3yPu3v4KahVRX2FVrCjx9kgNljOdTaN7q5TfeZmUlM2liqiEluUk2VqJrbRfmyD5R5JisrKTGyxQDCXqaUsbdCBgNDOBrFBuWKbud7WZ20aJTZlYSY3CcwKBRKUtVG5pR9GXP+WCgj9JpNJZpLkqx10ndQGd7Q6vtlwhA+D2OBqWUkE55LrEMg1xqcpaczeJDFJTiJTIcC2Dh/f0EVY1uUW5o53yu3F5m7oMim18TF8CIoHsIw7VWVu6tIvAbH1baPe0T5D81uC+5u5CLuRi0lrfE+Dia2/By1WFxba7cLvUCUQG5S7y8fUfUVtzFVL/S4gTnSDmyfn7ivqb6/nRZZbo/aeXTvOkFxzicXN/zhMReGqOeuu5rmfnWiMj7LxO21YP6gXXq4BftR3agIb9H7qPNcQP/UZ4WzI2ODq+ZR/ouk9o9hyi3jHx+MpaKa5PnuH90wngd/V46r+R1AQiA2WxSnT07e2KhJeUm+Ff72BiD4FxAbLZmpJiI254xxjec0t4UBmnw5iAxDjr8FYcrnXeHLiIjv7MhAbwHsl9x5y8kJo/zuIDWCOj349kNmXwnIPgDkQ1D9JWikIAFAOiA0AigOxAUBxIDYAKA7EBgDFgdgAoDgQGwAUB2IDgOJAbABQHIgNAIoDsQFAcSA2ACgOxAYAxYHYAKA4EBsAFAdiA4DiQGwAEErjP5FJi7ZzfsrhAAAAAElFTkSuQmCC""}}]}, {""role"": ""assistant"", ""content"": ""0.69""}, {""role"": ""user"", ""content"": [{""type"": ""text"", ""text"": ""\nYou are given both an image and a text-based representation of the same stimulus. \nIn both, a red dot appears on a horizontal line\nThe left end of the line corresponds to 0.0, and the right end to 1.0.\n\nText representation (the dot is marked as \""\""O\""\""):\n|.---~------~----------=O-----------~----|\n\n\nEstimate the horizontal position of the **center** of the red dot as a decimal number between 0 and 1.\nDo not explain. Only output the final answer as a number between 0 and 1:\nFinal Answer:\n""}, {""type"": ""image_url"", ""image_url"": {""url"": ""data:image/png;base64,iVBORw0KGgoAAAANSUhEUgAAATYAAABNCAYAAAAsLkgfAAAIiklEQVR4nO2df3LaTAxA/YOE3KHt/f/tSXqJtmdoAgF/IyE5QlmgX+yMzfa9Gc0aFxbagVetd7Vuh2EYGgCAiuiW/gAAAHOD2ACgOhAbAFQHYgOA6kBsAFAdiA0AqgOxAUB1IDYAqA7EBgDVgdgAoDoQGwBUB2IDgOpAbABQHYgNAKoDsQFAdSA2AKgOxAYA1YHYAKA6EBsAVMdm6Q8AMAtz3bqjbefpBxYFsUFdMvvbcyWBybn8XER3l7TcpQrujviVvXV87evt0oryKp0rPYZVg9jgPshf0yiuLLHSuRJRYpeOY5tfB6sFscE6uTakzAK7FSWyyK5Ffv6lvmA1IDaYjU/5KqXhZVsS1/H4/jieu3TdrOve5OXH8ZzFcEly+fgDtEjxU2DyANYpttL1siwreRzDzrX5XJRblFPXNYOLrO/fxBbDxSbH/rooOel3gpwQ2+eA2GB5sd0adgax6XuYtFRgh8Pp8eEwPh7Cec3w5HHsOmZpEn1/EpzITcKFV5Dc1WGqg6wWh6EozMJut5uno9J1NMu8VFzy2KUlrUX7+npq4zmXXh6OShbmIhOJSbvZnFqL8TiKLw9Xra+r19/+gsfHx2n/ZvAOMjaYhYNIZCrXJgVihhYEJkKTGPb70zkRnJ/zLM7lJoShpctrEKltNie5ueD8XBRdzuCsvznkBvOC2GAWXkUoc2ZqaULApeby0gxNWhFaDDvngnt3rc2zNRGbSUzbh4e3EKF5GwR3lsXdyt5gURAbzMJeZDKVlKWdTQJEqWWZ7XZNt9uNx1Fy45DVhDmY2DQ8QzOhHR8fT8feWoySs0yuODQVENtqQGywvNhKQ9AgtXHY6bLa708is+heXprB5fby0nTyWeSan113a0pis0ztGKTmoWKz48YfxywuZ25xYkFAbovD5AFM5ufPn9M6yGK7lqlZRiYykxCR9XY8hkvOhqzFjK3vVWrHKLXttjlst82w3Y6P5dgzOJWcDU/fyW3itbZv375N+zeEM8jYYLkZ0bxWLYvNs604/DRpdc/PJ4k9PzeDHD8/q+CGl5emkZDn+LW2gtiOlq0dTGwiNBXb05O2R2n3++ZoExMqN+lLsrgot0tZm0DmthiIDSbzIiKZShRbWJPmEwU6IWDDTheaykzE9uePto2FZHE6FJXMLoptGE5SC2JTuVmmJlI77PcaIjSNw0FbXx8nM60yJB0nFXzZSJ5IgEVBbLD8xEFesxbXqMUhqF9DM6H1f/40jUUrQvNWhqi7nV53G0oZm81wjsNQEZkI7fVVl61oHI8aR5FhjFDhoMciNem/NByFxUBssOwatkvX1+KaNMm8QsY2Djc9Q3t+bo4iNRPb+BwZQvo1Nqs+0DVsvsTDMzIRmElM/iYabauh2Z3JStqxaiF+7jwcFZDbomy+fv267CeAu+f79+/zrl0L1QNx8iBGXO6hmZlFE1ufRQ1i0/Vr9niIWZxlcjpEjSFZnb2nPNbXSsRlHvHvE8/9D7nxO5yXze/fv2fuEv41Jk2sl0qo0k4ePgwcd/bwYWA41sfeushyROLzUx/xvMvWP8N4ra5UHREzudJuvFfgdzgvmy9fvszcJfxrfHiHiiiD2J46HaP194jn4nHXaUi2pOdz6VPuN8xmjq/z49h/etz6ULTweaZuacTvcF42v379mrlL+Nf48ePHx18cMzURQcysvAJhs2k6ycL6vunkOMbDw9t6NS+Etz5HOYXJA5WUrUFrbW1a6/HwoP2dlVbFNWuxrCpGnBn94DU2fofzwuQBTKaXH/Xcs6I5Y7MtiCS647HpJYZB207OeXgGZ+VPXlbl76FZl0jNxKYis4W43Xbb9E9PTSOx3Wq0dl7Wsbn0dLlHrEIoTR7AoiA2mMyD/NDnXscWllH4MFCORVxyeV6jbRtRai/nJTyjkywuVh6k3T1UavJcz8xk8a1IzWQmYmufnppOFulayHl/3tk6tlL1ASwOYoPJbOXH/lmVByYPl5EKKUqs75veMi9tJbOyWtIui83EI69XIcUMTIaiIUNToVnrQpP2rPLAF+hSL7o6qBWF5etFb9WKWuG7SioUvmutqCzUjSVWXnLlz/cqBt+yKNaKhuoDrxc9mMRUakFoKjUX4aWSKuEDWRt1ovNDxgazMGkX2Fu7e4jY7HqZTCSIYHS4aRf9VWSSabn0fI2brYHLGZtf7JdsT/qSPtvQnw5PRWxe+O5F8Hn7IrK11YLYYJ3X2eJ+bCIRryAQAYm0goi0MsFLrjxTC8PQothcbiYrl9vZrGjejy1kanFrcaS2PhAbrENsl6oQPGsToXgVgi3x0OGpiC1vPhnvgZDueeCTEDJzOu6ea20bNp4cJwdim5d45Nv1nd5g2r8DzAJig1nYyI//s+55kO9KFbM3P85C891z07bgOWuTyQgX21hDeuvmLpd2z40tLAqTB7CuO1Vdkdt4K710Q5ezzSjz7fh8wW+qPoi31/MbtcRtiMabt8Q7WV27DR93qFoVZGyw/ELd0v+t8ZZ5LjQ/J+/jWxvlnXZTfehYX+rYzGgsvRoX7UbZle4rWpKa9XkGWdviIDZYvma09Lp8zc1qPsesLQiuKLN8P9GQscWqBr8T/FgnmmtOw3MuCg2RrQ6GojArs36dCgt4VSFRWvE6XBZaztacS0PJPBng8ssym2n77w//RwA3QWywTvLXsrS90aWIf577KmVbpUzsWmbG0HP1IDa4D3L2ltsr+7q9o5Rx3dp6CJndFYgN6srkrj3nlqBuyQuZ3Q2IDe6TSzOpH+WStJDZXYLYoA7m+hojsipguQfUAUKCQLrNDgDA/YPYAKA6EBsAVAdiA4DqQGwAUB2IDQCqA7EBQHUgNgCoDsQGANWB2ACgOhAbAFQHYgOA6kBsAFAdiA0AqgOxAUB1IDYAqA7EBgBNbfwHpukVnIP1gA0AAAAASUVORK5CYII=""}}]}]",0.54
google/gemini-2.5-flash-lite,sample_005,0.37801,0.37801,0.46,"[{""role"": ""system"", ""content"": ""You are a marker location estimator.""}, {""role"": ""user"", ""content"": [{""type"": ""text"", ""text"": ""\nYou are given both an image and a text-based representation of the same stimulus. \nIn both, a red dot appears on a horizontal line\nThe left end of the line corresponds to 0.0, and the right end to 1.0.\n\nText representation (the dot is marked as \""\""O\""\""):\n|-.----------.--.---O-----.-------------=|\n\n\nEstimate the horizontal position of the **center** of the red dot as a decimal number between 0 and 1.\nDo not explain. Only output the final answer as a number between 0 and 1:\nFinal Answer:\n""}, {""type"": ""image_url"", ""image_url"": {""url"": ""data:image/png;base64,iVBORw0KGgoAAAANSUhEUgAAATYAAABNCAYAAAAsLkgfAAAIfElEQVR4nO2daZLTSBBGtbjbfQfg/n85CZcAzkB71cRXzhTp6pLa2GIal9+LyCjJlmQPeB6ZqkXtMAxDAwBQEd1HfwEAgKVBbABQHYgNAKoDsQFAdSA2AKgOxAYA1YHYAKA6EBsAVAdiA4DqQGwAUB2IDQCqA7EBQHUgNgCoDsQGANWB2ACgOhAbAFQHYgOA6kBsAFAdiA0AqmP10V8A7pilHpfRtstcB8BAbHCbyG6RmwutdA1kBzfQ8pQqeJf8J+L78fWpY0qSivtT21PHA1wAYoPrZKa2tF06N8rpvXZue+41gAClKPy5zKaidE4uL4+5fZ07JzS/NoKDCcjYKmDRv8KCoJI+jsdzicX9/L38++Ti6rpzqRViyM8pXesGWqRYNWRsFbCY2OYyNMnLBebbIdpccJFcWi622GayS2IrhWdzU1ndhSC2ukFsjyy2udIzCG1waR0OTesyOxxOQrN2UGvHJcll5eKZzCzSa6X9XHq53Py63H+DCShF75ztdrvMhUr3zCSpmJlJbBKYRdre73+/5sfnWZsJahRX35+21fb9+WvviW5Kclfw/Py8zJ8d/HOQsd05BwnlFqY6BrzENGElke33o8ja3a4ZtK3XguCGWJaKWH5Goa1WJ6mZ3LQf3y+J7m/IDeoEsd05e4nlWvIhGtn9s5R9eUamdrc7tYrt9tTudqewY5LkSmKzzCwJzaQ2bls0UXba1/G2/0Zu3vpnxBYeHsR25+wkm6Uytlh6ernpWZrLTBJTu902nW+r9WNiSSqsIyCJzGX29DTK7Kht3/dWInPZudhi2TqXuQEgtgcXW16G5vfSPCOT3CQyE1qS2mbTDNbqGL2XMjaFX0dYGRozNJfZ0eP5+SQ122+C5GIWN0apNHUQHNB5cN98//79+pOnhnTkmZqXmptNklcS2WbT9K+vaTuFSS9lcDonz9iC2KLMUrteNwdJTPv2WpKaZCexueAsi5sU25Xl6JcvX67/M4R/FjK2R+wRLY1XiyVoLjUTWucye31tBm2/vja9MrfNJmV0Kavz+2y52CQ1E9vBJJZaiW29PkkthDomkuB0PcvcRrGV5GafddbCw4LY7piNhHILpaEdsQRVmetSc7FJZhLbr1+pbSwkvyS3/b7pXGw2iFbZ2lHh2ZpkJrGp3e1OIbnt96c4HFLou2h8nATnmeRZWRo7EgRCAwOxPXrHQRSbj0dzsfk9NZOaRNb/+tU0Fq1CUlOoRN1uT5mW32fLMrZ0D00Z2W6X5CZ5abjK4Xg8i+MwpGEjg7ehp9Y7FtL3nCpH4eFBbI84hm3u/looQ3XPzDsNBs/IlCXafbajWhObdyY0Pr4tE1vqBJD0lI2ZvHSE4tC2v6PrmqPCMjG9P84bjd/dx7vpc0rlKDw0q8+fP3/0d4Ar+fr167Jj1+Jg3DDDIHYopMG5lpWN2ZlaSVBS817UUIqmoRr2uUlS3plg548lqO7BWRnqpahK2DRdS/JSq/Oj0PW6f84VcuP3Xyernz9/fvR3gI+aI1pYbijNGtCuRRuOS+/4+9r31/NVPuJwDxGnZWXnxf+GeP34HYrvxzYuZ+QT5C+E33+drD59+vTR3wH+zxUqSqtixNcs89G10/VD72Pr5Z+2+z5FE9qxNFQbV+DIxqHF8+K547Z9jj5P4RPo0+dPTYr37x7bC+D3XyerHz9+fPR3gCv59u3bMhlbLgitwXY8Np3dpFfbPT2l3k4N5+ien08lqZesPj9UTon3vvzaEpSNSWs18Vznh9D10rg1G8Om4+IQDx+oe9Eg3T+UPb//OqHz4I7p9T/4kr2iIQuSHmJoQEU/DKew/RRt23QxgyvcY0tZ12rVtBLben0S2ctLiu7lpelfXppGsV6niLKTUEex+SyE0sR4QccBGIjtjnlSZrOk2CQN7yjw0rPrRnl59BZd35+yOcvoUgYWZh/kGZvENmZnJrY+Cs2kl4aCWObmw0SK80UZ6gETILY7Zi0hLNErKrJ119KQD8nIosuil6SenppeWZWE5FOrJsSWylqFpGYic5m1ytyC0Ma5o6UydG4JIwfJPTzMFX3U+aJzy3/7Srm+YofNQvA5oWmuqLZ9ipXPFfWljDKxjXNF4zxRn0ZlU6rezBXNlzIKHRdvFp4UV2RtzBOtFzK2O+fqVWDn5ouG6VVJUioFvdNA8lKWJtEpU/PVPvLli+JwD5eSlax554HCJ74fQ4fBmzXZ8iXDBYtNQgHE9sj32fKyNK5+G1fQdcEp/D6aiW2cehUWnEwRS1Ef8mHSSh0Cuo7dl+tK67H5/bRQfvrg3qLMkBoEENuds6jYJp53MMotW6NtlFlct82PC0NJUm+r9ZqOK+aaxCS34gq6vuLupUuCIzYIILY7ZyUhLCU2byce5jIKTpmWS86fexAe6jKe43jGZnNGo+DGsjM+5yBKzSX23vJEiA0CdB5UwCJPqsqnV1m8KU3jYpT5U6qi1KaeUpWVmXEZojdPqbrkwS08oQoKkLE96kDd0r9npQ6FbB5o8XF8cQJ9/lzR8NyDcUqUTZeSyNLYudLj9q4RGlkbGIjtUeeMls6ZKE2TqHwVjTjZPSwoeZap5WLzqVYxc4uii/v+VCvKTrgBStFKWPSvMRNcXOGjlMW92S6tvBGzr9K9syw7G8vQyEJCu+ofArgrEBv8ZuqnMFeiliKel2daUxHfj8eXQEzwDogN5sl/HjNruZVK0DOmhmnMyQyJwRUgNlhGclPHRKYEhsxgYRAbLNujegn0aMJfBrHBbdzy80Fm8JdguAfcBnKCfxBbIgEAoB4QGwBUB2IDgOpAbABQHYgNAKoDsQFAdSA2AKgOxAYA1YHYAKA6EBsAVAdiA4DqQGwAUB2IDQCqA7EBQHUgNgCoDsQGANWB2ACgqY3/ANGl1gCCZwauAAAAAElFTkSuQmCC""}}]}, {""role"": ""assistant"", ""content"": ""0.52""}, {""role"": ""user"", ""content"": [{""type"": ""text"", ""text"": ""\nYou are given both an image and a text-based representation of the same stimulus. \nIn both, a red dot appears on a horizontal line\nThe left end of the line corresponds to 0.0, and the right end to 1.0.\n\nText representation (the dot is marked as \""\""O\""\""):\n|--------------------=-----=---O------ -.|\n\n\nEstimate the horizontal position of the **center** of the red dot as a decimal number between 0 and 1.\nDo not explain. Only output the final answer as a number between 0 and 1:\nFinal Answer:\n""}, {""type"": ""image_url"", ""image_url"": {""url"": ""data:image/png;base64,iVBORw0KGgoAAAANSUhEUgAAATYAAABNCAYAAAAsLkgfAAAI6UlEQVR4nO2dbY7aMBBA7STLxxna3v9vT9JLtL1Cd4ElqcbxpINxAl0+At73JMtJCAFV2texPWN813WdAwAoiGruLwAAcG0QGwAUB2IDgOJAbABQHIgNAIoDsQFAcSA2ACgOxAYAxYHYAKA4EBsAFAdiA4DiQGwAUByIDQCKA7EBQHEgNgAoDsQGAMWB2ACgOBAbABQHYgOA4mjm/gIAMMG1f5LEe/cZQGwAjy6znNzGhDcmLu8/9r4nxfMrVQAPLDN7PXftlKT8GcfnPOfJQGwAczIlLunHjtP35KTlT/Tp8dS1c157IBAbwCNFZ+mxtLY9PE/fMyYvnzR73d6bHufOx65NXZ8RxAZwBlf/M0nE5K24rMzSPm2WnMx8bFV1JLnuIxHdfwxn/YzCY/EA4N5iy0VlOaElzdvzXMRmWqcik94e23tORXK5Xj4vXYgYERhiAyhZbLmhp16LkgrPV4Ht9/2x9Pt9L7T93nV6Xe6xMrQRmMqrrnt5Sa9yq6peeGn0lhPcmOiuMU93BxiKApxgu91e72GZKG2IxKK4gtje33upJf2B+Oyfro3C6l5mQWp1/U9ucmwkF+6ZGr6eEp/9bNsbFouFmwMiNoAT7EUktxp+JhFaENj7e+ilddLvdr3o5DhGboMMFR1+alTWNEFoQWr22IpO783NwY1FdVOLEXr+ACA2gBO8i1QuIU3PMPNoOszUKE0lJn1o2+2/4yi30Oxcm51XE1k1UWTSv7z0fbymkhuiN+nH5uJycsssQjyi3BAbwAl2IpsrRmwHiwBplKYik367dVXsDwRn596i2EROIqpBaE2U2suLa1VuqeSS6O0ogssJLr02Nfc2I4gN4NZiS4ehKjTpVWjyGbtdL7LNppfaZuO6zSb0ck1eC9Ga3Gvn2VRsUVRd0/QyWyxC38ZezoPomuZ4eJrMvR21VHZ6Lmj/QHJj8QBggp8/f17+kFxKRzL81CitUpG9vbn67c1V0uK10EzUFt5vxRZl1RqZtctlON4vl73UVHIauYnkzLB0Um4TqSNTw9Fv3765e0PEBnCrFdFclYBZ/RyTWpDZ66vrothEcHLsNhv5QkFuwzxbErFJNNaKyERgUWgit/1220tut+vlZoemMWo7EtuY6HLDUyGVm16bAcQGMMFGZHIpaWqHzpHFYajLSK0WscXeidReX8NwVO4N92fEFqQWxdaK1FYrt9/t3P79fWitNrlHvodZaBjSRM6N3qZWS2cGsQHcY+EgFZuZWwsLA1FqtcpM2p8/zovQtL29hXs7aZrXpmLT1VAV22oVxCVt33X/mqSvdJ1rJSm4bfsm75PvZefb5Nmn5IbYAD5pDls6vxajtRCxyWKBiDOufoqwNCKTKE1k10ofWxiextdDflsiNqfDy7Z1kuEWmkRyVeX23ru99PFYrslr8l6572Ci3X5fjd7SOcKc3B5oAaH5+vXrrF8A4JH5/v37dXLX0vpPnfy3zSTmhuTc3W5oLunDKqrNY5OILX5mF6sPhtQPGXrG6K0V6WmL3ytEb7m6Vfu9LSI0vTYmNsV7N4djmt+/f9/9QwGehYuTBjLbDWmdZxebrfscakbN63I+iMcm5lqxCea1TiWXRGNpCVVYdEjOTw4x9TNzu4vY7xPvncMxzZcvX+7+oQDPwod3qMjtfGGqBKTJs8PzzeqiN3NYXs/reuiHphGTfo59ra6dN70ey1A1HMc8tnAemy4e+FP5a1MJurl/K+/dHI5pfv36dfcPBXgWfvz4cdkDMrtwhGORSNu6Kk7aV9Kapm8vL6H5xaIfliaVBuEpOsFvhqIiKBff5+S9plWSxyYJujFJ12mTe5NV0bPLq86cX5vDMSweAExQyx/7pdiCdyMJ+fMPLQ5Hq65zddsOTc5FfJIlJi1EeBp52VVReS3KyUexVauV69br0Kr12tWrlXOmhXui5Cqby6Y7fuTKqP5TaHOC2AAmeJGo5hbpHnao6b2rbBOheh9aONeITqQlVQmxIH5YFRV02CmiWi5dJ03Etlq5er12TpoIbbUKr4dk3Ri12dKqYYU1LXwXcom4Dyg1AbEBTLBcLq+3Kmon/2NybBCUCE7lJa2qQhRVx6FpHaOrkMAbKw8OxBblI+/V4WUn31ujs/W6F5rktkmLCby2KH5I65iaP5uS2YNUHAwfT60owA3rRXMF8LoLrm4iqWVVsQhei95rrUSQa9rrLh+2VlQenyboLmKSrkRmUoEgQ1ON1HSuzdaKplKbEtlEakfKHHWiAhEbwAku2gU2t8Gkik2kIoKKc2Nhdw8Zbuo8WZz0DzKTiEulprludhddjbji4oOTRYPl8qAFmdkhaLo3W05qTxKhpSA2gFvPsyVyC3lrma3Ag9C0j2Ia9mPT0iuVmt2PTYhJuZrGUcWhZpCaLhTo8DNKbdh00kjt6AdenkRkKYgN4M5iO1gl1SoEjd5keCpC0sjMDFOHonmN1ozYdLVVc9I6La8SQarMTKQ2DD81WhtLxh0TGGIDeG4aEcElTC0k2JVSG73FHDZbZqXHbuQ3D0LTRNvG7LdmFwmSxYKj3zzQZ53iwcXG4gHAvX6pKimtOvqVKvvze5qUa/tUavZ5WhKlQ8sm+Y2DJEo72gp8onLgo8z1C1UCERvALRN107ghNywVuWSGp0eiS388OalokPmxoSSq7vPaRFxDSVW6BfhUPeg5PHDUhtgAblkzmr4vNyyN1QcHhe1aD2qis6Nfgk+kaasaOlNvanfEPbjn1M4cTwxDUYAzueqfSrJtuD+1bZDt0x1DlLRawI/UesYKgtEV0Dn/I7jW5yM2gDuS+3NLJDcquNwcncWKqvpAfScRGwBchak5OO3HZJb7001LoYRzk24LArEBPIvkpo6VqUjMP1eS7SUgNoBnGq7+L/7zyMyC2AAenWv8ifrPITSFdA+AR+eTSekaxJ3jAADKAbEBQHEgNgAoDsQGAMWB2ACgOBAbABQHYgOA4kBsAFAciA0AigOxAUBxIDYAKA7EBgDFgdgAoDgQGwAUB2IDgOJAbABQHIgNAFxp/AX/qdllPni50AAAAABJRU5ErkJggg==""}}]}, {""role"": ""assistant"", ""content"": ""0.61""}, {""role"": ""user"", ""content"": [{""type"": ""text"", ""text"": ""\nYou are given both an image and a text-based representation of the same stimulus. \nIn both, a red dot appears on a horizontal line\nThe left end of the line corresponds to 0.0, and the right end to 1.0.\n\nText representation (the dot is marked as \""\""O\""\""):\n|-------------=---.-------O---.-----~----|\n\n\nEstimate the horizontal position of the **center** of the red dot as a decimal number between 0 and 1.\nDo not explain. Only output the final answer as a number between 0 and 1:\nFinal Answer:\n""}, {""type"": ""image_url"", ""image_url"": {""url"": ""data:image/png;base64,iVBORw0KGgoAAAANSUhEUgAAATYAAABNCAYAAAAsLkgfAAAIlElEQVR4nO2dYVLbSBBGR5LBJlcguf/fnCSXSLgCYGxLW994WmmJkcDYLM7ovaqukWxjvFT8tkc9Paq6rusCAEBB1F/9AQAALg1iA4DiQGwAUByIDQCKA7EBQHEgNgAoDsQGAMWB2ACgOBAbABQHYgOA4kBsAFAciA0AigOxAUBxIDYAKA7EBgDFgdgAoDgQGwAUB2IDgOJAbABQHKuv/gAAV8clbwNSVZd7L3g3iA1gSmg5weUey8nLHnvv6+GiVNylChaN/+efO556fkpUY2nNPTf1GJwNYoNlMicxjRb+fA4TVG7MyW1OgHA2TEVhWcwJrW2HUstFjrHEvMymzvVeczJDdGeB2OCq+ZQJhRNaNRaXyW1q9D8vxsKq69eC84/rx3MC9Jj4PkiFFBEbLExsuemmiWsiKn8+VQxI8uq8xDT6Y/+aXNh7vZXNvUGF2BAbFCy2qaqmi/j+JrDDIQSFzg+H/rxL5/E14ylpVf0VlYlM8tLYNMPzCdFNCs6DrE6C4gFcLS8vL5+aqQ0yMRPZfn881rjf/5WdPe/FaLKxLCyJrPNjileis2MvRPGW4N7J7e1tWDJkbHC1HCSSc5mqePopphdZim63C9VudxSdPabX+QJDEpBNP01k3Wo1eTyQnxPd5LU5QbZ2MogNrpa9pHLpCmgSUzXK0nqxvbxEocVwxya4wbU2E5vLwqLIkszieHNzFFp6PI4Smo2WySlyU1MDuZ0EYoOrZSehXLICqnE89dRoIjOZbbeh1uhDz9k01RURlK1FiUlsJrUks1ajj/Scl1w/VZ3K3gRSOxnEBuWKbaIC2gstSS3sdqGWuLbbo9S229Cl0c71mhh2zS1lbFFsLlszmWlsb29jRKnpWFKzcxNcyt76rC1XVBDI7SQoHsBV8vv37/PfJCc2q36mwoBlacrQosien0Pz/BxqHz6D80UEn7E1zVFmJjSN63U4SGTr9V/JWUhsbpray+2CWduPHz/CUiFjg7IqolOdBRajbE1hUjORdU9PoX56Cs3TU+ien0NQ6HnL2mw6axmbpKZsbbWKIpPADpLZy8tx3O2i5Nr9PrRaPuIiCk2S0/FcMcEgc3sXiA2ukq2mf5e8vmbXxUxqqRjQS01hMktjeHwM4ekpZnESW9BrbTrqMrbWxGZSU0hqu1047PexuiuhtW3bh8QY5SappWt+ryqlc90JMAtig2UUDnwngS3rsGnodhunn41lZ5LZ4+MxdKxI1926jNisaKAMrc/M2jYcum4Yql3oZ0ZhnzEuBFYgtrNBbFDmGrbx7hyjamitjC0VDTpNe11Idm0qHFQ2PVXGlsQWsz0nNqtyKgNru+4YyuSqKhzqOhya5hiSn6SXMrPWt1f5z+ynowK5nczq+/fvp/8UwCfz8+fPy1xjy/SDjlun+ulpmqJ2aTFul6arcZQA/Zo2+z3K2ExyaU1alFx6jzYzDbWpqEbf0vVKYG6tXM8Jgvu+4O/26uHh4as/A8Arzi7Wj3s63U4ecQrod/awKaEdWw+pG2e3MPK9p/bQaBePceN7nMK6iufsf61v3zrh7/Kw4O/26v7+/qs/A8DldqhwmdSr8xR67/j+br1YPE/Tv6ppQpWyLx0HH1a9VIYlfOfAatW/vtKxW8rRH7vX6XfYwtxqrrVq+Id595/ifsHf7dWfP3+++jMAvOLXr1+Xv8aWkBrqVCWtdb1ttQr1zU287qaobm5CdXs7bIS3nT0kFpvGCkkpLdmo1usQ1us4WtTrdVzHFkON6Yq0hm2wjs23V5lk44f9+Dq2Pwv+blM8gKuk0Rf8s5Z7KENLWaFkVXddaBRtG6O2SM/F11kGZ1XRJLaYdSkDS2KLIttsQnd3F+pv30JzdxfCZhOCRi87idTE5ncA8Z0H8RdQNPgIiA2ukhtlNJfeKVcykpwkt5Qh1VU1iCZFPNfzijSVjFmcCgg+Y0vTVT1Xpy4DE1tjQttsQrXZRKHF5SApa/M7fwz2bGOZx9kgNrhK1prWfUbngVvyEYWkaWjT/I26jtmijhs9p0jSiv2kJjZ77yS+OLVMYlNmJqFVXmibzbB3VOGv3Y17RAUdBx+GXlEot190qlfUyy0t1I0dCGlnj8baq/yoNW0mNr+7hzXAu6b31kS22cSWqs5lav0uH2kK2r0ltQ8K7ceC+0QFGRtcLWfvAjsWm3AbTPYN7Skzi9fJdO3LMjTJTNfENEp61rEwytis8lmnrK0vHqRja3yPu3v4KahVRX2FVrCjx9kgNljOdTaN7q5TfeZmUlM2liqiEluUk2VqJrbRfmyD5R5JisrKTGyxQDCXqaUsbdCBgNDOBrFBuWKbud7WZ20aJTZlYSY3CcwKBRKUtVG5pR9GXP+WCgj9JpNJZpLkqx10ndQGd7Q6vtlwhA+D2OBqWUkE55LrEMg1xqcpaczeJDFJTiJTIcC2Dh/f0EVY1uUW5o53yu3F5m7oMim18TF8CIoHsIw7VWVu6tIvAbH1baPe0T5D81uC+5u5CLuRi0lrfE+Dia2/By1WFxba7cLvUCUQG5S7y8fUfUVtzFVL/S4gTnSDmyfn7ivqb6/nRZZbo/aeXTvOkFxzicXN/zhMReGqOeuu5rmfnWiMj7LxO21YP6gXXq4BftR3agIb9H7qPNcQP/UZ4WzI2ODq+ZR/ouk9o9hyi3jHx+MpaKa5PnuH90wngd/V46r+R1AQiA2WxSnT07e2KhJeUm+Ff72BiD4FxAbLZmpJiI254xxjec0t4UBmnw5iAxDjr8FYcrnXeHLiIjv7MhAbwHsl9x5y8kJo/zuIDWCOj349kNmXwnIPgDkQ1D9JWikIAFAOiA0AigOxAUBxIDYAKA7EBgDFgdgAoDgQGwAUB2IDgOJAbABQHIgNAIoDsQFAcSA2ACgOxAYAxYHYAKA4EBsAFAdiA4DiQGwAEErjP5FJi7ZzfsrhAAAAAElFTkSuQmCC""}}]}, {""role"": ""assistant"", ""content"": ""0.69""}, {""role"": ""user"", ""content"": [{""type"": ""text"", ""text"": ""\nYou are given both an image and a text-based representation of the same stimulus. \nIn both, a red dot appears on a horizontal line\nThe left end of the line corresponds to 0.0, and the right end to 1.0.\n\nText representation (the dot is marked as \""\""O\""\""):\n|.---~------~----------=O-----------~----|\n\n\nEstimate the horizontal position of the **center** of the red dot as a decimal number between 0 and 1.\nDo not explain. Only output the final answer as a number between 0 and 1:\nFinal Answer:\n""}, {""type"": ""image_url"", ""image_url"": {""url"": ""data:image/png;base64,iVBORw0KGgoAAAANSUhEUgAAATYAAABNCAYAAAAsLkgfAAAIiklEQVR4nO2df3LaTAxA/YOE3KHt/f/tSXqJtmdoAgF/IyE5QlmgX+yMzfa9Gc0aFxbagVetd7Vuh2EYGgCAiuiW/gAAAHOD2ACgOhAbAFQHYgOA6kBsAFAdiA0AqgOxAUB1IDYAqA7EBgDVgdgAoDoQGwBUB2IDgOpAbABQHYgNAKoDsQFAdSA2AKgOxAYA1YHYAKA6EBsAVMdm6Q8AMAtz3bqjbefpBxYFsUFdMvvbcyWBybn8XER3l7TcpQrujviVvXV87evt0oryKp0rPYZVg9jgPshf0yiuLLHSuRJRYpeOY5tfB6sFscE6uTakzAK7FSWyyK5Ffv6lvmA1IDaYjU/5KqXhZVsS1/H4/jieu3TdrOve5OXH8ZzFcEly+fgDtEjxU2DyANYpttL1siwreRzDzrX5XJRblFPXNYOLrO/fxBbDxSbH/rooOel3gpwQ2+eA2GB5sd0adgax6XuYtFRgh8Pp8eEwPh7Cec3w5HHsOmZpEn1/EpzITcKFV5Dc1WGqg6wWh6EozMJut5uno9J1NMu8VFzy2KUlrUX7+npq4zmXXh6OShbmIhOJSbvZnFqL8TiKLw9Xra+r19/+gsfHx2n/ZvAOMjaYhYNIZCrXJgVihhYEJkKTGPb70zkRnJ/zLM7lJoShpctrEKltNie5ueD8XBRdzuCsvznkBvOC2GAWXkUoc2ZqaULApeby0gxNWhFaDDvngnt3rc2zNRGbSUzbh4e3EKF5GwR3lsXdyt5gURAbzMJeZDKVlKWdTQJEqWWZ7XZNt9uNx1Fy45DVhDmY2DQ8QzOhHR8fT8feWoySs0yuODQVENtqQGywvNhKQ9AgtXHY6bLa708is+heXprB5fby0nTyWeSan113a0pis0ztGKTmoWKz48YfxywuZ25xYkFAbovD5AFM5ufPn9M6yGK7lqlZRiYykxCR9XY8hkvOhqzFjK3vVWrHKLXttjlst82w3Y6P5dgzOJWcDU/fyW3itbZv375N+zeEM8jYYLkZ0bxWLYvNs604/DRpdc/PJ4k9PzeDHD8/q+CGl5emkZDn+LW2gtiOlq0dTGwiNBXb05O2R2n3++ZoExMqN+lLsrgot0tZm0DmthiIDSbzIiKZShRbWJPmEwU6IWDDTheaykzE9uePto2FZHE6FJXMLoptGE5SC2JTuVmmJlI77PcaIjSNw0FbXx8nM60yJB0nFXzZSJ5IgEVBbLD8xEFesxbXqMUhqF9DM6H1f/40jUUrQvNWhqi7nV53G0oZm81wjsNQEZkI7fVVl61oHI8aR5FhjFDhoMciNem/NByFxUBssOwatkvX1+KaNMm8QsY2Djc9Q3t+bo4iNRPb+BwZQvo1Nqs+0DVsvsTDMzIRmElM/iYabauh2Z3JStqxaiF+7jwcFZDbomy+fv267CeAu+f79+/zrl0L1QNx8iBGXO6hmZlFE1ufRQ1i0/Vr9niIWZxlcjpEjSFZnb2nPNbXSsRlHvHvE8/9D7nxO5yXze/fv2fuEv41Jk2sl0qo0k4ePgwcd/bwYWA41sfeushyROLzUx/xvMvWP8N4ra5UHREzudJuvFfgdzgvmy9fvszcJfxrfHiHiiiD2J46HaP194jn4nHXaUi2pOdz6VPuN8xmjq/z49h/etz6ULTweaZuacTvcF42v379mrlL+Nf48ePHx18cMzURQcysvAJhs2k6ycL6vunkOMbDw9t6NS+Etz5HOYXJA5WUrUFrbW1a6/HwoP2dlVbFNWuxrCpGnBn94DU2fofzwuQBTKaXH/Xcs6I5Y7MtiCS647HpJYZB207OeXgGZ+VPXlbl76FZl0jNxKYis4W43Xbb9E9PTSOx3Wq0dl7Wsbn0dLlHrEIoTR7AoiA2mMyD/NDnXscWllH4MFCORVxyeV6jbRtRai/nJTyjkywuVh6k3T1UavJcz8xk8a1IzWQmYmufnppOFulayHl/3tk6tlL1ASwOYoPJbOXH/lmVByYPl5EKKUqs75veMi9tJbOyWtIui83EI69XIcUMTIaiIUNToVnrQpP2rPLAF+hSL7o6qBWF5etFb9WKWuG7SioUvmutqCzUjSVWXnLlz/cqBt+yKNaKhuoDrxc9mMRUakFoKjUX4aWSKuEDWRt1ovNDxgazMGkX2Fu7e4jY7HqZTCSIYHS4aRf9VWSSabn0fI2brYHLGZtf7JdsT/qSPtvQnw5PRWxe+O5F8Hn7IrK11YLYYJ3X2eJ+bCIRryAQAYm0goi0MsFLrjxTC8PQothcbiYrl9vZrGjejy1kanFrcaS2PhAbrENsl6oQPGsToXgVgi3x0OGpiC1vPhnvgZDueeCTEDJzOu6ea20bNp4cJwdim5d45Nv1nd5g2r8DzAJig1nYyI//s+55kO9KFbM3P85C891z07bgOWuTyQgX21hDeuvmLpd2z40tLAqTB7CuO1Vdkdt4K710Q5ezzSjz7fh8wW+qPoi31/MbtcRtiMabt8Q7WV27DR93qFoVZGyw/ELd0v+t8ZZ5LjQ/J+/jWxvlnXZTfehYX+rYzGgsvRoX7UbZle4rWpKa9XkGWdviIDZYvma09Lp8zc1qPsesLQiuKLN8P9GQscWqBr8T/FgnmmtOw3MuCg2RrQ6GojArs36dCgt4VSFRWvE6XBZaztacS0PJPBng8ssym2n77w//RwA3QWywTvLXsrS90aWIf577KmVbpUzsWmbG0HP1IDa4D3L2ltsr+7q9o5Rx3dp6CJndFYgN6srkrj3nlqBuyQuZ3Q2IDe6TSzOpH+WStJDZXYLYoA7m+hojsipguQfUAUKCQLrNDgDA/YPYAKA6EBsAVAdiA4DqQGwAUB2IDQCqA7EBQHUgNgCoDsQGANWB2ACgOhAbAFQHYgOA6kBsAFAdiA0AqgOxAUB1IDYAqA7EBgBNbfwHpukVnIP1gA0AAAAASUVORK5CYII=""}}]}, {""role"": ""assistant"", ""content"": ""0.54""}, {""role"": ""user"", ""content"": [{""type"": ""text"", ""text"": ""\nYou are given both an image and a text-based representation of the same stimulus. \nIn both, a red dot appears on a horizontal line\nThe left end of the line corresponds to 0.0, and the right end to 1.0.\n\nText representation (the dot is marked as \""\""O\""\""):\n|----------~----O-=-- -------.-----------|\n\n\nEstimate the horizontal position of the **center** of the red dot as a decimal number between 0 and 1.\nDo not explain. Only output the final answer as a number between 0 and 1:\nFinal Answer:\n""}, {""type"": ""image_url"", ""image_url"": {""url"": ""data:image/png;base64,iVBORw0KGgoAAAANSUhEUgAAATYAAABNCAYAAAAsLkgfAAAIs0lEQVR4nO2d7XLaPBBGbUMg99D2/v/2SnoTbW8hX3y48yi7yqLYTmMggOacGY0EsQ1vmvfMSqu1277v+wYAoCK6S38BAIBTg9gAoDoQGwBUB2IDgOpAbABQHYgNAKoDsQFAdSA2AKgOxAYA1YHYAKA6EBsAVAdiA4DqQGwAUB2IDQCqA7EBQHUgNgCoDsQGANWB2ACgOhAbAFTH8tJfAGZwisdUtO0pvgnAVYLYblVmU3LTz8bE5e/H85EcVEbLU6puUGbx/bFxKa0or7Hx0GuAG4SI7VaEFqU2NB46rxRbKbkhqZXXQHRwgxCx3UJ0FgW23x++Nya5IamNtfLY8vwxkB5cKYjtCE7+qyummm2UVxSaj8ckV4qn694kNja2lq8wFdUdQYsM4QtgKnotYhuK0KLIXGK73cG4LQXn1yijsq5reokstig369MVhiI5Hx+ZdEBs8BUgtkuJbWwdLbTepSWBudwkNr02wfXq7bgc4TmSmUtrschC631sfT7GJWfnJuZMVZEXXBimojN5eXk5X6QmSbnIXGwmtGa7zeN2u80RXD7erxUjNQnMmo8P3nPJ+fFT63BDYvukyFar1Wl+dwAjELHNZCehnElqWVRRYBKatd76ZrPJ0lPkdhCx+ZpZFNly2fTW0nsal6LTOTF6+0yyYeg1wAVAbDPZSizHUO5Ji+tmMUqTxCSwzeZVbC8v6XVuHrXFtbdSbEFo/d3du94ll6M3X48bWIOb3D5SjgEuBGKbyUayOZYQqaVoy+UUozQXmIRmrXO5ee/T07jOZlJLzUUW2n61envt0ovRW0gyvJPcWPRWjgEuBGK7lNhGMp8xSktyc5E9P6emcf/09Pqe/UzHp1ZEbBJSjNSSzFar1HvTa/18r8itFFyZRS3FFhMMyA2uCJIHM/j9+/dp19bKJEGcakpm1tqnp2YhqZnY0vvqQ9SWIjbhEZvJKstsvX5tq1WzW6/fRBejN5++FtnTyT1w9pkH/QQ/fvw47ncIMAER21dnRCcSBh555bW0ILUks8fH12jt8bFZPD+nsSI6iVByy9cpxCZpucgktdTf3ze7l5csuXdyszW33Ib2vw1FbERucAUgthk8Pz8ff5GhrR1BamkK6kJzmUls1jeS2tNTkl/KjkpuvqctiG1fRGs7E9pus8ktyW27zQJM0ZoEV24TGdvcOyY2gAuB2C6ZOLA1sby1w9fW4pqapp8us4eHpnl8bNqHhzQtbTXWcZtN06t58iFGbJ4skLwkMQlsu03bVXLb71Pba9uINv3qHPU2JT0QW9jvhtjgWkFsX72HbWh9LW6+9WmleiUKFJGpeYT29NTsXWoWzfU2HT3Yy+Ybc/W+EgQSl1rfN1Kfmv4rdm372uy9pEUdo8oHSS1+T13PN/9OiQ25wYVZfv/+/dLf4eb4+fPnvBNjniYWspelUp7ljFs+fHOuZGcRmqarqbfXvuUjIbko0rLXXk2QMqUWge19qupjNROW+pQV1TXLaMzX1vy9GWts/N3BOVn+/fv3rB9QIyerES33sVl9qFo7VDOq6aFeh3EWY2zCZRPEmc+zlq8Zzw3fwb9rHo/dWqnEhTbxe+LvDs7J8tu3b2f9gBqZfYcKn8YV1QFx3Pr1Q0uvLZJqrfk4Twl9mvj2Jd8t9Lehz9fUuEgGpJ+HmtGDzxkrs/pkxMbfHZyT5Z8/f876ATXy69ev06yxeXTlryWdxaLpLBOpvlsum+7uLq27qW+9xUqDKJ9iKtpqnczOaVart/N1zVhapeNi8zKrsW0fY2VWsZ+Avzs4JyQPZrDQ/+DHEBb483aPGLFZplSt2++bxW7XLNTb667vm65tU0sRnL6PZOXVB8KjruXyVWSrVdNpQ+79fWoaL+7vm2a9zi0dY9UIkmgUW976MbXVwz4X4NIgthncKfo5hqFbFPn00qeJJi4t06fWts1CreuaTk2RnJqiMG0P8T1wMWLT9SQ2O66X2ExuSWrW2vU6ic73u0mSfSm2WIHwP9NQgAuC2GawVoRzisRBzIz6lg9NH9VsDS1JLExLFS0qmkqlVRKS9rppmuolVX5NE1vncpKo9L0lLpNZa5FbLrWKhfFWO9pMlVVRcQBXCrWiX10vOlZSVWz3iHf08JpQbcZNQvMyK6sTzbWiavHuHr61I5RVRYmlWtEQqXlBvEvtYPo5Fq3NkBp1onBuiNhmMvsusGPPNijvwWZTSEVaKWkgsdkaWBKaSy9KzSM2x4Vk09acPFCvZkXwqTJBMisSCe/KqD6qNCBSgysBsV3DOpuXVXnkJqmpl4QkLpeRxpp+xptNhjvresIh4zIyUXkWNF3LhBmjtHhn3ZgFzc9EGIrWBEKDKwOxXUJsU1Gb35NNvbKcJrdcID8kNLuLbl5fs+vn/W7lDSctU3ow7Syyn+VzED5MFCA3uCIQ20yWEsExjK21xUypPkPCknx8qhlvbRQf7uLnhDW23ExWSXDlMw8GtnMcTEH/J/uJ1ODKIHlwySdVTURu724VXiYY4pOrPMory55CfeiBtGJiIN4p14/56EEufu0Z8IQq+AqI2L56o+5YvWWUkkdeun58apXLLUxXY3v3XFFJrSiJSpt2bTuJy+zgmQZTUdqUzIja4IpAbF9dMzp0Tik3ycUTCjZ+dzeQeC+3sSfBx7rTkAQoaz9zraiJcHTqibzgRmAqeiQn+/WVj+Mr7vAxmGgYet+vESU09BCWkalmFps4ceZz9s0DAD4JYrsGpqan3o+tx5U/G+Kju3H8b3SGmOBGQGzXxNT9zoZk5/3YeUMR15TEyHZCJSC2Wxfd0HFDjE0ricygQhDbLTD0T3TMPxsyg8pBbLfIKf7JEBlUDNs9bhGkBDBJeNwQAEAdIDYAqA7EBgDVgdgAoDoQGwBUB2IDgOpAbABQHYgNAKoDsQFAdSA2AKgOxAYA1YHYAKA6EBsAVAdiA4DqQGwAUB2IDQCqA7EBQFMb/wCp3rrC7i21WwAAAABJRU5ErkJggg==""}}]}]",0.46
google/gemini-2.5-flash-lite,sample_006,0.378,0.378,0.41,"[{""role"": ""system"", ""content"": ""You are a marker location estimator.""}, {""role"": ""user"", ""content"": [{""type"": ""text"", ""text"": ""\nYou are given both an image and a text-based representation of the same stimulus. \nIn both, a red dot appears on a horizontal line\nThe left end of the line corresponds to 0.0, and the right end to 1.0.\n\nText representation (the dot is marked as \""\""O\""\""):\n|-.----------.--.---O-----.-------------=|\n\n\nEstimate the horizontal position of the **center** of the red dot as a decimal number between 0 and 1.\nDo not explain. Only output the final answer as a number between 0 and 1:\nFinal Answer:\n""}, {""type"": ""image_url"", ""image_url"": {""url"": ""data:image/png;base64,iVBORw0KGgoAAAANSUhEUgAAATYAAABNCAYAAAAsLkgfAAAIfElEQVR4nO2daZLTSBBGtbjbfQfg/n85CZcAzkB71cRXzhTp6pLa2GIal9+LyCjJlmQPeB6ZqkXtMAxDAwBQEd1HfwEAgKVBbABQHYgNAKoDsQFAdSA2AKgOxAYA1YHYAKA6EBsAVAdiA4DqQGwAUB2IDQCqA7EBQHUgNgCoDsQGANWB2ACgOhAbAFQHYgOA6kBsAFAdiA0AqmP10V8A7pilHpfRtstcB8BAbHCbyG6RmwutdA1kBzfQ8pQqeJf8J+L78fWpY0qSivtT21PHA1wAYoPrZKa2tF06N8rpvXZue+41gAClKPy5zKaidE4uL4+5fZ07JzS/NoKDCcjYKmDRv8KCoJI+jsdzicX9/L38++Ti6rpzqRViyM8pXesGWqRYNWRsFbCY2OYyNMnLBebbIdpccJFcWi622GayS2IrhWdzU1ndhSC2ukFsjyy2udIzCG1waR0OTesyOxxOQrN2UGvHJcll5eKZzCzSa6X9XHq53Py63H+DCShF75ztdrvMhUr3zCSpmJlJbBKYRdre73+/5sfnWZsJahRX35+21fb9+WvviW5Kclfw/Py8zJ8d/HOQsd05BwnlFqY6BrzENGElke33o8ja3a4ZtK3XguCGWJaKWH5Goa1WJ6mZ3LQf3y+J7m/IDeoEsd05e4nlWvIhGtn9s5R9eUamdrc7tYrt9tTudqewY5LkSmKzzCwJzaQ2bls0UXba1/G2/0Zu3vpnxBYeHsR25+wkm6Uytlh6ernpWZrLTBJTu902nW+r9WNiSSqsIyCJzGX29DTK7Kht3/dWInPZudhi2TqXuQEgtgcXW16G5vfSPCOT3CQyE1qS2mbTDNbqGL2XMjaFX0dYGRozNJfZ0eP5+SQ122+C5GIWN0apNHUQHNB5cN98//79+pOnhnTkmZqXmptNklcS2WbT9K+vaTuFSS9lcDonz9iC2KLMUrteNwdJTPv2WpKaZCexueAsi5sU25Xl6JcvX67/M4R/FjK2R+wRLY1XiyVoLjUTWucye31tBm2/vja9MrfNJmV0Kavz+2y52CQ1E9vBJJZaiW29PkkthDomkuB0PcvcRrGV5GafddbCw4LY7piNhHILpaEdsQRVmetSc7FJZhLbr1+pbSwkvyS3/b7pXGw2iFbZ2lHh2ZpkJrGp3e1OIbnt96c4HFLou2h8nATnmeRZWRo7EgRCAwOxPXrHQRSbj0dzsfk9NZOaRNb/+tU0Fq1CUlOoRN1uT5mW32fLMrZ0D00Z2W6X5CZ5abjK4Xg8i+MwpGEjg7ehp9Y7FtL3nCpH4eFBbI84hm3u/looQ3XPzDsNBs/IlCXafbajWhObdyY0Pr4tE1vqBJD0lI2ZvHSE4tC2v6PrmqPCMjG9P84bjd/dx7vpc0rlKDw0q8+fP3/0d4Ar+fr167Jj1+Jg3DDDIHYopMG5lpWN2ZlaSVBS817UUIqmoRr2uUlS3plg548lqO7BWRnqpahK2DRdS/JSq/Oj0PW6f84VcuP3Xyernz9/fvR3gI+aI1pYbijNGtCuRRuOS+/4+9r31/NVPuJwDxGnZWXnxf+GeP34HYrvxzYuZ+QT5C+E33+drD59+vTR3wH+zxUqSqtixNcs89G10/VD72Pr5Z+2+z5FE9qxNFQbV+DIxqHF8+K547Z9jj5P4RPo0+dPTYr37x7bC+D3XyerHz9+fPR3gCv59u3bMhlbLgitwXY8Np3dpFfbPT2l3k4N5+ien08lqZesPj9UTon3vvzaEpSNSWs18Vznh9D10rg1G8Om4+IQDx+oe9Eg3T+UPb//OqHz4I7p9T/4kr2iIQuSHmJoQEU/DKew/RRt23QxgyvcY0tZ12rVtBLben0S2ctLiu7lpelfXppGsV6niLKTUEex+SyE0sR4QccBGIjtjnlSZrOk2CQN7yjw0rPrRnl59BZd35+yOcvoUgYWZh/kGZvENmZnJrY+Cs2kl4aCWObmw0SK80UZ6gETILY7Zi0hLNErKrJ119KQD8nIosuil6SenppeWZWE5FOrJsSWylqFpGYic5m1ytyC0Ma5o6UydG4JIwfJPTzMFX3U+aJzy3/7Srm+YofNQvA5oWmuqLZ9ipXPFfWljDKxjXNF4zxRn0ZlU6rezBXNlzIKHRdvFp4UV2RtzBOtFzK2O+fqVWDn5ouG6VVJUioFvdNA8lKWJtEpU/PVPvLli+JwD5eSlax554HCJ74fQ4fBmzXZ8iXDBYtNQgHE9sj32fKyNK5+G1fQdcEp/D6aiW2cehUWnEwRS1Ef8mHSSh0Cuo7dl+tK67H5/bRQfvrg3qLMkBoEENuds6jYJp53MMotW6NtlFlct82PC0NJUm+r9ZqOK+aaxCS34gq6vuLupUuCIzYIILY7ZyUhLCU2byce5jIKTpmWS86fexAe6jKe43jGZnNGo+DGsjM+5yBKzSX23vJEiA0CdB5UwCJPqsqnV1m8KU3jYpT5U6qi1KaeUpWVmXEZojdPqbrkwS08oQoKkLE96kDd0r9npQ6FbB5o8XF8cQJ9/lzR8NyDcUqUTZeSyNLYudLj9q4RGlkbGIjtUeeMls6ZKE2TqHwVjTjZPSwoeZap5WLzqVYxc4uii/v+VCvKTrgBStFKWPSvMRNcXOGjlMW92S6tvBGzr9K9syw7G8vQyEJCu+ofArgrEBv8ZuqnMFeiliKel2daUxHfj8eXQEzwDogN5sl/HjNruZVK0DOmhmnMyQyJwRUgNlhGclPHRKYEhsxgYRAbLNujegn0aMJfBrHBbdzy80Fm8JdguAfcBnKCfxBbIgEAoB4QGwBUB2IDgOpAbABQHYgNAKoDsQFAdSA2AKgOxAYA1YHYAKA6EBsAVAdiA4DqQGwAUB2IDQCqA7EBQHUgNgCoDsQGANWB2ACgqY3/ANGl1gCCZwauAAAAAElFTkSuQmCC""}}]}, {""role"": ""assistant"", ""content"": ""0.52""}, {""role"": ""user"", ""content"": [{""type"": ""text"", ""text"": ""\nYou are given both an image and a text-based representation of the same stimulus. \nIn both, a red dot appears on a horizontal line\nThe left end of the line corresponds to 0.0, and the right end to 1.0.\n\nText representation (the dot is marked as \""\""O\""\""):\n|--------------------=-----=---O------ -.|\n\n\nEstimate the horizontal position of the **center** of the red dot as a decimal number between 0 and 1.\nDo not explain. Only output the final answer as a number between 0 and 1:\nFinal Answer:\n""}, {""type"": ""image_url"", ""image_url"": {""url"": ""data:image/png;base64,iVBORw0KGgoAAAANSUhEUgAAATYAAABNCAYAAAAsLkgfAAAI6UlEQVR4nO2dbY7aMBBA7STLxxna3v9vT9JLtL1Cd4ElqcbxpINxAl0+At73JMtJCAFV2texPWN813WdAwAoiGruLwAAcG0QGwAUB2IDgOJAbABQHIgNAIoDsQFAcSA2ACgOxAYAxYHYAKA4EBsAFAdiA4DiQGwAUByIDQCKA7EBQHEgNgAoDsQGAMWB2ACgOBAbABQHYgOA4mjm/gIAMMG1f5LEe/cZQGwAjy6znNzGhDcmLu8/9r4nxfMrVQAPLDN7PXftlKT8GcfnPOfJQGwAczIlLunHjtP35KTlT/Tp8dS1c157IBAbwCNFZ+mxtLY9PE/fMyYvnzR73d6bHufOx65NXZ8RxAZwBlf/M0nE5K24rMzSPm2WnMx8bFV1JLnuIxHdfwxn/YzCY/EA4N5iy0VlOaElzdvzXMRmWqcik94e23tORXK5Xj4vXYgYERhiAyhZbLmhp16LkgrPV4Ht9/2x9Pt9L7T93nV6Xe6xMrQRmMqrrnt5Sa9yq6peeGn0lhPcmOiuMU93BxiKApxgu91e72GZKG2IxKK4gtje33upJf2B+Oyfro3C6l5mQWp1/U9ucmwkF+6ZGr6eEp/9bNsbFouFmwMiNoAT7EUktxp+JhFaENj7e+ilddLvdr3o5DhGboMMFR1+alTWNEFoQWr22IpO783NwY1FdVOLEXr+ACA2gBO8i1QuIU3PMPNoOszUKE0lJn1o2+2/4yi30Oxcm51XE1k1UWTSv7z0fbymkhuiN+nH5uJycsssQjyi3BAbwAl2IpsrRmwHiwBplKYik367dVXsDwRn596i2EROIqpBaE2U2suLa1VuqeSS6O0ogssJLr02Nfc2I4gN4NZiS4ehKjTpVWjyGbtdL7LNppfaZuO6zSb0ck1eC9Ga3Gvn2VRsUVRd0/QyWyxC38ZezoPomuZ4eJrMvR21VHZ6Lmj/QHJj8QBggp8/f17+kFxKRzL81CitUpG9vbn67c1V0uK10EzUFt5vxRZl1RqZtctlON4vl73UVHIauYnkzLB0Um4TqSNTw9Fv3765e0PEBnCrFdFclYBZ/RyTWpDZ66vrothEcHLsNhv5QkFuwzxbErFJNNaKyERgUWgit/1220tut+vlZoemMWo7EtuY6HLDUyGVm16bAcQGMMFGZHIpaWqHzpHFYajLSK0WscXeidReX8NwVO4N92fEFqQWxdaK1FYrt9/t3P79fWitNrlHvodZaBjSRM6N3qZWS2cGsQHcY+EgFZuZWwsLA1FqtcpM2p8/zovQtL29hXs7aZrXpmLT1VAV22oVxCVt33X/mqSvdJ1rJSm4bfsm75PvZefb5Nmn5IbYAD5pDls6vxajtRCxyWKBiDOufoqwNCKTKE1k10ofWxiextdDflsiNqfDy7Z1kuEWmkRyVeX23ru99PFYrslr8l6572Ci3X5fjd7SOcKc3B5oAaH5+vXrrF8A4JH5/v37dXLX0vpPnfy3zSTmhuTc3W5oLunDKqrNY5OILX5mF6sPhtQPGXrG6K0V6WmL3ytEb7m6Vfu9LSI0vTYmNsV7N4djmt+/f9/9QwGehYuTBjLbDWmdZxebrfscakbN63I+iMcm5lqxCea1TiWXRGNpCVVYdEjOTw4x9TNzu4vY7xPvncMxzZcvX+7+oQDPwod3qMjtfGGqBKTJs8PzzeqiN3NYXs/reuiHphGTfo59ra6dN70ey1A1HMc8tnAemy4e+FP5a1MJurl/K+/dHI5pfv36dfcPBXgWfvz4cdkDMrtwhGORSNu6Kk7aV9Kapm8vL6H5xaIfliaVBuEpOsFvhqIiKBff5+S9plWSxyYJujFJ12mTe5NV0bPLq86cX5vDMSweAExQyx/7pdiCdyMJ+fMPLQ5Hq65zddsOTc5FfJIlJi1EeBp52VVReS3KyUexVauV69br0Kr12tWrlXOmhXui5Cqby6Y7fuTKqP5TaHOC2AAmeJGo5hbpHnao6b2rbBOheh9aONeITqQlVQmxIH5YFRV02CmiWi5dJ03Etlq5er12TpoIbbUKr4dk3Ri12dKqYYU1LXwXcom4Dyg1AbEBTLBcLq+3Kmon/2NybBCUCE7lJa2qQhRVx6FpHaOrkMAbKw8OxBblI+/V4WUn31ujs/W6F5rktkmLCby2KH5I65iaP5uS2YNUHAwfT60owA3rRXMF8LoLrm4iqWVVsQhei95rrUSQa9rrLh+2VlQenyboLmKSrkRmUoEgQ1ON1HSuzdaKplKbEtlEakfKHHWiAhEbwAku2gU2t8Gkik2kIoKKc2Nhdw8Zbuo8WZz0DzKTiEulprludhddjbji4oOTRYPl8qAFmdkhaLo3W05qTxKhpSA2gFvPsyVyC3lrma3Ag9C0j2Ia9mPT0iuVmt2PTYhJuZrGUcWhZpCaLhTo8DNKbdh00kjt6AdenkRkKYgN4M5iO1gl1SoEjd5keCpC0sjMDFOHonmN1ozYdLVVc9I6La8SQarMTKQ2DD81WhtLxh0TGGIDeG4aEcElTC0k2JVSG73FHDZbZqXHbuQ3D0LTRNvG7LdmFwmSxYKj3zzQZ53iwcXG4gHAvX6pKimtOvqVKvvze5qUa/tUavZ5WhKlQ8sm+Y2DJEo72gp8onLgo8z1C1UCERvALRN107ghNywVuWSGp0eiS388OalokPmxoSSq7vPaRFxDSVW6BfhUPeg5PHDUhtgAblkzmr4vNyyN1QcHhe1aD2qis6Nfgk+kaasaOlNvanfEPbjn1M4cTwxDUYAzueqfSrJtuD+1bZDt0x1DlLRawI/UesYKgtEV0Dn/I7jW5yM2gDuS+3NLJDcquNwcncWKqvpAfScRGwBchak5OO3HZJb7001LoYRzk24LArEBPIvkpo6VqUjMP1eS7SUgNoBnGq7+L/7zyMyC2AAenWv8ifrPITSFdA+AR+eTSekaxJ3jAADKAbEBQHEgNgAoDsQGAMWB2ACgOBAbABQHYgOA4kBsAFAciA0AigOxAUBxIDYAKA7EBgDFgdgAoDgQGwAUB2IDgOJAbABQHIgNAFxp/AX/qdllPni50AAAAABJRU5ErkJggg==""}}]}, {""role"": ""assistant"", ""content"": ""0.61""}, {""role"": ""user"", ""content"": [{""type"": ""text"", ""text"": ""\nYou are given both an image and a text-based representation of the same stimulus. \nIn both, a red dot appears on a horizontal line\nThe left end of the line corresponds to 0.0, and the right end to 1.0.\n\nText representation (the dot is marked as \""\""O\""\""):\n|-------------=---.-------O---.-----~----|\n\n\nEstimate the horizontal position of the **center** of the red dot as a decimal number between 0 and 1.\nDo not explain. Only output the final answer as a number between 0 and 1:\nFinal Answer:\n""}, {""type"": ""image_url"", ""image_url"": {""url"": ""data:image/png;base64,iVBORw0KGgoAAAANSUhEUgAAATYAAABNCAYAAAAsLkgfAAAIlElEQVR4nO2dYVLbSBBGR5LBJlcguf/fnCSXSLgCYGxLW994WmmJkcDYLM7ovaqukWxjvFT8tkc9Paq6rusCAEBB1F/9AQAALg1iA4DiQGwAUByIDQCKA7EBQHEgNgAoDsQGAMWB2ACgOBAbABQHYgOA4kBsAFAciA0AigOxAUBxIDYAKA7EBgDFgdgAoDgQGwAUB2IDgOJAbABQHKuv/gAAV8clbwNSVZd7L3g3iA1gSmg5weUey8nLHnvv6+GiVNylChaN/+efO556fkpUY2nNPTf1GJwNYoNlMicxjRb+fA4TVG7MyW1OgHA2TEVhWcwJrW2HUstFjrHEvMymzvVeczJDdGeB2OCq+ZQJhRNaNRaXyW1q9D8vxsKq69eC84/rx3MC9Jj4PkiFFBEbLExsuemmiWsiKn8+VQxI8uq8xDT6Y/+aXNh7vZXNvUGF2BAbFCy2qaqmi/j+JrDDIQSFzg+H/rxL5/E14ylpVf0VlYlM8tLYNMPzCdFNCs6DrE6C4gFcLS8vL5+aqQ0yMRPZfn881rjf/5WdPe/FaLKxLCyJrPNjileis2MvRPGW4N7J7e1tWDJkbHC1HCSSc5mqePopphdZim63C9VudxSdPabX+QJDEpBNP01k3Wo1eTyQnxPd5LU5QbZ2MogNrpa9pHLpCmgSUzXK0nqxvbxEocVwxya4wbU2E5vLwqLIkszieHNzFFp6PI4Smo2WySlyU1MDuZ0EYoOrZSehXLICqnE89dRoIjOZbbeh1uhDz9k01RURlK1FiUlsJrUks1ajj/Scl1w/VZ3K3gRSOxnEBuWKbaIC2gstSS3sdqGWuLbbo9S229Cl0c71mhh2zS1lbFFsLlszmWlsb29jRKnpWFKzcxNcyt76rC1XVBDI7SQoHsBV8vv37/PfJCc2q36mwoBlacrQosien0Pz/BxqHz6D80UEn7E1zVFmJjSN63U4SGTr9V/JWUhsbpray+2CWduPHz/CUiFjg7IqolOdBRajbE1hUjORdU9PoX56Cs3TU+ien0NQ6HnL2mw6axmbpKZsbbWKIpPADpLZy8tx3O2i5Nr9PrRaPuIiCk2S0/FcMcEgc3sXiA2ukq2mf5e8vmbXxUxqqRjQS01hMktjeHwM4ekpZnESW9BrbTrqMrbWxGZSU0hqu1047PexuiuhtW3bh8QY5SappWt+ryqlc90JMAtig2UUDnwngS3rsGnodhunn41lZ5LZ4+MxdKxI1926jNisaKAMrc/M2jYcum4Yql3oZ0ZhnzEuBFYgtrNBbFDmGrbx7hyjamitjC0VDTpNe11Idm0qHFQ2PVXGlsQWsz0nNqtyKgNru+4YyuSqKhzqOhya5hiSn6SXMrPWt1f5z+ynowK5nczq+/fvp/8UwCfz8+fPy1xjy/SDjlun+ulpmqJ2aTFul6arcZQA/Zo2+z3K2ExyaU1alFx6jzYzDbWpqEbf0vVKYG6tXM8Jgvu+4O/26uHh4as/A8Arzi7Wj3s63U4ecQrod/awKaEdWw+pG2e3MPK9p/bQaBePceN7nMK6iufsf61v3zrh7/Kw4O/26v7+/qs/A8DldqhwmdSr8xR67/j+br1YPE/Tv6ppQpWyLx0HH1a9VIYlfOfAatW/vtKxW8rRH7vX6XfYwtxqrrVq+Id595/ifsHf7dWfP3+++jMAvOLXr1+Xv8aWkBrqVCWtdb1ttQr1zU287qaobm5CdXs7bIS3nT0kFpvGCkkpLdmo1usQ1us4WtTrdVzHFkON6Yq0hm2wjs23V5lk44f9+Dq2Pwv+blM8gKuk0Rf8s5Z7KENLWaFkVXddaBRtG6O2SM/F11kGZ1XRJLaYdSkDS2KLIttsQnd3F+pv30JzdxfCZhOCRi87idTE5ncA8Z0H8RdQNPgIiA2ukhtlNJfeKVcykpwkt5Qh1VU1iCZFPNfzijSVjFmcCgg+Y0vTVT1Xpy4DE1tjQttsQrXZRKHF5SApa/M7fwz2bGOZx9kgNrhK1prWfUbngVvyEYWkaWjT/I26jtmijhs9p0jSiv2kJjZ77yS+OLVMYlNmJqFVXmibzbB3VOGv3Y17RAUdBx+GXlEot190qlfUyy0t1I0dCGlnj8baq/yoNW0mNr+7hzXAu6b31kS22cSWqs5lav0uH2kK2r0ltQ8K7ceC+0QFGRtcLWfvAjsWm3AbTPYN7Skzi9fJdO3LMjTJTNfENEp61rEwytis8lmnrK0vHqRja3yPu3v4KahVRX2FVrCjx9kgNljOdTaN7q5TfeZmUlM2liqiEluUk2VqJrbRfmyD5R5JisrKTGyxQDCXqaUsbdCBgNDOBrFBuWKbud7WZ20aJTZlYSY3CcwKBRKUtVG5pR9GXP+WCgj9JpNJZpLkqx10ndQGd7Q6vtlwhA+D2OBqWUkE55LrEMg1xqcpaczeJDFJTiJTIcC2Dh/f0EVY1uUW5o53yu3F5m7oMim18TF8CIoHsIw7VWVu6tIvAbH1baPe0T5D81uC+5u5CLuRi0lrfE+Dia2/By1WFxba7cLvUCUQG5S7y8fUfUVtzFVL/S4gTnSDmyfn7ivqb6/nRZZbo/aeXTvOkFxzicXN/zhMReGqOeuu5rmfnWiMj7LxO21YP6gXXq4BftR3agIb9H7qPNcQP/UZ4WzI2ODq+ZR/ouk9o9hyi3jHx+MpaKa5PnuH90wngd/V46r+R1AQiA2WxSnT07e2KhJeUm+Ff72BiD4FxAbLZmpJiI254xxjec0t4UBmnw5iAxDjr8FYcrnXeHLiIjv7MhAbwHsl9x5y8kJo/zuIDWCOj349kNmXwnIPgDkQ1D9JWikIAFAOiA0AigOxAUBxIDYAKA7EBgDFgdgAoDgQGwAUB2IDgOJAbABQHIgNAIoDsQFAcSA2ACgOxAYAxYHYAKA4EBsAFAdiA4DiQGwAEErjP5FJi7ZzfsrhAAAAAElFTkSuQmCC""}}]}, {""role"": ""assistant"", ""content"": ""0.69""}, {""role"": ""user"", ""content"": [{""type"": ""text"", ""text"": ""\nYou are given both an image and a text-based representation of the same stimulus. \nIn both, a red dot appears on a horizontal line\nThe left end of the line corresponds to 0.0, and the right end to 1.0.\n\nText representation (the dot is marked as \""\""O\""\""):\n|.---~------~----------=O-----------~----|\n\n\nEstimate the horizontal position of the **center** of the red dot as a decimal number between 0 and 1.\nDo not explain. Only output the final answer as a number between 0 and 1:\nFinal Answer:\n""}, {""type"": ""image_url"", ""image_url"": {""url"": ""data:image/png;base64,iVBORw0KGgoAAAANSUhEUgAAATYAAABNCAYAAAAsLkgfAAAIiklEQVR4nO2df3LaTAxA/YOE3KHt/f/tSXqJtmdoAgF/IyE5QlmgX+yMzfa9Gc0aFxbagVetd7Vuh2EYGgCAiuiW/gAAAHOD2ACgOhAbAFQHYgOA6kBsAFAdiA0AqgOxAUB1IDYAqA7EBgDVgdgAoDoQGwBUB2IDgOpAbABQHYgNAKoDsQFAdSA2AKgOxAYA1YHYAKA6EBsAVMdm6Q8AMAtz3bqjbefpBxYFsUFdMvvbcyWBybn8XER3l7TcpQrujviVvXV87evt0oryKp0rPYZVg9jgPshf0yiuLLHSuRJRYpeOY5tfB6sFscE6uTakzAK7FSWyyK5Ffv6lvmA1IDaYjU/5KqXhZVsS1/H4/jieu3TdrOve5OXH8ZzFcEly+fgDtEjxU2DyANYpttL1siwreRzDzrX5XJRblFPXNYOLrO/fxBbDxSbH/rooOel3gpwQ2+eA2GB5sd0adgax6XuYtFRgh8Pp8eEwPh7Cec3w5HHsOmZpEn1/EpzITcKFV5Dc1WGqg6wWh6EozMJut5uno9J1NMu8VFzy2KUlrUX7+npq4zmXXh6OShbmIhOJSbvZnFqL8TiKLw9Xra+r19/+gsfHx2n/ZvAOMjaYhYNIZCrXJgVihhYEJkKTGPb70zkRnJ/zLM7lJoShpctrEKltNie5ueD8XBRdzuCsvznkBvOC2GAWXkUoc2ZqaULApeby0gxNWhFaDDvngnt3rc2zNRGbSUzbh4e3EKF5GwR3lsXdyt5gURAbzMJeZDKVlKWdTQJEqWWZ7XZNt9uNx1Fy45DVhDmY2DQ8QzOhHR8fT8feWoySs0yuODQVENtqQGywvNhKQ9AgtXHY6bLa708is+heXprB5fby0nTyWeSan113a0pis0ztGKTmoWKz48YfxywuZ25xYkFAbovD5AFM5ufPn9M6yGK7lqlZRiYykxCR9XY8hkvOhqzFjK3vVWrHKLXttjlst82w3Y6P5dgzOJWcDU/fyW3itbZv375N+zeEM8jYYLkZ0bxWLYvNs604/DRpdc/PJ4k9PzeDHD8/q+CGl5emkZDn+LW2gtiOlq0dTGwiNBXb05O2R2n3++ZoExMqN+lLsrgot0tZm0DmthiIDSbzIiKZShRbWJPmEwU6IWDDTheaykzE9uePto2FZHE6FJXMLoptGE5SC2JTuVmmJlI77PcaIjSNw0FbXx8nM60yJB0nFXzZSJ5IgEVBbLD8xEFesxbXqMUhqF9DM6H1f/40jUUrQvNWhqi7nV53G0oZm81wjsNQEZkI7fVVl61oHI8aR5FhjFDhoMciNem/NByFxUBssOwatkvX1+KaNMm8QsY2Djc9Q3t+bo4iNRPb+BwZQvo1Nqs+0DVsvsTDMzIRmElM/iYabauh2Z3JStqxaiF+7jwcFZDbomy+fv267CeAu+f79+/zrl0L1QNx8iBGXO6hmZlFE1ufRQ1i0/Vr9niIWZxlcjpEjSFZnb2nPNbXSsRlHvHvE8/9D7nxO5yXze/fv2fuEv41Jk2sl0qo0k4ePgwcd/bwYWA41sfeushyROLzUx/xvMvWP8N4ra5UHREzudJuvFfgdzgvmy9fvszcJfxrfHiHiiiD2J46HaP194jn4nHXaUi2pOdz6VPuN8xmjq/z49h/etz6ULTweaZuacTvcF42v379mrlL+Nf48ePHx18cMzURQcysvAJhs2k6ycL6vunkOMbDw9t6NS+Etz5HOYXJA5WUrUFrbW1a6/HwoP2dlVbFNWuxrCpGnBn94DU2fofzwuQBTKaXH/Xcs6I5Y7MtiCS647HpJYZB207OeXgGZ+VPXlbl76FZl0jNxKYis4W43Xbb9E9PTSOx3Wq0dl7Wsbn0dLlHrEIoTR7AoiA2mMyD/NDnXscWllH4MFCORVxyeV6jbRtRai/nJTyjkywuVh6k3T1UavJcz8xk8a1IzWQmYmufnppOFulayHl/3tk6tlL1ASwOYoPJbOXH/lmVByYPl5EKKUqs75veMi9tJbOyWtIui83EI69XIcUMTIaiIUNToVnrQpP2rPLAF+hSL7o6qBWF5etFb9WKWuG7SioUvmutqCzUjSVWXnLlz/cqBt+yKNaKhuoDrxc9mMRUakFoKjUX4aWSKuEDWRt1ovNDxgazMGkX2Fu7e4jY7HqZTCSIYHS4aRf9VWSSabn0fI2brYHLGZtf7JdsT/qSPtvQnw5PRWxe+O5F8Hn7IrK11YLYYJ3X2eJ+bCIRryAQAYm0goi0MsFLrjxTC8PQothcbiYrl9vZrGjejy1kanFrcaS2PhAbrENsl6oQPGsToXgVgi3x0OGpiC1vPhnvgZDueeCTEDJzOu6ea20bNp4cJwdim5d45Nv1nd5g2r8DzAJig1nYyI//s+55kO9KFbM3P85C891z07bgOWuTyQgX21hDeuvmLpd2z40tLAqTB7CuO1Vdkdt4K710Q5ezzSjz7fh8wW+qPoi31/MbtcRtiMabt8Q7WV27DR93qFoVZGyw/ELd0v+t8ZZ5LjQ/J+/jWxvlnXZTfehYX+rYzGgsvRoX7UbZle4rWpKa9XkGWdviIDZYvma09Lp8zc1qPsesLQiuKLN8P9GQscWqBr8T/FgnmmtOw3MuCg2RrQ6GojArs36dCgt4VSFRWvE6XBZaztacS0PJPBng8ssym2n77w//RwA3QWywTvLXsrS90aWIf577KmVbpUzsWmbG0HP1IDa4D3L2ltsr+7q9o5Rx3dp6CJndFYgN6srkrj3nlqBuyQuZ3Q2IDe6TSzOpH+WStJDZXYLYoA7m+hojsipguQfUAUKCQLrNDgDA/YPYAKA6EBsAVAdiA4DqQGwAUB2IDQCqA7EBQHUgNgCoDsQGANWB2ACgOhAbAFQHYgOA6kBsAFAdiA0AqgOxAUB1IDYAqA7EBgBNbfwHpukVnIP1gA0AAAAASUVORK5CYII=""}}]}, {""role"": ""assistant"", ""content"": ""0.54""}, {""role"": ""user"", ""content"": [{""type"": ""text"", ""text"": ""\nYou are given both an image and a text-based representation of the same stimulus. \nIn both, a red dot appears on a horizontal line\nThe left end of the line corresponds to 0.0, and the right end to 1.0.\n\nText representation (the dot is marked as \""\""O\""\""):\n|----------~----O-=-- -------.-----------|\n\n\nEstimate the horizontal position of the **center** of the red dot as a decimal number between 0 and 1.\nDo not explain. Only output the final answer as a number between 0 and 1:\nFinal Answer:\n""}, {""type"": ""image_url"", ""image_url"": {""url"": ""data:image/png;base64,iVBORw0KGgoAAAANSUhEUgAAATYAAABNCAYAAAAsLkgfAAAIs0lEQVR4nO2d7XLaPBBGbUMg99D2/v/2SnoTbW8hX3y48yi7yqLYTmMggOacGY0EsQ1vmvfMSqu1277v+wYAoCK6S38BAIBTg9gAoDoQGwBUB2IDgOpAbABQHYgNAKoDsQFAdSA2AKgOxAYA1YHYAKA6EBsAVAdiA4DqQGwAUB2IDQCqA7EBQHUgNgCoDsQGANWB2ACgOhAbAFTH8tJfAGZwisdUtO0pvgnAVYLYblVmU3LTz8bE5e/H85EcVEbLU6puUGbx/bFxKa0or7Hx0GuAG4SI7VaEFqU2NB46rxRbKbkhqZXXQHRwgxCx3UJ0FgW23x++Nya5IamNtfLY8vwxkB5cKYjtCE7+qyummm2UVxSaj8ckV4qn694kNja2lq8wFdUdQYsM4QtgKnotYhuK0KLIXGK73cG4LQXn1yijsq5reokstig369MVhiI5Hx+ZdEBs8BUgtkuJbWwdLbTepSWBudwkNr02wfXq7bgc4TmSmUtrschC631sfT7GJWfnJuZMVZEXXBimojN5eXk5X6QmSbnIXGwmtGa7zeN2u80RXD7erxUjNQnMmo8P3nPJ+fFT63BDYvukyFar1Wl+dwAjELHNZCehnElqWVRRYBKatd76ZrPJ0lPkdhCx+ZpZFNly2fTW0nsal6LTOTF6+0yyYeg1wAVAbDPZSizHUO5Ji+tmMUqTxCSwzeZVbC8v6XVuHrXFtbdSbEFo/d3du94ll6M3X48bWIOb3D5SjgEuBGKbyUayOZYQqaVoy+UUozQXmIRmrXO5ee/T07jOZlJLzUUW2n61envt0ovRW0gyvJPcWPRWjgEuBGK7lNhGMp8xSktyc5E9P6emcf/09Pqe/UzHp1ZEbBJSjNSSzFar1HvTa/18r8itFFyZRS3FFhMMyA2uCJIHM/j9+/dp19bKJEGcakpm1tqnp2YhqZnY0vvqQ9SWIjbhEZvJKstsvX5tq1WzW6/fRBejN5++FtnTyT1w9pkH/QQ/fvw47ncIMAER21dnRCcSBh555bW0ILUks8fH12jt8bFZPD+nsSI6iVByy9cpxCZpucgktdTf3ze7l5csuXdyszW33Ib2vw1FbERucAUgthk8Pz8ff5GhrR1BamkK6kJzmUls1jeS2tNTkl/KjkpuvqctiG1fRGs7E9pus8ktyW27zQJM0ZoEV24TGdvcOyY2gAuB2C6ZOLA1sby1w9fW4pqapp8us4eHpnl8bNqHhzQtbTXWcZtN06t58iFGbJ4skLwkMQlsu03bVXLb71Pba9uINv3qHPU2JT0QW9jvhtjgWkFsX72HbWh9LW6+9WmleiUKFJGpeYT29NTsXWoWzfU2HT3Yy+Ybc/W+EgQSl1rfN1Kfmv4rdm372uy9pEUdo8oHSS1+T13PN/9OiQ25wYVZfv/+/dLf4eb4+fPnvBNjniYWspelUp7ljFs+fHOuZGcRmqarqbfXvuUjIbko0rLXXk2QMqUWge19qupjNROW+pQV1TXLaMzX1vy9GWts/N3BOVn+/fv3rB9QIyerES33sVl9qFo7VDOq6aFeh3EWY2zCZRPEmc+zlq8Zzw3fwb9rHo/dWqnEhTbxe+LvDs7J8tu3b2f9gBqZfYcKn8YV1QFx3Pr1Q0uvLZJqrfk4Twl9mvj2Jd8t9Lehz9fUuEgGpJ+HmtGDzxkrs/pkxMbfHZyT5Z8/f876ATXy69ev06yxeXTlryWdxaLpLBOpvlsum+7uLq27qW+9xUqDKJ9iKtpqnczOaVart/N1zVhapeNi8zKrsW0fY2VWsZ+Avzs4JyQPZrDQ/+DHEBb483aPGLFZplSt2++bxW7XLNTb667vm65tU0sRnL6PZOXVB8KjruXyVWSrVdNpQ+79fWoaL+7vm2a9zi0dY9UIkmgUW976MbXVwz4X4NIgthncKfo5hqFbFPn00qeJJi4t06fWts1CreuaTk2RnJqiMG0P8T1wMWLT9SQ2O66X2ExuSWrW2vU6ic73u0mSfSm2WIHwP9NQgAuC2GawVoRzisRBzIz6lg9NH9VsDS1JLExLFS0qmkqlVRKS9rppmuolVX5NE1vncpKo9L0lLpNZa5FbLrWKhfFWO9pMlVVRcQBXCrWiX10vOlZSVWz3iHf08JpQbcZNQvMyK6sTzbWiavHuHr61I5RVRYmlWtEQqXlBvEvtYPo5Fq3NkBp1onBuiNhmMvsusGPPNijvwWZTSEVaKWkgsdkaWBKaSy9KzSM2x4Vk09acPFCvZkXwqTJBMisSCe/KqD6qNCBSgysBsV3DOpuXVXnkJqmpl4QkLpeRxpp+xptNhjvresIh4zIyUXkWNF3LhBmjtHhn3ZgFzc9EGIrWBEKDKwOxXUJsU1Gb35NNvbKcJrdcID8kNLuLbl5fs+vn/W7lDSctU3ow7Syyn+VzED5MFCA3uCIQ20yWEsExjK21xUypPkPCknx8qhlvbRQf7uLnhDW23ExWSXDlMw8GtnMcTEH/J/uJ1ODKIHlwySdVTURu724VXiYY4pOrPMory55CfeiBtGJiIN4p14/56EEufu0Z8IQq+AqI2L56o+5YvWWUkkdeun58apXLLUxXY3v3XFFJrSiJSpt2bTuJy+zgmQZTUdqUzIja4IpAbF9dMzp0Tik3ycUTCjZ+dzeQeC+3sSfBx7rTkAQoaz9zraiJcHTqibzgRmAqeiQn+/WVj+Mr7vAxmGgYet+vESU09BCWkalmFps4ceZz9s0DAD4JYrsGpqan3o+tx5U/G+Kju3H8b3SGmOBGQGzXxNT9zoZk5/3YeUMR15TEyHZCJSC2Wxfd0HFDjE0ricygQhDbLTD0T3TMPxsyg8pBbLfIKf7JEBlUDNs9bhGkBDBJeNwQAEAdIDYAqA7EBgDVgdgAoDoQGwBUB2IDgOpAbABQHYgNAKoDsQFAdSA2AKgOxAYA1YHYAKA6EBsAVAdiA4DqQGwAUB2IDQCqA7EBQFMb/wCp3rrC7i21WwAAAABJRU5ErkJggg==""}}]}, {""role"": ""assistant"", ""content"": ""0.46""}, {""role"": ""user"", ""content"": [{""type"": ""text"", ""text"": ""\nYou are given both an image and a text-based representation of the same stimulus. \nIn both, a red dot appears on a horizontal line\nThe left end of the line corresponds to 0.0, and the right end to 1.0.\n\nText representation (the dot is marked as \""\""O\""\""):\n|------- ---.-O-=-----------=------------|\n\n\nEstimate the horizontal position of the **center** of the red dot as a decimal number between 0 and 1.\nDo not explain. Only output the final answer as a number between 0 and 1:\nFinal Answer:\n""}, {""type"": ""image_url"", ""image_url"": {""url"": ""data:image/png;base64,iVBORw0KGgoAAAANSUhEUgAAATYAAABNCAYAAAAsLkgfAAAIlUlEQVR4nO2da3LTMBCA5Thtegfg/n85CZcArkDzNrObXXUj5LTk0Tia75vZkeI4jinlY/V0NwzDkAAAGmJ27xsAALg2iA0AmgOxAUBzIDYAaA7EBgDNgdgAoDkQGwA0B2IDgOZAbADQHIgNAJoDsQFAcyA2AGgOxAYAzYHYAKA5EBsANAdiA4DmQGwA0ByIDQCaA7EBQHPM730DcCbXeFRF113jTgAmB2J7ZJF95FhNXn4snovkoCE6nlI1ccq/Hn8dj9eORaK0vF47VtYBHhQytqkyJq6xevmZSCkzKWuCG/scwIOB2B4lM3ORvRc1XGSnws+Ln/lIsxZggtAUvYCr/+iKLK3z1/v9m7hq9XisJqMYs1m9tBhqorui0DrkCJ8AGdtUxHYqQ4sCi7HbHeTnr0u5FUIbXGS1iOeMZXJXkBJig88Asd1LbKeanhaDy8oFttsdYr9PndX1HD/m58fLljLr+zT0fa6rzLwez60JTijFhKhggtAUPZP1en2dC430oWVJeWbmUttuc73bbrPs9FjM2gRvXpZSm88PpUWsZ9GNya0U3Rk8Pz9f+lMDOAkZ25nsRCSXMjYw4NmXS80EJqXEIOVmo5JLfkzej01SwfvMgrwGkdp8fpBbrJeiK5qot2qaAtwCxHYmW5HKtfvUTEoqKM/CTFxabjbHsV4f3hPJhWZqVWxBZMPT0yGsnqzu59Waqx9umgJMAMR2JhuRyaWEZmO16WlSU4EFmc3ktcRq9XbcszrP2uTyNhggkjoS2vNz2od6FF2UXM7gatmb3jRSg2mC2O4ltrIZakJSMVk/mjY3N5s3kYnUVqs0rFZaitjkvSRhWV0qxSZhYtubxKT0ULFZXaUmr0NTNfa9HcntSv1tALeAwYMz+Pnz52UXGJvSEUY7Y5Nz5iJbLlMv9eXyEHZcxWdZm37erq/ZmohNpGZi01gstNwtFmmwuhxzyR01T8fk9tHVCyN8+/btsp8hwAnI2D5zRLQ2xcPD+8d8kCA0O7PElss0vL5q2b++pmG5TGm10pj5YIJfJ4hNpfb0lHYmtt3Li4pMxKaSk9ebzSGDc8GZ3FKUWznv7UK5AdwKxHYGK5HJpYRVBXmSbRj59CaoCy3L7PVVy2TRudzkfB9ECGLbu9hcahLrtUpNBLcToW23B7GJ5KxvT+Um92Fy0+xtbDABYGIgtnsPHPjSKZ9kG7I171PrRWoiMJfZnz+p83K51L62Yb1Og2dtPsHX+9hiM1Riu007id3uKPb7vU46Hmzir07+tZBj1SapgNxgYiC2e8xhq0zxyBmbZF42ECAZmMpKwgYJRGJ762+T0OapSM/EptleyNjyVA/JykReEsOgIX+KHJLdWQhS6l3W1quWzVEBucGEmH/9+vXe9/BwfP/+/TpbEZV9bD5dI85Js6kfGjY510ObjCY+lZrIL85lk2zNXg9hXpuOkvZ92seQrM7qyco8zcPn7MUNKiUumNfG7x3ckvnv379v+gUtcvFAcmUQwXUwWOhrH90s6vr90mQ8tVBekFJE483JUOZ1qNb8jAvpq+/XIm5tVNuV9wT83sEtmX/58uWmX9AiZ+9QUUrg7YI55Np6/bAgvfNO+77Xeuf1uMZTwmXkwvFrWL+YXsdKrdv7+n2heen34Dt95Pv5yNrRD/5s+L2DWzL/9evXTb+gRX78+HHdeWxBDjKQMLNMaSax26XZ05P2u0nZPT+/jZz6vDUfWXVBhaaoCmw+T52MbspnPeSa5aqDGOXi+HK6h4fe9P+PjvJ7B7eEwYMz6OUf+TWIo6IiI8ueNKw5KurohyH1+72GSC+GnmtZWV4Y72tOrT+tM7GpyCReXtJssUj9y0tKHotF6haLfI5L72i6x3sTdQEmAmI7gyf5x35tsfmuHt7EnM3SzKPrNHoLf63vibQkJAuLo6KWwfn1cnZmk3D7xSJLTYXmk3VlaZVM0rVzVWxSLzO3cmkVwIRAbGewECncYrdcHwUVUVmmNRMpSYjE+l6zRZFZL+9ZFiZSisuqYlNUPufNSxWVhcgsCy0sszpaViXnnlpWVRMbkoMJwFrRKawX9dIXwYcVCDqvzXf0sMm6ea1oWC/qWxhFsR1N7ZDF7x6+CsGWTx0tiLc+t+SlbUx5zSVVrBOFW0PGds9dYCuL4X3bIZ+3JoLRQQOLnKVZ1uXCO1oEH0dHLWOTLM8HEXzwoAsyy7t7+B5tIkQXW9yb7dTGkwATAbFNoZ/NRkOPdtAVQYl8RFYutjCaqU1Jz9TCnmx5d49yuoc1YYdCknlUNIyM+vbh/+zHxrZF8CAgtomILdfDonjN3iTLkszNsy0Jl5nIzaQWn4WQsz+fp2brRbVZagKT/rsjmRVTPPJgwVjzk341mDCI7UzmIoJrMLLMKj5WTySUN5+0/i/vf/Mtw6sPdIkTb2101Ded9MysFNo/GRrPPYAHhMGDKTyp6r2twr1pGnbXjc9COJJa+Qg+f1aoP4GqfEqVH4uP43vvMXwXSI0nVMFnQMZ2z4m6tf9T/JhIpZjfptKS0qaExIXyRw9PLh7mEpdMadbmy7Ls2D99aGWG9p7QyNpgYiC2ez7VvPb5ILs8oBCXSZnYjp6REDM1XwDvE3SDnFxgvmY0rw0NEtNz/N7GRj4RGUwcmqIXcrMfn+/4UdtVoxRZ7Fcr76e2eL3Wb+ZiO5WdXSi0i/8jAPggiG1q1J6LEMtSYrWIlLtwXGOnDgQFE4em6NR4TxreVCxFVpa1a45J7JTMkBg8IGRsj0I5LaRWlvVT0kJm0DCIrZWmau28/2lKIjNoCMT2qFz614bIoGHoY3tUEBPAKNYTDQDQDogNAJoDsQFAcyA2AGgOxAYAzYHYAKA5EBsANAdiA4DmQGwA0ByIDQCaA7EBQHMgNgBoDsQGAM2B2ACgORAbADQHYgOA5kBsAJBa4y9D9omm4D6++wAAAABJRU5ErkJggg==""}}]}]",0.41
google/gemini-2.5-flash-lite,sample_007,0.32904,0.32904,0.35,"[{""role"": ""system"", ""content"": ""You are a marker location estimator.""}, {""role"": ""user"", ""content"": [{""type"": ""text"", ""text"": ""\nYou are given both an image and a text-based representation of the same stimulus. \nIn both, a red dot appears on a horizontal line\nThe left end of the line corresponds to 0.0, and the right end to 1.0.\n\nText representation (the dot is marked as \""\""O\""\""):\n|-.----------.--.---O-----.-------------=|\n\n\nEstimate the horizontal position of the **center** of the red dot as a decimal number between 0 and 1.\nDo not explain. Only output the final answer as a number between 0 and 1:\nFinal Answer:\n""}, {""type"": ""image_url"", ""image_url"": {""url"": ""data:image/png;base64,iVBORw0KGgoAAAANSUhEUgAAATYAAABNCAYAAAAsLkgfAAAIfElEQVR4nO2daZLTSBBGtbjbfQfg/n85CZcAzkB71cRXzhTp6pLa2GIal9+LyCjJlmQPeB6ZqkXtMAxDAwBQEd1HfwEAgKVBbABQHYgNAKoDsQFAdSA2AKgOxAYA1YHYAKA6EBsAVAdiA4DqQGwAUB2IDQCqA7EBQHUgNgCoDsQGANWB2ACgOhAbAFQHYgOA6kBsAFAdiA0AqmP10V8A7pilHpfRtstcB8BAbHCbyG6RmwutdA1kBzfQ8pQqeJf8J+L78fWpY0qSivtT21PHA1wAYoPrZKa2tF06N8rpvXZue+41gAClKPy5zKaidE4uL4+5fZ07JzS/NoKDCcjYKmDRv8KCoJI+jsdzicX9/L38++Ti6rpzqRViyM8pXesGWqRYNWRsFbCY2OYyNMnLBebbIdpccJFcWi622GayS2IrhWdzU1ndhSC2ukFsjyy2udIzCG1waR0OTesyOxxOQrN2UGvHJcll5eKZzCzSa6X9XHq53Py63H+DCShF75ztdrvMhUr3zCSpmJlJbBKYRdre73+/5sfnWZsJahRX35+21fb9+WvviW5Kclfw/Py8zJ8d/HOQsd05BwnlFqY6BrzENGElke33o8ja3a4ZtK3XguCGWJaKWH5Goa1WJ6mZ3LQf3y+J7m/IDeoEsd05e4nlWvIhGtn9s5R9eUamdrc7tYrt9tTudqewY5LkSmKzzCwJzaQ2bls0UXba1/G2/0Zu3vpnxBYeHsR25+wkm6Uytlh6ernpWZrLTBJTu902nW+r9WNiSSqsIyCJzGX29DTK7Kht3/dWInPZudhi2TqXuQEgtgcXW16G5vfSPCOT3CQyE1qS2mbTDNbqGL2XMjaFX0dYGRozNJfZ0eP5+SQ122+C5GIWN0apNHUQHNB5cN98//79+pOnhnTkmZqXmptNklcS2WbT9K+vaTuFSS9lcDonz9iC2KLMUrteNwdJTPv2WpKaZCexueAsi5sU25Xl6JcvX67/M4R/FjK2R+wRLY1XiyVoLjUTWucye31tBm2/vja9MrfNJmV0Kavz+2y52CQ1E9vBJJZaiW29PkkthDomkuB0PcvcRrGV5GafddbCw4LY7piNhHILpaEdsQRVmetSc7FJZhLbr1+pbSwkvyS3/b7pXGw2iFbZ2lHh2ZpkJrGp3e1OIbnt96c4HFLou2h8nATnmeRZWRo7EgRCAwOxPXrHQRSbj0dzsfk9NZOaRNb/+tU0Fq1CUlOoRN1uT5mW32fLMrZ0D00Z2W6X5CZ5abjK4Xg8i+MwpGEjg7ehp9Y7FtL3nCpH4eFBbI84hm3u/looQ3XPzDsNBs/IlCXafbajWhObdyY0Pr4tE1vqBJD0lI2ZvHSE4tC2v6PrmqPCMjG9P84bjd/dx7vpc0rlKDw0q8+fP3/0d4Ar+fr167Jj1+Jg3DDDIHYopMG5lpWN2ZlaSVBS817UUIqmoRr2uUlS3plg548lqO7BWRnqpahK2DRdS/JSq/Oj0PW6f84VcuP3Xyernz9/fvR3gI+aI1pYbijNGtCuRRuOS+/4+9r31/NVPuJwDxGnZWXnxf+GeP34HYrvxzYuZ+QT5C+E33+drD59+vTR3wH+zxUqSqtixNcs89G10/VD72Pr5Z+2+z5FE9qxNFQbV+DIxqHF8+K547Z9jj5P4RPo0+dPTYr37x7bC+D3XyerHz9+fPR3gCv59u3bMhlbLgitwXY8Np3dpFfbPT2l3k4N5+ien08lqZesPj9UTon3vvzaEpSNSWs18Vznh9D10rg1G8Om4+IQDx+oe9Eg3T+UPb//OqHz4I7p9T/4kr2iIQuSHmJoQEU/DKew/RRt23QxgyvcY0tZ12rVtBLben0S2ctLiu7lpelfXppGsV6niLKTUEex+SyE0sR4QccBGIjtjnlSZrOk2CQN7yjw0rPrRnl59BZd35+yOcvoUgYWZh/kGZvENmZnJrY+Cs2kl4aCWObmw0SK80UZ6gETILY7Zi0hLNErKrJ119KQD8nIosuil6SenppeWZWE5FOrJsSWylqFpGYic5m1ytyC0Ma5o6UydG4JIwfJPTzMFX3U+aJzy3/7Srm+YofNQvA5oWmuqLZ9ipXPFfWljDKxjXNF4zxRn0ZlU6rezBXNlzIKHRdvFp4UV2RtzBOtFzK2O+fqVWDn5ouG6VVJUioFvdNA8lKWJtEpU/PVPvLli+JwD5eSlax554HCJ74fQ4fBmzXZ8iXDBYtNQgHE9sj32fKyNK5+G1fQdcEp/D6aiW2cehUWnEwRS1Ef8mHSSh0Cuo7dl+tK67H5/bRQfvrg3qLMkBoEENuds6jYJp53MMotW6NtlFlct82PC0NJUm+r9ZqOK+aaxCS34gq6vuLupUuCIzYIILY7ZyUhLCU2byce5jIKTpmWS86fexAe6jKe43jGZnNGo+DGsjM+5yBKzSX23vJEiA0CdB5UwCJPqsqnV1m8KU3jYpT5U6qi1KaeUpWVmXEZojdPqbrkwS08oQoKkLE96kDd0r9npQ6FbB5o8XF8cQJ9/lzR8NyDcUqUTZeSyNLYudLj9q4RGlkbGIjtUeeMls6ZKE2TqHwVjTjZPSwoeZap5WLzqVYxc4uii/v+VCvKTrgBStFKWPSvMRNcXOGjlMW92S6tvBGzr9K9syw7G8vQyEJCu+ofArgrEBv8ZuqnMFeiliKel2daUxHfj8eXQEzwDogN5sl/HjNruZVK0DOmhmnMyQyJwRUgNlhGclPHRKYEhsxgYRAbLNujegn0aMJfBrHBbdzy80Fm8JdguAfcBnKCfxBbIgEAoB4QGwBUB2IDgOpAbABQHYgNAKoDsQFAdSA2AKgOxAYA1YHYAKA6EBsAVAdiA4DqQGwAUB2IDQCqA7EBQHUgNgCoDsQGANWB2ACgqY3/ANGl1gCCZwauAAAAAElFTkSuQmCC""}}]}, {""role"": ""assistant"", ""content"": ""0.52""}, {""role"": ""user"", ""content"": [{""type"": ""text"", ""text"": ""\nYou are given both an image and a text-based representation of the same stimulus. \nIn both, a red dot appears on a horizontal line\nThe left end of the line corresponds to 0.0, and the right end to 1.0.\n\nText representation (the dot is marked as \""\""O\""\""):\n|--------------------=-----=---O------ -.|\n\n\nEstimate the horizontal position of the **center** of the red dot as a decimal number between 0 and 1.\nDo not explain. Only output the final answer as a number between 0 and 1:\nFinal Answer:\n""}, {""type"": ""image_url"", ""image_url"": {""url"": ""data:image/png;base64,iVBORw0KGgoAAAANSUhEUgAAATYAAABNCAYAAAAsLkgfAAAI6UlEQVR4nO2dbY7aMBBA7STLxxna3v9vT9JLtL1Cd4ElqcbxpINxAl0+At73JMtJCAFV2texPWN813WdAwAoiGruLwAAcG0QGwAUB2IDgOJAbABQHIgNAIoDsQFAcSA2ACgOxAYAxYHYAKA4EBsAFAdiA4DiQGwAUByIDQCKA7EBQHEgNgAoDsQGAMWB2ACgOBAbABQHYgOA4mjm/gIAMMG1f5LEe/cZQGwAjy6znNzGhDcmLu8/9r4nxfMrVQAPLDN7PXftlKT8GcfnPOfJQGwAczIlLunHjtP35KTlT/Tp8dS1c157IBAbwCNFZ+mxtLY9PE/fMyYvnzR73d6bHufOx65NXZ8RxAZwBlf/M0nE5K24rMzSPm2WnMx8bFV1JLnuIxHdfwxn/YzCY/EA4N5iy0VlOaElzdvzXMRmWqcik94e23tORXK5Xj4vXYgYERhiAyhZbLmhp16LkgrPV4Ht9/2x9Pt9L7T93nV6Xe6xMrQRmMqrrnt5Sa9yq6peeGn0lhPcmOiuMU93BxiKApxgu91e72GZKG2IxKK4gtje33upJf2B+Oyfro3C6l5mQWp1/U9ucmwkF+6ZGr6eEp/9bNsbFouFmwMiNoAT7EUktxp+JhFaENj7e+ilddLvdr3o5DhGboMMFR1+alTWNEFoQWr22IpO783NwY1FdVOLEXr+ACA2gBO8i1QuIU3PMPNoOszUKE0lJn1o2+2/4yi30Oxcm51XE1k1UWTSv7z0fbymkhuiN+nH5uJycsssQjyi3BAbwAl2IpsrRmwHiwBplKYik367dVXsDwRn596i2EROIqpBaE2U2suLa1VuqeSS6O0ogssJLr02Nfc2I4gN4NZiS4ehKjTpVWjyGbtdL7LNppfaZuO6zSb0ck1eC9Ga3Gvn2VRsUVRd0/QyWyxC38ZezoPomuZ4eJrMvR21VHZ6Lmj/QHJj8QBggp8/f17+kFxKRzL81CitUpG9vbn67c1V0uK10EzUFt5vxRZl1RqZtctlON4vl73UVHIauYnkzLB0Um4TqSNTw9Fv3765e0PEBnCrFdFclYBZ/RyTWpDZ66vrothEcHLsNhv5QkFuwzxbErFJNNaKyERgUWgit/1220tut+vlZoemMWo7EtuY6HLDUyGVm16bAcQGMMFGZHIpaWqHzpHFYajLSK0WscXeidReX8NwVO4N92fEFqQWxdaK1FYrt9/t3P79fWitNrlHvodZaBjSRM6N3qZWS2cGsQHcY+EgFZuZWwsLA1FqtcpM2p8/zovQtL29hXs7aZrXpmLT1VAV22oVxCVt33X/mqSvdJ1rJSm4bfsm75PvZefb5Nmn5IbYAD5pDls6vxajtRCxyWKBiDOufoqwNCKTKE1k10ofWxiextdDflsiNqfDy7Z1kuEWmkRyVeX23ru99PFYrslr8l6572Ci3X5fjd7SOcKc3B5oAaH5+vXrrF8A4JH5/v37dXLX0vpPnfy3zSTmhuTc3W5oLunDKqrNY5OILX5mF6sPhtQPGXrG6K0V6WmL3ytEb7m6Vfu9LSI0vTYmNsV7N4djmt+/f9/9QwGehYuTBjLbDWmdZxebrfscakbN63I+iMcm5lqxCea1TiWXRGNpCVVYdEjOTw4x9TNzu4vY7xPvncMxzZcvX+7+oQDPwod3qMjtfGGqBKTJs8PzzeqiN3NYXs/reuiHphGTfo59ra6dN70ey1A1HMc8tnAemy4e+FP5a1MJurl/K+/dHI5pfv36dfcPBXgWfvz4cdkDMrtwhGORSNu6Kk7aV9Kapm8vL6H5xaIfliaVBuEpOsFvhqIiKBff5+S9plWSxyYJujFJ12mTe5NV0bPLq86cX5vDMSweAExQyx/7pdiCdyMJ+fMPLQ5Hq65zddsOTc5FfJIlJi1EeBp52VVReS3KyUexVauV69br0Kr12tWrlXOmhXui5Cqby6Y7fuTKqP5TaHOC2AAmeJGo5hbpHnao6b2rbBOheh9aONeITqQlVQmxIH5YFRV02CmiWi5dJ03Etlq5er12TpoIbbUKr4dk3Ri12dKqYYU1LXwXcom4Dyg1AbEBTLBcLq+3Kmon/2NybBCUCE7lJa2qQhRVx6FpHaOrkMAbKw8OxBblI+/V4WUn31ujs/W6F5rktkmLCby2KH5I65iaP5uS2YNUHAwfT60owA3rRXMF8LoLrm4iqWVVsQhei95rrUSQa9rrLh+2VlQenyboLmKSrkRmUoEgQ1ON1HSuzdaKplKbEtlEakfKHHWiAhEbwAku2gU2t8Gkik2kIoKKc2Nhdw8Zbuo8WZz0DzKTiEulprludhddjbji4oOTRYPl8qAFmdkhaLo3W05qTxKhpSA2gFvPsyVyC3lrma3Ag9C0j2Ia9mPT0iuVmt2PTYhJuZrGUcWhZpCaLhTo8DNKbdh00kjt6AdenkRkKYgN4M5iO1gl1SoEjd5keCpC0sjMDFOHonmN1ozYdLVVc9I6La8SQarMTKQ2DD81WhtLxh0TGGIDeG4aEcElTC0k2JVSG73FHDZbZqXHbuQ3D0LTRNvG7LdmFwmSxYKj3zzQZ53iwcXG4gHAvX6pKimtOvqVKvvze5qUa/tUavZ5WhKlQ8sm+Y2DJEo72gp8onLgo8z1C1UCERvALRN107ghNywVuWSGp0eiS388OalokPmxoSSq7vPaRFxDSVW6BfhUPeg5PHDUhtgAblkzmr4vNyyN1QcHhe1aD2qis6Nfgk+kaasaOlNvanfEPbjn1M4cTwxDUYAzueqfSrJtuD+1bZDt0x1DlLRawI/UesYKgtEV0Dn/I7jW5yM2gDuS+3NLJDcquNwcncWKqvpAfScRGwBchak5OO3HZJb7001LoYRzk24LArEBPIvkpo6VqUjMP1eS7SUgNoBnGq7+L/7zyMyC2AAenWv8ifrPITSFdA+AR+eTSekaxJ3jAADKAbEBQHEgNgAoDsQGAMWB2ACgOBAbABQHYgOA4kBsAFAciA0AigOxAUBxIDYAKA7EBgDFgdgAoDgQGwAUB2IDgOJAbABQHIgNAFxp/AX/qdllPni50AAAAABJRU5ErkJggg==""}}]}, {""role"": ""assistant"", ""content"": ""0.61""}, {""role"": ""user"", ""content"": [{""type"": ""text"", ""text"": ""\nYou are given both an image and a text-based representation of the same stimulus. \nIn both, a red dot appears on a horizontal line\nThe left end of the line corresponds to 0.0, and the right end to 1.0.\n\nText representation (the dot is marked as \""\""O\""\""):\n|-------------=---.-------O---.-----~----|\n\n\nEstimate the horizontal position of the **center** of the red dot as a decimal number between 0 and 1.\nDo not explain. Only output the final answer as a number between 0 and 1:\nFinal Answer:\n""}, {""type"": ""image_url"", ""image_url"": {""url"": ""data:image/png;base64,iVBORw0KGgoAAAANSUhEUgAAATYAAABNCAYAAAAsLkgfAAAIlElEQVR4nO2dYVLbSBBGR5LBJlcguf/fnCSXSLgCYGxLW994WmmJkcDYLM7ovaqukWxjvFT8tkc9Paq6rusCAEBB1F/9AQAALg1iA4DiQGwAUByIDQCKA7EBQHEgNgAoDsQGAMWB2ACgOBAbABQHYgOA4kBsAFAciA0AigOxAUBxIDYAKA7EBgDFgdgAoDgQGwAUB2IDgOJAbABQHKuv/gAAV8clbwNSVZd7L3g3iA1gSmg5weUey8nLHnvv6+GiVNylChaN/+efO556fkpUY2nNPTf1GJwNYoNlMicxjRb+fA4TVG7MyW1OgHA2TEVhWcwJrW2HUstFjrHEvMymzvVeczJDdGeB2OCq+ZQJhRNaNRaXyW1q9D8vxsKq69eC84/rx3MC9Jj4PkiFFBEbLExsuemmiWsiKn8+VQxI8uq8xDT6Y/+aXNh7vZXNvUGF2BAbFCy2qaqmi/j+JrDDIQSFzg+H/rxL5/E14ylpVf0VlYlM8tLYNMPzCdFNCs6DrE6C4gFcLS8vL5+aqQ0yMRPZfn881rjf/5WdPe/FaLKxLCyJrPNjileis2MvRPGW4N7J7e1tWDJkbHC1HCSSc5mqePopphdZim63C9VudxSdPabX+QJDEpBNP01k3Wo1eTyQnxPd5LU5QbZ2MogNrpa9pHLpCmgSUzXK0nqxvbxEocVwxya4wbU2E5vLwqLIkszieHNzFFp6PI4Smo2WySlyU1MDuZ0EYoOrZSehXLICqnE89dRoIjOZbbeh1uhDz9k01RURlK1FiUlsJrUks1ajj/Scl1w/VZ3K3gRSOxnEBuWKbaIC2gstSS3sdqGWuLbbo9S229Cl0c71mhh2zS1lbFFsLlszmWlsb29jRKnpWFKzcxNcyt76rC1XVBDI7SQoHsBV8vv37/PfJCc2q36mwoBlacrQosien0Pz/BxqHz6D80UEn7E1zVFmJjSN63U4SGTr9V/JWUhsbpray+2CWduPHz/CUiFjg7IqolOdBRajbE1hUjORdU9PoX56Cs3TU+ien0NQ6HnL2mw6axmbpKZsbbWKIpPADpLZy8tx3O2i5Nr9PrRaPuIiCk2S0/FcMcEgc3sXiA2ukq2mf5e8vmbXxUxqqRjQS01hMktjeHwM4ekpZnESW9BrbTrqMrbWxGZSU0hqu1047PexuiuhtW3bh8QY5SappWt+ryqlc90JMAtig2UUDnwngS3rsGnodhunn41lZ5LZ4+MxdKxI1926jNisaKAMrc/M2jYcum4Yql3oZ0ZhnzEuBFYgtrNBbFDmGrbx7hyjamitjC0VDTpNe11Idm0qHFQ2PVXGlsQWsz0nNqtyKgNru+4YyuSqKhzqOhya5hiSn6SXMrPWt1f5z+ynowK5nczq+/fvp/8UwCfz8+fPy1xjy/SDjlun+ulpmqJ2aTFul6arcZQA/Zo2+z3K2ExyaU1alFx6jzYzDbWpqEbf0vVKYG6tXM8Jgvu+4O/26uHh4as/A8Arzi7Wj3s63U4ecQrod/awKaEdWw+pG2e3MPK9p/bQaBePceN7nMK6iufsf61v3zrh7/Kw4O/26v7+/qs/A8DldqhwmdSr8xR67/j+br1YPE/Tv6ppQpWyLx0HH1a9VIYlfOfAatW/vtKxW8rRH7vX6XfYwtxqrrVq+Id595/ifsHf7dWfP3+++jMAvOLXr1+Xv8aWkBrqVCWtdb1ttQr1zU287qaobm5CdXs7bIS3nT0kFpvGCkkpLdmo1usQ1us4WtTrdVzHFkON6Yq0hm2wjs23V5lk44f9+Dq2Pwv+blM8gKuk0Rf8s5Z7KENLWaFkVXddaBRtG6O2SM/F11kGZ1XRJLaYdSkDS2KLIttsQnd3F+pv30JzdxfCZhOCRi87idTE5ncA8Z0H8RdQNPgIiA2ukhtlNJfeKVcykpwkt5Qh1VU1iCZFPNfzijSVjFmcCgg+Y0vTVT1Xpy4DE1tjQttsQrXZRKHF5SApa/M7fwz2bGOZx9kgNrhK1prWfUbngVvyEYWkaWjT/I26jtmijhs9p0jSiv2kJjZ77yS+OLVMYlNmJqFVXmibzbB3VOGv3Y17RAUdBx+GXlEot190qlfUyy0t1I0dCGlnj8baq/yoNW0mNr+7hzXAu6b31kS22cSWqs5lav0uH2kK2r0ltQ8K7ceC+0QFGRtcLWfvAjsWm3AbTPYN7Skzi9fJdO3LMjTJTNfENEp61rEwytis8lmnrK0vHqRja3yPu3v4KahVRX2FVrCjx9kgNljOdTaN7q5TfeZmUlM2liqiEluUk2VqJrbRfmyD5R5JisrKTGyxQDCXqaUsbdCBgNDOBrFBuWKbud7WZ20aJTZlYSY3CcwKBRKUtVG5pR9GXP+WCgj9JpNJZpLkqx10ndQGd7Q6vtlwhA+D2OBqWUkE55LrEMg1xqcpaczeJDFJTiJTIcC2Dh/f0EVY1uUW5o53yu3F5m7oMim18TF8CIoHsIw7VWVu6tIvAbH1baPe0T5D81uC+5u5CLuRi0lrfE+Dia2/By1WFxba7cLvUCUQG5S7y8fUfUVtzFVL/S4gTnSDmyfn7ivqb6/nRZZbo/aeXTvOkFxzicXN/zhMReGqOeuu5rmfnWiMj7LxO21YP6gXXq4BftR3agIb9H7qPNcQP/UZ4WzI2ODq+ZR/ouk9o9hyi3jHx+MpaKa5PnuH90wngd/V46r+R1AQiA2WxSnT07e2KhJeUm+Ff72BiD4FxAbLZmpJiI254xxjec0t4UBmnw5iAxDjr8FYcrnXeHLiIjv7MhAbwHsl9x5y8kJo/zuIDWCOj349kNmXwnIPgDkQ1D9JWikIAFAOiA0AigOxAUBxIDYAKA7EBgDFgdgAoDgQGwAUB2IDgOJAbABQHIgNAIoDsQFAcSA2ACgOxAYAxYHYAKA4EBsAFAdiA4DiQGwAEErjP5FJi7ZzfsrhAAAAAElFTkSuQmCC""}}]}, {""role"": ""assistant"", ""content"": ""0.69""}, {""role"": ""user"", ""content"": [{""type"": ""text"", ""text"": ""\nYou are given both an image and a text-based representation of the same stimulus. \nIn both, a red dot appears on a horizontal line\nThe left end of the line corresponds to 0.0, and the right end to 1.0.\n\nText representation (the dot is marked as \""\""O\""\""):\n|.---~------~----------=O-----------~----|\n\n\nEstimate the horizontal position of the **center** of the red dot as a decimal number between 0 and 1.\nDo not explain. Only output the final answer as a number between 0 and 1:\nFinal Answer:\n""}, {""type"": ""image_url"", ""image_url"": {""url"": ""data:image/png;base64,iVBORw0KGgoAAAANSUhEUgAAATYAAABNCAYAAAAsLkgfAAAIiklEQVR4nO2df3LaTAxA/YOE3KHt/f/tSXqJtmdoAgF/IyE5QlmgX+yMzfa9Gc0aFxbagVetd7Vuh2EYGgCAiuiW/gAAAHOD2ACgOhAbAFQHYgOA6kBsAFAdiA0AqgOxAUB1IDYAqA7EBgDVgdgAoDoQGwBUB2IDgOpAbABQHYgNAKoDsQFAdSA2AKgOxAYA1YHYAKA6EBsAVMdm6Q8AMAtz3bqjbefpBxYFsUFdMvvbcyWBybn8XER3l7TcpQrujviVvXV87evt0oryKp0rPYZVg9jgPshf0yiuLLHSuRJRYpeOY5tfB6sFscE6uTakzAK7FSWyyK5Ffv6lvmA1IDaYjU/5KqXhZVsS1/H4/jieu3TdrOve5OXH8ZzFcEly+fgDtEjxU2DyANYpttL1siwreRzDzrX5XJRblFPXNYOLrO/fxBbDxSbH/rooOel3gpwQ2+eA2GB5sd0adgax6XuYtFRgh8Pp8eEwPh7Cec3w5HHsOmZpEn1/EpzITcKFV5Dc1WGqg6wWh6EozMJut5uno9J1NMu8VFzy2KUlrUX7+npq4zmXXh6OShbmIhOJSbvZnFqL8TiKLw9Xra+r19/+gsfHx2n/ZvAOMjaYhYNIZCrXJgVihhYEJkKTGPb70zkRnJ/zLM7lJoShpctrEKltNie5ueD8XBRdzuCsvznkBvOC2GAWXkUoc2ZqaULApeby0gxNWhFaDDvngnt3rc2zNRGbSUzbh4e3EKF5GwR3lsXdyt5gURAbzMJeZDKVlKWdTQJEqWWZ7XZNt9uNx1Fy45DVhDmY2DQ8QzOhHR8fT8feWoySs0yuODQVENtqQGywvNhKQ9AgtXHY6bLa708is+heXprB5fby0nTyWeSan113a0pis0ztGKTmoWKz48YfxywuZ25xYkFAbovD5AFM5ufPn9M6yGK7lqlZRiYykxCR9XY8hkvOhqzFjK3vVWrHKLXttjlst82w3Y6P5dgzOJWcDU/fyW3itbZv375N+zeEM8jYYLkZ0bxWLYvNs604/DRpdc/PJ4k9PzeDHD8/q+CGl5emkZDn+LW2gtiOlq0dTGwiNBXb05O2R2n3++ZoExMqN+lLsrgot0tZm0DmthiIDSbzIiKZShRbWJPmEwU6IWDDTheaykzE9uePto2FZHE6FJXMLoptGE5SC2JTuVmmJlI77PcaIjSNw0FbXx8nM60yJB0nFXzZSJ5IgEVBbLD8xEFesxbXqMUhqF9DM6H1f/40jUUrQvNWhqi7nV53G0oZm81wjsNQEZkI7fVVl61oHI8aR5FhjFDhoMciNem/NByFxUBssOwatkvX1+KaNMm8QsY2Djc9Q3t+bo4iNRPb+BwZQvo1Nqs+0DVsvsTDMzIRmElM/iYabauh2Z3JStqxaiF+7jwcFZDbomy+fv267CeAu+f79+/zrl0L1QNx8iBGXO6hmZlFE1ufRQ1i0/Vr9niIWZxlcjpEjSFZnb2nPNbXSsRlHvHvE8/9D7nxO5yXze/fv2fuEv41Jk2sl0qo0k4ePgwcd/bwYWA41sfeushyROLzUx/xvMvWP8N4ra5UHREzudJuvFfgdzgvmy9fvszcJfxrfHiHiiiD2J46HaP194jn4nHXaUi2pOdz6VPuN8xmjq/z49h/etz6ULTweaZuacTvcF42v379mrlL+Nf48ePHx18cMzURQcysvAJhs2k6ycL6vunkOMbDw9t6NS+Etz5HOYXJA5WUrUFrbW1a6/HwoP2dlVbFNWuxrCpGnBn94DU2fofzwuQBTKaXH/Xcs6I5Y7MtiCS647HpJYZB207OeXgGZ+VPXlbl76FZl0jNxKYis4W43Xbb9E9PTSOx3Wq0dl7Wsbn0dLlHrEIoTR7AoiA2mMyD/NDnXscWllH4MFCORVxyeV6jbRtRai/nJTyjkywuVh6k3T1UavJcz8xk8a1IzWQmYmufnppOFulayHl/3tk6tlL1ASwOYoPJbOXH/lmVByYPl5EKKUqs75veMi9tJbOyWtIui83EI69XIcUMTIaiIUNToVnrQpP2rPLAF+hSL7o6qBWF5etFb9WKWuG7SioUvmutqCzUjSVWXnLlz/cqBt+yKNaKhuoDrxc9mMRUakFoKjUX4aWSKuEDWRt1ovNDxgazMGkX2Fu7e4jY7HqZTCSIYHS4aRf9VWSSabn0fI2brYHLGZtf7JdsT/qSPtvQnw5PRWxe+O5F8Hn7IrK11YLYYJ3X2eJ+bCIRryAQAYm0goi0MsFLrjxTC8PQothcbiYrl9vZrGjejy1kanFrcaS2PhAbrENsl6oQPGsToXgVgi3x0OGpiC1vPhnvgZDueeCTEDJzOu6ea20bNp4cJwdim5d45Nv1nd5g2r8DzAJig1nYyI//s+55kO9KFbM3P85C891z07bgOWuTyQgX21hDeuvmLpd2z40tLAqTB7CuO1Vdkdt4K710Q5ezzSjz7fh8wW+qPoi31/MbtcRtiMabt8Q7WV27DR93qFoVZGyw/ELd0v+t8ZZ5LjQ/J+/jWxvlnXZTfehYX+rYzGgsvRoX7UbZle4rWpKa9XkGWdviIDZYvma09Lp8zc1qPsesLQiuKLN8P9GQscWqBr8T/FgnmmtOw3MuCg2RrQ6GojArs36dCgt4VSFRWvE6XBZaztacS0PJPBng8ssym2n77w//RwA3QWywTvLXsrS90aWIf577KmVbpUzsWmbG0HP1IDa4D3L2ltsr+7q9o5Rx3dp6CJndFYgN6srkrj3nlqBuyQuZ3Q2IDe6TSzOpH+WStJDZXYLYoA7m+hojsipguQfUAUKCQLrNDgDA/YPYAKA6EBsAVAdiA4DqQGwAUB2IDQCqA7EBQHUgNgCoDsQGANWB2ACgOhAbAFQHYgOA6kBsAFAdiA0AqgOxAUB1IDYAqA7EBgBNbfwHpukVnIP1gA0AAAAASUVORK5CYII=""}}]}, {""role"": ""assistant"", ""content"": ""0.54""}, {""role"": ""user"", ""content"": [{""type"": ""text"", ""text"": ""\nYou are given both an image and a text-based representation of the same stimulus. \nIn both, a red dot appears on a horizontal line\nThe left end of the line corresponds to 0.0, and the right end to 1.0.\n\nText representation (the dot is marked as \""\""O\""\""):\n|----------~----O-=-- -------.-----------|\n\n\nEstimate the horizontal position of the **center** of the red dot as a decimal number between 0 and 1.\nDo not explain. Only output the final answer as a number between 0 and 1:\nFinal Answer:\n""}, {""type"": ""image_url"", ""image_url"": {""url"": ""data:image/png;base64,iVBORw0KGgoAAAANSUhEUgAAATYAAABNCAYAAAAsLkgfAAAIs0lEQVR4nO2d7XLaPBBGbUMg99D2/v/2SnoTbW8hX3y48yi7yqLYTmMggOacGY0EsQ1vmvfMSqu1277v+wYAoCK6S38BAIBTg9gAoDoQGwBUB2IDgOpAbABQHYgNAKoDsQFAdSA2AKgOxAYA1YHYAKA6EBsAVAdiA4DqQGwAUB2IDQCqA7EBQHUgNgCoDsQGANWB2ACgOhAbAFTH8tJfAGZwisdUtO0pvgnAVYLYblVmU3LTz8bE5e/H85EcVEbLU6puUGbx/bFxKa0or7Hx0GuAG4SI7VaEFqU2NB46rxRbKbkhqZXXQHRwgxCx3UJ0FgW23x++Nya5IamNtfLY8vwxkB5cKYjtCE7+qyummm2UVxSaj8ckV4qn694kNja2lq8wFdUdQYsM4QtgKnotYhuK0KLIXGK73cG4LQXn1yijsq5reokstig369MVhiI5Hx+ZdEBs8BUgtkuJbWwdLbTepSWBudwkNr02wfXq7bgc4TmSmUtrschC631sfT7GJWfnJuZMVZEXXBimojN5eXk5X6QmSbnIXGwmtGa7zeN2u80RXD7erxUjNQnMmo8P3nPJ+fFT63BDYvukyFar1Wl+dwAjELHNZCehnElqWVRRYBKatd76ZrPJ0lPkdhCx+ZpZFNly2fTW0nsal6LTOTF6+0yyYeg1wAVAbDPZSizHUO5Ji+tmMUqTxCSwzeZVbC8v6XVuHrXFtbdSbEFo/d3du94ll6M3X48bWIOb3D5SjgEuBGKbyUayOZYQqaVoy+UUozQXmIRmrXO5ee/T07jOZlJLzUUW2n61envt0ovRW0gyvJPcWPRWjgEuBGK7lNhGMp8xSktyc5E9P6emcf/09Pqe/UzHp1ZEbBJSjNSSzFar1HvTa/18r8itFFyZRS3FFhMMyA2uCJIHM/j9+/dp19bKJEGcakpm1tqnp2YhqZnY0vvqQ9SWIjbhEZvJKstsvX5tq1WzW6/fRBejN5++FtnTyT1w9pkH/QQ/fvw47ncIMAER21dnRCcSBh555bW0ILUks8fH12jt8bFZPD+nsSI6iVByy9cpxCZpucgktdTf3ze7l5csuXdyszW33Ib2vw1FbERucAUgthk8Pz8ff5GhrR1BamkK6kJzmUls1jeS2tNTkl/KjkpuvqctiG1fRGs7E9pus8ktyW27zQJM0ZoEV24TGdvcOyY2gAuB2C6ZOLA1sby1w9fW4pqapp8us4eHpnl8bNqHhzQtbTXWcZtN06t58iFGbJ4skLwkMQlsu03bVXLb71Pba9uINv3qHPU2JT0QW9jvhtjgWkFsX72HbWh9LW6+9WmleiUKFJGpeYT29NTsXWoWzfU2HT3Yy+Ybc/W+EgQSl1rfN1Kfmv4rdm372uy9pEUdo8oHSS1+T13PN/9OiQ25wYVZfv/+/dLf4eb4+fPnvBNjniYWspelUp7ljFs+fHOuZGcRmqarqbfXvuUjIbko0rLXXk2QMqUWge19qupjNROW+pQV1TXLaMzX1vy9GWts/N3BOVn+/fv3rB9QIyerES33sVl9qFo7VDOq6aFeh3EWY2zCZRPEmc+zlq8Zzw3fwb9rHo/dWqnEhTbxe+LvDs7J8tu3b2f9gBqZfYcKn8YV1QFx3Pr1Q0uvLZJqrfk4Twl9mvj2Jd8t9Lehz9fUuEgGpJ+HmtGDzxkrs/pkxMbfHZyT5Z8/f876ATXy69ev06yxeXTlryWdxaLpLBOpvlsum+7uLq27qW+9xUqDKJ9iKtpqnczOaVart/N1zVhapeNi8zKrsW0fY2VWsZ+Avzs4JyQPZrDQ/+DHEBb483aPGLFZplSt2++bxW7XLNTb667vm65tU0sRnL6PZOXVB8KjruXyVWSrVdNpQ+79fWoaL+7vm2a9zi0dY9UIkmgUW976MbXVwz4X4NIgthncKfo5hqFbFPn00qeJJi4t06fWts1CreuaTk2RnJqiMG0P8T1wMWLT9SQ2O66X2ExuSWrW2vU6ic73u0mSfSm2WIHwP9NQgAuC2GawVoRzisRBzIz6lg9NH9VsDS1JLExLFS0qmkqlVRKS9rppmuolVX5NE1vncpKo9L0lLpNZa5FbLrWKhfFWO9pMlVVRcQBXCrWiX10vOlZSVWz3iHf08JpQbcZNQvMyK6sTzbWiavHuHr61I5RVRYmlWtEQqXlBvEvtYPo5Fq3NkBp1onBuiNhmMvsusGPPNijvwWZTSEVaKWkgsdkaWBKaSy9KzSM2x4Vk09acPFCvZkXwqTJBMisSCe/KqD6qNCBSgysBsV3DOpuXVXnkJqmpl4QkLpeRxpp+xptNhjvresIh4zIyUXkWNF3LhBmjtHhn3ZgFzc9EGIrWBEKDKwOxXUJsU1Gb35NNvbKcJrdcID8kNLuLbl5fs+vn/W7lDSctU3ow7Syyn+VzED5MFCA3uCIQ20yWEsExjK21xUypPkPCknx8qhlvbRQf7uLnhDW23ExWSXDlMw8GtnMcTEH/J/uJ1ODKIHlwySdVTURu724VXiYY4pOrPMory55CfeiBtGJiIN4p14/56EEufu0Z8IQq+AqI2L56o+5YvWWUkkdeun58apXLLUxXY3v3XFFJrSiJSpt2bTuJy+zgmQZTUdqUzIja4IpAbF9dMzp0Tik3ycUTCjZ+dzeQeC+3sSfBx7rTkAQoaz9zraiJcHTqibzgRmAqeiQn+/WVj+Mr7vAxmGgYet+vESU09BCWkalmFps4ceZz9s0DAD4JYrsGpqan3o+tx5U/G+Kju3H8b3SGmOBGQGzXxNT9zoZk5/3YeUMR15TEyHZCJSC2Wxfd0HFDjE0ricygQhDbLTD0T3TMPxsyg8pBbLfIKf7JEBlUDNs9bhGkBDBJeNwQAEAdIDYAqA7EBgDVgdgAoDoQGwBUB2IDgOpAbABQHYgNAKoDsQFAdSA2AKgOxAYA1YHYAKA6EBsAVAdiA4DqQGwAUB2IDQCqA7EBQFMb/wCp3rrC7i21WwAAAABJRU5ErkJggg==""}}]}, {""role"": ""assistant"", ""content"": ""0.46""}, {""role"": ""user"", ""content"": [{""type"": ""text"", ""text"": ""\nYou are given both an image and a text-based representation of the same stimulus. \nIn both, a red dot appears on a horizontal line\nThe left end of the line corresponds to 0.0, and the right end to 1.0.\n\nText representation (the dot is marked as \""\""O\""\""):\n|------- ---.-O-=-----------=------------|\n\n\nEstimate the horizontal position of the **center** of the red dot as a decimal number between 0 and 1.\nDo not explain. Only output the final answer as a number between 0 and 1:\nFinal Answer:\n""}, {""type"": ""image_url"", ""image_url"": {""url"": ""data:image/png;base64,iVBORw0KGgoAAAANSUhEUgAAATYAAABNCAYAAAAsLkgfAAAIlUlEQVR4nO2da3LTMBCA5Thtegfg/n85CZcArkDzNrObXXUj5LTk0Tia75vZkeI4jinlY/V0NwzDkAAAGmJ27xsAALg2iA0AmgOxAUBzIDYAaA7EBgDNgdgAoDkQGwA0B2IDgOZAbADQHIgNAJoDsQFAcyA2AGgOxAYAzYHYAKA5EBsANAdiA4DmQGwA0ByIDQCaA7EBQHPM730DcCbXeFRF113jTgAmB2J7ZJF95FhNXn4snovkoCE6nlI1ccq/Hn8dj9eORaK0vF47VtYBHhQytqkyJq6xevmZSCkzKWuCG/scwIOB2B4lM3ORvRc1XGSnws+Ln/lIsxZggtAUvYCr/+iKLK3z1/v9m7hq9XisJqMYs1m9tBhqorui0DrkCJ8AGdtUxHYqQ4sCi7HbHeTnr0u5FUIbXGS1iOeMZXJXkBJig88Asd1LbKeanhaDy8oFttsdYr9PndX1HD/m58fLljLr+zT0fa6rzLwez60JTijFhKhggtAUPZP1en2dC430oWVJeWbmUttuc73bbrPs9FjM2gRvXpZSm88PpUWsZ9GNya0U3Rk8Pz9f+lMDOAkZ25nsRCSXMjYw4NmXS80EJqXEIOVmo5JLfkzej01SwfvMgrwGkdp8fpBbrJeiK5qot2qaAtwCxHYmW5HKtfvUTEoqKM/CTFxabjbHsV4f3hPJhWZqVWxBZMPT0yGsnqzu59Waqx9umgJMAMR2JhuRyaWEZmO16WlSU4EFmc3ktcRq9XbcszrP2uTyNhggkjoS2vNz2od6FF2UXM7gatmb3jRSg2mC2O4ltrIZakJSMVk/mjY3N5s3kYnUVqs0rFZaitjkvSRhWV0qxSZhYtubxKT0ULFZXaUmr0NTNfa9HcntSv1tALeAwYMz+Pnz52UXGJvSEUY7Y5Nz5iJbLlMv9eXyEHZcxWdZm37erq/ZmohNpGZi01gstNwtFmmwuhxzyR01T8fk9tHVCyN8+/btsp8hwAnI2D5zRLQ2xcPD+8d8kCA0O7PElss0vL5q2b++pmG5TGm10pj5YIJfJ4hNpfb0lHYmtt3Li4pMxKaSk9ebzSGDc8GZ3FKUWznv7UK5AdwKxHYGK5HJpYRVBXmSbRj59CaoCy3L7PVVy2TRudzkfB9ECGLbu9hcahLrtUpNBLcToW23B7GJ5KxvT+Um92Fy0+xtbDABYGIgtnsPHPjSKZ9kG7I171PrRWoiMJfZnz+p83K51L62Yb1Og2dtPsHX+9hiM1Riu007id3uKPb7vU46Hmzir07+tZBj1SapgNxgYiC2e8xhq0zxyBmbZF42ECAZmMpKwgYJRGJ762+T0OapSM/EptleyNjyVA/JykReEsOgIX+KHJLdWQhS6l3W1quWzVEBucGEmH/9+vXe9/BwfP/+/TpbEZV9bD5dI85Js6kfGjY510ObjCY+lZrIL85lk2zNXg9hXpuOkvZ92seQrM7qyco8zcPn7MUNKiUumNfG7x3ckvnv379v+gUtcvFAcmUQwXUwWOhrH90s6vr90mQ8tVBekFJE483JUOZ1qNb8jAvpq+/XIm5tVNuV9wT83sEtmX/58uWmX9AiZ+9QUUrg7YI55Np6/bAgvfNO+77Xeuf1uMZTwmXkwvFrWL+YXsdKrdv7+n2heen34Dt95Pv5yNrRD/5s+L2DWzL/9evXTb+gRX78+HHdeWxBDjKQMLNMaSax26XZ05P2u0nZPT+/jZz6vDUfWXVBhaaoCmw+T52MbspnPeSa5aqDGOXi+HK6h4fe9P+PjvJ7B7eEwYMz6OUf+TWIo6IiI8ueNKw5KurohyH1+72GSC+GnmtZWV4Y72tOrT+tM7GpyCReXtJssUj9y0tKHotF6haLfI5L72i6x3sTdQEmAmI7gyf5x35tsfmuHt7EnM3SzKPrNHoLf63vibQkJAuLo6KWwfn1cnZmk3D7xSJLTYXmk3VlaZVM0rVzVWxSLzO3cmkVwIRAbGewECncYrdcHwUVUVmmNRMpSYjE+l6zRZFZL+9ZFiZSisuqYlNUPufNSxWVhcgsCy0sszpaViXnnlpWVRMbkoMJwFrRKawX9dIXwYcVCDqvzXf0sMm6ea1oWC/qWxhFsR1N7ZDF7x6+CsGWTx0tiLc+t+SlbUx5zSVVrBOFW0PGds9dYCuL4X3bIZ+3JoLRQQOLnKVZ1uXCO1oEH0dHLWOTLM8HEXzwoAsyy7t7+B5tIkQXW9yb7dTGkwATAbFNoZ/NRkOPdtAVQYl8RFYutjCaqU1Jz9TCnmx5d49yuoc1YYdCknlUNIyM+vbh/+zHxrZF8CAgtomILdfDonjN3iTLkszNsy0Jl5nIzaQWn4WQsz+fp2brRbVZagKT/rsjmRVTPPJgwVjzk341mDCI7UzmIoJrMLLMKj5WTySUN5+0/i/vf/Mtw6sPdIkTb2101Ded9MysFNo/GRrPPYAHhMGDKTyp6r2twr1pGnbXjc9COJJa+Qg+f1aoP4GqfEqVH4uP43vvMXwXSI0nVMFnQMZ2z4m6tf9T/JhIpZjfptKS0qaExIXyRw9PLh7mEpdMadbmy7Ls2D99aGWG9p7QyNpgYiC2ez7VvPb5ILs8oBCXSZnYjp6REDM1XwDvE3SDnFxgvmY0rw0NEtNz/N7GRj4RGUwcmqIXcrMfn+/4UdtVoxRZ7Fcr76e2eL3Wb+ZiO5WdXSi0i/8jAPggiG1q1J6LEMtSYrWIlLtwXGOnDgQFE4em6NR4TxreVCxFVpa1a45J7JTMkBg8IGRsj0I5LaRWlvVT0kJm0DCIrZWmau28/2lKIjNoCMT2qFz614bIoGHoY3tUEBPAKNYTDQDQDogNAJoDsQFAcyA2AGgOxAYAzYHYAKA5EBsANAdiA4DmQGwA0ByIDQCaA7EBQHMgNgBoDsQGAM2B2ACgORAbADQHYgOA5kBsAJBa4y9D9omm4D6++wAAAABJRU5ErkJggg==""}}]}, {""role"": ""assistant"", ""content"": ""0.41""}, {""role"": ""user"", ""content"": [{""type"": ""text"", ""text"": ""\nYou are given both an image and a text-based representation of the same stimulus. \nIn both, a red dot appears on a horizontal line\nThe left end of the line corresponds to 0.0, and the right end to 1.0.\n\nText representation (the dot is marked as \""\""O\""\""):\n|--.---------O--=--~------------.------- |\n\n\nEstimate the horizontal position of the **center** of the red dot as a decimal number between 0 and 1.\nDo not explain. Only output the final answer as a number between 0 and 1:\nFinal Answer:\n""}, {""type"": ""image_url"", ""image_url"": {""url"": ""data:image/png;base64,iVBORw0KGgoAAAANSUhEUgAAATYAAABNCAYAAAAsLkgfAAAIfElEQVR4nO2da3LbuBJGQephew1J9v83K8kmkqzBlmyJtz4IjbRg0M5IdKwLnFPVBYqWKFnjnOnGi8M0TVMAAGiI8bM/AADA0iA2AGgOxAYAzYHYAKA5EBsANAdiA4DmQGwA0ByIDQCaA7EBQHMgNgBoDsQGAM2B2ACgORAbADQHYgOA5kBsANAciA0AmgOxAUBzIDYAaI71Z38AKHhvp/Zh+FefBOD/FsT2WVx6q4na65AdwBmI7V9SSum9xzW8xOzYvw7JAYSBu1R9MHPy8ud1XD5+T2Zl+9YxQGeQsX0UNVH5tjyuCc/jRVYelxLTY7sOgoMOIWNbitrXOCew96KGl9h74Z9fXgOgA7rP2Bb3eiGyqJLj8XROrc7PtXNyK8U1jn9aO3bnJ9/35kW30O86IEi4cRDbUmKbKzdLgVVi8I/fEts4hslkZrFa/TnW6/WcWhbnJXcliA1uHcS21LSLGaHF65vADofTsdrD4SS0wyFMdt4kV4xyZlE5kU1qXbwSns/kyhLVg6SgQbruY9vv98tcyGdZLusycZnMotgULy+nY2u96CyMJKUoLpOY2vU6t/GcWi++OcHZNa9ku91efQ2Aj6LrjO0goVzD3MCAz75KkaWYnp9jq3P288nLzTCpWZYmoaWIx5vNn+MkuSy/t+SWrg3QIl2L7UVSuZTaPLSy30yiMnGplcxmIgrOlaT5+i77Monldrs9HW82IVQEl8vVvy1LARqha7E9SyhLZWx+EMBKS5OaCWy/zzGqtXMpe4vP1+tcaSupxZCovNC223DU47u7P4JLbZabK0+jHBEbdAJiW0hquTWhqbVszESm2O3CuNuFSed2uyw5K0lz1laKLWVqJrOjxKZ2v89yO+q9fBZn/XC+LEVu0AHdDh78/Plz2b41P0hgmZrP0JLQJLbV01N+HEM/t6zO+tm82NLgQJSZxf19FNvh/j5M6Vhh2dxZeTrX33al2L59+3b5dwjwgXSbsV08Ijo3T82VoGd9aSYvySzFlNqVMrenp5jRxazOsjYTWxo4kNiOSWyHJLDDfh/ldnh5CcciNAhhEctRP2Jq00YEAwnQKN2KbbfbXXeBQmxnUzmsBPVZ2ePjSWaPj1FmaoOk9vQUM7oot+fnMJalqKRmYpPUdruYpUloMY7HOLp7PB5PMU0x4hw6yU2Zm67p57rNrTEFaIRuxbbIwEE5+dbE5krQwbKzx8eTzFIMCklNkfraNAUkZlkKy9jS6GbsX3t+PpWgSWKHaQqasBJjGGKriSJSonoYLOJn9FNAEBs0Trdiu3gOW1mK+jLUjYKObtBgUnboQjI7mtSUyaXBBGVscS5bIbYoJZWYElqS13EYwnEcw2G1OouY3SWB6edn60YVlrUJ5AaNsv769Wvoke/fv1+/hMpKRrd6IK8wcJNv/cRcSS9KSq3kV7Q587O1nSop04TdKDk9T6OdqS8t9qup9ZFEq+NX5ad99gUm6/b6twO3z/r379+hR65eI1oZRLD5Z1YC5vloviQsSsTY1hbMz+zdZs/P16j9PvpZKknzKX+t2n5tF3wfvf7twO2z/vLlS+iR/7xDhRdBTQ4uA9K14/Xd4vXBrePU8ZBKTGtjuNHQ3Lo1ov75gx2njMwf5/ewVQvl53lv992/pNe/Hbh91r9+/Qo98uPHj8te6DOpsrxLctI8tFFTLA6H2ObYbMK43Z7mqlnJquena2X5ecFJULrWZhMGLTy/uwuDxXYbr1curYpRLquqTdIVV/Sx9fq3A7dPt4MHK/1DvxS/k4dlRCYMueI08znHOE1hpdD76nG6oes4DGFM4opTPmxhvBPbkOQ0SGx3d2FME3Knh4cwPjyE1cNDCPf3p0jCM9lJpH5p1Vl/W/ygDBxAm3Qrto2ymqWWU0k8yr6KMlDHUV4W4xhWitUqjArL4jRSWlt5YBmbrm/ZmVYXJLGtJDOJ7eEhDPf3UXq2AiGuOlDY1kauLGU0FFqnW7Hd6R//taOi5ciojm0U1PWDnZWi63VYqd1swkqyckuqRhs5LcQWy1qJOGVilqFJZoMyN8msXFaV1paelaG1VQcIDhqk27WiF68XLUdFiwXw5VZFtoNHlFeaiKulVFloatO8t7OMzd7O7eyR14kmgcUlVcre7LHvb7MtjD5oATzrROGW6TZju2oX2HfWi55tKpk68+OggUIyUz+Y27ooSy1tOFlmbDHjShmfsjYbOLBBhLyNkX4f29rIBg8+YPE7wK3TtdgW62ez9aLlLh9ecBKXRGQZXLnZpCtDz8SmsH6yVMJKYnEwwfrd3F5sOVMrbvSS75sgkBo0DmJbavfcmW3Bh7ny1Ld+k0m/g67NP0t9dZaJWR+axPZqa3BXfr656B25QcN0Lba1RHApb6xAeHVbPS+4UnLFTV1ytuYzNjdJV1NDcqlpZae/ucuc1AQZG3RC14MHi9ypqrb8yd+lyt8HoXLHqupdqvx/En8/0dpdqvy5Wun5ASUod6iCW6frjO3iibq1qR9lW04HKW+M7EXm9mCbu6+ozYuLWVsaKfXLqM62JCp376gJjawNGqZ7sV10V/Paa2bkFoVUkVxVeF6I7r3yOk9XYmbRlSsf7HZ9/nMiMeiM7ktRsdhXUA4qpKVVrwYYajt5lOHxfW3lceXWenkPNnvtZ/+PAOAfg9iWovY1zpWowibh1oQ2J7a58M+x4/L1AB2B2D6Kv+mHs3ZOaJ63BFbrR0Nm0DGI7TMl99Zxjff2UUNmABHEdksl699CdgbwJojtM7nmq0dmALN0P93jU0FOAB9CmvAEANAOiA0AmgOxAUBzIDYAaA7EBgDNgdgAoDkQGwA0B2IDgOZAbADQHIgNAJoDsQFAcyA2AGgOxAYAzYHYAKA5EBsANAdiA4DmQGwAEFrjf2x+Ho4epb+CAAAAAElFTkSuQmCC""}}]}]",0.35
google/gemini-2.5-flash-lite,sample_008,0.73309,0.73309,0.38,"[{""role"": ""system"", ""content"": ""You are a marker location estimator.""}, {""role"": ""user"", ""content"": [{""type"": ""text"", ""text"": ""\nYou are given both an image and a text-based representation of the same stimulus. \nIn both, a red dot appears on a horizontal line\nThe left end of the line corresponds to 0.0, and the right end to 1.0.\n\nText representation (the dot is marked as \""\""O\""\""):\n|-.----------.--.---O-----.-------------=|\n\n\nEstimate the horizontal position of the **center** of the red dot as a decimal number between 0 and 1.\nDo not explain. Only output the final answer as a number between 0 and 1:\nFinal Answer:\n""}, {""type"": ""image_url"", ""image_url"": {""url"": ""data:image/png;base64,iVBORw0KGgoAAAANSUhEUgAAATYAAABNCAYAAAAsLkgfAAAIfElEQVR4nO2daZLTSBBGtbjbfQfg/n85CZcAzkB71cRXzhTp6pLa2GIal9+LyCjJlmQPeB6ZqkXtMAxDAwBQEd1HfwEAgKVBbABQHYgNAKoDsQFAdSA2AKgOxAYA1YHYAKA6EBsAVAdiA4DqQGwAUB2IDQCqA7EBQHUgNgCoDsQGANWB2ACgOhAbAFQHYgOA6kBsAFAdiA0AqmP10V8A7pilHpfRtstcB8BAbHCbyG6RmwutdA1kBzfQ8pQqeJf8J+L78fWpY0qSivtT21PHA1wAYoPrZKa2tF06N8rpvXZue+41gAClKPy5zKaidE4uL4+5fZ07JzS/NoKDCcjYKmDRv8KCoJI+jsdzicX9/L38++Ti6rpzqRViyM8pXesGWqRYNWRsFbCY2OYyNMnLBebbIdpccJFcWi622GayS2IrhWdzU1ndhSC2ukFsjyy2udIzCG1waR0OTesyOxxOQrN2UGvHJcll5eKZzCzSa6X9XHq53Py63H+DCShF75ztdrvMhUr3zCSpmJlJbBKYRdre73+/5sfnWZsJahRX35+21fb9+WvviW5Kclfw/Py8zJ8d/HOQsd05BwnlFqY6BrzENGElke33o8ja3a4ZtK3XguCGWJaKWH5Goa1WJ6mZ3LQf3y+J7m/IDeoEsd05e4nlWvIhGtn9s5R9eUamdrc7tYrt9tTudqewY5LkSmKzzCwJzaQ2bls0UXba1/G2/0Zu3vpnxBYeHsR25+wkm6Uytlh6ernpWZrLTBJTu902nW+r9WNiSSqsIyCJzGX29DTK7Kht3/dWInPZudhi2TqXuQEgtgcXW16G5vfSPCOT3CQyE1qS2mbTDNbqGL2XMjaFX0dYGRozNJfZ0eP5+SQ122+C5GIWN0apNHUQHNB5cN98//79+pOnhnTkmZqXmptNklcS2WbT9K+vaTuFSS9lcDonz9iC2KLMUrteNwdJTPv2WpKaZCexueAsi5sU25Xl6JcvX67/M4R/FjK2R+wRLY1XiyVoLjUTWucye31tBm2/vja9MrfNJmV0Kavz+2y52CQ1E9vBJJZaiW29PkkthDomkuB0PcvcRrGV5GafddbCw4LY7piNhHILpaEdsQRVmetSc7FJZhLbr1+pbSwkvyS3/b7pXGw2iFbZ2lHh2ZpkJrGp3e1OIbnt96c4HFLou2h8nATnmeRZWRo7EgRCAwOxPXrHQRSbj0dzsfk9NZOaRNb/+tU0Fq1CUlOoRN1uT5mW32fLMrZ0D00Z2W6X5CZ5abjK4Xg8i+MwpGEjg7ehp9Y7FtL3nCpH4eFBbI84hm3u/looQ3XPzDsNBs/IlCXafbajWhObdyY0Pr4tE1vqBJD0lI2ZvHSE4tC2v6PrmqPCMjG9P84bjd/dx7vpc0rlKDw0q8+fP3/0d4Ar+fr167Jj1+Jg3DDDIHYopMG5lpWN2ZlaSVBS817UUIqmoRr2uUlS3plg548lqO7BWRnqpahK2DRdS/JSq/Oj0PW6f84VcuP3Xyernz9/fvR3gI+aI1pYbijNGtCuRRuOS+/4+9r31/NVPuJwDxGnZWXnxf+GeP34HYrvxzYuZ+QT5C+E33+drD59+vTR3wH+zxUqSqtixNcs89G10/VD72Pr5Z+2+z5FE9qxNFQbV+DIxqHF8+K547Z9jj5P4RPo0+dPTYr37x7bC+D3XyerHz9+fPR3gCv59u3bMhlbLgitwXY8Np3dpFfbPT2l3k4N5+ien08lqZesPj9UTon3vvzaEpSNSWs18Vznh9D10rg1G8Om4+IQDx+oe9Eg3T+UPb//OqHz4I7p9T/4kr2iIQuSHmJoQEU/DKew/RRt23QxgyvcY0tZ12rVtBLben0S2ctLiu7lpelfXppGsV6niLKTUEex+SyE0sR4QccBGIjtjnlSZrOk2CQN7yjw0rPrRnl59BZd35+yOcvoUgYWZh/kGZvENmZnJrY+Cs2kl4aCWObmw0SK80UZ6gETILY7Zi0hLNErKrJ119KQD8nIosuil6SenppeWZWE5FOrJsSWylqFpGYic5m1ytyC0Ma5o6UydG4JIwfJPTzMFX3U+aJzy3/7Srm+YofNQvA5oWmuqLZ9ipXPFfWljDKxjXNF4zxRn0ZlU6rezBXNlzIKHRdvFp4UV2RtzBOtFzK2O+fqVWDn5ouG6VVJUioFvdNA8lKWJtEpU/PVPvLli+JwD5eSlax554HCJ74fQ4fBmzXZ8iXDBYtNQgHE9sj32fKyNK5+G1fQdcEp/D6aiW2cehUWnEwRS1Ef8mHSSh0Cuo7dl+tK67H5/bRQfvrg3qLMkBoEENuds6jYJp53MMotW6NtlFlct82PC0NJUm+r9ZqOK+aaxCS34gq6vuLupUuCIzYIILY7ZyUhLCU2byce5jIKTpmWS86fexAe6jKe43jGZnNGo+DGsjM+5yBKzSX23vJEiA0CdB5UwCJPqsqnV1m8KU3jYpT5U6qi1KaeUpWVmXEZojdPqbrkwS08oQoKkLE96kDd0r9npQ6FbB5o8XF8cQJ9/lzR8NyDcUqUTZeSyNLYudLj9q4RGlkbGIjtUeeMls6ZKE2TqHwVjTjZPSwoeZap5WLzqVYxc4uii/v+VCvKTrgBStFKWPSvMRNcXOGjlMW92S6tvBGzr9K9syw7G8vQyEJCu+ofArgrEBv8ZuqnMFeiliKel2daUxHfj8eXQEzwDogN5sl/HjNruZVK0DOmhmnMyQyJwRUgNlhGclPHRKYEhsxgYRAbLNujegn0aMJfBrHBbdzy80Fm8JdguAfcBnKCfxBbIgEAoB4QGwBUB2IDgOpAbABQHYgNAKoDsQFAdSA2AKgOxAYA1YHYAKA6EBsAVAdiA4DqQGwAUB2IDQCqA7EBQHUgNgCoDsQGANWB2ACgqY3/ANGl1gCCZwauAAAAAElFTkSuQmCC""}}]}, {""role"": ""assistant"", ""content"": ""0.52""}, {""role"": ""user"", ""content"": [{""type"": ""text"", ""text"": ""\nYou are given both an image and a text-based representation of the same stimulus. \nIn both, a red dot appears on a horizontal line\nThe left end of the line corresponds to 0.0, and the right end to 1.0.\n\nText representation (the dot is marked as \""\""O\""\""):\n|--------------------=-----=---O------ -.|\n\n\nEstimate the horizontal position of the **center** of the red dot as a decimal number between 0 and 1.\nDo not explain. Only output the final answer as a number between 0 and 1:\nFinal Answer:\n""}, {""type"": ""image_url"", ""image_url"": {""url"": ""data:image/png;base64,iVBORw0KGgoAAAANSUhEUgAAATYAAABNCAYAAAAsLkgfAAAI6UlEQVR4nO2dbY7aMBBA7STLxxna3v9vT9JLtL1Cd4ElqcbxpINxAl0+At73JMtJCAFV2texPWN813WdAwAoiGruLwAAcG0QGwAUB2IDgOJAbABQHIgNAIoDsQFAcSA2ACgOxAYAxYHYAKA4EBsAFAdiA4DiQGwAUByIDQCKA7EBQHEgNgAoDsQGAMWB2ACgOBAbABQHYgOA4mjm/gIAMMG1f5LEe/cZQGwAjy6znNzGhDcmLu8/9r4nxfMrVQAPLDN7PXftlKT8GcfnPOfJQGwAczIlLunHjtP35KTlT/Tp8dS1c157IBAbwCNFZ+mxtLY9PE/fMyYvnzR73d6bHufOx65NXZ8RxAZwBlf/M0nE5K24rMzSPm2WnMx8bFV1JLnuIxHdfwxn/YzCY/EA4N5iy0VlOaElzdvzXMRmWqcik94e23tORXK5Xj4vXYgYERhiAyhZbLmhp16LkgrPV4Ht9/2x9Pt9L7T93nV6Xe6xMrQRmMqrrnt5Sa9yq6peeGn0lhPcmOiuMU93BxiKApxgu91e72GZKG2IxKK4gtje33upJf2B+Oyfro3C6l5mQWp1/U9ucmwkF+6ZGr6eEp/9bNsbFouFmwMiNoAT7EUktxp+JhFaENj7e+ilddLvdr3o5DhGboMMFR1+alTWNEFoQWr22IpO783NwY1FdVOLEXr+ACA2gBO8i1QuIU3PMPNoOszUKE0lJn1o2+2/4yi30Oxcm51XE1k1UWTSv7z0fbymkhuiN+nH5uJycsssQjyi3BAbwAl2IpsrRmwHiwBplKYik367dVXsDwRn596i2EROIqpBaE2U2suLa1VuqeSS6O0ogssJLr02Nfc2I4gN4NZiS4ehKjTpVWjyGbtdL7LNppfaZuO6zSb0ck1eC9Ga3Gvn2VRsUVRd0/QyWyxC38ZezoPomuZ4eJrMvR21VHZ6Lmj/QHJj8QBggp8/f17+kFxKRzL81CitUpG9vbn67c1V0uK10EzUFt5vxRZl1RqZtctlON4vl73UVHIauYnkzLB0Um4TqSNTw9Fv3765e0PEBnCrFdFclYBZ/RyTWpDZ66vrothEcHLsNhv5QkFuwzxbErFJNNaKyERgUWgit/1220tut+vlZoemMWo7EtuY6HLDUyGVm16bAcQGMMFGZHIpaWqHzpHFYajLSK0WscXeidReX8NwVO4N92fEFqQWxdaK1FYrt9/t3P79fWitNrlHvodZaBjSRM6N3qZWS2cGsQHcY+EgFZuZWwsLA1FqtcpM2p8/zovQtL29hXs7aZrXpmLT1VAV22oVxCVt33X/mqSvdJ1rJSm4bfsm75PvZefb5Nmn5IbYAD5pDls6vxajtRCxyWKBiDOufoqwNCKTKE1k10ofWxiextdDflsiNqfDy7Z1kuEWmkRyVeX23ru99PFYrslr8l6572Ci3X5fjd7SOcKc3B5oAaH5+vXrrF8A4JH5/v37dXLX0vpPnfy3zSTmhuTc3W5oLunDKqrNY5OILX5mF6sPhtQPGXrG6K0V6WmL3ytEb7m6Vfu9LSI0vTYmNsV7N4djmt+/f9/9QwGehYuTBjLbDWmdZxebrfscakbN63I+iMcm5lqxCea1TiWXRGNpCVVYdEjOTw4x9TNzu4vY7xPvncMxzZcvX+7+oQDPwod3qMjtfGGqBKTJs8PzzeqiN3NYXs/reuiHphGTfo59ra6dN70ey1A1HMc8tnAemy4e+FP5a1MJurl/K+/dHI5pfv36dfcPBXgWfvz4cdkDMrtwhGORSNu6Kk7aV9Kapm8vL6H5xaIfliaVBuEpOsFvhqIiKBff5+S9plWSxyYJujFJ12mTe5NV0bPLq86cX5vDMSweAExQyx/7pdiCdyMJ+fMPLQ5Hq65zddsOTc5FfJIlJi1EeBp52VVReS3KyUexVauV69br0Kr12tWrlXOmhXui5Cqby6Y7fuTKqP5TaHOC2AAmeJGo5hbpHnao6b2rbBOheh9aONeITqQlVQmxIH5YFRV02CmiWi5dJ03Etlq5er12TpoIbbUKr4dk3Ri12dKqYYU1LXwXcom4Dyg1AbEBTLBcLq+3Kmon/2NybBCUCE7lJa2qQhRVx6FpHaOrkMAbKw8OxBblI+/V4WUn31ujs/W6F5rktkmLCby2KH5I65iaP5uS2YNUHAwfT60owA3rRXMF8LoLrm4iqWVVsQhei95rrUSQa9rrLh+2VlQenyboLmKSrkRmUoEgQ1ON1HSuzdaKplKbEtlEakfKHHWiAhEbwAku2gU2t8Gkik2kIoKKc2Nhdw8Zbuo8WZz0DzKTiEulprludhddjbji4oOTRYPl8qAFmdkhaLo3W05qTxKhpSA2gFvPsyVyC3lrma3Ag9C0j2Ia9mPT0iuVmt2PTYhJuZrGUcWhZpCaLhTo8DNKbdh00kjt6AdenkRkKYgN4M5iO1gl1SoEjd5keCpC0sjMDFOHonmN1ozYdLVVc9I6La8SQarMTKQ2DD81WhtLxh0TGGIDeG4aEcElTC0k2JVSG73FHDZbZqXHbuQ3D0LTRNvG7LdmFwmSxYKj3zzQZ53iwcXG4gHAvX6pKimtOvqVKvvze5qUa/tUavZ5WhKlQ8sm+Y2DJEo72gp8onLgo8z1C1UCERvALRN107ghNywVuWSGp0eiS388OalokPmxoSSq7vPaRFxDSVW6BfhUPeg5PHDUhtgAblkzmr4vNyyN1QcHhe1aD2qis6Nfgk+kaasaOlNvanfEPbjn1M4cTwxDUYAzueqfSrJtuD+1bZDt0x1DlLRawI/UesYKgtEV0Dn/I7jW5yM2gDuS+3NLJDcquNwcncWKqvpAfScRGwBchak5OO3HZJb7001LoYRzk24LArEBPIvkpo6VqUjMP1eS7SUgNoBnGq7+L/7zyMyC2AAenWv8ifrPITSFdA+AR+eTSekaxJ3jAADKAbEBQHEgNgAoDsQGAMWB2ACgOBAbABQHYgOA4kBsAFAciA0AigOxAUBxIDYAKA7EBgDFgdgAoDgQGwAUB2IDgOJAbABQHIgNAFxp/AX/qdllPni50AAAAABJRU5ErkJggg==""}}]}, {""role"": ""assistant"", ""content"": ""0.61""}, {""role"": ""user"", ""content"": [{""type"": ""text"", ""text"": ""\nYou are given both an image and a text-based representation of the same stimulus. \nIn both, a red dot appears on a horizontal line\nThe left end of the line corresponds to 0.0, and the right end to 1.0.\n\nText representation (the dot is marked as \""\""O\""\""):\n|-------------=---.-------O---.-----~----|\n\n\nEstimate the horizontal position of the **center** of the red dot as a decimal number between 0 and 1.\nDo not explain. Only output the final answer as a number between 0 and 1:\nFinal Answer:\n""}, {""type"": ""image_url"", ""image_url"": {""url"": ""data:image/png;base64,iVBORw0KGgoAAAANSUhEUgAAATYAAABNCAYAAAAsLkgfAAAIlElEQVR4nO2dYVLbSBBGR5LBJlcguf/fnCSXSLgCYGxLW994WmmJkcDYLM7ovaqukWxjvFT8tkc9Paq6rusCAEBB1F/9AQAALg1iA4DiQGwAUByIDQCKA7EBQHEgNgAoDsQGAMWB2ACgOBAbABQHYgOA4kBsAFAciA0AigOxAUBxIDYAKA7EBgDFgdgAoDgQGwAUB2IDgOJAbABQHKuv/gAAV8clbwNSVZd7L3g3iA1gSmg5weUey8nLHnvv6+GiVNylChaN/+efO556fkpUY2nNPTf1GJwNYoNlMicxjRb+fA4TVG7MyW1OgHA2TEVhWcwJrW2HUstFjrHEvMymzvVeczJDdGeB2OCq+ZQJhRNaNRaXyW1q9D8vxsKq69eC84/rx3MC9Jj4PkiFFBEbLExsuemmiWsiKn8+VQxI8uq8xDT6Y/+aXNh7vZXNvUGF2BAbFCy2qaqmi/j+JrDDIQSFzg+H/rxL5/E14ylpVf0VlYlM8tLYNMPzCdFNCs6DrE6C4gFcLS8vL5+aqQ0yMRPZfn881rjf/5WdPe/FaLKxLCyJrPNjileis2MvRPGW4N7J7e1tWDJkbHC1HCSSc5mqePopphdZim63C9VudxSdPabX+QJDEpBNP01k3Wo1eTyQnxPd5LU5QbZ2MogNrpa9pHLpCmgSUzXK0nqxvbxEocVwxya4wbU2E5vLwqLIkszieHNzFFp6PI4Smo2WySlyU1MDuZ0EYoOrZSehXLICqnE89dRoIjOZbbeh1uhDz9k01RURlK1FiUlsJrUks1ajj/Scl1w/VZ3K3gRSOxnEBuWKbaIC2gstSS3sdqGWuLbbo9S229Cl0c71mhh2zS1lbFFsLlszmWlsb29jRKnpWFKzcxNcyt76rC1XVBDI7SQoHsBV8vv37/PfJCc2q36mwoBlacrQosien0Pz/BxqHz6D80UEn7E1zVFmJjSN63U4SGTr9V/JWUhsbpray+2CWduPHz/CUiFjg7IqolOdBRajbE1hUjORdU9PoX56Cs3TU+ien0NQ6HnL2mw6axmbpKZsbbWKIpPADpLZy8tx3O2i5Nr9PrRaPuIiCk2S0/FcMcEgc3sXiA2ukq2mf5e8vmbXxUxqqRjQS01hMktjeHwM4ekpZnESW9BrbTrqMrbWxGZSU0hqu1047PexuiuhtW3bh8QY5SappWt+ryqlc90JMAtig2UUDnwngS3rsGnodhunn41lZ5LZ4+MxdKxI1926jNisaKAMrc/M2jYcum4Yql3oZ0ZhnzEuBFYgtrNBbFDmGrbx7hyjamitjC0VDTpNe11Idm0qHFQ2PVXGlsQWsz0nNqtyKgNru+4YyuSqKhzqOhya5hiSn6SXMrPWt1f5z+ynowK5nczq+/fvp/8UwCfz8+fPy1xjy/SDjlun+ulpmqJ2aTFul6arcZQA/Zo2+z3K2ExyaU1alFx6jzYzDbWpqEbf0vVKYG6tXM8Jgvu+4O/26uHh4as/A8Arzi7Wj3s63U4ecQrod/awKaEdWw+pG2e3MPK9p/bQaBePceN7nMK6iufsf61v3zrh7/Kw4O/26v7+/qs/A8DldqhwmdSr8xR67/j+br1YPE/Tv6ppQpWyLx0HH1a9VIYlfOfAatW/vtKxW8rRH7vX6XfYwtxqrrVq+Id595/ifsHf7dWfP3+++jMAvOLXr1+Xv8aWkBrqVCWtdb1ttQr1zU287qaobm5CdXs7bIS3nT0kFpvGCkkpLdmo1usQ1us4WtTrdVzHFkON6Yq0hm2wjs23V5lk44f9+Dq2Pwv+blM8gKuk0Rf8s5Z7KENLWaFkVXddaBRtG6O2SM/F11kGZ1XRJLaYdSkDS2KLIttsQnd3F+pv30JzdxfCZhOCRi87idTE5ncA8Z0H8RdQNPgIiA2ukhtlNJfeKVcykpwkt5Qh1VU1iCZFPNfzijSVjFmcCgg+Y0vTVT1Xpy4DE1tjQttsQrXZRKHF5SApa/M7fwz2bGOZx9kgNrhK1prWfUbngVvyEYWkaWjT/I26jtmijhs9p0jSiv2kJjZ77yS+OLVMYlNmJqFVXmibzbB3VOGv3Y17RAUdBx+GXlEot190qlfUyy0t1I0dCGlnj8baq/yoNW0mNr+7hzXAu6b31kS22cSWqs5lav0uH2kK2r0ltQ8K7ceC+0QFGRtcLWfvAjsWm3AbTPYN7Skzi9fJdO3LMjTJTNfENEp61rEwytis8lmnrK0vHqRja3yPu3v4KahVRX2FVrCjx9kgNljOdTaN7q5TfeZmUlM2liqiEluUk2VqJrbRfmyD5R5JisrKTGyxQDCXqaUsbdCBgNDOBrFBuWKbud7WZ20aJTZlYSY3CcwKBRKUtVG5pR9GXP+WCgj9JpNJZpLkqx10ndQGd7Q6vtlwhA+D2OBqWUkE55LrEMg1xqcpaczeJDFJTiJTIcC2Dh/f0EVY1uUW5o53yu3F5m7oMim18TF8CIoHsIw7VWVu6tIvAbH1baPe0T5D81uC+5u5CLuRi0lrfE+Dia2/By1WFxba7cLvUCUQG5S7y8fUfUVtzFVL/S4gTnSDmyfn7ivqb6/nRZZbo/aeXTvOkFxzicXN/zhMReGqOeuu5rmfnWiMj7LxO21YP6gXXq4BftR3agIb9H7qPNcQP/UZ4WzI2ODq+ZR/ouk9o9hyi3jHx+MpaKa5PnuH90wngd/V46r+R1AQiA2WxSnT07e2KhJeUm+Ff72BiD4FxAbLZmpJiI254xxjec0t4UBmnw5iAxDjr8FYcrnXeHLiIjv7MhAbwHsl9x5y8kJo/zuIDWCOj349kNmXwnIPgDkQ1D9JWikIAFAOiA0AigOxAUBxIDYAKA7EBgDFgdgAoDgQGwAUB2IDgOJAbABQHIgNAIoDsQFAcSA2ACgOxAYAxYHYAKA4EBsAFAdiA4DiQGwAEErjP5FJi7ZzfsrhAAAAAElFTkSuQmCC""}}]}, {""role"": ""assistant"", ""content"": ""0.69""}, {""role"": ""user"", ""content"": [{""type"": ""text"", ""text"": ""\nYou are given both an image and a text-based representation of the same stimulus. \nIn both, a red dot appears on a horizontal line\nThe left end of the line corresponds to 0.0, and the right end to 1.0.\n\nText representation (the dot is marked as \""\""O\""\""):\n|.---~------~----------=O-----------~----|\n\n\nEstimate the horizontal position of the **center** of the red dot as a decimal number between 0 and 1.\nDo not explain. Only output the final answer as a number between 0 and 1:\nFinal Answer:\n""}, {""type"": ""image_url"", ""image_url"": {""url"": ""data:image/png;base64,iVBORw0KGgoAAAANSUhEUgAAATYAAABNCAYAAAAsLkgfAAAIiklEQVR4nO2df3LaTAxA/YOE3KHt/f/tSXqJtmdoAgF/IyE5QlmgX+yMzfa9Gc0aFxbagVetd7Vuh2EYGgCAiuiW/gAAAHOD2ACgOhAbAFQHYgOA6kBsAFAdiA0AqgOxAUB1IDYAqA7EBgDVgdgAoDoQGwBUB2IDgOpAbABQHYgNAKoDsQFAdSA2AKgOxAYA1YHYAKA6EBsAVMdm6Q8AMAtz3bqjbefpBxYFsUFdMvvbcyWBybn8XER3l7TcpQrujviVvXV87evt0oryKp0rPYZVg9jgPshf0yiuLLHSuRJRYpeOY5tfB6sFscE6uTakzAK7FSWyyK5Ffv6lvmA1IDaYjU/5KqXhZVsS1/H4/jieu3TdrOve5OXH8ZzFcEly+fgDtEjxU2DyANYpttL1siwreRzDzrX5XJRblFPXNYOLrO/fxBbDxSbH/rooOel3gpwQ2+eA2GB5sd0adgax6XuYtFRgh8Pp8eEwPh7Cec3w5HHsOmZpEn1/EpzITcKFV5Dc1WGqg6wWh6EozMJut5uno9J1NMu8VFzy2KUlrUX7+npq4zmXXh6OShbmIhOJSbvZnFqL8TiKLw9Xra+r19/+gsfHx2n/ZvAOMjaYhYNIZCrXJgVihhYEJkKTGPb70zkRnJ/zLM7lJoShpctrEKltNie5ueD8XBRdzuCsvznkBvOC2GAWXkUoc2ZqaULApeby0gxNWhFaDDvngnt3rc2zNRGbSUzbh4e3EKF5GwR3lsXdyt5gURAbzMJeZDKVlKWdTQJEqWWZ7XZNt9uNx1Fy45DVhDmY2DQ8QzOhHR8fT8feWoySs0yuODQVENtqQGywvNhKQ9AgtXHY6bLa708is+heXprB5fby0nTyWeSan113a0pis0ztGKTmoWKz48YfxywuZ25xYkFAbovD5AFM5ufPn9M6yGK7lqlZRiYykxCR9XY8hkvOhqzFjK3vVWrHKLXttjlst82w3Y6P5dgzOJWcDU/fyW3itbZv375N+zeEM8jYYLkZ0bxWLYvNs604/DRpdc/PJ4k9PzeDHD8/q+CGl5emkZDn+LW2gtiOlq0dTGwiNBXb05O2R2n3++ZoExMqN+lLsrgot0tZm0DmthiIDSbzIiKZShRbWJPmEwU6IWDDTheaykzE9uePto2FZHE6FJXMLoptGE5SC2JTuVmmJlI77PcaIjSNw0FbXx8nM60yJB0nFXzZSJ5IgEVBbLD8xEFesxbXqMUhqF9DM6H1f/40jUUrQvNWhqi7nV53G0oZm81wjsNQEZkI7fVVl61oHI8aR5FhjFDhoMciNem/NByFxUBssOwatkvX1+KaNMm8QsY2Djc9Q3t+bo4iNRPb+BwZQvo1Nqs+0DVsvsTDMzIRmElM/iYabauh2Z3JStqxaiF+7jwcFZDbomy+fv267CeAu+f79+/zrl0L1QNx8iBGXO6hmZlFE1ufRQ1i0/Vr9niIWZxlcjpEjSFZnb2nPNbXSsRlHvHvE8/9D7nxO5yXze/fv2fuEv41Jk2sl0qo0k4ePgwcd/bwYWA41sfeushyROLzUx/xvMvWP8N4ra5UHREzudJuvFfgdzgvmy9fvszcJfxrfHiHiiiD2J46HaP194jn4nHXaUi2pOdz6VPuN8xmjq/z49h/etz6ULTweaZuacTvcF42v379mrlL+Nf48ePHx18cMzURQcysvAJhs2k6ycL6vunkOMbDw9t6NS+Etz5HOYXJA5WUrUFrbW1a6/HwoP2dlVbFNWuxrCpGnBn94DU2fofzwuQBTKaXH/Xcs6I5Y7MtiCS647HpJYZB207OeXgGZ+VPXlbl76FZl0jNxKYis4W43Xbb9E9PTSOx3Wq0dl7Wsbn0dLlHrEIoTR7AoiA2mMyD/NDnXscWllH4MFCORVxyeV6jbRtRai/nJTyjkywuVh6k3T1UavJcz8xk8a1IzWQmYmufnppOFulayHl/3tk6tlL1ASwOYoPJbOXH/lmVByYPl5EKKUqs75veMi9tJbOyWtIui83EI69XIcUMTIaiIUNToVnrQpP2rPLAF+hSL7o6qBWF5etFb9WKWuG7SioUvmutqCzUjSVWXnLlz/cqBt+yKNaKhuoDrxc9mMRUakFoKjUX4aWSKuEDWRt1ovNDxgazMGkX2Fu7e4jY7HqZTCSIYHS4aRf9VWSSabn0fI2brYHLGZtf7JdsT/qSPtvQnw5PRWxe+O5F8Hn7IrK11YLYYJ3X2eJ+bCIRryAQAYm0goi0MsFLrjxTC8PQothcbiYrl9vZrGjejy1kanFrcaS2PhAbrENsl6oQPGsToXgVgi3x0OGpiC1vPhnvgZDueeCTEDJzOu6ea20bNp4cJwdim5d45Nv1nd5g2r8DzAJig1nYyI//s+55kO9KFbM3P85C891z07bgOWuTyQgX21hDeuvmLpd2z40tLAqTB7CuO1Vdkdt4K710Q5ezzSjz7fh8wW+qPoi31/MbtcRtiMabt8Q7WV27DR93qFoVZGyw/ELd0v+t8ZZ5LjQ/J+/jWxvlnXZTfehYX+rYzGgsvRoX7UbZle4rWpKa9XkGWdviIDZYvma09Lp8zc1qPsesLQiuKLN8P9GQscWqBr8T/FgnmmtOw3MuCg2RrQ6GojArs36dCgt4VSFRWvE6XBZaztacS0PJPBng8ssym2n77w//RwA3QWywTvLXsrS90aWIf577KmVbpUzsWmbG0HP1IDa4D3L2ltsr+7q9o5Rx3dp6CJndFYgN6srkrj3nlqBuyQuZ3Q2IDe6TSzOpH+WStJDZXYLYoA7m+hojsipguQfUAUKCQLrNDgDA/YPYAKA6EBsAVAdiA4DqQGwAUB2IDQCqA7EBQHUgNgCoDsQGANWB2ACgOhAbAFQHYgOA6kBsAFAdiA0AqgOxAUB1IDYAqA7EBgBNbfwHpukVnIP1gA0AAAAASUVORK5CYII=""}}]}, {""role"": ""assistant"", ""content"": ""0.54""}, {""role"": ""user"", ""content"": [{""type"": ""text"", ""text"": ""\nYou are given both an image and a text-based representation of the same stimulus. \nIn both, a red dot appears on a horizontal line\nThe left end of the line corresponds to 0.0, and the right end to 1.0.\n\nText representation (the dot is marked as \""\""O\""\""):\n|----------~----O-=-- -------.-----------|\n\n\nEstimate the horizontal position of the **center** of the red dot as a decimal number between 0 and 1.\nDo not explain. Only output the final answer as a number between 0 and 1:\nFinal Answer:\n""}, {""type"": ""image_url"", ""image_url"": {""url"": ""data:image/png;base64,iVBORw0KGgoAAAANSUhEUgAAATYAAABNCAYAAAAsLkgfAAAIs0lEQVR4nO2d7XLaPBBGbUMg99D2/v/2SnoTbW8hX3y48yi7yqLYTmMggOacGY0EsQ1vmvfMSqu1277v+wYAoCK6S38BAIBTg9gAoDoQGwBUB2IDgOpAbABQHYgNAKoDsQFAdSA2AKgOxAYA1YHYAKA6EBsAVAdiA4DqQGwAUB2IDQCqA7EBQHUgNgCoDsQGANWB2ACgOhAbAFTH8tJfAGZwisdUtO0pvgnAVYLYblVmU3LTz8bE5e/H85EcVEbLU6puUGbx/bFxKa0or7Hx0GuAG4SI7VaEFqU2NB46rxRbKbkhqZXXQHRwgxCx3UJ0FgW23x++Nya5IamNtfLY8vwxkB5cKYjtCE7+qyummm2UVxSaj8ckV4qn694kNja2lq8wFdUdQYsM4QtgKnotYhuK0KLIXGK73cG4LQXn1yijsq5reokstig369MVhiI5Hx+ZdEBs8BUgtkuJbWwdLbTepSWBudwkNr02wfXq7bgc4TmSmUtrschC631sfT7GJWfnJuZMVZEXXBimojN5eXk5X6QmSbnIXGwmtGa7zeN2u80RXD7erxUjNQnMmo8P3nPJ+fFT63BDYvukyFar1Wl+dwAjELHNZCehnElqWVRRYBKatd76ZrPJ0lPkdhCx+ZpZFNly2fTW0nsal6LTOTF6+0yyYeg1wAVAbDPZSizHUO5Ji+tmMUqTxCSwzeZVbC8v6XVuHrXFtbdSbEFo/d3du94ll6M3X48bWIOb3D5SjgEuBGKbyUayOZYQqaVoy+UUozQXmIRmrXO5ee/T07jOZlJLzUUW2n61envt0ovRW0gyvJPcWPRWjgEuBGK7lNhGMp8xSktyc5E9P6emcf/09Pqe/UzHp1ZEbBJSjNSSzFar1HvTa/18r8itFFyZRS3FFhMMyA2uCJIHM/j9+/dp19bKJEGcakpm1tqnp2YhqZnY0vvqQ9SWIjbhEZvJKstsvX5tq1WzW6/fRBejN5++FtnTyT1w9pkH/QQ/fvw47ncIMAER21dnRCcSBh555bW0ILUks8fH12jt8bFZPD+nsSI6iVByy9cpxCZpucgktdTf3ze7l5csuXdyszW33Ib2vw1FbERucAUgthk8Pz8ff5GhrR1BamkK6kJzmUls1jeS2tNTkl/KjkpuvqctiG1fRGs7E9pus8ktyW27zQJM0ZoEV24TGdvcOyY2gAuB2C6ZOLA1sby1w9fW4pqapp8us4eHpnl8bNqHhzQtbTXWcZtN06t58iFGbJ4skLwkMQlsu03bVXLb71Pba9uINv3qHPU2JT0QW9jvhtjgWkFsX72HbWh9LW6+9WmleiUKFJGpeYT29NTsXWoWzfU2HT3Yy+Ybc/W+EgQSl1rfN1Kfmv4rdm372uy9pEUdo8oHSS1+T13PN/9OiQ25wYVZfv/+/dLf4eb4+fPnvBNjniYWspelUp7ljFs+fHOuZGcRmqarqbfXvuUjIbko0rLXXk2QMqUWge19qupjNROW+pQV1TXLaMzX1vy9GWts/N3BOVn+/fv3rB9QIyerES33sVl9qFo7VDOq6aFeh3EWY2zCZRPEmc+zlq8Zzw3fwb9rHo/dWqnEhTbxe+LvDs7J8tu3b2f9gBqZfYcKn8YV1QFx3Pr1Q0uvLZJqrfk4Twl9mvj2Jd8t9Lehz9fUuEgGpJ+HmtGDzxkrs/pkxMbfHZyT5Z8/f876ATXy69ev06yxeXTlryWdxaLpLBOpvlsum+7uLq27qW+9xUqDKJ9iKtpqnczOaVart/N1zVhapeNi8zKrsW0fY2VWsZ+Avzs4JyQPZrDQ/+DHEBb483aPGLFZplSt2++bxW7XLNTb667vm65tU0sRnL6PZOXVB8KjruXyVWSrVdNpQ+79fWoaL+7vm2a9zi0dY9UIkmgUW976MbXVwz4X4NIgthncKfo5hqFbFPn00qeJJi4t06fWts1CreuaTk2RnJqiMG0P8T1wMWLT9SQ2O66X2ExuSWrW2vU6ic73u0mSfSm2WIHwP9NQgAuC2GawVoRzisRBzIz6lg9NH9VsDS1JLExLFS0qmkqlVRKS9rppmuolVX5NE1vncpKo9L0lLpNZa5FbLrWKhfFWO9pMlVVRcQBXCrWiX10vOlZSVWz3iHf08JpQbcZNQvMyK6sTzbWiavHuHr61I5RVRYmlWtEQqXlBvEvtYPo5Fq3NkBp1onBuiNhmMvsusGPPNijvwWZTSEVaKWkgsdkaWBKaSy9KzSM2x4Vk09acPFCvZkXwqTJBMisSCe/KqD6qNCBSgysBsV3DOpuXVXnkJqmpl4QkLpeRxpp+xptNhjvresIh4zIyUXkWNF3LhBmjtHhn3ZgFzc9EGIrWBEKDKwOxXUJsU1Gb35NNvbKcJrdcID8kNLuLbl5fs+vn/W7lDSctU3ow7Syyn+VzED5MFCA3uCIQ20yWEsExjK21xUypPkPCknx8qhlvbRQf7uLnhDW23ExWSXDlMw8GtnMcTEH/J/uJ1ODKIHlwySdVTURu724VXiYY4pOrPMory55CfeiBtGJiIN4p14/56EEufu0Z8IQq+AqI2L56o+5YvWWUkkdeun58apXLLUxXY3v3XFFJrSiJSpt2bTuJy+zgmQZTUdqUzIja4IpAbF9dMzp0Tik3ycUTCjZ+dzeQeC+3sSfBx7rTkAQoaz9zraiJcHTqibzgRmAqeiQn+/WVj+Mr7vAxmGgYet+vESU09BCWkalmFps4ceZz9s0DAD4JYrsGpqan3o+tx5U/G+Kju3H8b3SGmOBGQGzXxNT9zoZk5/3YeUMR15TEyHZCJSC2Wxfd0HFDjE0ricygQhDbLTD0T3TMPxsyg8pBbLfIKf7JEBlUDNs9bhGkBDBJeNwQAEAdIDYAqA7EBgDVgdgAoDoQGwBUB2IDgOpAbABQHYgNAKoDsQFAdSA2AKgOxAYA1YHYAKA6EBsAVAdiA4DqQGwAUB2IDQCqA7EBQFMb/wCp3rrC7i21WwAAAABJRU5ErkJggg==""}}]}, {""role"": ""assistant"", ""content"": ""0.46""}, {""role"": ""user"", ""content"": [{""type"": ""text"", ""text"": ""\nYou are given both an image and a text-based representation of the same stimulus. \nIn both, a red dot appears on a horizontal line\nThe left end of the line corresponds to 0.0, and the right end to 1.0.\n\nText representation (the dot is marked as \""\""O\""\""):\n|------- ---.-O-=-----------=------------|\n\n\nEstimate the horizontal position of the **center** of the red dot as a decimal number between 0 and 1.\nDo not explain. Only output the final answer as a number between 0 and 1:\nFinal Answer:\n""}, {""type"": ""image_url"", ""image_url"": {""url"": ""data:image/png;base64,iVBORw0KGgoAAAANSUhEUgAAATYAAABNCAYAAAAsLkgfAAAIlUlEQVR4nO2da3LTMBCA5Thtegfg/n85CZcArkDzNrObXXUj5LTk0Tia75vZkeI4jinlY/V0NwzDkAAAGmJ27xsAALg2iA0AmgOxAUBzIDYAaA7EBgDNgdgAoDkQGwA0B2IDgOZAbADQHIgNAJoDsQFAcyA2AGgOxAYAzYHYAKA5EBsANAdiA4DmQGwA0ByIDQCaA7EBQHPM730DcCbXeFRF113jTgAmB2J7ZJF95FhNXn4snovkoCE6nlI1ccq/Hn8dj9eORaK0vF47VtYBHhQytqkyJq6xevmZSCkzKWuCG/scwIOB2B4lM3ORvRc1XGSnws+Ln/lIsxZggtAUvYCr/+iKLK3z1/v9m7hq9XisJqMYs1m9tBhqorui0DrkCJ8AGdtUxHYqQ4sCi7HbHeTnr0u5FUIbXGS1iOeMZXJXkBJig88Asd1LbKeanhaDy8oFttsdYr9PndX1HD/m58fLljLr+zT0fa6rzLwez60JTijFhKhggtAUPZP1en2dC430oWVJeWbmUttuc73bbrPs9FjM2gRvXpZSm88PpUWsZ9GNya0U3Rk8Pz9f+lMDOAkZ25nsRCSXMjYw4NmXS80EJqXEIOVmo5JLfkzej01SwfvMgrwGkdp8fpBbrJeiK5qot2qaAtwCxHYmW5HKtfvUTEoqKM/CTFxabjbHsV4f3hPJhWZqVWxBZMPT0yGsnqzu59Waqx9umgJMAMR2JhuRyaWEZmO16WlSU4EFmc3ktcRq9XbcszrP2uTyNhggkjoS2vNz2od6FF2UXM7gatmb3jRSg2mC2O4ltrIZakJSMVk/mjY3N5s3kYnUVqs0rFZaitjkvSRhWV0qxSZhYtubxKT0ULFZXaUmr0NTNfa9HcntSv1tALeAwYMz+Pnz52UXGJvSEUY7Y5Nz5iJbLlMv9eXyEHZcxWdZm37erq/ZmohNpGZi01gstNwtFmmwuhxzyR01T8fk9tHVCyN8+/btsp8hwAnI2D5zRLQ2xcPD+8d8kCA0O7PElss0vL5q2b++pmG5TGm10pj5YIJfJ4hNpfb0lHYmtt3Li4pMxKaSk9ebzSGDc8GZ3FKUWznv7UK5AdwKxHYGK5HJpYRVBXmSbRj59CaoCy3L7PVVy2TRudzkfB9ECGLbu9hcahLrtUpNBLcToW23B7GJ5KxvT+Um92Fy0+xtbDABYGIgtnsPHPjSKZ9kG7I171PrRWoiMJfZnz+p83K51L62Yb1Og2dtPsHX+9hiM1Riu007id3uKPb7vU46Hmzir07+tZBj1SapgNxgYiC2e8xhq0zxyBmbZF42ECAZmMpKwgYJRGJ762+T0OapSM/EptleyNjyVA/JykReEsOgIX+KHJLdWQhS6l3W1quWzVEBucGEmH/9+vXe9/BwfP/+/TpbEZV9bD5dI85Js6kfGjY510ObjCY+lZrIL85lk2zNXg9hXpuOkvZ92seQrM7qyco8zcPn7MUNKiUumNfG7x3ckvnv379v+gUtcvFAcmUQwXUwWOhrH90s6vr90mQ8tVBekFJE483JUOZ1qNb8jAvpq+/XIm5tVNuV9wT83sEtmX/58uWmX9AiZ+9QUUrg7YI55Np6/bAgvfNO+77Xeuf1uMZTwmXkwvFrWL+YXsdKrdv7+n2heen34Dt95Pv5yNrRD/5s+L2DWzL/9evXTb+gRX78+HHdeWxBDjKQMLNMaSax26XZ05P2u0nZPT+/jZz6vDUfWXVBhaaoCmw+T52MbspnPeSa5aqDGOXi+HK6h4fe9P+PjvJ7B7eEwYMz6OUf+TWIo6IiI8ueNKw5KurohyH1+72GSC+GnmtZWV4Y72tOrT+tM7GpyCReXtJssUj9y0tKHotF6haLfI5L72i6x3sTdQEmAmI7gyf5x35tsfmuHt7EnM3SzKPrNHoLf63vibQkJAuLo6KWwfn1cnZmk3D7xSJLTYXmk3VlaZVM0rVzVWxSLzO3cmkVwIRAbGewECncYrdcHwUVUVmmNRMpSYjE+l6zRZFZL+9ZFiZSisuqYlNUPufNSxWVhcgsCy0sszpaViXnnlpWVRMbkoMJwFrRKawX9dIXwYcVCDqvzXf0sMm6ea1oWC/qWxhFsR1N7ZDF7x6+CsGWTx0tiLc+t+SlbUx5zSVVrBOFW0PGds9dYCuL4X3bIZ+3JoLRQQOLnKVZ1uXCO1oEH0dHLWOTLM8HEXzwoAsyy7t7+B5tIkQXW9yb7dTGkwATAbFNoZ/NRkOPdtAVQYl8RFYutjCaqU1Jz9TCnmx5d49yuoc1YYdCknlUNIyM+vbh/+zHxrZF8CAgtomILdfDonjN3iTLkszNsy0Jl5nIzaQWn4WQsz+fp2brRbVZagKT/rsjmRVTPPJgwVjzk341mDCI7UzmIoJrMLLMKj5WTySUN5+0/i/vf/Mtw6sPdIkTb2101Ded9MysFNo/GRrPPYAHhMGDKTyp6r2twr1pGnbXjc9COJJa+Qg+f1aoP4GqfEqVH4uP43vvMXwXSI0nVMFnQMZ2z4m6tf9T/JhIpZjfptKS0qaExIXyRw9PLh7mEpdMadbmy7Ls2D99aGWG9p7QyNpgYiC2ez7VvPb5ILs8oBCXSZnYjp6REDM1XwDvE3SDnFxgvmY0rw0NEtNz/N7GRj4RGUwcmqIXcrMfn+/4UdtVoxRZ7Fcr76e2eL3Wb+ZiO5WdXSi0i/8jAPggiG1q1J6LEMtSYrWIlLtwXGOnDgQFE4em6NR4TxreVCxFVpa1a45J7JTMkBg8IGRsj0I5LaRWlvVT0kJm0DCIrZWmau28/2lKIjNoCMT2qFz614bIoGHoY3tUEBPAKNYTDQDQDogNAJoDsQFAcyA2AGgOxAYAzYHYAKA5EBsANAdiA4DmQGwA0ByIDQCaA7EBQHMgNgBoDsQGAM2B2ACgORAbADQHYgOA5kBsAJBa4y9D9omm4D6++wAAAABJRU5ErkJggg==""}}]}, {""role"": ""assistant"", ""content"": ""0.41""}, {""role"": ""user"", ""content"": [{""type"": ""text"", ""text"": ""\nYou are given both an image and a text-based representation of the same stimulus. \nIn both, a red dot appears on a horizontal line\nThe left end of the line corresponds to 0.0, and the right end to 1.0.\n\nText representation (the dot is marked as \""\""O\""\""):\n|--.---------O--=--~------------.------- |\n\n\nEstimate the horizontal position of the **center** of the red dot as a decimal number between 0 and 1.\nDo not explain. Only output the final answer as a number between 0 and 1:\nFinal Answer:\n""}, {""type"": ""image_url"", ""image_url"": {""url"": ""data:image/png;base64,iVBORw0KGgoAAAANSUhEUgAAATYAAABNCAYAAAAsLkgfAAAIfElEQVR4nO2da3LbuBJGQephew1J9v83K8kmkqzBlmyJtz4IjbRg0M5IdKwLnFPVBYqWKFnjnOnGi8M0TVMAAGiI8bM/AADA0iA2AGgOxAYAzYHYAKA5EBsANAdiA4DmQGwA0ByIDQCaA7EBQHMgNgBoDsQGAM2B2ACgORAbADQHYgOA5kBsANAciA0AmgOxAUBzIDYAaI71Z38AKHhvp/Zh+FefBOD/FsT2WVx6q4na65AdwBmI7V9SSum9xzW8xOzYvw7JAYSBu1R9MHPy8ud1XD5+T2Zl+9YxQGeQsX0UNVH5tjyuCc/jRVYelxLTY7sOgoMOIWNbitrXOCew96KGl9h74Z9fXgOgA7rP2Bb3eiGyqJLj8XROrc7PtXNyK8U1jn9aO3bnJ9/35kW30O86IEi4cRDbUmKbKzdLgVVi8I/fEts4hslkZrFa/TnW6/WcWhbnJXcliA1uHcS21LSLGaHF65vADofTsdrD4SS0wyFMdt4kV4xyZlE5kU1qXbwSns/kyhLVg6SgQbruY9vv98tcyGdZLusycZnMotgULy+nY2u96CyMJKUoLpOY2vU6t/GcWi++OcHZNa9ku91efQ2Aj6LrjO0goVzD3MCAz75KkaWYnp9jq3P288nLzTCpWZYmoaWIx5vNn+MkuSy/t+SWrg3QIl2L7UVSuZTaPLSy30yiMnGplcxmIgrOlaT5+i77Monldrs9HW82IVQEl8vVvy1LARqha7E9SyhLZWx+EMBKS5OaCWy/zzGqtXMpe4vP1+tcaSupxZCovNC223DU47u7P4JLbZabK0+jHBEbdAJiW0hquTWhqbVszESm2O3CuNuFSed2uyw5K0lz1laKLWVqJrOjxKZ2v89yO+q9fBZn/XC+LEVu0AHdDh78/Plz2b41P0hgmZrP0JLQJLbV01N+HEM/t6zO+tm82NLgQJSZxf19FNvh/j5M6Vhh2dxZeTrX33al2L59+3b5dwjwgXSbsV08Ijo3T82VoGd9aSYvySzFlNqVMrenp5jRxazOsjYTWxo4kNiOSWyHJLDDfh/ldnh5CcciNAhhEctRP2Jq00YEAwnQKN2KbbfbXXeBQmxnUzmsBPVZ2ePjSWaPj1FmaoOk9vQUM7oot+fnMJalqKRmYpPUdruYpUloMY7HOLp7PB5PMU0x4hw6yU2Zm67p57rNrTEFaIRuxbbIwEE5+dbE5krQwbKzx8eTzFIMCklNkfraNAUkZlkKy9jS6GbsX3t+PpWgSWKHaQqasBJjGGKriSJSonoYLOJn9FNAEBs0Trdiu3gOW1mK+jLUjYKObtBgUnboQjI7mtSUyaXBBGVscS5bIbYoJZWYElqS13EYwnEcw2G1OouY3SWB6edn60YVlrUJ5AaNsv769Wvoke/fv1+/hMpKRrd6IK8wcJNv/cRcSS9KSq3kV7Q587O1nSop04TdKDk9T6OdqS8t9qup9ZFEq+NX5ad99gUm6/b6twO3z/r379+hR65eI1oZRLD5Z1YC5vloviQsSsTY1hbMz+zdZs/P16j9PvpZKknzKX+t2n5tF3wfvf7twO2z/vLlS+iR/7xDhRdBTQ4uA9K14/Xd4vXBrePU8ZBKTGtjuNHQ3Lo1ov75gx2njMwf5/ewVQvl53lv992/pNe/Hbh91r9+/Qo98uPHj8te6DOpsrxLctI8tFFTLA6H2ObYbMK43Z7mqlnJquena2X5ecFJULrWZhMGLTy/uwuDxXYbr1curYpRLquqTdIVV/Sx9fq3A7dPt4MHK/1DvxS/k4dlRCYMueI08znHOE1hpdD76nG6oes4DGFM4opTPmxhvBPbkOQ0SGx3d2FME3Knh4cwPjyE1cNDCPf3p0jCM9lJpH5p1Vl/W/ygDBxAm3Qrto2ymqWWU0k8yr6KMlDHUV4W4xhWitUqjArL4jRSWlt5YBmbrm/ZmVYXJLGtJDOJ7eEhDPf3UXq2AiGuOlDY1kauLGU0FFqnW7Hd6R//taOi5ciojm0U1PWDnZWi63VYqd1swkqyckuqRhs5LcQWy1qJOGVilqFJZoMyN8msXFaV1paelaG1VQcIDhqk27WiF68XLUdFiwXw5VZFtoNHlFeaiKulVFloatO8t7OMzd7O7eyR14kmgcUlVcre7LHvb7MtjD5oATzrROGW6TZju2oX2HfWi55tKpk68+OggUIyUz+Y27ooSy1tOFlmbDHjShmfsjYbOLBBhLyNkX4f29rIBg8+YPE7wK3TtdgW62ez9aLlLh9ecBKXRGQZXLnZpCtDz8SmsH6yVMJKYnEwwfrd3F5sOVMrbvSS75sgkBo0DmJbavfcmW3Bh7ny1Ld+k0m/g67NP0t9dZaJWR+axPZqa3BXfr656B25QcN0Lba1RHApb6xAeHVbPS+4UnLFTV1ytuYzNjdJV1NDcqlpZae/ucuc1AQZG3RC14MHi9ypqrb8yd+lyt8HoXLHqupdqvx/En8/0dpdqvy5Wun5ASUod6iCW6frjO3iibq1qR9lW04HKW+M7EXm9mCbu6+ozYuLWVsaKfXLqM62JCp376gJjawNGqZ7sV10V/Paa2bkFoVUkVxVeF6I7r3yOk9XYmbRlSsf7HZ9/nMiMeiM7ktRsdhXUA4qpKVVrwYYajt5lOHxfW3lceXWenkPNnvtZ/+PAOAfg9iWovY1zpWowibh1oQ2J7a58M+x4/L1AB2B2D6Kv+mHs3ZOaJ63BFbrR0Nm0DGI7TMl99Zxjff2UUNmABHEdksl699CdgbwJojtM7nmq0dmALN0P93jU0FOAB9CmvAEANAOiA0AmgOxAUBzIDYAaA7EBgDNgdgAoDkQGwA0B2IDgOZAbADQHIgNAJoDsQFAcyA2AGgOxAYAzYHYAKA5EBsANAdiA4DmQGwAEFrjf2x+Ho4epb+CAAAAAElFTkSuQmCC""}}]}, {""role"": ""assistant"", ""content"": ""0.35""}, {""role"": ""user"", ""content"": [{""type"": ""text"", ""text"": ""\nYou are given both an image and a text-based representation of the same stimulus. \nIn both, a red dot appears on a horizontal line\nThe left end of the line corresponds to 0.0, and the right end to 1.0.\n\nText representation (the dot is marked as \""\""O\""\""):\n|----.-------------- --------O--=----~.--|\n\n\nEstimate the horizontal position of the **center** of the red dot as a decimal number between 0 and 1.\nDo not explain. Only output the final answer as a number between 0 and 1:\nFinal Answer:\n""}, {""type"": ""image_url"", ""image_url"": {""url"": ""data:image/png;base64,iVBORw0KGgoAAAANSUhEUgAAATYAAABNCAYAAAAsLkgfAAAIoElEQVR4nO2dW3LbOBBFAVIvryHJ/n+zkmwiyRbGlmQSUxfqhloI9LBFWUXgnqouUDRFs1LjM41Hgz6EEBwhhFRE9+wHIISQqaHYCCHVQbERQqqDYiOEVAfFRgipDoqNEFIdFBshpDooNkJIdVBshJDqoNgIIdVBsRFCqoNiI4RUB8VGCKkOio0QUh0UGyGkOig2Qkh1UGyEkOqg2Agh1UGxEUKqY/HsByCkKaZ+xYj3096vEig2Qr5aZiW5XRJeSV56Tr9HwZ3g+ZYqQh6E/dPS42vnzqHisgIrnSt9bhBmbIRMTS4s2147zsnlhVYD3ymJLmTnG4QZGyGP6mrm4tIYx3/PXRKbSqrrTsWWR349aFRwzNhIczzs/+VyX1+SlsrsXFuSW0lekJsKzrQhFxrQrG4C/MwESbGR5phcbOcyNCuvLPwwHD/rNfYeQGQVVGB9fxRbFukam9WF6bqkFBshtYvtUtczBBeMrLzKCyIbhoPQhuFwjcgtnsuytlDI0gLEplH4HENl5rMuqjIzQX0WjrGRptjtdtPe0HYhIaksQ1ORuff3w7FprehOuqQAmVoutcUitZBZQCvH8TOuxbHPMje5372sVis3F5ixkaYYIJEpKM1oZhmaSstDZvu9C9JGqeH4/f1wTuVWyNg0KwsqsuUytmG5PIhO2iQ9/O7OjMNNLLe5QLGRpniHVO4lX4uWdTut0KLA9vtj7Hbp2BnJnWRtKjbJ1KLIRGIxVquD0NDiuyK7KDe0XSFzUxqRG8VGmmIPmUw9A6pCKmRpSWa7neuk9dvtqeA0a5P7BBEbupYnUlut3AiZIdZrF5AFyucoN8gO9+lN1/TSeFvFUGykKSYRW2H2M2ZrIjaVVRIZpLbdurDduu7tLYoNP3MamrVZsclMJ6Q2irTG9TpFlBqO5btRcJCaZm19NoMKGuqScvKANMPv37/vv0lp0a2KTcbNNBPrRGgQWf/2FqWWAnKzmZsZZ0vZWt+7UcSGTG3cbKLUhs3GBRxLxOwNoZnbQiYVrNgmGmv78eOHmwPM2Egz3D0jWlqvZicLVGwQGsQmGRoivL7Gtn99jcduu42Ba9JYm2ZsIrYRYlsu3SDZ2rDbRZEN7+9uHIZDjGMMLB9BxqZjbi7P2hpb/kGxkWbYQiJTjq9lyzriZIFmagiRmsoMrfvvP+deX51/ezvKTcUmM7a4e5SaiA3Z2rDfR6FhVncYxxhRaiEcQp4jCm6UNXIym/rPJEKlMrNQbKQZJp04COE4caBja5Kt6Zgaup9RZiI0D6GhRWCsDZkcxt5ysZmJgyg2ZGgisiEEh6sG71OMuF6EiJGloMJVsdmqBECxEVIPk6xhy9at2W5opxkbBvYhK50ckHG2UWSG6JDFIWvb7VyADLOuqC7AhaRQbAV5jdI9HRaLQ8hxHIcTgankTp6vwUmExffv35/9DIR8CT9//rzvBqVaUO2KmrIpW2mg425BQ9avpVYmD9IYG4CcdD0bZATBYfxMYjwTTtpQkpg+87llHzdKbi6+WPz9+/fZz0DIlzDJAoBsF46oA2RZEvpZz9ljrSG152/ZukjPanczP3/yO7Lf6fA78912SzK78d9mLr5YfPv27dnPQMiXcPcOFXa3DHvsfby3zwrX42fJnryEHqfidS2DsvfTn8uyDW9aPcbPfbZWTZ8hyH3S88gzXqxAuPHfZi6+WPz58+fZz0DIl/Dr16/px9gESKaTbmm3WMTxttgilkvnEavVscxKu7AqNBUcgKRUZuu1c+t1bDU6rT7Q0ipTL5omDPozWxyVduT9AHPxBScPSDP0+GOfclYUopDB+ZgtSdcUsoLk+hBcjxay08DP8F1cL5lZHGPTkio5DzlFGUJkugD35cV1m43rX16cQ2w2B+mtVgfZLZdRoiGXXGktW8UTB4BiI82wRGYz9To2rRE1Xc3O+2NAqN7HiJ/xcwSyMc3iUHmgExEmY8PPo7BUbJAaZCah0otVCaZeNORbGVFshNTLGt26R1UeoFuplQfolmbRaytdUwhLF/LG75iMLcpRsy4RG1qVmd9sjkJDa4QWu6Z9YQPKfB1b5RUIrBUlTXF3vaj9c8l3yrVlVaYCIdWKmhKrVEeKbM2MublsV49UJ6oF8KhCkLpQzdTS7h92M8o+G2M7l619QGhzqRMFzNhIU0yyC+y53T1saZWMd8XuphzHLA1dT2RcKjUpgE/bg2tmJZLC95x2WU3oxAHEpzJLYusKEwalyoPKsjQLxUaaYvJxtmyxbhQUxscgKx1HU7mJ1LTsKmVruNZsMpkv94gTAmZmVT+nvdrMLrvFF7z4M6/pqxiKjTTFJGIr7aCLmc6sCiEu2YC47CRBFmlzSrOYNq1307IqM37mz3Q7NUsLpSzNt/fOUYqNNMUCsnngK/dOdvzA79JxNwjVjL+lXXOt2GzJk1nEG2VmXt5ykqVdewUfuHNsbY5w8oA0x6RvqrILdu2OH4Ua0jj2piLTY/tu0ezVealraRbd2nca5Es5wrVup/98N3ROb6gCzNhIc9y9UPfKe0XT+z1VbFpVgDE3Wyxv5WfvIzOjsSRK5JYW7V7K0OS77txY2h3F73ODYiPNcXfNaOn7edaWCU73RzuRmc3UsjfApzpPIzArtfRZniVla/b5fN1r1S7Brihpkof8Z29nSvWznTXNj/OXJGeF9f9MAOTH5trwQKH5GQqRYiNkCq51Ty9tU3RObNreOnaWH+fMUFCfhWIjZGry5SB5WzqXc2ngv9Fxs49AsRHyjCzu3DWWcwKjzK5CsRHyTMndAkX2YSg2Qr6az/7JUWY3w+UehHw1FNTDkXJ/QgipB4qNEFIdFBshpDooNkJIdVBshJDqoNgIIdVBsRFCqoNiI4RUB8VGCKkOio0QUh0UGyGkOig2Qkh1UGyEkOqg2Agh1UGxEUKqg2IjhFQHxUYIcbXxP4NOlatHaI8FAAAAAElFTkSuQmCC""}}]}]",0.38
google/gemini-2.5-flash-lite,sample_009,0.60056,0.60056,0.36,"[{""role"": ""system"", ""content"": ""You are a marker location estimator.""}, {""role"": ""user"", ""content"": [{""type"": ""text"", ""text"": ""\nYou are given both an image and a text-based representation of the same stimulus. \nIn both, a red dot appears on a horizontal line\nThe left end of the line corresponds to 0.0, and the right end to 1.0.\n\nText representation (the dot is marked as \""\""O\""\""):\n|-.----------.--.---O-----.-------------=|\n\n\nEstimate the horizontal position of the **center** of the red dot as a decimal number between 0 and 1.\nDo not explain. Only output the final answer as a number between 0 and 1:\nFinal Answer:\n""}, {""type"": ""image_url"", ""image_url"": {""url"": ""data:image/png;base64,iVBORw0KGgoAAAANSUhEUgAAATYAAABNCAYAAAAsLkgfAAAIfElEQVR4nO2daZLTSBBGtbjbfQfg/n85CZcAzkB71cRXzhTp6pLa2GIal9+LyCjJlmQPeB6ZqkXtMAxDAwBQEd1HfwEAgKVBbABQHYgNAKoDsQFAdSA2AKgOxAYA1YHYAKA6EBsAVAdiA4DqQGwAUB2IDQCqA7EBQHUgNgCoDsQGANWB2ACgOhAbAFQHYgOA6kBsAFAdiA0AqmP10V8A7pilHpfRtstcB8BAbHCbyG6RmwutdA1kBzfQ8pQqeJf8J+L78fWpY0qSivtT21PHA1wAYoPrZKa2tF06N8rpvXZue+41gAClKPy5zKaidE4uL4+5fZ07JzS/NoKDCcjYKmDRv8KCoJI+jsdzicX9/L38++Ti6rpzqRViyM8pXesGWqRYNWRsFbCY2OYyNMnLBebbIdpccJFcWi622GayS2IrhWdzU1ndhSC2ukFsjyy2udIzCG1waR0OTesyOxxOQrN2UGvHJcll5eKZzCzSa6X9XHq53Py63H+DCShF75ztdrvMhUr3zCSpmJlJbBKYRdre73+/5sfnWZsJahRX35+21fb9+WvviW5Kclfw/Py8zJ8d/HOQsd05BwnlFqY6BrzENGElke33o8ja3a4ZtK3XguCGWJaKWH5Goa1WJ6mZ3LQf3y+J7m/IDeoEsd05e4nlWvIhGtn9s5R9eUamdrc7tYrt9tTudqewY5LkSmKzzCwJzaQ2bls0UXba1/G2/0Zu3vpnxBYeHsR25+wkm6Uytlh6ernpWZrLTBJTu902nW+r9WNiSSqsIyCJzGX29DTK7Kht3/dWInPZudhi2TqXuQEgtgcXW16G5vfSPCOT3CQyE1qS2mbTDNbqGL2XMjaFX0dYGRozNJfZ0eP5+SQ122+C5GIWN0apNHUQHNB5cN98//79+pOnhnTkmZqXmptNklcS2WbT9K+vaTuFSS9lcDonz9iC2KLMUrteNwdJTPv2WpKaZCexueAsi5sU25Xl6JcvX67/M4R/FjK2R+wRLY1XiyVoLjUTWucye31tBm2/vja9MrfNJmV0Kavz+2y52CQ1E9vBJJZaiW29PkkthDomkuB0PcvcRrGV5GafddbCw4LY7piNhHILpaEdsQRVmetSc7FJZhLbr1+pbSwkvyS3/b7pXGw2iFbZ2lHh2ZpkJrGp3e1OIbnt96c4HFLou2h8nATnmeRZWRo7EgRCAwOxPXrHQRSbj0dzsfk9NZOaRNb/+tU0Fq1CUlOoRN1uT5mW32fLMrZ0D00Z2W6X5CZ5abjK4Xg8i+MwpGEjg7ehp9Y7FtL3nCpH4eFBbI84hm3u/looQ3XPzDsNBs/IlCXafbajWhObdyY0Pr4tE1vqBJD0lI2ZvHSE4tC2v6PrmqPCMjG9P84bjd/dx7vpc0rlKDw0q8+fP3/0d4Ar+fr167Jj1+Jg3DDDIHYopMG5lpWN2ZlaSVBS817UUIqmoRr2uUlS3plg548lqO7BWRnqpahK2DRdS/JSq/Oj0PW6f84VcuP3Xyernz9/fvR3gI+aI1pYbijNGtCuRRuOS+/4+9r31/NVPuJwDxGnZWXnxf+GeP34HYrvxzYuZ+QT5C+E33+drD59+vTR3wH+zxUqSqtixNcs89G10/VD72Pr5Z+2+z5FE9qxNFQbV+DIxqHF8+K547Z9jj5P4RPo0+dPTYr37x7bC+D3XyerHz9+fPR3gCv59u3bMhlbLgitwXY8Np3dpFfbPT2l3k4N5+ien08lqZesPj9UTon3vvzaEpSNSWs18Vznh9D10rg1G8Om4+IQDx+oe9Eg3T+UPb//OqHz4I7p9T/4kr2iIQuSHmJoQEU/DKew/RRt23QxgyvcY0tZ12rVtBLben0S2ctLiu7lpelfXppGsV6niLKTUEex+SyE0sR4QccBGIjtjnlSZrOk2CQN7yjw0rPrRnl59BZd35+yOcvoUgYWZh/kGZvENmZnJrY+Cs2kl4aCWObmw0SK80UZ6gETILY7Zi0hLNErKrJ119KQD8nIosuil6SenppeWZWE5FOrJsSWylqFpGYic5m1ytyC0Ma5o6UydG4JIwfJPTzMFX3U+aJzy3/7Srm+YofNQvA5oWmuqLZ9ipXPFfWljDKxjXNF4zxRn0ZlU6rezBXNlzIKHRdvFp4UV2RtzBOtFzK2O+fqVWDn5ouG6VVJUioFvdNA8lKWJtEpU/PVPvLli+JwD5eSlax554HCJ74fQ4fBmzXZ8iXDBYtNQgHE9sj32fKyNK5+G1fQdcEp/D6aiW2cehUWnEwRS1Ef8mHSSh0Cuo7dl+tK67H5/bRQfvrg3qLMkBoEENuds6jYJp53MMotW6NtlFlct82PC0NJUm+r9ZqOK+aaxCS34gq6vuLupUuCIzYIILY7ZyUhLCU2byce5jIKTpmWS86fexAe6jKe43jGZnNGo+DGsjM+5yBKzSX23vJEiA0CdB5UwCJPqsqnV1m8KU3jYpT5U6qi1KaeUpWVmXEZojdPqbrkwS08oQoKkLE96kDd0r9npQ6FbB5o8XF8cQJ9/lzR8NyDcUqUTZeSyNLYudLj9q4RGlkbGIjtUeeMls6ZKE2TqHwVjTjZPSwoeZap5WLzqVYxc4uii/v+VCvKTrgBStFKWPSvMRNcXOGjlMW92S6tvBGzr9K9syw7G8vQyEJCu+ofArgrEBv8ZuqnMFeiliKel2daUxHfj8eXQEzwDogN5sl/HjNruZVK0DOmhmnMyQyJwRUgNlhGclPHRKYEhsxgYRAbLNujegn0aMJfBrHBbdzy80Fm8JdguAfcBnKCfxBbIgEAoB4QGwBUB2IDgOpAbABQHYgNAKoDsQFAdSA2AKgOxAYA1YHYAKA6EBsAVAdiA4DqQGwAUB2IDQCqA7EBQHUgNgCoDsQGANWB2ACgqY3/ANGl1gCCZwauAAAAAElFTkSuQmCC""}}]}, {""role"": ""assistant"", ""content"": ""0.52""}, {""role"": ""user"", ""content"": [{""type"": ""text"", ""text"": ""\nYou are given both an image and a text-based representation of the same stimulus. \nIn both, a red dot appears on a horizontal line\nThe left end of the line corresponds to 0.0, and the right end to 1.0.\n\nText representation (the dot is marked as \""\""O\""\""):\n|--------------------=-----=---O------ -.|\n\n\nEstimate the horizontal position of the **center** of the red dot as a decimal number between 0 and 1.\nDo not explain. Only output the final answer as a number between 0 and 1:\nFinal Answer:\n""}, {""type"": ""image_url"", ""image_url"": {""url"": ""data:image/png;base64,iVBORw0KGgoAAAANSUhEUgAAATYAAABNCAYAAAAsLkgfAAAI6UlEQVR4nO2dbY7aMBBA7STLxxna3v9vT9JLtL1Cd4ElqcbxpINxAl0+At73JMtJCAFV2texPWN813WdAwAoiGruLwAAcG0QGwAUB2IDgOJAbABQHIgNAIoDsQFAcSA2ACgOxAYAxYHYAKA4EBsAFAdiA4DiQGwAUByIDQCKA7EBQHEgNgAoDsQGAMWB2ACgOBAbABQHYgOA4mjm/gIAMMG1f5LEe/cZQGwAjy6znNzGhDcmLu8/9r4nxfMrVQAPLDN7PXftlKT8GcfnPOfJQGwAczIlLunHjtP35KTlT/Tp8dS1c157IBAbwCNFZ+mxtLY9PE/fMyYvnzR73d6bHufOx65NXZ8RxAZwBlf/M0nE5K24rMzSPm2WnMx8bFV1JLnuIxHdfwxn/YzCY/EA4N5iy0VlOaElzdvzXMRmWqcik94e23tORXK5Xj4vXYgYERhiAyhZbLmhp16LkgrPV4Ht9/2x9Pt9L7T93nV6Xe6xMrQRmMqrrnt5Sa9yq6peeGn0lhPcmOiuMU93BxiKApxgu91e72GZKG2IxKK4gtje33upJf2B+Oyfro3C6l5mQWp1/U9ucmwkF+6ZGr6eEp/9bNsbFouFmwMiNoAT7EUktxp+JhFaENj7e+ilddLvdr3o5DhGboMMFR1+alTWNEFoQWr22IpO783NwY1FdVOLEXr+ACA2gBO8i1QuIU3PMPNoOszUKE0lJn1o2+2/4yi30Oxcm51XE1k1UWTSv7z0fbymkhuiN+nH5uJycsssQjyi3BAbwAl2IpsrRmwHiwBplKYik367dVXsDwRn596i2EROIqpBaE2U2suLa1VuqeSS6O0ogssJLr02Nfc2I4gN4NZiS4ehKjTpVWjyGbtdL7LNppfaZuO6zSb0ck1eC9Ga3Gvn2VRsUVRd0/QyWyxC38ZezoPomuZ4eJrMvR21VHZ6Lmj/QHJj8QBggp8/f17+kFxKRzL81CitUpG9vbn67c1V0uK10EzUFt5vxRZl1RqZtctlON4vl73UVHIauYnkzLB0Um4TqSNTw9Fv3765e0PEBnCrFdFclYBZ/RyTWpDZ66vrothEcHLsNhv5QkFuwzxbErFJNNaKyERgUWgit/1220tut+vlZoemMWo7EtuY6HLDUyGVm16bAcQGMMFGZHIpaWqHzpHFYajLSK0WscXeidReX8NwVO4N92fEFqQWxdaK1FYrt9/t3P79fWitNrlHvodZaBjSRM6N3qZWS2cGsQHcY+EgFZuZWwsLA1FqtcpM2p8/zovQtL29hXs7aZrXpmLT1VAV22oVxCVt33X/mqSvdJ1rJSm4bfsm75PvZefb5Nmn5IbYAD5pDls6vxajtRCxyWKBiDOufoqwNCKTKE1k10ofWxiextdDflsiNqfDy7Z1kuEWmkRyVeX23ru99PFYrslr8l6572Ci3X5fjd7SOcKc3B5oAaH5+vXrrF8A4JH5/v37dXLX0vpPnfy3zSTmhuTc3W5oLunDKqrNY5OILX5mF6sPhtQPGXrG6K0V6WmL3ytEb7m6Vfu9LSI0vTYmNsV7N4djmt+/f9/9QwGehYuTBjLbDWmdZxebrfscakbN63I+iMcm5lqxCea1TiWXRGNpCVVYdEjOTw4x9TNzu4vY7xPvncMxzZcvX+7+oQDPwod3qMjtfGGqBKTJs8PzzeqiN3NYXs/reuiHphGTfo59ra6dN70ey1A1HMc8tnAemy4e+FP5a1MJurl/K+/dHI5pfv36dfcPBXgWfvz4cdkDMrtwhGORSNu6Kk7aV9Kapm8vL6H5xaIfliaVBuEpOsFvhqIiKBff5+S9plWSxyYJujFJ12mTe5NV0bPLq86cX5vDMSweAExQyx/7pdiCdyMJ+fMPLQ5Hq65zddsOTc5FfJIlJi1EeBp52VVReS3KyUexVauV69br0Kr12tWrlXOmhXui5Cqby6Y7fuTKqP5TaHOC2AAmeJGo5hbpHnao6b2rbBOheh9aONeITqQlVQmxIH5YFRV02CmiWi5dJ03Etlq5er12TpoIbbUKr4dk3Ri12dKqYYU1LXwXcom4Dyg1AbEBTLBcLq+3Kmon/2NybBCUCE7lJa2qQhRVx6FpHaOrkMAbKw8OxBblI+/V4WUn31ujs/W6F5rktkmLCby2KH5I65iaP5uS2YNUHAwfT60owA3rRXMF8LoLrm4iqWVVsQhei95rrUSQa9rrLh+2VlQenyboLmKSrkRmUoEgQ1ON1HSuzdaKplKbEtlEakfKHHWiAhEbwAku2gU2t8Gkik2kIoKKc2Nhdw8Zbuo8WZz0DzKTiEulprludhddjbji4oOTRYPl8qAFmdkhaLo3W05qTxKhpSA2gFvPsyVyC3lrma3Ag9C0j2Ia9mPT0iuVmt2PTYhJuZrGUcWhZpCaLhTo8DNKbdh00kjt6AdenkRkKYgN4M5iO1gl1SoEjd5keCpC0sjMDFOHonmN1ozYdLVVc9I6La8SQarMTKQ2DD81WhtLxh0TGGIDeG4aEcElTC0k2JVSG73FHDZbZqXHbuQ3D0LTRNvG7LdmFwmSxYKj3zzQZ53iwcXG4gHAvX6pKimtOvqVKvvze5qUa/tUavZ5WhKlQ8sm+Y2DJEo72gp8onLgo8z1C1UCERvALRN107ghNywVuWSGp0eiS388OalokPmxoSSq7vPaRFxDSVW6BfhUPeg5PHDUhtgAblkzmr4vNyyN1QcHhe1aD2qis6Nfgk+kaasaOlNvanfEPbjn1M4cTwxDUYAzueqfSrJtuD+1bZDt0x1DlLRawI/UesYKgtEV0Dn/I7jW5yM2gDuS+3NLJDcquNwcncWKqvpAfScRGwBchak5OO3HZJb7001LoYRzk24LArEBPIvkpo6VqUjMP1eS7SUgNoBnGq7+L/7zyMyC2AAenWv8ifrPITSFdA+AR+eTSekaxJ3jAADKAbEBQHEgNgAoDsQGAMWB2ACgOBAbABQHYgOA4kBsAFAciA0AigOxAUBxIDYAKA7EBgDFgdgAoDgQGwAUB2IDgOJAbABQHIgNAFxp/AX/qdllPni50AAAAABJRU5ErkJggg==""}}]}, {""role"": ""assistant"", ""content"": ""0.61""}, {""role"": ""user"", ""content"": [{""type"": ""text"", ""text"": ""\nYou are given both an image and a text-based representation of the same stimulus. \nIn both, a red dot appears on a horizontal line\nThe left end of the line corresponds to 0.0, and the right end to 1.0.\n\nText representation (the dot is marked as \""\""O\""\""):\n|-------------=---.-------O---.-----~----|\n\n\nEstimate the horizontal position of the **center** of the red dot as a decimal number between 0 and 1.\nDo not explain. Only output the final answer as a number between 0 and 1:\nFinal Answer:\n""}, {""type"": ""image_url"", ""image_url"": {""url"": ""data:image/png;base64,iVBORw0KGgoAAAANSUhEUgAAATYAAABNCAYAAAAsLkgfAAAIlElEQVR4nO2dYVLbSBBGR5LBJlcguf/fnCSXSLgCYGxLW994WmmJkcDYLM7ovaqukWxjvFT8tkc9Paq6rusCAEBB1F/9AQAALg1iA4DiQGwAUByIDQCKA7EBQHEgNgAoDsQGAMWB2ACgOBAbABQHYgOA4kBsAFAciA0AigOxAUBxIDYAKA7EBgDFgdgAoDgQGwAUB2IDgOJAbABQHKuv/gAAV8clbwNSVZd7L3g3iA1gSmg5weUey8nLHnvv6+GiVNylChaN/+efO556fkpUY2nNPTf1GJwNYoNlMicxjRb+fA4TVG7MyW1OgHA2TEVhWcwJrW2HUstFjrHEvMymzvVeczJDdGeB2OCq+ZQJhRNaNRaXyW1q9D8vxsKq69eC84/rx3MC9Jj4PkiFFBEbLExsuemmiWsiKn8+VQxI8uq8xDT6Y/+aXNh7vZXNvUGF2BAbFCy2qaqmi/j+JrDDIQSFzg+H/rxL5/E14ylpVf0VlYlM8tLYNMPzCdFNCs6DrE6C4gFcLS8vL5+aqQ0yMRPZfn881rjf/5WdPe/FaLKxLCyJrPNjileis2MvRPGW4N7J7e1tWDJkbHC1HCSSc5mqePopphdZim63C9VudxSdPabX+QJDEpBNP01k3Wo1eTyQnxPd5LU5QbZ2MogNrpa9pHLpCmgSUzXK0nqxvbxEocVwxya4wbU2E5vLwqLIkszieHNzFFp6PI4Smo2WySlyU1MDuZ0EYoOrZSehXLICqnE89dRoIjOZbbeh1uhDz9k01RURlK1FiUlsJrUks1ajj/Scl1w/VZ3K3gRSOxnEBuWKbaIC2gstSS3sdqGWuLbbo9S229Cl0c71mhh2zS1lbFFsLlszmWlsb29jRKnpWFKzcxNcyt76rC1XVBDI7SQoHsBV8vv37/PfJCc2q36mwoBlacrQosien0Pz/BxqHz6D80UEn7E1zVFmJjSN63U4SGTr9V/JWUhsbpray+2CWduPHz/CUiFjg7IqolOdBRajbE1hUjORdU9PoX56Cs3TU+ien0NQ6HnL2mw6axmbpKZsbbWKIpPADpLZy8tx3O2i5Nr9PrRaPuIiCk2S0/FcMcEgc3sXiA2ukq2mf5e8vmbXxUxqqRjQS01hMktjeHwM4ekpZnESW9BrbTrqMrbWxGZSU0hqu1047PexuiuhtW3bh8QY5SappWt+ryqlc90JMAtig2UUDnwngS3rsGnodhunn41lZ5LZ4+MxdKxI1926jNisaKAMrc/M2jYcum4Yql3oZ0ZhnzEuBFYgtrNBbFDmGrbx7hyjamitjC0VDTpNe11Idm0qHFQ2PVXGlsQWsz0nNqtyKgNru+4YyuSqKhzqOhya5hiSn6SXMrPWt1f5z+ynowK5nczq+/fvp/8UwCfz8+fPy1xjy/SDjlun+ulpmqJ2aTFul6arcZQA/Zo2+z3K2ExyaU1alFx6jzYzDbWpqEbf0vVKYG6tXM8Jgvu+4O/26uHh4as/A8Arzi7Wj3s63U4ecQrod/awKaEdWw+pG2e3MPK9p/bQaBePceN7nMK6iufsf61v3zrh7/Kw4O/26v7+/qs/A8DldqhwmdSr8xR67/j+br1YPE/Tv6ppQpWyLx0HH1a9VIYlfOfAatW/vtKxW8rRH7vX6XfYwtxqrrVq+Id595/ifsHf7dWfP3+++jMAvOLXr1+Xv8aWkBrqVCWtdb1ttQr1zU287qaobm5CdXs7bIS3nT0kFpvGCkkpLdmo1usQ1us4WtTrdVzHFkON6Yq0hm2wjs23V5lk44f9+Dq2Pwv+blM8gKuk0Rf8s5Z7KENLWaFkVXddaBRtG6O2SM/F11kGZ1XRJLaYdSkDS2KLIttsQnd3F+pv30JzdxfCZhOCRi87idTE5ncA8Z0H8RdQNPgIiA2ukhtlNJfeKVcykpwkt5Qh1VU1iCZFPNfzijSVjFmcCgg+Y0vTVT1Xpy4DE1tjQttsQrXZRKHF5SApa/M7fwz2bGOZx9kgNrhK1prWfUbngVvyEYWkaWjT/I26jtmijhs9p0jSiv2kJjZ77yS+OLVMYlNmJqFVXmibzbB3VOGv3Y17RAUdBx+GXlEot190qlfUyy0t1I0dCGlnj8baq/yoNW0mNr+7hzXAu6b31kS22cSWqs5lav0uH2kK2r0ltQ8K7ceC+0QFGRtcLWfvAjsWm3AbTPYN7Skzi9fJdO3LMjTJTNfENEp61rEwytis8lmnrK0vHqRja3yPu3v4KahVRX2FVrCjx9kgNljOdTaN7q5TfeZmUlM2liqiEluUk2VqJrbRfmyD5R5JisrKTGyxQDCXqaUsbdCBgNDOBrFBuWKbud7WZ20aJTZlYSY3CcwKBRKUtVG5pR9GXP+WCgj9JpNJZpLkqx10ndQGd7Q6vtlwhA+D2OBqWUkE55LrEMg1xqcpaczeJDFJTiJTIcC2Dh/f0EVY1uUW5o53yu3F5m7oMim18TF8CIoHsIw7VWVu6tIvAbH1baPe0T5D81uC+5u5CLuRi0lrfE+Dia2/By1WFxba7cLvUCUQG5S7y8fUfUVtzFVL/S4gTnSDmyfn7ivqb6/nRZZbo/aeXTvOkFxzicXN/zhMReGqOeuu5rmfnWiMj7LxO21YP6gXXq4BftR3agIb9H7qPNcQP/UZ4WzI2ODq+ZR/ouk9o9hyi3jHx+MpaKa5PnuH90wngd/V46r+R1AQiA2WxSnT07e2KhJeUm+Ff72BiD4FxAbLZmpJiI254xxjec0t4UBmnw5iAxDjr8FYcrnXeHLiIjv7MhAbwHsl9x5y8kJo/zuIDWCOj349kNmXwnIPgDkQ1D9JWikIAFAOiA0AigOxAUBxIDYAKA7EBgDFgdgAoDgQGwAUB2IDgOJAbABQHIgNAIoDsQFAcSA2ACgOxAYAxYHYAKA4EBsAFAdiA4DiQGwAEErjP5FJi7ZzfsrhAAAAAElFTkSuQmCC""}}]}, {""role"": ""assistant"", ""content"": ""0.69""}, {""role"": ""user"", ""content"": [{""type"": ""text"", ""text"": ""\nYou are given both an image and a text-based representation of the same stimulus. \nIn both, a red dot appears on a horizontal line\nThe left end of the line corresponds to 0.0, and the right end to 1.0.\n\nText representation (the dot is marked as \""\""O\""\""):\n|.---~------~----------=O-----------~----|\n\n\nEstimate the horizontal position of the **center** of the red dot as a decimal number between 0 and 1.\nDo not explain. Only output the final answer as a number between 0 and 1:\nFinal Answer:\n""}, {""type"": ""image_url"", ""image_url"": {""url"": ""data:image/png;base64,iVBORw0KGgoAAAANSUhEUgAAATYAAABNCAYAAAAsLkgfAAAIiklEQVR4nO2df3LaTAxA/YOE3KHt/f/tSXqJtmdoAgF/IyE5QlmgX+yMzfa9Gc0aFxbagVetd7Vuh2EYGgCAiuiW/gAAAHOD2ACgOhAbAFQHYgOA6kBsAFAdiA0AqgOxAUB1IDYAqA7EBgDVgdgAoDoQGwBUB2IDgOpAbABQHYgNAKoDsQFAdSA2AKgOxAYA1YHYAKA6EBsAVMdm6Q8AMAtz3bqjbefpBxYFsUFdMvvbcyWBybn8XER3l7TcpQrujviVvXV87evt0oryKp0rPYZVg9jgPshf0yiuLLHSuRJRYpeOY5tfB6sFscE6uTakzAK7FSWyyK5Ffv6lvmA1IDaYjU/5KqXhZVsS1/H4/jieu3TdrOve5OXH8ZzFcEly+fgDtEjxU2DyANYpttL1siwreRzDzrX5XJRblFPXNYOLrO/fxBbDxSbH/rooOel3gpwQ2+eA2GB5sd0adgax6XuYtFRgh8Pp8eEwPh7Cec3w5HHsOmZpEn1/EpzITcKFV5Dc1WGqg6wWh6EozMJut5uno9J1NMu8VFzy2KUlrUX7+npq4zmXXh6OShbmIhOJSbvZnFqL8TiKLw9Xra+r19/+gsfHx2n/ZvAOMjaYhYNIZCrXJgVihhYEJkKTGPb70zkRnJ/zLM7lJoShpctrEKltNie5ueD8XBRdzuCsvznkBvOC2GAWXkUoc2ZqaULApeby0gxNWhFaDDvngnt3rc2zNRGbSUzbh4e3EKF5GwR3lsXdyt5gURAbzMJeZDKVlKWdTQJEqWWZ7XZNt9uNx1Fy45DVhDmY2DQ8QzOhHR8fT8feWoySs0yuODQVENtqQGywvNhKQ9AgtXHY6bLa708is+heXprB5fby0nTyWeSan113a0pis0ztGKTmoWKz48YfxywuZ25xYkFAbovD5AFM5ufPn9M6yGK7lqlZRiYykxCR9XY8hkvOhqzFjK3vVWrHKLXttjlst82w3Y6P5dgzOJWcDU/fyW3itbZv375N+zeEM8jYYLkZ0bxWLYvNs604/DRpdc/PJ4k9PzeDHD8/q+CGl5emkZDn+LW2gtiOlq0dTGwiNBXb05O2R2n3++ZoExMqN+lLsrgot0tZm0DmthiIDSbzIiKZShRbWJPmEwU6IWDDTheaykzE9uePto2FZHE6FJXMLoptGE5SC2JTuVmmJlI77PcaIjSNw0FbXx8nM60yJB0nFXzZSJ5IgEVBbLD8xEFesxbXqMUhqF9DM6H1f/40jUUrQvNWhqi7nV53G0oZm81wjsNQEZkI7fVVl61oHI8aR5FhjFDhoMciNem/NByFxUBssOwatkvX1+KaNMm8QsY2Djc9Q3t+bo4iNRPb+BwZQvo1Nqs+0DVsvsTDMzIRmElM/iYabauh2Z3JStqxaiF+7jwcFZDbomy+fv267CeAu+f79+/zrl0L1QNx8iBGXO6hmZlFE1ufRQ1i0/Vr9niIWZxlcjpEjSFZnb2nPNbXSsRlHvHvE8/9D7nxO5yXze/fv2fuEv41Jk2sl0qo0k4ePgwcd/bwYWA41sfeushyROLzUx/xvMvWP8N4ra5UHREzudJuvFfgdzgvmy9fvszcJfxrfHiHiiiD2J46HaP194jn4nHXaUi2pOdz6VPuN8xmjq/z49h/etz6ULTweaZuacTvcF42v379mrlL+Nf48ePHx18cMzURQcysvAJhs2k6ycL6vunkOMbDw9t6NS+Etz5HOYXJA5WUrUFrbW1a6/HwoP2dlVbFNWuxrCpGnBn94DU2fofzwuQBTKaXH/Xcs6I5Y7MtiCS647HpJYZB207OeXgGZ+VPXlbl76FZl0jNxKYis4W43Xbb9E9PTSOx3Wq0dl7Wsbn0dLlHrEIoTR7AoiA2mMyD/NDnXscWllH4MFCORVxyeV6jbRtRai/nJTyjkywuVh6k3T1UavJcz8xk8a1IzWQmYmufnppOFulayHl/3tk6tlL1ASwOYoPJbOXH/lmVByYPl5EKKUqs75veMi9tJbOyWtIui83EI69XIcUMTIaiIUNToVnrQpP2rPLAF+hSL7o6qBWF5etFb9WKWuG7SioUvmutqCzUjSVWXnLlz/cqBt+yKNaKhuoDrxc9mMRUakFoKjUX4aWSKuEDWRt1ovNDxgazMGkX2Fu7e4jY7HqZTCSIYHS4aRf9VWSSabn0fI2brYHLGZtf7JdsT/qSPtvQnw5PRWxe+O5F8Hn7IrK11YLYYJ3X2eJ+bCIRryAQAYm0goi0MsFLrjxTC8PQothcbiYrl9vZrGjejy1kanFrcaS2PhAbrENsl6oQPGsToXgVgi3x0OGpiC1vPhnvgZDueeCTEDJzOu6ea20bNp4cJwdim5d45Nv1nd5g2r8DzAJig1nYyI//s+55kO9KFbM3P85C891z07bgOWuTyQgX21hDeuvmLpd2z40tLAqTB7CuO1Vdkdt4K710Q5ezzSjz7fh8wW+qPoi31/MbtcRtiMabt8Q7WV27DR93qFoVZGyw/ELd0v+t8ZZ5LjQ/J+/jWxvlnXZTfehYX+rYzGgsvRoX7UbZle4rWpKa9XkGWdviIDZYvma09Lp8zc1qPsesLQiuKLN8P9GQscWqBr8T/FgnmmtOw3MuCg2RrQ6GojArs36dCgt4VSFRWvE6XBZaztacS0PJPBng8ssym2n77w//RwA3QWywTvLXsrS90aWIf577KmVbpUzsWmbG0HP1IDa4D3L2ltsr+7q9o5Rx3dp6CJndFYgN6srkrj3nlqBuyQuZ3Q2IDe6TSzOpH+WStJDZXYLYoA7m+hojsipguQfUAUKCQLrNDgDA/YPYAKA6EBsAVAdiA4DqQGwAUB2IDQCqA7EBQHUgNgCoDsQGANWB2ACgOhAbAFQHYgOA6kBsAFAdiA0AqgOxAUB1IDYAqA7EBgBNbfwHpukVnIP1gA0AAAAASUVORK5CYII=""}}]}, {""role"": ""assistant"", ""content"": ""0.54""}, {""role"": ""user"", ""content"": [{""type"": ""text"", ""text"": ""\nYou are given both an image and a text-based representation of the same stimulus. \nIn both, a red dot appears on a horizontal line\nThe left end of the line corresponds to 0.0, and the right end to 1.0.\n\nText representation (the dot is marked as \""\""O\""\""):\n|----------~----O-=-- -------.-----------|\n\n\nEstimate the horizontal position of the **center** of the red dot as a decimal number between 0 and 1.\nDo not explain. Only output the final answer as a number between 0 and 1:\nFinal Answer:\n""}, {""type"": ""image_url"", ""image_url"": {""url"": ""data:image/png;base64,iVBORw0KGgoAAAANSUhEUgAAATYAAABNCAYAAAAsLkgfAAAIs0lEQVR4nO2d7XLaPBBGbUMg99D2/v/2SnoTbW8hX3y48yi7yqLYTmMggOacGY0EsQ1vmvfMSqu1277v+wYAoCK6S38BAIBTg9gAoDoQGwBUB2IDgOpAbABQHYgNAKoDsQFAdSA2AKgOxAYA1YHYAKA6EBsAVAdiA4DqQGwAUB2IDQCqA7EBQHUgNgCoDsQGANWB2ACgOhAbAFTH8tJfAGZwisdUtO0pvgnAVYLYblVmU3LTz8bE5e/H85EcVEbLU6puUGbx/bFxKa0or7Hx0GuAG4SI7VaEFqU2NB46rxRbKbkhqZXXQHRwgxCx3UJ0FgW23x++Nya5IamNtfLY8vwxkB5cKYjtCE7+qyummm2UVxSaj8ckV4qn694kNja2lq8wFdUdQYsM4QtgKnotYhuK0KLIXGK73cG4LQXn1yijsq5reokstig369MVhiI5Hx+ZdEBs8BUgtkuJbWwdLbTepSWBudwkNr02wfXq7bgc4TmSmUtrschC631sfT7GJWfnJuZMVZEXXBimojN5eXk5X6QmSbnIXGwmtGa7zeN2u80RXD7erxUjNQnMmo8P3nPJ+fFT63BDYvukyFar1Wl+dwAjELHNZCehnElqWVRRYBKatd76ZrPJ0lPkdhCx+ZpZFNly2fTW0nsal6LTOTF6+0yyYeg1wAVAbDPZSizHUO5Ji+tmMUqTxCSwzeZVbC8v6XVuHrXFtbdSbEFo/d3du94ll6M3X48bWIOb3D5SjgEuBGKbyUayOZYQqaVoy+UUozQXmIRmrXO5ee/T07jOZlJLzUUW2n61envt0ovRW0gyvJPcWPRWjgEuBGK7lNhGMp8xSktyc5E9P6emcf/09Pqe/UzHp1ZEbBJSjNSSzFar1HvTa/18r8itFFyZRS3FFhMMyA2uCJIHM/j9+/dp19bKJEGcakpm1tqnp2YhqZnY0vvqQ9SWIjbhEZvJKstsvX5tq1WzW6/fRBejN5++FtnTyT1w9pkH/QQ/fvw47ncIMAER21dnRCcSBh555bW0ILUks8fH12jt8bFZPD+nsSI6iVByy9cpxCZpucgktdTf3ze7l5csuXdyszW33Ib2vw1FbERucAUgthk8Pz8ff5GhrR1BamkK6kJzmUls1jeS2tNTkl/KjkpuvqctiG1fRGs7E9pus8ktyW27zQJM0ZoEV24TGdvcOyY2gAuB2C6ZOLA1sby1w9fW4pqapp8us4eHpnl8bNqHhzQtbTXWcZtN06t58iFGbJ4skLwkMQlsu03bVXLb71Pba9uINv3qHPU2JT0QW9jvhtjgWkFsX72HbWh9LW6+9WmleiUKFJGpeYT29NTsXWoWzfU2HT3Yy+Ybc/W+EgQSl1rfN1Kfmv4rdm372uy9pEUdo8oHSS1+T13PN/9OiQ25wYVZfv/+/dLf4eb4+fPnvBNjniYWspelUp7ljFs+fHOuZGcRmqarqbfXvuUjIbko0rLXXk2QMqUWge19qupjNROW+pQV1TXLaMzX1vy9GWts/N3BOVn+/fv3rB9QIyerES33sVl9qFo7VDOq6aFeh3EWY2zCZRPEmc+zlq8Zzw3fwb9rHo/dWqnEhTbxe+LvDs7J8tu3b2f9gBqZfYcKn8YV1QFx3Pr1Q0uvLZJqrfk4Twl9mvj2Jd8t9Lehz9fUuEgGpJ+HmtGDzxkrs/pkxMbfHZyT5Z8/f876ATXy69ev06yxeXTlryWdxaLpLBOpvlsum+7uLq27qW+9xUqDKJ9iKtpqnczOaVart/N1zVhapeNi8zKrsW0fY2VWsZ+Avzs4JyQPZrDQ/+DHEBb483aPGLFZplSt2++bxW7XLNTb667vm65tU0sRnL6PZOXVB8KjruXyVWSrVdNpQ+79fWoaL+7vm2a9zi0dY9UIkmgUW976MbXVwz4X4NIgthncKfo5hqFbFPn00qeJJi4t06fWts1CreuaTk2RnJqiMG0P8T1wMWLT9SQ2O66X2ExuSWrW2vU6ic73u0mSfSm2WIHwP9NQgAuC2GawVoRzisRBzIz6lg9NH9VsDS1JLExLFS0qmkqlVRKS9rppmuolVX5NE1vncpKo9L0lLpNZa5FbLrWKhfFWO9pMlVVRcQBXCrWiX10vOlZSVWz3iHf08JpQbcZNQvMyK6sTzbWiavHuHr61I5RVRYmlWtEQqXlBvEvtYPo5Fq3NkBp1onBuiNhmMvsusGPPNijvwWZTSEVaKWkgsdkaWBKaSy9KzSM2x4Vk09acPFCvZkXwqTJBMisSCe/KqD6qNCBSgysBsV3DOpuXVXnkJqmpl4QkLpeRxpp+xptNhjvresIh4zIyUXkWNF3LhBmjtHhn3ZgFzc9EGIrWBEKDKwOxXUJsU1Gb35NNvbKcJrdcID8kNLuLbl5fs+vn/W7lDSctU3ow7Syyn+VzED5MFCA3uCIQ20yWEsExjK21xUypPkPCknx8qhlvbRQf7uLnhDW23ExWSXDlMw8GtnMcTEH/J/uJ1ODKIHlwySdVTURu724VXiYY4pOrPMory55CfeiBtGJiIN4p14/56EEufu0Z8IQq+AqI2L56o+5YvWWUkkdeun58apXLLUxXY3v3XFFJrSiJSpt2bTuJy+zgmQZTUdqUzIja4IpAbF9dMzp0Tik3ycUTCjZ+dzeQeC+3sSfBx7rTkAQoaz9zraiJcHTqibzgRmAqeiQn+/WVj+Mr7vAxmGgYet+vESU09BCWkalmFps4ceZz9s0DAD4JYrsGpqan3o+tx5U/G+Kju3H8b3SGmOBGQGzXxNT9zoZk5/3YeUMR15TEyHZCJSC2Wxfd0HFDjE0ricygQhDbLTD0T3TMPxsyg8pBbLfIKf7JEBlUDNs9bhGkBDBJeNwQAEAdIDYAqA7EBgDVgdgAoDoQGwBUB2IDgOpAbABQHYgNAKoDsQFAdSA2AKgOxAYA1YHYAKA6EBsAVAdiA4DqQGwAUB2IDQCqA7EBQFMb/wCp3rrC7i21WwAAAABJRU5ErkJggg==""}}]}, {""role"": ""assistant"", ""content"": ""0.46""}, {""role"": ""user"", ""content"": [{""type"": ""text"", ""text"": ""\nYou are given both an image and a text-based representation of the same stimulus. \nIn both, a red dot appears on a horizontal line\nThe left end of the line corresponds to 0.0, and the right end to 1.0.\n\nText representation (the dot is marked as \""\""O\""\""):\n|------- ---.-O-=-----------=------------|\n\n\nEstimate the horizontal position of the **center** of the red dot as a decimal number between 0 and 1.\nDo not explain. Only output the final answer as a number between 0 and 1:\nFinal Answer:\n""}, {""type"": ""image_url"", ""image_url"": {""url"": ""data:image/png;base64,iVBORw0KGgoAAAANSUhEUgAAATYAAABNCAYAAAAsLkgfAAAIlUlEQVR4nO2da3LTMBCA5Thtegfg/n85CZcArkDzNrObXXUj5LTk0Tia75vZkeI4jinlY/V0NwzDkAAAGmJ27xsAALg2iA0AmgOxAUBzIDYAaA7EBgDNgdgAoDkQGwA0B2IDgOZAbADQHIgNAJoDsQFAcyA2AGgOxAYAzYHYAKA5EBsANAdiA4DmQGwA0ByIDQCaA7EBQHPM730DcCbXeFRF113jTgAmB2J7ZJF95FhNXn4snovkoCE6nlI1ccq/Hn8dj9eORaK0vF47VtYBHhQytqkyJq6xevmZSCkzKWuCG/scwIOB2B4lM3ORvRc1XGSnws+Ln/lIsxZggtAUvYCr/+iKLK3z1/v9m7hq9XisJqMYs1m9tBhqorui0DrkCJ8AGdtUxHYqQ4sCi7HbHeTnr0u5FUIbXGS1iOeMZXJXkBJig88Asd1LbKeanhaDy8oFttsdYr9PndX1HD/m58fLljLr+zT0fa6rzLwez60JTijFhKhggtAUPZP1en2dC430oWVJeWbmUttuc73bbrPs9FjM2gRvXpZSm88PpUWsZ9GNya0U3Rk8Pz9f+lMDOAkZ25nsRCSXMjYw4NmXS80EJqXEIOVmo5JLfkzej01SwfvMgrwGkdp8fpBbrJeiK5qot2qaAtwCxHYmW5HKtfvUTEoqKM/CTFxabjbHsV4f3hPJhWZqVWxBZMPT0yGsnqzu59Waqx9umgJMAMR2JhuRyaWEZmO16WlSU4EFmc3ktcRq9XbcszrP2uTyNhggkjoS2vNz2od6FF2UXM7gatmb3jRSg2mC2O4ltrIZakJSMVk/mjY3N5s3kYnUVqs0rFZaitjkvSRhWV0qxSZhYtubxKT0ULFZXaUmr0NTNfa9HcntSv1tALeAwYMz+Pnz52UXGJvSEUY7Y5Nz5iJbLlMv9eXyEHZcxWdZm37erq/ZmohNpGZi01gstNwtFmmwuhxzyR01T8fk9tHVCyN8+/btsp8hwAnI2D5zRLQ2xcPD+8d8kCA0O7PElss0vL5q2b++pmG5TGm10pj5YIJfJ4hNpfb0lHYmtt3Li4pMxKaSk9ebzSGDc8GZ3FKUWznv7UK5AdwKxHYGK5HJpYRVBXmSbRj59CaoCy3L7PVVy2TRudzkfB9ECGLbu9hcahLrtUpNBLcToW23B7GJ5KxvT+Um92Fy0+xtbDABYGIgtnsPHPjSKZ9kG7I171PrRWoiMJfZnz+p83K51L62Yb1Og2dtPsHX+9hiM1Riu007id3uKPb7vU46Hmzir07+tZBj1SapgNxgYiC2e8xhq0zxyBmbZF42ECAZmMpKwgYJRGJ762+T0OapSM/EptleyNjyVA/JykReEsOgIX+KHJLdWQhS6l3W1quWzVEBucGEmH/9+vXe9/BwfP/+/TpbEZV9bD5dI85Js6kfGjY510ObjCY+lZrIL85lk2zNXg9hXpuOkvZ92seQrM7qyco8zcPn7MUNKiUumNfG7x3ckvnv379v+gUtcvFAcmUQwXUwWOhrH90s6vr90mQ8tVBekFJE483JUOZ1qNb8jAvpq+/XIm5tVNuV9wT83sEtmX/58uWmX9AiZ+9QUUrg7YI55Np6/bAgvfNO+77Xeuf1uMZTwmXkwvFrWL+YXsdKrdv7+n2heen34Dt95Pv5yNrRD/5s+L2DWzL/9evXTb+gRX78+HHdeWxBDjKQMLNMaSax26XZ05P2u0nZPT+/jZz6vDUfWXVBhaaoCmw+T52MbspnPeSa5aqDGOXi+HK6h4fe9P+PjvJ7B7eEwYMz6OUf+TWIo6IiI8ueNKw5KurohyH1+72GSC+GnmtZWV4Y72tOrT+tM7GpyCReXtJssUj9y0tKHotF6haLfI5L72i6x3sTdQEmAmI7gyf5x35tsfmuHt7EnM3SzKPrNHoLf63vibQkJAuLo6KWwfn1cnZmk3D7xSJLTYXmk3VlaZVM0rVzVWxSLzO3cmkVwIRAbGewECncYrdcHwUVUVmmNRMpSYjE+l6zRZFZL+9ZFiZSisuqYlNUPufNSxWVhcgsCy0sszpaViXnnlpWVRMbkoMJwFrRKawX9dIXwYcVCDqvzXf0sMm6ea1oWC/qWxhFsR1N7ZDF7x6+CsGWTx0tiLc+t+SlbUx5zSVVrBOFW0PGds9dYCuL4X3bIZ+3JoLRQQOLnKVZ1uXCO1oEH0dHLWOTLM8HEXzwoAsyy7t7+B5tIkQXW9yb7dTGkwATAbFNoZ/NRkOPdtAVQYl8RFYutjCaqU1Jz9TCnmx5d49yuoc1YYdCknlUNIyM+vbh/+zHxrZF8CAgtomILdfDonjN3iTLkszNsy0Jl5nIzaQWn4WQsz+fp2brRbVZagKT/rsjmRVTPPJgwVjzk341mDCI7UzmIoJrMLLMKj5WTySUN5+0/i/vf/Mtw6sPdIkTb2101Ded9MysFNo/GRrPPYAHhMGDKTyp6r2twr1pGnbXjc9COJJa+Qg+f1aoP4GqfEqVH4uP43vvMXwXSI0nVMFnQMZ2z4m6tf9T/JhIpZjfptKS0qaExIXyRw9PLh7mEpdMadbmy7Ls2D99aGWG9p7QyNpgYiC2ez7VvPb5ILs8oBCXSZnYjp6REDM1XwDvE3SDnFxgvmY0rw0NEtNz/N7GRj4RGUwcmqIXcrMfn+/4UdtVoxRZ7Fcr76e2eL3Wb+ZiO5WdXSi0i/8jAPggiG1q1J6LEMtSYrWIlLtwXGOnDgQFE4em6NR4TxreVCxFVpa1a45J7JTMkBg8IGRsj0I5LaRWlvVT0kJm0DCIrZWmau28/2lKIjNoCMT2qFz614bIoGHoY3tUEBPAKNYTDQDQDogNAJoDsQFAcyA2AGgOxAYAzYHYAKA5EBsANAdiA4DmQGwA0ByIDQCaA7EBQHMgNgBoDsQGAM2B2ACgORAbADQHYgOA5kBsAJBa4y9D9omm4D6++wAAAABJRU5ErkJggg==""}}]}, {""role"": ""assistant"", ""content"": ""0.41""}, {""role"": ""user"", ""content"": [{""type"": ""text"", ""text"": ""\nYou are given both an image and a text-based representation of the same stimulus. \nIn both, a red dot appears on a horizontal line\nThe left end of the line corresponds to 0.0, and the right end to 1.0.\n\nText representation (the dot is marked as \""\""O\""\""):\n|--.---------O--=--~------------.------- |\n\n\nEstimate the horizontal position of the **center** of the red dot as a decimal number between 0 and 1.\nDo not explain. Only output the final answer as a number between 0 and 1:\nFinal Answer:\n""}, {""type"": ""image_url"", ""image_url"": {""url"": ""data:image/png;base64,iVBORw0KGgoAAAANSUhEUgAAATYAAABNCAYAAAAsLkgfAAAIfElEQVR4nO2da3LbuBJGQephew1J9v83K8kmkqzBlmyJtz4IjbRg0M5IdKwLnFPVBYqWKFnjnOnGi8M0TVMAAGiI8bM/AADA0iA2AGgOxAYAzYHYAKA5EBsANAdiA4DmQGwA0ByIDQCaA7EBQHMgNgBoDsQGAM2B2ACgORAbADQHYgOA5kBsANAciA0AmgOxAUBzIDYAaI71Z38AKHhvp/Zh+FefBOD/FsT2WVx6q4na65AdwBmI7V9SSum9xzW8xOzYvw7JAYSBu1R9MHPy8ud1XD5+T2Zl+9YxQGeQsX0UNVH5tjyuCc/jRVYelxLTY7sOgoMOIWNbitrXOCew96KGl9h74Z9fXgOgA7rP2Bb3eiGyqJLj8XROrc7PtXNyK8U1jn9aO3bnJ9/35kW30O86IEi4cRDbUmKbKzdLgVVi8I/fEts4hslkZrFa/TnW6/WcWhbnJXcliA1uHcS21LSLGaHF65vADofTsdrD4SS0wyFMdt4kV4xyZlE5kU1qXbwSns/kyhLVg6SgQbruY9vv98tcyGdZLusycZnMotgULy+nY2u96CyMJKUoLpOY2vU6t/GcWi++OcHZNa9ku91efQ2Aj6LrjO0goVzD3MCAz75KkaWYnp9jq3P288nLzTCpWZYmoaWIx5vNn+MkuSy/t+SWrg3QIl2L7UVSuZTaPLSy30yiMnGplcxmIgrOlaT5+i77Monldrs9HW82IVQEl8vVvy1LARqha7E9SyhLZWx+EMBKS5OaCWy/zzGqtXMpe4vP1+tcaSupxZCovNC223DU47u7P4JLbZabK0+jHBEbdAJiW0hquTWhqbVszESm2O3CuNuFSed2uyw5K0lz1laKLWVqJrOjxKZ2v89yO+q9fBZn/XC+LEVu0AHdDh78/Plz2b41P0hgmZrP0JLQJLbV01N+HEM/t6zO+tm82NLgQJSZxf19FNvh/j5M6Vhh2dxZeTrX33al2L59+3b5dwjwgXSbsV08Ijo3T82VoGd9aSYvySzFlNqVMrenp5jRxazOsjYTWxo4kNiOSWyHJLDDfh/ldnh5CcciNAhhEctRP2Jq00YEAwnQKN2KbbfbXXeBQmxnUzmsBPVZ2ePjSWaPj1FmaoOk9vQUM7oot+fnMJalqKRmYpPUdruYpUloMY7HOLp7PB5PMU0x4hw6yU2Zm67p57rNrTEFaIRuxbbIwEE5+dbE5krQwbKzx8eTzFIMCklNkfraNAUkZlkKy9jS6GbsX3t+PpWgSWKHaQqasBJjGGKriSJSonoYLOJn9FNAEBs0Trdiu3gOW1mK+jLUjYKObtBgUnboQjI7mtSUyaXBBGVscS5bIbYoJZWYElqS13EYwnEcw2G1OouY3SWB6edn60YVlrUJ5AaNsv769Wvoke/fv1+/hMpKRrd6IK8wcJNv/cRcSS9KSq3kV7Q587O1nSop04TdKDk9T6OdqS8t9qup9ZFEq+NX5ad99gUm6/b6twO3z/r379+hR65eI1oZRLD5Z1YC5vloviQsSsTY1hbMz+zdZs/P16j9PvpZKknzKX+t2n5tF3wfvf7twO2z/vLlS+iR/7xDhRdBTQ4uA9K14/Xd4vXBrePU8ZBKTGtjuNHQ3Lo1ov75gx2njMwf5/ewVQvl53lv992/pNe/Hbh91r9+/Qo98uPHj8te6DOpsrxLctI8tFFTLA6H2ObYbMK43Z7mqlnJquena2X5ecFJULrWZhMGLTy/uwuDxXYbr1curYpRLquqTdIVV/Sx9fq3A7dPt4MHK/1DvxS/k4dlRCYMueI08znHOE1hpdD76nG6oes4DGFM4opTPmxhvBPbkOQ0SGx3d2FME3Knh4cwPjyE1cNDCPf3p0jCM9lJpH5p1Vl/W/ygDBxAm3Qrto2ymqWWU0k8yr6KMlDHUV4W4xhWitUqjArL4jRSWlt5YBmbrm/ZmVYXJLGtJDOJ7eEhDPf3UXq2AiGuOlDY1kauLGU0FFqnW7Hd6R//taOi5ciojm0U1PWDnZWi63VYqd1swkqyckuqRhs5LcQWy1qJOGVilqFJZoMyN8msXFaV1paelaG1VQcIDhqk27WiF68XLUdFiwXw5VZFtoNHlFeaiKulVFloatO8t7OMzd7O7eyR14kmgcUlVcre7LHvb7MtjD5oATzrROGW6TZju2oX2HfWi55tKpk68+OggUIyUz+Y27ooSy1tOFlmbDHjShmfsjYbOLBBhLyNkX4f29rIBg8+YPE7wK3TtdgW62ez9aLlLh9ecBKXRGQZXLnZpCtDz8SmsH6yVMJKYnEwwfrd3F5sOVMrbvSS75sgkBo0DmJbavfcmW3Bh7ny1Ld+k0m/g67NP0t9dZaJWR+axPZqa3BXfr656B25QcN0Lba1RHApb6xAeHVbPS+4UnLFTV1ytuYzNjdJV1NDcqlpZae/ucuc1AQZG3RC14MHi9ypqrb8yd+lyt8HoXLHqupdqvx/En8/0dpdqvy5Wun5ASUod6iCW6frjO3iibq1qR9lW04HKW+M7EXm9mCbu6+ozYuLWVsaKfXLqM62JCp376gJjawNGqZ7sV10V/Paa2bkFoVUkVxVeF6I7r3yOk9XYmbRlSsf7HZ9/nMiMeiM7ktRsdhXUA4qpKVVrwYYajt5lOHxfW3lceXWenkPNnvtZ/+PAOAfg9iWovY1zpWowibh1oQ2J7a58M+x4/L1AB2B2D6Kv+mHs3ZOaJ63BFbrR0Nm0DGI7TMl99Zxjff2UUNmABHEdksl699CdgbwJojtM7nmq0dmALN0P93jU0FOAB9CmvAEANAOiA0AmgOxAUBzIDYAaA7EBgDNgdgAoDkQGwA0B2IDgOZAbADQHIgNAJoDsQFAcyA2AGgOxAYAzYHYAKA5EBsANAdiA4DmQGwAEFrjf2x+Ho4epb+CAAAAAElFTkSuQmCC""}}]}, {""role"": ""assistant"", ""content"": ""0.35""}, {""role"": ""user"", ""content"": [{""type"": ""text"", ""text"": ""\nYou are given both an image and a text-based representation of the same stimulus. \nIn both, a red dot appears on a horizontal line\nThe left end of the line corresponds to 0.0, and the right end to 1.0.\n\nText representation (the dot is marked as \""\""O\""\""):\n|----.-------------- --------O--=----~.--|\n\n\nEstimate the horizontal position of the **center** of the red dot as a decimal number between 0 and 1.\nDo not explain. Only output the final answer as a number between 0 and 1:\nFinal Answer:\n""}, {""type"": ""image_url"", ""image_url"": {""url"": ""data:image/png;base64,iVBORw0KGgoAAAANSUhEUgAAATYAAABNCAYAAAAsLkgfAAAIoElEQVR4nO2dW3LbOBBFAVIvryHJ/n+zkmwiyRbGlmQSUxfqhloI9LBFWUXgnqouUDRFs1LjM41Hgz6EEBwhhFRE9+wHIISQqaHYCCHVQbERQqqDYiOEVAfFRgipDoqNEFIdFBshpDooNkJIdVBshJDqoNgIIdVBsRFCqoNiI4RUB8VGCKkOio0QUh0UGyGkOig2Qkh1UGyEkOqg2Agh1UGxEUKqY/HsByCkKaZ+xYj3096vEig2Qr5aZiW5XRJeSV56Tr9HwZ3g+ZYqQh6E/dPS42vnzqHisgIrnSt9bhBmbIRMTS4s2147zsnlhVYD3ymJLmTnG4QZGyGP6mrm4tIYx3/PXRKbSqrrTsWWR349aFRwzNhIczzs/+VyX1+SlsrsXFuSW0lekJsKzrQhFxrQrG4C/MwESbGR5phcbOcyNCuvLPwwHD/rNfYeQGQVVGB9fxRbFukam9WF6bqkFBshtYvtUtczBBeMrLzKCyIbhoPQhuFwjcgtnsuytlDI0gLEplH4HENl5rMuqjIzQX0WjrGRptjtdtPe0HYhIaksQ1ORuff3w7FprehOuqQAmVoutcUitZBZQCvH8TOuxbHPMje5372sVis3F5ixkaYYIJEpKM1oZhmaSstDZvu9C9JGqeH4/f1wTuVWyNg0KwsqsuUytmG5PIhO2iQ9/O7OjMNNLLe5QLGRpniHVO4lX4uWdTut0KLA9vtj7Hbp2BnJnWRtKjbJ1KLIRGIxVquD0NDiuyK7KDe0XSFzUxqRG8VGmmIPmUw9A6pCKmRpSWa7neuk9dvtqeA0a5P7BBEbupYnUlut3AiZIdZrF5AFyucoN8gO9+lN1/TSeFvFUGykKSYRW2H2M2ZrIjaVVRIZpLbdurDduu7tLYoNP3MamrVZsclMJ6Q2irTG9TpFlBqO5btRcJCaZm19NoMKGuqScvKANMPv37/vv0lp0a2KTcbNNBPrRGgQWf/2FqWWAnKzmZsZZ0vZWt+7UcSGTG3cbKLUhs3GBRxLxOwNoZnbQiYVrNgmGmv78eOHmwPM2Egz3D0jWlqvZicLVGwQGsQmGRoivL7Gtn99jcduu42Ba9JYm2ZsIrYRYlsu3SDZ2rDbRZEN7+9uHIZDjGMMLB9BxqZjbi7P2hpb/kGxkWbYQiJTjq9lyzriZIFmagiRmsoMrfvvP+deX51/ezvKTcUmM7a4e5SaiA3Z2rDfR6FhVncYxxhRaiEcQp4jCm6UNXIym/rPJEKlMrNQbKQZJp04COE4caBja5Kt6Zgaup9RZiI0D6GhRWCsDZkcxt5ysZmJgyg2ZGgisiEEh6sG71OMuF6EiJGloMJVsdmqBECxEVIPk6xhy9at2W5opxkbBvYhK50ckHG2UWSG6JDFIWvb7VyADLOuqC7AhaRQbAV5jdI9HRaLQ8hxHIcTgankTp6vwUmExffv35/9DIR8CT9//rzvBqVaUO2KmrIpW2mg425BQ9avpVYmD9IYG4CcdD0bZATBYfxMYjwTTtpQkpg+87llHzdKbi6+WPz9+/fZz0DIlzDJAoBsF46oA2RZEvpZz9ljrSG152/ZukjPanczP3/yO7Lf6fA78912SzK78d9mLr5YfPv27dnPQMiXcPcOFXa3DHvsfby3zwrX42fJnryEHqfidS2DsvfTn8uyDW9aPcbPfbZWTZ8hyH3S88gzXqxAuPHfZi6+WPz58+fZz0DIl/Dr16/px9gESKaTbmm3WMTxttgilkvnEavVscxKu7AqNBUcgKRUZuu1c+t1bDU6rT7Q0ipTL5omDPozWxyVduT9AHPxBScPSDP0+GOfclYUopDB+ZgtSdcUsoLk+hBcjxay08DP8F1cL5lZHGPTkio5DzlFGUJkugD35cV1m43rX16cQ2w2B+mtVgfZLZdRoiGXXGktW8UTB4BiI82wRGYz9To2rRE1Xc3O+2NAqN7HiJ/xcwSyMc3iUHmgExEmY8PPo7BUbJAaZCah0otVCaZeNORbGVFshNTLGt26R1UeoFuplQfolmbRaytdUwhLF/LG75iMLcpRsy4RG1qVmd9sjkJDa4QWu6Z9YQPKfB1b5RUIrBUlTXF3vaj9c8l3yrVlVaYCIdWKmhKrVEeKbM2MublsV49UJ6oF8KhCkLpQzdTS7h92M8o+G2M7l619QGhzqRMFzNhIU0yyC+y53T1saZWMd8XuphzHLA1dT2RcKjUpgE/bg2tmJZLC95x2WU3oxAHEpzJLYusKEwalyoPKsjQLxUaaYvJxtmyxbhQUxscgKx1HU7mJ1LTsKmVruNZsMpkv94gTAmZmVT+nvdrMLrvFF7z4M6/pqxiKjTTFJGIr7aCLmc6sCiEu2YC47CRBFmlzSrOYNq1307IqM37mz3Q7NUsLpSzNt/fOUYqNNMUCsnngK/dOdvzA79JxNwjVjL+lXXOt2GzJk1nEG2VmXt5ykqVdewUfuHNsbY5w8oA0x6RvqrILdu2OH4Ua0jj2piLTY/tu0ezVealraRbd2nca5Es5wrVup/98N3ROb6gCzNhIc9y9UPfKe0XT+z1VbFpVgDE3Wyxv5WfvIzOjsSRK5JYW7V7K0OS77txY2h3F73ODYiPNcXfNaOn7edaWCU73RzuRmc3UsjfApzpPIzArtfRZniVla/b5fN1r1S7Brihpkof8Z29nSvWznTXNj/OXJGeF9f9MAOTH5trwQKH5GQqRYiNkCq51Ty9tU3RObNreOnaWH+fMUFCfhWIjZGry5SB5WzqXc2ngv9Fxs49AsRHyjCzu3DWWcwKjzK5CsRHyTMndAkX2YSg2Qr6az/7JUWY3w+UehHw1FNTDkXJ/QgipB4qNEFIdFBshpDooNkJIdVBshJDqoNgIIdVBsRFCqoNiI4RUB8VGCKkOio0QUh0UGyGkOig2Qkh1UGyEkOqg2Agh1UGxEUKqg2IjhFQHxUYIcbXxP4NOlatHaI8FAAAAAElFTkSuQmCC""}}]}, {""role"": ""assistant"", ""content"": ""0.38""}, {""role"": ""user"", ""content"": [{""type"": ""text"", ""text"": ""\nYou are given both an image and a text-based representation of the same stimulus. \nIn both, a red dot appears on a horizontal line\nThe left end of the line corresponds to 0.0, and the right end to 1.0.\n\nText representation (the dot is marked as \""\""O\""\""):\n|------. --------.------O ---------------|\n\n\nEstimate the horizontal position of the **center** of the red dot as a decimal number between 0 and 1.\nDo not explain. Only output the final answer as a number between 0 and 1:\nFinal Answer:\n""}, {""type"": ""image_url"", ""image_url"": {""url"": ""data:image/png;base64,iVBORw0KGgoAAAANSUhEUgAAATYAAABNCAYAAAAsLkgfAAAInElEQVR4nO2df1LbPBBAZTsQeoa29/+3J+klaI/QEJI4/mbXWn2LKgMtonHEezMayU5sUoa87uqXu2mapgAA0BD9pT8AAEBtEBsANAdiA4DmQGwA0ByIDQCaA7EBQHMgNgBoDsQGAM2B2ACgORAbADQHYgOA5kBsANAciA0AmgOxAUBzIDYAaA7EBgDNgdgAoDkQGwA0B2IDgObYXPoDAFSj1uM7uq7OfeBiIDZoT2Z/KzgTWn49ors6Op5SBVeL/9O1dulc3s5F5Y+X2s+dg9WB2KAdmUltpfR6SVC5yPLzpfeVjmFVIDa4bqG9puTXl6Tly3PnfO1BdKsCsUFV3vXPaZqC6qMkr/N5Ltb2tV3jycXlS98/OZ7+VHJ/SIcUq8PgAVyH2EpRmheYlHHUurNjez2P3HJpmcikLrSnTHS1BYfY6oPYYJ1iy+8T5aT3jzLrcqFJPY5hisfS7rz87FZ5dNb3s7ysDMPTY19eEpwHYV0MUlGoxuFwqH9TF2l1WdppIlOBnU4hnE7zOWnLOXs9T0l9FCZSG4b/61hSe0l0XowVIrfb29sqvy6YIWKDaowikVoURjZVbD4SiyLrjscwSft4nKV2POr5KdZPUlIXsamsosRUZJvN3N5s5vOxTm0X0f1x9Ab/FMQG1TiJVN6pT82kpkKzaCzKLJXDIdXBJBejt6LYnNREXFpubmaJxeNgx150udy85AzkdlEQG1TjKDJ5rxFQ16cmaacWk9nhEHqpHx/TsUkupacxapOeF4nUUjGhbTbhLBIrlCQ3KxbhmeDylBSpXRzEBqsV22/RmovUei+1x8cwPT6Gfr9XuclxkCKRm0VtJrYYsanUhiGcndTOt7daVGixHex4QXC/9bsJpKQXh8EDqML9/X29m/npGSI0aUepWZ9a76K0Yb9XqfUPDyo1bUv0JkUE6NLRJDaRWhSbl9ooIttu5+PtVgVnxST3RGxebm/sa/v69Wu93+EHh4gN1jUims9Xi5GWCi2moL2JLUpsEqHt92HY7cK034fw8BBClJv2tUmJaayKre/DWcpmE0aR2s2NCk1ENorUDgdtn4/HWW6nUyoiN5WaCM6NohYHEwwit38OYoMqPIpEKtJlfWs+BdUSpSbR2rTbhUFkttup1DppS5H3WDoa+9lEbCo1F62J3ERo4+EwFxHa6TSXcdRi8+N0jpzITdqvidrgIiA2WF//mojNTaw1sVlaKVIbYgqqAhOZ7Xah+/VLpaZtEZ4UGyH1qajrX0tp6OkURinjGMZpSkWm9eo1cfKxxpPxc03yGUVuUiO2VYHYYF1z2HwqaqOg53Po4yCARGAyP00HBqTEvrSz1DJ4EPvaNCWNYusysdlkXB00kIjsfA7nKLGx68LY93PddXN0F4V1trlv+d5tUir1s0EdNl++fKl0K/jIfPv2re7uHT4VtRUEllLadI845WNyRWSX6jhq6iM2vb0ISEZD3SoEFZ2lni4F9amoCFBTUUk9pTaB+Xlyb5jTxnexHpufP39WvB18VKqvEXVLqDQF9EuqbM2oTeGwtNDVxWIL4PP7WIrqP0b+sfy/0SI//3mXju3nvQK+i/XYfP78ueLt4KPy5h0q7MtvInD3k3t3WXqXjqXd9/Ox1EuL1+1n2GTauISqi1M3umHQks77Ec/4WufWjKafv7S06i8iNr6L9dj8+PGj4u3go/L9+/c6N3Lz16wtWuijjPpCETlZkWkYnUzFkDTVdvQQsbiIzaSl79tuQ+dKb3PXYq3TOqzYMis/GlqapPuXfWx8F+vB4AFUYZAveC0k7RRJWB+byCgKTtLRfprCMI5zkQGFcdTBBa3lWrlG7iORlUjI5rHJa3Fyrorw5ib0JrG7O5XacHcXwqdPIUjtZSe1TdA1yXm5laI3uBiIDapwI1/2WmRbFGkaGCOivuv0YbgiMKkHkZw71tdFhFFcaeVBFrHJ631cOqViE6ltt7PQ7u6S0HSirpy399rKg3xrI78gXkBsFwWxQRW28uWv/UwD1/FvfVydpaAiuSi6IbYlauxFWFJub1VMNnqaNpoU8cVRUZOVTri1dDRGbio0Wzvq14s+t5yqtF40b8M/gbWisK71ooUlVaVdPWz1wZO1onEZlda2w4eJzW1ZZLt66ORcm6AbRSYrECY7dlGaSW1x66I3bjrJOtG6ELFBNarsAlt4tkESm6SXIqkYlaWUMqaVEqXp7h4SedkebZnYVDYx2pJrbLChk2tjsUXvZ7ejx5M92V7aLtx+DlwMxAbr72fzE3VFaLK8yo2E6iCAyUn6x2zDybiDrl7nxeame2g/m5ObHduGk2nTyWwU9FUPeIGLgdhgfWJbitokQrMddG3+WYzi0kCBi9TyTSaFNN/N75wbJSb3sOMkM6vdsxFeFaUht4uC2KAaG5FNDRaWV/nH6qmwbNqGtEVslnbasw4sWnNPqEoichNv88gspZ0+Qlua0oHUVgmDB7DeJ1VlzwNND3NZekqV22E3vW7vN7IHuSRpZemmf13fszRPrYLQeEJVfYjYYF0TdZfWXvpF5m5+W3quqERu1nZCSzI04kOSLSXVqC3KLS3H8o/bKz2s5TX9aURtFwWxwbrWjObXZ2lpGlAQ2VjfmQnObXP025Pg3f1tVUKK3GyNqUnMH9vT4kk7rwpSUajOu/xJWed/vl9btoX4k3O+ePI+snwuWva6is2u8/dYw38EUASxwbp5blugksBKQiuJzernSv7eEohplSA2uB5e6n8rtZ9jSWBLMkNiVwNig+uktLb0uXaJUmqJzJoAscF189IOtq+hJC+EdtUgNmiHt/wpI7KmYLoHtANygkjcZwUAoB0QGwA0B2IDgOZAbADQHIgNAJoDsQFAcyA2AGgOxAYAzYHYAKA5EBsANAdiA4DmQGwA0ByIDQCaA7EBQHMgNgBoDsQGAM2B2AAgtMZ/tUFVB4B3SsEAAAAASUVORK5CYII=""}}]}]",0.36
google/gemini-2.5-flash-lite,sample_010,0.65404,0.65404,0.55,"[{""role"": ""system"", ""content"": ""You are a marker location estimator.""}, {""role"": ""user"", ""content"": [{""type"": ""text"", ""text"": ""\nYou are given both an image and a text-based representation of the same stimulus. \nIn both, a red dot appears on a horizontal line\nThe left end of the line corresponds to 0.0, and the right end to 1.0.\n\nText representation (the dot is marked as \""\""O\""\""):\n|-.----------.--.---O-----.-------------=|\n\n\nEstimate the horizontal position of the **center** of the red dot as a decimal number between 0 and 1.\nDo not explain. Only output the final answer as a number between 0 and 1:\nFinal Answer:\n""}, {""type"": ""image_url"", ""image_url"": {""url"": ""data:image/png;base64,iVBORw0KGgoAAAANSUhEUgAAATYAAABNCAYAAAAsLkgfAAAIfElEQVR4nO2daZLTSBBGtbjbfQfg/n85CZcAzkB71cRXzhTp6pLa2GIal9+LyCjJlmQPeB6ZqkXtMAxDAwBQEd1HfwEAgKVBbABQHYgNAKoDsQFAdSA2AKgOxAYA1YHYAKA6EBsAVAdiA4DqQGwAUB2IDQCqA7EBQHUgNgCoDsQGANWB2ACgOhAbAFQHYgOA6kBsAFAdiA0AqmP10V8A7pilHpfRtstcB8BAbHCbyG6RmwutdA1kBzfQ8pQqeJf8J+L78fWpY0qSivtT21PHA1wAYoPrZKa2tF06N8rpvXZue+41gAClKPy5zKaidE4uL4+5fZ07JzS/NoKDCcjYKmDRv8KCoJI+jsdzicX9/L38++Ti6rpzqRViyM8pXesGWqRYNWRsFbCY2OYyNMnLBebbIdpccJFcWi622GayS2IrhWdzU1ndhSC2ukFsjyy2udIzCG1waR0OTesyOxxOQrN2UGvHJcll5eKZzCzSa6X9XHq53Py63H+DCShF75ztdrvMhUr3zCSpmJlJbBKYRdre73+/5sfnWZsJahRX35+21fb9+WvviW5Kclfw/Py8zJ8d/HOQsd05BwnlFqY6BrzENGElke33o8ja3a4ZtK3XguCGWJaKWH5Goa1WJ6mZ3LQf3y+J7m/IDeoEsd05e4nlWvIhGtn9s5R9eUamdrc7tYrt9tTudqewY5LkSmKzzCwJzaQ2bls0UXba1/G2/0Zu3vpnxBYeHsR25+wkm6Uytlh6ernpWZrLTBJTu902nW+r9WNiSSqsIyCJzGX29DTK7Kht3/dWInPZudhi2TqXuQEgtgcXW16G5vfSPCOT3CQyE1qS2mbTDNbqGL2XMjaFX0dYGRozNJfZ0eP5+SQ122+C5GIWN0apNHUQHNB5cN98//79+pOnhnTkmZqXmptNklcS2WbT9K+vaTuFSS9lcDonz9iC2KLMUrteNwdJTPv2WpKaZCexueAsi5sU25Xl6JcvX67/M4R/FjK2R+wRLY1XiyVoLjUTWucye31tBm2/vja9MrfNJmV0Kavz+2y52CQ1E9vBJJZaiW29PkkthDomkuB0PcvcRrGV5GafddbCw4LY7piNhHILpaEdsQRVmetSc7FJZhLbr1+pbSwkvyS3/b7pXGw2iFbZ2lHh2ZpkJrGp3e1OIbnt96c4HFLou2h8nATnmeRZWRo7EgRCAwOxPXrHQRSbj0dzsfk9NZOaRNb/+tU0Fq1CUlOoRN1uT5mW32fLMrZ0D00Z2W6X5CZ5abjK4Xg8i+MwpGEjg7ehp9Y7FtL3nCpH4eFBbI84hm3u/looQ3XPzDsNBs/IlCXafbajWhObdyY0Pr4tE1vqBJD0lI2ZvHSE4tC2v6PrmqPCMjG9P84bjd/dx7vpc0rlKDw0q8+fP3/0d4Ar+fr167Jj1+Jg3DDDIHYopMG5lpWN2ZlaSVBS817UUIqmoRr2uUlS3plg548lqO7BWRnqpahK2DRdS/JSq/Oj0PW6f84VcuP3Xyernz9/fvR3gI+aI1pYbijNGtCuRRuOS+/4+9r31/NVPuJwDxGnZWXnxf+GeP34HYrvxzYuZ+QT5C+E33+drD59+vTR3wH+zxUqSqtixNcs89G10/VD72Pr5Z+2+z5FE9qxNFQbV+DIxqHF8+K547Z9jj5P4RPo0+dPTYr37x7bC+D3XyerHz9+fPR3gCv59u3bMhlbLgitwXY8Np3dpFfbPT2l3k4N5+ien08lqZesPj9UTon3vvzaEpSNSWs18Vznh9D10rg1G8Om4+IQDx+oe9Eg3T+UPb//OqHz4I7p9T/4kr2iIQuSHmJoQEU/DKew/RRt23QxgyvcY0tZ12rVtBLben0S2ctLiu7lpelfXppGsV6niLKTUEex+SyE0sR4QccBGIjtjnlSZrOk2CQN7yjw0rPrRnl59BZd35+yOcvoUgYWZh/kGZvENmZnJrY+Cs2kl4aCWObmw0SK80UZ6gETILY7Zi0hLNErKrJ119KQD8nIosuil6SenppeWZWE5FOrJsSWylqFpGYic5m1ytyC0Ma5o6UydG4JIwfJPTzMFX3U+aJzy3/7Srm+YofNQvA5oWmuqLZ9ipXPFfWljDKxjXNF4zxRn0ZlU6rezBXNlzIKHRdvFp4UV2RtzBOtFzK2O+fqVWDn5ouG6VVJUioFvdNA8lKWJtEpU/PVPvLli+JwD5eSlax554HCJ74fQ4fBmzXZ8iXDBYtNQgHE9sj32fKyNK5+G1fQdcEp/D6aiW2cehUWnEwRS1Ef8mHSSh0Cuo7dl+tK67H5/bRQfvrg3qLMkBoEENuds6jYJp53MMotW6NtlFlct82PC0NJUm+r9ZqOK+aaxCS34gq6vuLupUuCIzYIILY7ZyUhLCU2byce5jIKTpmWS86fexAe6jKe43jGZnNGo+DGsjM+5yBKzSX23vJEiA0CdB5UwCJPqsqnV1m8KU3jYpT5U6qi1KaeUpWVmXEZojdPqbrkwS08oQoKkLE96kDd0r9npQ6FbB5o8XF8cQJ9/lzR8NyDcUqUTZeSyNLYudLj9q4RGlkbGIjtUeeMls6ZKE2TqHwVjTjZPSwoeZap5WLzqVYxc4uii/v+VCvKTrgBStFKWPSvMRNcXOGjlMW92S6tvBGzr9K9syw7G8vQyEJCu+ofArgrEBv8ZuqnMFeiliKel2daUxHfj8eXQEzwDogN5sl/HjNruZVK0DOmhmnMyQyJwRUgNlhGclPHRKYEhsxgYRAbLNujegn0aMJfBrHBbdzy80Fm8JdguAfcBnKCfxBbIgEAoB4QGwBUB2IDgOpAbABQHYgNAKoDsQFAdSA2AKgOxAYA1YHYAKA6EBsAVAdiA4DqQGwAUB2IDQCqA7EBQHUgNgCoDsQGANWB2ACgqY3/ANGl1gCCZwauAAAAAElFTkSuQmCC""}}]}, {""role"": ""assistant"", ""content"": ""0.52""}, {""role"": ""user"", ""content"": [{""type"": ""text"", ""text"": ""\nYou are given both an image and a text-based representation of the same stimulus. \nIn both, a red dot appears on a horizontal line\nThe left end of the line corresponds to 0.0, and the right end to 1.0.\n\nText representation (the dot is marked as \""\""O\""\""):\n|--------------------=-----=---O------ -.|\n\n\nEstimate the horizontal position of the **center** of the red dot as a decimal number between 0 and 1.\nDo not explain. Only output the final answer as a number between 0 and 1:\nFinal Answer:\n""}, {""type"": ""image_url"", ""image_url"": {""url"": ""data:image/png;base64,iVBORw0KGgoAAAANSUhEUgAAATYAAABNCAYAAAAsLkgfAAAI6UlEQVR4nO2dbY7aMBBA7STLxxna3v9vT9JLtL1Cd4ElqcbxpINxAl0+At73JMtJCAFV2texPWN813WdAwAoiGruLwAAcG0QGwAUB2IDgOJAbABQHIgNAIoDsQFAcSA2ACgOxAYAxYHYAKA4EBsAFAdiA4DiQGwAUByIDQCKA7EBQHEgNgAoDsQGAMWB2ACgOBAbABQHYgOA4mjm/gIAMMG1f5LEe/cZQGwAjy6znNzGhDcmLu8/9r4nxfMrVQAPLDN7PXftlKT8GcfnPOfJQGwAczIlLunHjtP35KTlT/Tp8dS1c157IBAbwCNFZ+mxtLY9PE/fMyYvnzR73d6bHufOx65NXZ8RxAZwBlf/M0nE5K24rMzSPm2WnMx8bFV1JLnuIxHdfwxn/YzCY/EA4N5iy0VlOaElzdvzXMRmWqcik94e23tORXK5Xj4vXYgYERhiAyhZbLmhp16LkgrPV4Ht9/2x9Pt9L7T93nV6Xe6xMrQRmMqrrnt5Sa9yq6peeGn0lhPcmOiuMU93BxiKApxgu91e72GZKG2IxKK4gtje33upJf2B+Oyfro3C6l5mQWp1/U9ucmwkF+6ZGr6eEp/9bNsbFouFmwMiNoAT7EUktxp+JhFaENj7e+ilddLvdr3o5DhGboMMFR1+alTWNEFoQWr22IpO783NwY1FdVOLEXr+ACA2gBO8i1QuIU3PMPNoOszUKE0lJn1o2+2/4yi30Oxcm51XE1k1UWTSv7z0fbymkhuiN+nH5uJycsssQjyi3BAbwAl2IpsrRmwHiwBplKYik367dVXsDwRn596i2EROIqpBaE2U2suLa1VuqeSS6O0ogssJLr02Nfc2I4gN4NZiS4ehKjTpVWjyGbtdL7LNppfaZuO6zSb0ck1eC9Ga3Gvn2VRsUVRd0/QyWyxC38ZezoPomuZ4eJrMvR21VHZ6Lmj/QHJj8QBggp8/f17+kFxKRzL81CitUpG9vbn67c1V0uK10EzUFt5vxRZl1RqZtctlON4vl73UVHIauYnkzLB0Um4TqSNTw9Fv3765e0PEBnCrFdFclYBZ/RyTWpDZ66vrothEcHLsNhv5QkFuwzxbErFJNNaKyERgUWgit/1220tut+vlZoemMWo7EtuY6HLDUyGVm16bAcQGMMFGZHIpaWqHzpHFYajLSK0WscXeidReX8NwVO4N92fEFqQWxdaK1FYrt9/t3P79fWitNrlHvodZaBjSRM6N3qZWS2cGsQHcY+EgFZuZWwsLA1FqtcpM2p8/zovQtL29hXs7aZrXpmLT1VAV22oVxCVt33X/mqSvdJ1rJSm4bfsm75PvZefb5Nmn5IbYAD5pDls6vxajtRCxyWKBiDOufoqwNCKTKE1k10ofWxiextdDflsiNqfDy7Z1kuEWmkRyVeX23ru99PFYrslr8l6572Ci3X5fjd7SOcKc3B5oAaH5+vXrrF8A4JH5/v37dXLX0vpPnfy3zSTmhuTc3W5oLunDKqrNY5OILX5mF6sPhtQPGXrG6K0V6WmL3ytEb7m6Vfu9LSI0vTYmNsV7N4djmt+/f9/9QwGehYuTBjLbDWmdZxebrfscakbN63I+iMcm5lqxCea1TiWXRGNpCVVYdEjOTw4x9TNzu4vY7xPvncMxzZcvX+7+oQDPwod3qMjtfGGqBKTJs8PzzeqiN3NYXs/reuiHphGTfo59ra6dN70ey1A1HMc8tnAemy4e+FP5a1MJurl/K+/dHI5pfv36dfcPBXgWfvz4cdkDMrtwhGORSNu6Kk7aV9Kapm8vL6H5xaIfliaVBuEpOsFvhqIiKBff5+S9plWSxyYJujFJ12mTe5NV0bPLq86cX5vDMSweAExQyx/7pdiCdyMJ+fMPLQ5Hq65zddsOTc5FfJIlJi1EeBp52VVReS3KyUexVauV69br0Kr12tWrlXOmhXui5Cqby6Y7fuTKqP5TaHOC2AAmeJGo5hbpHnao6b2rbBOheh9aONeITqQlVQmxIH5YFRV02CmiWi5dJ03Etlq5er12TpoIbbUKr4dk3Ri12dKqYYU1LXwXcom4Dyg1AbEBTLBcLq+3Kmon/2NybBCUCE7lJa2qQhRVx6FpHaOrkMAbKw8OxBblI+/V4WUn31ujs/W6F5rktkmLCby2KH5I65iaP5uS2YNUHAwfT60owA3rRXMF8LoLrm4iqWVVsQhei95rrUSQa9rrLh+2VlQenyboLmKSrkRmUoEgQ1ON1HSuzdaKplKbEtlEakfKHHWiAhEbwAku2gU2t8Gkik2kIoKKc2Nhdw8Zbuo8WZz0DzKTiEulprludhddjbji4oOTRYPl8qAFmdkhaLo3W05qTxKhpSA2gFvPsyVyC3lrma3Ag9C0j2Ia9mPT0iuVmt2PTYhJuZrGUcWhZpCaLhTo8DNKbdh00kjt6AdenkRkKYgN4M5iO1gl1SoEjd5keCpC0sjMDFOHonmN1ozYdLVVc9I6La8SQarMTKQ2DD81WhtLxh0TGGIDeG4aEcElTC0k2JVSG73FHDZbZqXHbuQ3D0LTRNvG7LdmFwmSxYKj3zzQZ53iwcXG4gHAvX6pKimtOvqVKvvze5qUa/tUavZ5WhKlQ8sm+Y2DJEo72gp8onLgo8z1C1UCERvALRN107ghNywVuWSGp0eiS388OalokPmxoSSq7vPaRFxDSVW6BfhUPeg5PHDUhtgAblkzmr4vNyyN1QcHhe1aD2qis6Nfgk+kaasaOlNvanfEPbjn1M4cTwxDUYAzueqfSrJtuD+1bZDt0x1DlLRawI/UesYKgtEV0Dn/I7jW5yM2gDuS+3NLJDcquNwcncWKqvpAfScRGwBchak5OO3HZJb7001LoYRzk24LArEBPIvkpo6VqUjMP1eS7SUgNoBnGq7+L/7zyMyC2AAenWv8ifrPITSFdA+AR+eTSekaxJ3jAADKAbEBQHEgNgAoDsQGAMWB2ACgOBAbABQHYgOA4kBsAFAciA0AigOxAUBxIDYAKA7EBgDFgdgAoDgQGwAUB2IDgOJAbABQHIgNAFxp/AX/qdllPni50AAAAABJRU5ErkJggg==""}}]}, {""role"": ""assistant"", ""content"": ""0.61""}, {""role"": ""user"", ""content"": [{""type"": ""text"", ""text"": ""\nYou are given both an image and a text-based representation of the same stimulus. \nIn both, a red dot appears on a horizontal line\nThe left end of the line corresponds to 0.0, and the right end to 1.0.\n\nText representation (the dot is marked as \""\""O\""\""):\n|-------------=---.-------O---.-----~----|\n\n\nEstimate the horizontal position of the **center** of the red dot as a decimal number between 0 and 1.\nDo not explain. Only output the final answer as a number between 0 and 1:\nFinal Answer:\n""}, {""type"": ""image_url"", ""image_url"": {""url"": ""data:image/png;base64,iVBORw0KGgoAAAANSUhEUgAAATYAAABNCAYAAAAsLkgfAAAIlElEQVR4nO2dYVLbSBBGR5LBJlcguf/fnCSXSLgCYGxLW994WmmJkcDYLM7ovaqukWxjvFT8tkc9Paq6rusCAEBB1F/9AQAALg1iA4DiQGwAUByIDQCKA7EBQHEgNgAoDsQGAMWB2ACgOBAbABQHYgOA4kBsAFAciA0AigOxAUBxIDYAKA7EBgDFgdgAoDgQGwAUB2IDgOJAbABQHKuv/gAAV8clbwNSVZd7L3g3iA1gSmg5weUey8nLHnvv6+GiVNylChaN/+efO556fkpUY2nNPTf1GJwNYoNlMicxjRb+fA4TVG7MyW1OgHA2TEVhWcwJrW2HUstFjrHEvMymzvVeczJDdGeB2OCq+ZQJhRNaNRaXyW1q9D8vxsKq69eC84/rx3MC9Jj4PkiFFBEbLExsuemmiWsiKn8+VQxI8uq8xDT6Y/+aXNh7vZXNvUGF2BAbFCy2qaqmi/j+JrDDIQSFzg+H/rxL5/E14ylpVf0VlYlM8tLYNMPzCdFNCs6DrE6C4gFcLS8vL5+aqQ0yMRPZfn881rjf/5WdPe/FaLKxLCyJrPNjileis2MvRPGW4N7J7e1tWDJkbHC1HCSSc5mqePopphdZim63C9VudxSdPabX+QJDEpBNP01k3Wo1eTyQnxPd5LU5QbZ2MogNrpa9pHLpCmgSUzXK0nqxvbxEocVwxya4wbU2E5vLwqLIkszieHNzFFp6PI4Smo2WySlyU1MDuZ0EYoOrZSehXLICqnE89dRoIjOZbbeh1uhDz9k01RURlK1FiUlsJrUks1ajj/Scl1w/VZ3K3gRSOxnEBuWKbaIC2gstSS3sdqGWuLbbo9S229Cl0c71mhh2zS1lbFFsLlszmWlsb29jRKnpWFKzcxNcyt76rC1XVBDI7SQoHsBV8vv37/PfJCc2q36mwoBlacrQosien0Pz/BxqHz6D80UEn7E1zVFmJjSN63U4SGTr9V/JWUhsbpray+2CWduPHz/CUiFjg7IqolOdBRajbE1hUjORdU9PoX56Cs3TU+ien0NQ6HnL2mw6axmbpKZsbbWKIpPADpLZy8tx3O2i5Nr9PrRaPuIiCk2S0/FcMcEgc3sXiA2ukq2mf5e8vmbXxUxqqRjQS01hMktjeHwM4ekpZnESW9BrbTrqMrbWxGZSU0hqu1047PexuiuhtW3bh8QY5SappWt+ryqlc90JMAtig2UUDnwngS3rsGnodhunn41lZ5LZ4+MxdKxI1926jNisaKAMrc/M2jYcum4Yql3oZ0ZhnzEuBFYgtrNBbFDmGrbx7hyjamitjC0VDTpNe11Idm0qHFQ2PVXGlsQWsz0nNqtyKgNru+4YyuSqKhzqOhya5hiSn6SXMrPWt1f5z+ynowK5nczq+/fvp/8UwCfz8+fPy1xjy/SDjlun+ulpmqJ2aTFul6arcZQA/Zo2+z3K2ExyaU1alFx6jzYzDbWpqEbf0vVKYG6tXM8Jgvu+4O/26uHh4as/A8Arzi7Wj3s63U4ecQrod/awKaEdWw+pG2e3MPK9p/bQaBePceN7nMK6iufsf61v3zrh7/Kw4O/26v7+/qs/A8DldqhwmdSr8xR67/j+br1YPE/Tv6ppQpWyLx0HH1a9VIYlfOfAatW/vtKxW8rRH7vX6XfYwtxqrrVq+Id595/ifsHf7dWfP3+++jMAvOLXr1+Xv8aWkBrqVCWtdb1ttQr1zU287qaobm5CdXs7bIS3nT0kFpvGCkkpLdmo1usQ1us4WtTrdVzHFkON6Yq0hm2wjs23V5lk44f9+Dq2Pwv+blM8gKuk0Rf8s5Z7KENLWaFkVXddaBRtG6O2SM/F11kGZ1XRJLaYdSkDS2KLIttsQnd3F+pv30JzdxfCZhOCRi87idTE5ncA8Z0H8RdQNPgIiA2ukhtlNJfeKVcykpwkt5Qh1VU1iCZFPNfzijSVjFmcCgg+Y0vTVT1Xpy4DE1tjQttsQrXZRKHF5SApa/M7fwz2bGOZx9kgNrhK1prWfUbngVvyEYWkaWjT/I26jtmijhs9p0jSiv2kJjZ77yS+OLVMYlNmJqFVXmibzbB3VOGv3Y17RAUdBx+GXlEot190qlfUyy0t1I0dCGlnj8baq/yoNW0mNr+7hzXAu6b31kS22cSWqs5lav0uH2kK2r0ltQ8K7ceC+0QFGRtcLWfvAjsWm3AbTPYN7Skzi9fJdO3LMjTJTNfENEp61rEwytis8lmnrK0vHqRja3yPu3v4KahVRX2FVrCjx9kgNljOdTaN7q5TfeZmUlM2liqiEluUk2VqJrbRfmyD5R5JisrKTGyxQDCXqaUsbdCBgNDOBrFBuWKbud7WZ20aJTZlYSY3CcwKBRKUtVG5pR9GXP+WCgj9JpNJZpLkqx10ndQGd7Q6vtlwhA+D2OBqWUkE55LrEMg1xqcpaczeJDFJTiJTIcC2Dh/f0EVY1uUW5o53yu3F5m7oMim18TF8CIoHsIw7VWVu6tIvAbH1baPe0T5D81uC+5u5CLuRi0lrfE+Dia2/By1WFxba7cLvUCUQG5S7y8fUfUVtzFVL/S4gTnSDmyfn7ivqb6/nRZZbo/aeXTvOkFxzicXN/zhMReGqOeuu5rmfnWiMj7LxO21YP6gXXq4BftR3agIb9H7qPNcQP/UZ4WzI2ODq+ZR/ouk9o9hyi3jHx+MpaKa5PnuH90wngd/V46r+R1AQiA2WxSnT07e2KhJeUm+Ff72BiD4FxAbLZmpJiI254xxjec0t4UBmnw5iAxDjr8FYcrnXeHLiIjv7MhAbwHsl9x5y8kJo/zuIDWCOj349kNmXwnIPgDkQ1D9JWikIAFAOiA0AigOxAUBxIDYAKA7EBgDFgdgAoDgQGwAUB2IDgOJAbABQHIgNAIoDsQFAcSA2ACgOxAYAxYHYAKA4EBsAFAdiA4DiQGwAEErjP5FJi7ZzfsrhAAAAAElFTkSuQmCC""}}]}, {""role"": ""assistant"", ""content"": ""0.69""}, {""role"": ""user"", ""content"": [{""type"": ""text"", ""text"": ""\nYou are given both an image and a text-based representation of the same stimulus. \nIn both, a red dot appears on a horizontal line\nThe left end of the line corresponds to 0.0, and the right end to 1.0.\n\nText representation (the dot is marked as \""\""O\""\""):\n|.---~------~----------=O-----------~----|\n\n\nEstimate the horizontal position of the **center** of the red dot as a decimal number between 0 and 1.\nDo not explain. Only output the final answer as a number between 0 and 1:\nFinal Answer:\n""}, {""type"": ""image_url"", ""image_url"": {""url"": ""data:image/png;base64,iVBORw0KGgoAAAANSUhEUgAAATYAAABNCAYAAAAsLkgfAAAIiklEQVR4nO2df3LaTAxA/YOE3KHt/f/tSXqJtmdoAgF/IyE5QlmgX+yMzfa9Gc0aFxbagVetd7Vuh2EYGgCAiuiW/gAAAHOD2ACgOhAbAFQHYgOA6kBsAFAdiA0AqgOxAUB1IDYAqA7EBgDVgdgAoDoQGwBUB2IDgOpAbABQHYgNAKoDsQFAdSA2AKgOxAYA1YHYAKA6EBsAVMdm6Q8AMAtz3bqjbefpBxYFsUFdMvvbcyWBybn8XER3l7TcpQrujviVvXV87evt0oryKp0rPYZVg9jgPshf0yiuLLHSuRJRYpeOY5tfB6sFscE6uTakzAK7FSWyyK5Ffv6lvmA1IDaYjU/5KqXhZVsS1/H4/jieu3TdrOve5OXH8ZzFcEly+fgDtEjxU2DyANYpttL1siwreRzDzrX5XJRblFPXNYOLrO/fxBbDxSbH/rooOel3gpwQ2+eA2GB5sd0adgax6XuYtFRgh8Pp8eEwPh7Cec3w5HHsOmZpEn1/EpzITcKFV5Dc1WGqg6wWh6EozMJut5uno9J1NMu8VFzy2KUlrUX7+npq4zmXXh6OShbmIhOJSbvZnFqL8TiKLw9Xra+r19/+gsfHx2n/ZvAOMjaYhYNIZCrXJgVihhYEJkKTGPb70zkRnJ/zLM7lJoShpctrEKltNie5ueD8XBRdzuCsvznkBvOC2GAWXkUoc2ZqaULApeby0gxNWhFaDDvngnt3rc2zNRGbSUzbh4e3EKF5GwR3lsXdyt5gURAbzMJeZDKVlKWdTQJEqWWZ7XZNt9uNx1Fy45DVhDmY2DQ8QzOhHR8fT8feWoySs0yuODQVENtqQGywvNhKQ9AgtXHY6bLa708is+heXprB5fby0nTyWeSan113a0pis0ztGKTmoWKz48YfxywuZ25xYkFAbovD5AFM5ufPn9M6yGK7lqlZRiYykxCR9XY8hkvOhqzFjK3vVWrHKLXttjlst82w3Y6P5dgzOJWcDU/fyW3itbZv375N+zeEM8jYYLkZ0bxWLYvNs604/DRpdc/PJ4k9PzeDHD8/q+CGl5emkZDn+LW2gtiOlq0dTGwiNBXb05O2R2n3++ZoExMqN+lLsrgot0tZm0DmthiIDSbzIiKZShRbWJPmEwU6IWDDTheaykzE9uePto2FZHE6FJXMLoptGE5SC2JTuVmmJlI77PcaIjSNw0FbXx8nM60yJB0nFXzZSJ5IgEVBbLD8xEFesxbXqMUhqF9DM6H1f/40jUUrQvNWhqi7nV53G0oZm81wjsNQEZkI7fVVl61oHI8aR5FhjFDhoMciNem/NByFxUBssOwatkvX1+KaNMm8QsY2Djc9Q3t+bo4iNRPb+BwZQvo1Nqs+0DVsvsTDMzIRmElM/iYabauh2Z3JStqxaiF+7jwcFZDbomy+fv267CeAu+f79+/zrl0L1QNx8iBGXO6hmZlFE1ufRQ1i0/Vr9niIWZxlcjpEjSFZnb2nPNbXSsRlHvHvE8/9D7nxO5yXze/fv2fuEv41Jk2sl0qo0k4ePgwcd/bwYWA41sfeushyROLzUx/xvMvWP8N4ra5UHREzudJuvFfgdzgvmy9fvszcJfxrfHiHiiiD2J46HaP194jn4nHXaUi2pOdz6VPuN8xmjq/z49h/etz6ULTweaZuacTvcF42v379mrlL+Nf48ePHx18cMzURQcysvAJhs2k6ycL6vunkOMbDw9t6NS+Etz5HOYXJA5WUrUFrbW1a6/HwoP2dlVbFNWuxrCpGnBn94DU2fofzwuQBTKaXH/Xcs6I5Y7MtiCS647HpJYZB207OeXgGZ+VPXlbl76FZl0jNxKYis4W43Xbb9E9PTSOx3Wq0dl7Wsbn0dLlHrEIoTR7AoiA2mMyD/NDnXscWllH4MFCORVxyeV6jbRtRai/nJTyjkywuVh6k3T1UavJcz8xk8a1IzWQmYmufnppOFulayHl/3tk6tlL1ASwOYoPJbOXH/lmVByYPl5EKKUqs75veMi9tJbOyWtIui83EI69XIcUMTIaiIUNToVnrQpP2rPLAF+hSL7o6qBWF5etFb9WKWuG7SioUvmutqCzUjSVWXnLlz/cqBt+yKNaKhuoDrxc9mMRUakFoKjUX4aWSKuEDWRt1ovNDxgazMGkX2Fu7e4jY7HqZTCSIYHS4aRf9VWSSabn0fI2brYHLGZtf7JdsT/qSPtvQnw5PRWxe+O5F8Hn7IrK11YLYYJ3X2eJ+bCIRryAQAYm0goi0MsFLrjxTC8PQothcbiYrl9vZrGjejy1kanFrcaS2PhAbrENsl6oQPGsToXgVgi3x0OGpiC1vPhnvgZDueeCTEDJzOu6ea20bNp4cJwdim5d45Nv1nd5g2r8DzAJig1nYyI//s+55kO9KFbM3P85C891z07bgOWuTyQgX21hDeuvmLpd2z40tLAqTB7CuO1Vdkdt4K710Q5ezzSjz7fh8wW+qPoi31/MbtcRtiMabt8Q7WV27DR93qFoVZGyw/ELd0v+t8ZZ5LjQ/J+/jWxvlnXZTfehYX+rYzGgsvRoX7UbZle4rWpKa9XkGWdviIDZYvma09Lp8zc1qPsesLQiuKLN8P9GQscWqBr8T/FgnmmtOw3MuCg2RrQ6GojArs36dCgt4VSFRWvE6XBZaztacS0PJPBng8ssym2n77w//RwA3QWywTvLXsrS90aWIf577KmVbpUzsWmbG0HP1IDa4D3L2ltsr+7q9o5Rx3dp6CJndFYgN6srkrj3nlqBuyQuZ3Q2IDe6TSzOpH+WStJDZXYLYoA7m+hojsipguQfUAUKCQLrNDgDA/YPYAKA6EBsAVAdiA4DqQGwAUB2IDQCqA7EBQHUgNgCoDsQGANWB2ACgOhAbAFQHYgOA6kBsAFAdiA0AqgOxAUB1IDYAqA7EBgBNbfwHpukVnIP1gA0AAAAASUVORK5CYII=""}}]}, {""role"": ""assistant"", ""content"": ""0.54""}, {""role"": ""user"", ""content"": [{""type"": ""text"", ""text"": ""\nYou are given both an image and a text-based representation of the same stimulus. \nIn both, a red dot appears on a horizontal line\nThe left end of the line corresponds to 0.0, and the right end to 1.0.\n\nText representation (the dot is marked as \""\""O\""\""):\n|----------~----O-=-- -------.-----------|\n\n\nEstimate the horizontal position of the **center** of the red dot as a decimal number between 0 and 1.\nDo not explain. Only output the final answer as a number between 0 and 1:\nFinal Answer:\n""}, {""type"": ""image_url"", ""image_url"": {""url"": ""data:image/png;base64,iVBORw0KGgoAAAANSUhEUgAAATYAAABNCAYAAAAsLkgfAAAIs0lEQVR4nO2d7XLaPBBGbUMg99D2/v/2SnoTbW8hX3y48yi7yqLYTmMggOacGY0EsQ1vmvfMSqu1277v+wYAoCK6S38BAIBTg9gAoDoQGwBUB2IDgOpAbABQHYgNAKoDsQFAdSA2AKgOxAYA1YHYAKA6EBsAVAdiA4DqQGwAUB2IDQCqA7EBQHUgNgCoDsQGANWB2ACgOhAbAFTH8tJfAGZwisdUtO0pvgnAVYLYblVmU3LTz8bE5e/H85EcVEbLU6puUGbx/bFxKa0or7Hx0GuAG4SI7VaEFqU2NB46rxRbKbkhqZXXQHRwgxCx3UJ0FgW23x++Nya5IamNtfLY8vwxkB5cKYjtCE7+qyummm2UVxSaj8ckV4qn694kNja2lq8wFdUdQYsM4QtgKnotYhuK0KLIXGK73cG4LQXn1yijsq5reokstig369MVhiI5Hx+ZdEBs8BUgtkuJbWwdLbTepSWBudwkNr02wfXq7bgc4TmSmUtrschC631sfT7GJWfnJuZMVZEXXBimojN5eXk5X6QmSbnIXGwmtGa7zeN2u80RXD7erxUjNQnMmo8P3nPJ+fFT63BDYvukyFar1Wl+dwAjELHNZCehnElqWVRRYBKatd76ZrPJ0lPkdhCx+ZpZFNly2fTW0nsal6LTOTF6+0yyYeg1wAVAbDPZSizHUO5Ji+tmMUqTxCSwzeZVbC8v6XVuHrXFtbdSbEFo/d3du94ll6M3X48bWIOb3D5SjgEuBGKbyUayOZYQqaVoy+UUozQXmIRmrXO5ee/T07jOZlJLzUUW2n61envt0ovRW0gyvJPcWPRWjgEuBGK7lNhGMp8xSktyc5E9P6emcf/09Pqe/UzHp1ZEbBJSjNSSzFar1HvTa/18r8itFFyZRS3FFhMMyA2uCJIHM/j9+/dp19bKJEGcakpm1tqnp2YhqZnY0vvqQ9SWIjbhEZvJKstsvX5tq1WzW6/fRBejN5++FtnTyT1w9pkH/QQ/fvw47ncIMAER21dnRCcSBh555bW0ILUks8fH12jt8bFZPD+nsSI6iVByy9cpxCZpucgktdTf3ze7l5csuXdyszW33Ib2vw1FbERucAUgthk8Pz8ff5GhrR1BamkK6kJzmUls1jeS2tNTkl/KjkpuvqctiG1fRGs7E9pus8ktyW27zQJM0ZoEV24TGdvcOyY2gAuB2C6ZOLA1sby1w9fW4pqapp8us4eHpnl8bNqHhzQtbTXWcZtN06t58iFGbJ4skLwkMQlsu03bVXLb71Pba9uINv3qHPU2JT0QW9jvhtjgWkFsX72HbWh9LW6+9WmleiUKFJGpeYT29NTsXWoWzfU2HT3Yy+Ybc/W+EgQSl1rfN1Kfmv4rdm372uy9pEUdo8oHSS1+T13PN/9OiQ25wYVZfv/+/dLf4eb4+fPnvBNjniYWspelUp7ljFs+fHOuZGcRmqarqbfXvuUjIbko0rLXXk2QMqUWge19qupjNROW+pQV1TXLaMzX1vy9GWts/N3BOVn+/fv3rB9QIyerES33sVl9qFo7VDOq6aFeh3EWY2zCZRPEmc+zlq8Zzw3fwb9rHo/dWqnEhTbxe+LvDs7J8tu3b2f9gBqZfYcKn8YV1QFx3Pr1Q0uvLZJqrfk4Twl9mvj2Jd8t9Lehz9fUuEgGpJ+HmtGDzxkrs/pkxMbfHZyT5Z8/f876ATXy69ev06yxeXTlryWdxaLpLBOpvlsum+7uLq27qW+9xUqDKJ9iKtpqnczOaVart/N1zVhapeNi8zKrsW0fY2VWsZ+Avzs4JyQPZrDQ/+DHEBb483aPGLFZplSt2++bxW7XLNTb667vm65tU0sRnL6PZOXVB8KjruXyVWSrVdNpQ+79fWoaL+7vm2a9zi0dY9UIkmgUW976MbXVwz4X4NIgthncKfo5hqFbFPn00qeJJi4t06fWts1CreuaTk2RnJqiMG0P8T1wMWLT9SQ2O66X2ExuSWrW2vU6ic73u0mSfSm2WIHwP9NQgAuC2GawVoRzisRBzIz6lg9NH9VsDS1JLExLFS0qmkqlVRKS9rppmuolVX5NE1vncpKo9L0lLpNZa5FbLrWKhfFWO9pMlVVRcQBXCrWiX10vOlZSVWz3iHf08JpQbcZNQvMyK6sTzbWiavHuHr61I5RVRYmlWtEQqXlBvEvtYPo5Fq3NkBp1onBuiNhmMvsusGPPNijvwWZTSEVaKWkgsdkaWBKaSy9KzSM2x4Vk09acPFCvZkXwqTJBMisSCe/KqD6qNCBSgysBsV3DOpuXVXnkJqmpl4QkLpeRxpp+xptNhjvresIh4zIyUXkWNF3LhBmjtHhn3ZgFzc9EGIrWBEKDKwOxXUJsU1Gb35NNvbKcJrdcID8kNLuLbl5fs+vn/W7lDSctU3ow7Syyn+VzED5MFCA3uCIQ20yWEsExjK21xUypPkPCknx8qhlvbRQf7uLnhDW23ExWSXDlMw8GtnMcTEH/J/uJ1ODKIHlwySdVTURu724VXiYY4pOrPMory55CfeiBtGJiIN4p14/56EEufu0Z8IQq+AqI2L56o+5YvWWUkkdeun58apXLLUxXY3v3XFFJrSiJSpt2bTuJy+zgmQZTUdqUzIja4IpAbF9dMzp0Tik3ycUTCjZ+dzeQeC+3sSfBx7rTkAQoaz9zraiJcHTqibzgRmAqeiQn+/WVj+Mr7vAxmGgYet+vESU09BCWkalmFps4ceZz9s0DAD4JYrsGpqan3o+tx5U/G+Kju3H8b3SGmOBGQGzXxNT9zoZk5/3YeUMR15TEyHZCJSC2Wxfd0HFDjE0ricygQhDbLTD0T3TMPxsyg8pBbLfIKf7JEBlUDNs9bhGkBDBJeNwQAEAdIDYAqA7EBgDVgdgAoDoQGwBUB2IDgOpAbABQHYgNAKoDsQFAdSA2AKgOxAYA1YHYAKA6EBsAVAdiA4DqQGwAUB2IDQCqA7EBQFMb/wCp3rrC7i21WwAAAABJRU5ErkJggg==""}}]}, {""role"": ""assistant"", ""content"": ""0.46""}, {""role"": ""user"", ""content"": [{""type"": ""text"", ""text"": ""\nYou are given both an image and a text-based representation of the same stimulus. \nIn both, a red dot appears on a horizontal line\nThe left end of the line corresponds to 0.0, and the right end to 1.0.\n\nText representation (the dot is marked as \""\""O\""\""):\n|------- ---.-O-=-----------=------------|\n\n\nEstimate the horizontal position of the **center** of the red dot as a decimal number between 0 and 1.\nDo not explain. Only output the final answer as a number between 0 and 1:\nFinal Answer:\n""}, {""type"": ""image_url"", ""image_url"": {""url"": ""data:image/png;base64,iVBORw0KGgoAAAANSUhEUgAAATYAAABNCAYAAAAsLkgfAAAIlUlEQVR4nO2da3LTMBCA5Thtegfg/n85CZcArkDzNrObXXUj5LTk0Tia75vZkeI4jinlY/V0NwzDkAAAGmJ27xsAALg2iA0AmgOxAUBzIDYAaA7EBgDNgdgAoDkQGwA0B2IDgOZAbADQHIgNAJoDsQFAcyA2AGgOxAYAzYHYAKA5EBsANAdiA4DmQGwA0ByIDQCaA7EBQHPM730DcCbXeFRF113jTgAmB2J7ZJF95FhNXn4snovkoCE6nlI1ccq/Hn8dj9eORaK0vF47VtYBHhQytqkyJq6xevmZSCkzKWuCG/scwIOB2B4lM3ORvRc1XGSnws+Ln/lIsxZggtAUvYCr/+iKLK3z1/v9m7hq9XisJqMYs1m9tBhqorui0DrkCJ8AGdtUxHYqQ4sCi7HbHeTnr0u5FUIbXGS1iOeMZXJXkBJig88Asd1LbKeanhaDy8oFttsdYr9PndX1HD/m58fLljLr+zT0fa6rzLwez60JTijFhKhggtAUPZP1en2dC430oWVJeWbmUttuc73bbrPs9FjM2gRvXpZSm88PpUWsZ9GNya0U3Rk8Pz9f+lMDOAkZ25nsRCSXMjYw4NmXS80EJqXEIOVmo5JLfkzej01SwfvMgrwGkdp8fpBbrJeiK5qot2qaAtwCxHYmW5HKtfvUTEoqKM/CTFxabjbHsV4f3hPJhWZqVWxBZMPT0yGsnqzu59Waqx9umgJMAMR2JhuRyaWEZmO16WlSU4EFmc3ktcRq9XbcszrP2uTyNhggkjoS2vNz2od6FF2UXM7gatmb3jRSg2mC2O4ltrIZakJSMVk/mjY3N5s3kYnUVqs0rFZaitjkvSRhWV0qxSZhYtubxKT0ULFZXaUmr0NTNfa9HcntSv1tALeAwYMz+Pnz52UXGJvSEUY7Y5Nz5iJbLlMv9eXyEHZcxWdZm37erq/ZmohNpGZi01gstNwtFmmwuhxzyR01T8fk9tHVCyN8+/btsp8hwAnI2D5zRLQ2xcPD+8d8kCA0O7PElss0vL5q2b++pmG5TGm10pj5YIJfJ4hNpfb0lHYmtt3Li4pMxKaSk9ebzSGDc8GZ3FKUWznv7UK5AdwKxHYGK5HJpYRVBXmSbRj59CaoCy3L7PVVy2TRudzkfB9ECGLbu9hcahLrtUpNBLcToW23B7GJ5KxvT+Um92Fy0+xtbDABYGIgtnsPHPjSKZ9kG7I171PrRWoiMJfZnz+p83K51L62Yb1Og2dtPsHX+9hiM1Riu007id3uKPb7vU46Hmzir07+tZBj1SapgNxgYiC2e8xhq0zxyBmbZF42ECAZmMpKwgYJRGJ762+T0OapSM/EptleyNjyVA/JykReEsOgIX+KHJLdWQhS6l3W1quWzVEBucGEmH/9+vXe9/BwfP/+/TpbEZV9bD5dI85Js6kfGjY510ObjCY+lZrIL85lk2zNXg9hXpuOkvZ92seQrM7qyco8zcPn7MUNKiUumNfG7x3ckvnv379v+gUtcvFAcmUQwXUwWOhrH90s6vr90mQ8tVBekFJE483JUOZ1qNb8jAvpq+/XIm5tVNuV9wT83sEtmX/58uWmX9AiZ+9QUUrg7YI55Np6/bAgvfNO+77Xeuf1uMZTwmXkwvFrWL+YXsdKrdv7+n2heen34Dt95Pv5yNrRD/5s+L2DWzL/9evXTb+gRX78+HHdeWxBDjKQMLNMaSax26XZ05P2u0nZPT+/jZz6vDUfWXVBhaaoCmw+T52MbspnPeSa5aqDGOXi+HK6h4fe9P+PjvJ7B7eEwYMz6OUf+TWIo6IiI8ueNKw5KurohyH1+72GSC+GnmtZWV4Y72tOrT+tM7GpyCReXtJssUj9y0tKHotF6haLfI5L72i6x3sTdQEmAmI7gyf5x35tsfmuHt7EnM3SzKPrNHoLf63vibQkJAuLo6KWwfn1cnZmk3D7xSJLTYXmk3VlaZVM0rVzVWxSLzO3cmkVwIRAbGewECncYrdcHwUVUVmmNRMpSYjE+l6zRZFZL+9ZFiZSisuqYlNUPufNSxWVhcgsCy0sszpaViXnnlpWVRMbkoMJwFrRKawX9dIXwYcVCDqvzXf0sMm6ea1oWC/qWxhFsR1N7ZDF7x6+CsGWTx0tiLc+t+SlbUx5zSVVrBOFW0PGds9dYCuL4X3bIZ+3JoLRQQOLnKVZ1uXCO1oEH0dHLWOTLM8HEXzwoAsyy7t7+B5tIkQXW9yb7dTGkwATAbFNoZ/NRkOPdtAVQYl8RFYutjCaqU1Jz9TCnmx5d49yuoc1YYdCknlUNIyM+vbh/+zHxrZF8CAgtomILdfDonjN3iTLkszNsy0Jl5nIzaQWn4WQsz+fp2brRbVZagKT/rsjmRVTPPJgwVjzk341mDCI7UzmIoJrMLLMKj5WTySUN5+0/i/vf/Mtw6sPdIkTb2101Ded9MysFNo/GRrPPYAHhMGDKTyp6r2twr1pGnbXjc9COJJa+Qg+f1aoP4GqfEqVH4uP43vvMXwXSI0nVMFnQMZ2z4m6tf9T/JhIpZjfptKS0qaExIXyRw9PLh7mEpdMadbmy7Ls2D99aGWG9p7QyNpgYiC2ez7VvPb5ILs8oBCXSZnYjp6REDM1XwDvE3SDnFxgvmY0rw0NEtNz/N7GRj4RGUwcmqIXcrMfn+/4UdtVoxRZ7Fcr76e2eL3Wb+ZiO5WdXSi0i/8jAPggiG1q1J6LEMtSYrWIlLtwXGOnDgQFE4em6NR4TxreVCxFVpa1a45J7JTMkBg8IGRsj0I5LaRWlvVT0kJm0DCIrZWmau28/2lKIjNoCMT2qFz614bIoGHoY3tUEBPAKNYTDQDQDogNAJoDsQFAcyA2AGgOxAYAzYHYAKA5EBsANAdiA4DmQGwA0ByIDQCaA7EBQHMgNgBoDsQGAM2B2ACgORAbADQHYgOA5kBsAJBa4y9D9omm4D6++wAAAABJRU5ErkJggg==""}}]}, {""role"": ""assistant"", ""content"": ""0.41""}, {""role"": ""user"", ""content"": [{""type"": ""text"", ""text"": ""\nYou are given both an image and a text-based representation of the same stimulus. \nIn both, a red dot appears on a horizontal line\nThe left end of the line corresponds to 0.0, and the right end to 1.0.\n\nText representation (the dot is marked as \""\""O\""\""):\n|--.---------O--=--~------------.------- |\n\n\nEstimate the horizontal position of the **center** of the red dot as a decimal number between 0 and 1.\nDo not explain. Only output the final answer as a number between 0 and 1:\nFinal Answer:\n""}, {""type"": ""image_url"", ""image_url"": {""url"": ""data:image/png;base64,iVBORw0KGgoAAAANSUhEUgAAATYAAABNCAYAAAAsLkgfAAAIfElEQVR4nO2da3LbuBJGQephew1J9v83K8kmkqzBlmyJtz4IjbRg0M5IdKwLnFPVBYqWKFnjnOnGi8M0TVMAAGiI8bM/AADA0iA2AGgOxAYAzYHYAKA5EBsANAdiA4DmQGwA0ByIDQCaA7EBQHMgNgBoDsQGAM2B2ACgORAbADQHYgOA5kBsANAciA0AmgOxAUBzIDYAaI71Z38AKHhvp/Zh+FefBOD/FsT2WVx6q4na65AdwBmI7V9SSum9xzW8xOzYvw7JAYSBu1R9MHPy8ud1XD5+T2Zl+9YxQGeQsX0UNVH5tjyuCc/jRVYelxLTY7sOgoMOIWNbitrXOCew96KGl9h74Z9fXgOgA7rP2Bb3eiGyqJLj8XROrc7PtXNyK8U1jn9aO3bnJ9/35kW30O86IEi4cRDbUmKbKzdLgVVi8I/fEts4hslkZrFa/TnW6/WcWhbnJXcliA1uHcS21LSLGaHF65vADofTsdrD4SS0wyFMdt4kV4xyZlE5kU1qXbwSns/kyhLVg6SgQbruY9vv98tcyGdZLusycZnMotgULy+nY2u96CyMJKUoLpOY2vU6t/GcWi++OcHZNa9ku91efQ2Aj6LrjO0goVzD3MCAz75KkaWYnp9jq3P288nLzTCpWZYmoaWIx5vNn+MkuSy/t+SWrg3QIl2L7UVSuZTaPLSy30yiMnGplcxmIgrOlaT5+i77Monldrs9HW82IVQEl8vVvy1LARqha7E9SyhLZWx+EMBKS5OaCWy/zzGqtXMpe4vP1+tcaSupxZCovNC223DU47u7P4JLbZabK0+jHBEbdAJiW0hquTWhqbVszESm2O3CuNuFSed2uyw5K0lz1laKLWVqJrOjxKZ2v89yO+q9fBZn/XC+LEVu0AHdDh78/Plz2b41P0hgmZrP0JLQJLbV01N+HEM/t6zO+tm82NLgQJSZxf19FNvh/j5M6Vhh2dxZeTrX33al2L59+3b5dwjwgXSbsV08Ijo3T82VoGd9aSYvySzFlNqVMrenp5jRxazOsjYTWxo4kNiOSWyHJLDDfh/ldnh5CcciNAhhEctRP2Jq00YEAwnQKN2KbbfbXXeBQmxnUzmsBPVZ2ePjSWaPj1FmaoOk9vQUM7oot+fnMJalqKRmYpPUdruYpUloMY7HOLp7PB5PMU0x4hw6yU2Zm67p57rNrTEFaIRuxbbIwEE5+dbE5krQwbKzx8eTzFIMCklNkfraNAUkZlkKy9jS6GbsX3t+PpWgSWKHaQqasBJjGGKriSJSonoYLOJn9FNAEBs0Trdiu3gOW1mK+jLUjYKObtBgUnboQjI7mtSUyaXBBGVscS5bIbYoJZWYElqS13EYwnEcw2G1OouY3SWB6edn60YVlrUJ5AaNsv769Wvoke/fv1+/hMpKRrd6IK8wcJNv/cRcSS9KSq3kV7Q587O1nSop04TdKDk9T6OdqS8t9qup9ZFEq+NX5ad99gUm6/b6twO3z/r379+hR65eI1oZRLD5Z1YC5vloviQsSsTY1hbMz+zdZs/P16j9PvpZKknzKX+t2n5tF3wfvf7twO2z/vLlS+iR/7xDhRdBTQ4uA9K14/Xd4vXBrePU8ZBKTGtjuNHQ3Lo1ov75gx2njMwf5/ewVQvl53lv992/pNe/Hbh91r9+/Qo98uPHj8te6DOpsrxLctI8tFFTLA6H2ObYbMK43Z7mqlnJquena2X5ecFJULrWZhMGLTy/uwuDxXYbr1curYpRLquqTdIVV/Sx9fq3A7dPt4MHK/1DvxS/k4dlRCYMueI08znHOE1hpdD76nG6oes4DGFM4opTPmxhvBPbkOQ0SGx3d2FME3Knh4cwPjyE1cNDCPf3p0jCM9lJpH5p1Vl/W/ygDBxAm3Qrto2ymqWWU0k8yr6KMlDHUV4W4xhWitUqjArL4jRSWlt5YBmbrm/ZmVYXJLGtJDOJ7eEhDPf3UXq2AiGuOlDY1kauLGU0FFqnW7Hd6R//taOi5ciojm0U1PWDnZWi63VYqd1swkqyckuqRhs5LcQWy1qJOGVilqFJZoMyN8msXFaV1paelaG1VQcIDhqk27WiF68XLUdFiwXw5VZFtoNHlFeaiKulVFloatO8t7OMzd7O7eyR14kmgcUlVcre7LHvb7MtjD5oATzrROGW6TZju2oX2HfWi55tKpk68+OggUIyUz+Y27ooSy1tOFlmbDHjShmfsjYbOLBBhLyNkX4f29rIBg8+YPE7wK3TtdgW62ez9aLlLh9ecBKXRGQZXLnZpCtDz8SmsH6yVMJKYnEwwfrd3F5sOVMrbvSS75sgkBo0DmJbavfcmW3Bh7ny1Ld+k0m/g67NP0t9dZaJWR+axPZqa3BXfr656B25QcN0Lba1RHApb6xAeHVbPS+4UnLFTV1ytuYzNjdJV1NDcqlpZae/ucuc1AQZG3RC14MHi9ypqrb8yd+lyt8HoXLHqupdqvx/En8/0dpdqvy5Wun5ASUod6iCW6frjO3iibq1qR9lW04HKW+M7EXm9mCbu6+ozYuLWVsaKfXLqM62JCp376gJjawNGqZ7sV10V/Paa2bkFoVUkVxVeF6I7r3yOk9XYmbRlSsf7HZ9/nMiMeiM7ktRsdhXUA4qpKVVrwYYajt5lOHxfW3lceXWenkPNnvtZ/+PAOAfg9iWovY1zpWowibh1oQ2J7a58M+x4/L1AB2B2D6Kv+mHs3ZOaJ63BFbrR0Nm0DGI7TMl99Zxjff2UUNmABHEdksl699CdgbwJojtM7nmq0dmALN0P93jU0FOAB9CmvAEANAOiA0AmgOxAUBzIDYAaA7EBgDNgdgAoDkQGwA0B2IDgOZAbADQHIgNAJoDsQFAcyA2AGgOxAYAzYHYAKA5EBsANAdiA4DmQGwAEFrjf2x+Ho4epb+CAAAAAElFTkSuQmCC""}}]}, {""role"": ""assistant"", ""content"": ""0.35""}, {""role"": ""user"", ""content"": [{""type"": ""text"", ""text"": ""\nYou are given both an image and a text-based representation of the same stimulus. \nIn both, a red dot appears on a horizontal line\nThe left end of the line corresponds to 0.0, and the right end to 1.0.\n\nText representation (the dot is marked as \""\""O\""\""):\n|----.-------------- --------O--=----~.--|\n\n\nEstimate the horizontal position of the **center** of the red dot as a decimal number between 0 and 1.\nDo not explain. Only output the final answer as a number between 0 and 1:\nFinal Answer:\n""}, {""type"": ""image_url"", ""image_url"": {""url"": ""data:image/png;base64,iVBORw0KGgoAAAANSUhEUgAAATYAAABNCAYAAAAsLkgfAAAIoElEQVR4nO2dW3LbOBBFAVIvryHJ/n+zkmwiyRbGlmQSUxfqhloI9LBFWUXgnqouUDRFs1LjM41Hgz6EEBwhhFRE9+wHIISQqaHYCCHVQbERQqqDYiOEVAfFRgipDoqNEFIdFBshpDooNkJIdVBshJDqoNgIIdVBsRFCqoNiI4RUB8VGCKkOio0QUh0UGyGkOig2Qkh1UGyEkOqg2Agh1UGxEUKqY/HsByCkKaZ+xYj3096vEig2Qr5aZiW5XRJeSV56Tr9HwZ3g+ZYqQh6E/dPS42vnzqHisgIrnSt9bhBmbIRMTS4s2147zsnlhVYD3ymJLmTnG4QZGyGP6mrm4tIYx3/PXRKbSqrrTsWWR349aFRwzNhIczzs/+VyX1+SlsrsXFuSW0lekJsKzrQhFxrQrG4C/MwESbGR5phcbOcyNCuvLPwwHD/rNfYeQGQVVGB9fxRbFukam9WF6bqkFBshtYvtUtczBBeMrLzKCyIbhoPQhuFwjcgtnsuytlDI0gLEplH4HENl5rMuqjIzQX0WjrGRptjtdtPe0HYhIaksQ1ORuff3w7FprehOuqQAmVoutcUitZBZQCvH8TOuxbHPMje5372sVis3F5ixkaYYIJEpKM1oZhmaSstDZvu9C9JGqeH4/f1wTuVWyNg0KwsqsuUytmG5PIhO2iQ9/O7OjMNNLLe5QLGRpniHVO4lX4uWdTut0KLA9vtj7Hbp2BnJnWRtKjbJ1KLIRGIxVquD0NDiuyK7KDe0XSFzUxqRG8VGmmIPmUw9A6pCKmRpSWa7neuk9dvtqeA0a5P7BBEbupYnUlut3AiZIdZrF5AFyucoN8gO9+lN1/TSeFvFUGykKSYRW2H2M2ZrIjaVVRIZpLbdurDduu7tLYoNP3MamrVZsclMJ6Q2irTG9TpFlBqO5btRcJCaZm19NoMKGuqScvKANMPv37/vv0lp0a2KTcbNNBPrRGgQWf/2FqWWAnKzmZsZZ0vZWt+7UcSGTG3cbKLUhs3GBRxLxOwNoZnbQiYVrNgmGmv78eOHmwPM2Egz3D0jWlqvZicLVGwQGsQmGRoivL7Gtn99jcduu42Ba9JYm2ZsIrYRYlsu3SDZ2rDbRZEN7+9uHIZDjGMMLB9BxqZjbi7P2hpb/kGxkWbYQiJTjq9lyzriZIFmagiRmsoMrfvvP+deX51/ezvKTcUmM7a4e5SaiA3Z2rDfR6FhVncYxxhRaiEcQp4jCm6UNXIym/rPJEKlMrNQbKQZJp04COE4caBja5Kt6Zgaup9RZiI0D6GhRWCsDZkcxt5ysZmJgyg2ZGgisiEEh6sG71OMuF6EiJGloMJVsdmqBECxEVIPk6xhy9at2W5opxkbBvYhK50ckHG2UWSG6JDFIWvb7VyADLOuqC7AhaRQbAV5jdI9HRaLQ8hxHIcTgankTp6vwUmExffv35/9DIR8CT9//rzvBqVaUO2KmrIpW2mg425BQ9avpVYmD9IYG4CcdD0bZATBYfxMYjwTTtpQkpg+87llHzdKbi6+WPz9+/fZz0DIlzDJAoBsF46oA2RZEvpZz9ljrSG152/ZukjPanczP3/yO7Lf6fA78912SzK78d9mLr5YfPv27dnPQMiXcPcOFXa3DHvsfby3zwrX42fJnryEHqfidS2DsvfTn8uyDW9aPcbPfbZWTZ8hyH3S88gzXqxAuPHfZi6+WPz58+fZz0DIl/Dr16/px9gESKaTbmm3WMTxttgilkvnEavVscxKu7AqNBUcgKRUZuu1c+t1bDU6rT7Q0ipTL5omDPozWxyVduT9AHPxBScPSDP0+GOfclYUopDB+ZgtSdcUsoLk+hBcjxay08DP8F1cL5lZHGPTkio5DzlFGUJkugD35cV1m43rX16cQ2w2B+mtVgfZLZdRoiGXXGktW8UTB4BiI82wRGYz9To2rRE1Xc3O+2NAqN7HiJ/xcwSyMc3iUHmgExEmY8PPo7BUbJAaZCah0otVCaZeNORbGVFshNTLGt26R1UeoFuplQfolmbRaytdUwhLF/LG75iMLcpRsy4RG1qVmd9sjkJDa4QWu6Z9YQPKfB1b5RUIrBUlTXF3vaj9c8l3yrVlVaYCIdWKmhKrVEeKbM2MublsV49UJ6oF8KhCkLpQzdTS7h92M8o+G2M7l619QGhzqRMFzNhIU0yyC+y53T1saZWMd8XuphzHLA1dT2RcKjUpgE/bg2tmJZLC95x2WU3oxAHEpzJLYusKEwalyoPKsjQLxUaaYvJxtmyxbhQUxscgKx1HU7mJ1LTsKmVruNZsMpkv94gTAmZmVT+nvdrMLrvFF7z4M6/pqxiKjTTFJGIr7aCLmc6sCiEu2YC47CRBFmlzSrOYNq1307IqM37mz3Q7NUsLpSzNt/fOUYqNNMUCsnngK/dOdvzA79JxNwjVjL+lXXOt2GzJk1nEG2VmXt5ykqVdewUfuHNsbY5w8oA0x6RvqrILdu2OH4Ua0jj2piLTY/tu0ezVealraRbd2nca5Es5wrVup/98N3ROb6gCzNhIc9y9UPfKe0XT+z1VbFpVgDE3Wyxv5WfvIzOjsSRK5JYW7V7K0OS77txY2h3F73ODYiPNcXfNaOn7edaWCU73RzuRmc3UsjfApzpPIzArtfRZniVla/b5fN1r1S7Brihpkof8Z29nSvWznTXNj/OXJGeF9f9MAOTH5trwQKH5GQqRYiNkCq51Ty9tU3RObNreOnaWH+fMUFCfhWIjZGry5SB5WzqXc2ngv9Fxs49AsRHyjCzu3DWWcwKjzK5CsRHyTMndAkX2YSg2Qr6az/7JUWY3w+UehHw1FNTDkXJ/QgipB4qNEFIdFBshpDooNkJIdVBshJDqoNgIIdVBsRFCqoNiI4RUB8VGCKkOio0QUh0UGyGkOig2Qkh1UGyEkOqg2Agh1UGxEUKqg2IjhFQHxUYIcbXxP4NOlatHaI8FAAAAAElFTkSuQmCC""}}]}, {""role"": ""assistant"", ""content"": ""0.38""}, {""role"": ""user"", ""content"": [{""type"": ""text"", ""text"": ""\nYou are given both an image and a text-based representation of the same stimulus. \nIn both, a red dot appears on a horizontal line\nThe left end of the line corresponds to 0.0, and the right end to 1.0.\n\nText representation (the dot is marked as \""\""O\""\""):\n|------. --------.------O ---------------|\n\n\nEstimate the horizontal position of the **center** of the red dot as a decimal number between 0 and 1.\nDo not explain. Only output the final answer as a number between 0 and 1:\nFinal Answer:\n""}, {""type"": ""image_url"", ""image_url"": {""url"": ""data:image/png;base64,iVBORw0KGgoAAAANSUhEUgAAATYAAABNCAYAAAAsLkgfAAAInElEQVR4nO2df1LbPBBAZTsQeoa29/+3J+klaI/QEJI4/mbXWn2LKgMtonHEezMayU5sUoa87uqXu2mapgAA0BD9pT8AAEBtEBsANAdiA4DmQGwA0ByIDQCaA7EBQHMgNgBoDsQGAM2B2ACgORAbADQHYgOA5kBsANAciA0AmgOxAUBzIDYAaA7EBgDNgdgAoDkQGwA0B2IDgObYXPoDAFSj1uM7uq7OfeBiIDZoT2Z/KzgTWn49ors6Op5SBVeL/9O1dulc3s5F5Y+X2s+dg9WB2KAdmUltpfR6SVC5yPLzpfeVjmFVIDa4bqG9puTXl6Tly3PnfO1BdKsCsUFV3vXPaZqC6qMkr/N5Ltb2tV3jycXlS98/OZ7+VHJ/SIcUq8PgAVyH2EpRmheYlHHUurNjez2P3HJpmcikLrSnTHS1BYfY6oPYYJ1iy+8T5aT3jzLrcqFJPY5hisfS7rz87FZ5dNb3s7ysDMPTY19eEpwHYV0MUlGoxuFwqH9TF2l1WdppIlOBnU4hnE7zOWnLOXs9T0l9FCZSG4b/61hSe0l0XowVIrfb29sqvy6YIWKDaowikVoURjZVbD4SiyLrjscwSft4nKV2POr5KdZPUlIXsamsosRUZJvN3N5s5vOxTm0X0f1x9Ab/FMQG1TiJVN6pT82kpkKzaCzKLJXDIdXBJBejt6LYnNREXFpubmaJxeNgx150udy85AzkdlEQG1TjKDJ5rxFQ16cmaacWk9nhEHqpHx/TsUkupacxapOeF4nUUjGhbTbhLBIrlCQ3KxbhmeDylBSpXRzEBqsV22/RmovUei+1x8cwPT6Gfr9XuclxkCKRm0VtJrYYsanUhiGcndTOt7daVGixHex4QXC/9bsJpKQXh8EDqML9/X29m/npGSI0aUepWZ9a76K0Yb9XqfUPDyo1bUv0JkUE6NLRJDaRWhSbl9ooIttu5+PtVgVnxST3RGxebm/sa/v69Wu93+EHh4gN1jUims9Xi5GWCi2moL2JLUpsEqHt92HY7cK034fw8BBClJv2tUmJaayKre/DWcpmE0aR2s2NCk1ENorUDgdtn4/HWW6nUyoiN5WaCM6NohYHEwwit38OYoMqPIpEKtJlfWs+BdUSpSbR2rTbhUFkttup1DppS5H3WDoa+9lEbCo1F62J3ERo4+EwFxHa6TSXcdRi8+N0jpzITdqvidrgIiA2WF//mojNTaw1sVlaKVIbYgqqAhOZ7Xah+/VLpaZtEZ4UGyH1qajrX0tp6OkURinjGMZpSkWm9eo1cfKxxpPxc03yGUVuUiO2VYHYYF1z2HwqaqOg53Po4yCARGAyP00HBqTEvrSz1DJ4EPvaNCWNYusysdlkXB00kIjsfA7nKLGx68LY93PddXN0F4V1trlv+d5tUir1s0EdNl++fKl0K/jIfPv2re7uHT4VtRUEllLadI845WNyRWSX6jhq6iM2vb0ISEZD3SoEFZ2lni4F9amoCFBTUUk9pTaB+Xlyb5jTxnexHpufP39WvB18VKqvEXVLqDQF9EuqbM2oTeGwtNDVxWIL4PP7WIrqP0b+sfy/0SI//3mXju3nvQK+i/XYfP78ueLt4KPy5h0q7MtvInD3k3t3WXqXjqXd9/Ox1EuL1+1n2GTauISqi1M3umHQks77Ec/4WufWjKafv7S06i8iNr6L9dj8+PGj4u3go/L9+/c6N3Lz16wtWuijjPpCETlZkWkYnUzFkDTVdvQQsbiIzaSl79tuQ+dKb3PXYq3TOqzYMis/GlqapPuXfWx8F+vB4AFUYZAveC0k7RRJWB+byCgKTtLRfprCMI5zkQGFcdTBBa3lWrlG7iORlUjI5rHJa3Fyrorw5ib0JrG7O5XacHcXwqdPIUjtZSe1TdA1yXm5laI3uBiIDapwI1/2WmRbFGkaGCOivuv0YbgiMKkHkZw71tdFhFFcaeVBFrHJ631cOqViE6ltt7PQ7u6S0HSirpy399rKg3xrI78gXkBsFwWxQRW28uWv/UwD1/FvfVydpaAiuSi6IbYlauxFWFJub1VMNnqaNpoU8cVRUZOVTri1dDRGbio0Wzvq14s+t5yqtF40b8M/gbWisK71ooUlVaVdPWz1wZO1onEZlda2w4eJzW1ZZLt66ORcm6AbRSYrECY7dlGaSW1x66I3bjrJOtG6ELFBNarsAlt4tkESm6SXIqkYlaWUMqaVEqXp7h4SedkebZnYVDYx2pJrbLChk2tjsUXvZ7ejx5M92V7aLtx+DlwMxAbr72fzE3VFaLK8yo2E6iCAyUn6x2zDybiDrl7nxeame2g/m5ObHduGk2nTyWwU9FUPeIGLgdhgfWJbitokQrMddG3+WYzi0kCBi9TyTSaFNN/N75wbJSb3sOMkM6vdsxFeFaUht4uC2KAaG5FNDRaWV/nH6qmwbNqGtEVslnbasw4sWnNPqEoichNv88gspZ0+Qlua0oHUVgmDB7DeJ1VlzwNND3NZekqV22E3vW7vN7IHuSRpZemmf13fszRPrYLQeEJVfYjYYF0TdZfWXvpF5m5+W3quqERu1nZCSzI04kOSLSXVqC3KLS3H8o/bKz2s5TX9aURtFwWxwbrWjObXZ2lpGlAQ2VjfmQnObXP025Pg3f1tVUKK3GyNqUnMH9vT4kk7rwpSUajOu/xJWed/vl9btoX4k3O+ePI+snwuWva6is2u8/dYw38EUASxwbp5blugksBKQiuJzernSv7eEohplSA2uB5e6n8rtZ9jSWBLMkNiVwNig+uktLb0uXaJUmqJzJoAscF189IOtq+hJC+EdtUgNmiHt/wpI7KmYLoHtANygkjcZwUAoB0QGwA0B2IDgOZAbADQHIgNAJoDsQFAcyA2AGgOxAYAzYHYAKA5EBsANAdiA4DmQGwA0ByIDQCaA7EBQHMgNgBoDsQGAM2B2AAgtMZ/tUFVB4B3SsEAAAAASUVORK5CYII=""}}]}, {""role"": ""assistant"", ""content"": ""0.36""}, {""role"": ""user"", ""content"": [{""type"": ""text"", ""text"": ""\nYou are given both an image and a text-based representation of the same stimulus. \nIn both, a red dot appears on a horizontal line\nThe left end of the line corresponds to 0.0, and the right end to 1.0.\n\nText representation (the dot is marked as \""\""O\""\""):\n|-=-----------=------=----O---.------- --|\n\n\nEstimate the horizontal position of the **center** of the red dot as a decimal number between 0 and 1.\nDo not explain. Only output the final answer as a number between 0 and 1:\nFinal Answer:\n""}, {""type"": ""image_url"", ""image_url"": {""url"": ""data:image/png;base64,iVBORw0KGgoAAAANSUhEUgAAATYAAABNCAYAAAAsLkgfAAAIoElEQVR4nO2dbXKbPBRGBf5K19B2/3+7km6i7Rra2AHeeWRdfC0LJ7HJG6KcM6MRYENIxj65+riiGYZhCAAAFdG+9w0AAMwNYgOA6kBsAFAdiA0AqgOxAUB1IDYAqA7EBgDVgdgAoDoQGwBUB2IDgOpAbABQHYgNAKoDsQFAdSA2AKgOxAYA1YHYAKA6EBsAVAdiA4DqQGwAUB3r974BgMUwx+M/mmaOO4E7QWzweSmJ7B65SWql85Hd/07DU6rgU3FNZv61/H1+PxeV35/avnYMZgexwedgSlS+Lh0rnesF9dI63y7tw2wgNqiPqY/0lMxyqU0dN0ryyos/PnWOB8nNCmKDRTHrx7HUtBwGfejLAuv78vZUxFYqbVs8PrxGcq+kQYoXMHgA9YltQmiTMjOJ2Xbfh8Yf89coRGmDZGZC87WT3FASnl3PX/cGENsliA0+ttheMhiQyWxwMmu67iS0rjsKrevO3+PlJnwEZgJr26O8Vqvz/ew9F5Fdut5ZnW/Dq6EpCothv9/fd4Hn+tAUiVkUloQWxZaKbY/HLHLzzVITjhfXahWGJLRYp3ImOtvPI7tSv9wNbLfb+/52lUHEBouhk0zmaHp6sXkpWURm0ZmJ7OkpliFth1SaFLmN5+QRm5OXhDas18XtUXS2XYrgZpAbnEBssBieJJS5I7W838yElsQV68PhKLesjoLzTVXD9asNTmSxbDbH/c0mBO1LZOm1cT+Xm0q67png4GYQGyyGw+Ewj9hclHbRh2YysyKJ7fexbrVt+/aaRXV2zRStSWyxmNCS1HqJzQRnRVKzOkVyvvk6GbnBzSA2+NhiK02w9SOavi/NCS1IZNqWxPb70O73YUh13Ne9qFjU5prJo9hSpNY7qfXb7VFu220s2g7aTpLz0ZsJ7qLfTSC3u2DwABbBr1+/5ulb8/1qFq25vrMxEpPYTGSPj2Gl7cfHY0nH42t2jhsZjWJLEZek1nupbbehk8h2u3Ff21Fs6uB3ghvlNlPU9v3799f/DSuFiA0+3ohoKT1qol9tjLZ8H1qKyEaJ/fsXhiS1VdoOuh+L3CxqM7GlZmiU2noduiS1Lsks1vt96FWraGBCgtNghPXdmdzyPrdcakRuN4HYYBE8Sia3UhKbm5PmI7XYBLWILJOZ6pBK4+VmcrR5cJKaojWVFK1JZt1+f6wPh9A9PUWh9V03Ft1XlJuT7uRIKdwFYoOPPXBwbRTUR2t+oCCJTSJbSWCS2d+/oZHQrH58jGU4HE5RVt4UtWaompxJZBKapq10fX8swxB6yVDnpQnIg7vX2N+m+0Vss4LY4OPOYXtmeodJLUZvadQzRmySlaIx7auWxNR0TDJTseapXpfYmkxscVRTAwEWlfV9FJgmhXRNE7q2HUufSkj1OLHX/x4lsSG4m1l/+/bt9rMBZuLHjx/z9LF5sRVSpXy/W+OKBGVFwlOkZnVswtq5QnJKgwnxTiyC0/sVxRWaobEpmmo1R2Pz0+7vpeu7PQPf5RPrP3/+uF2A9+GmwfnnEtw1j81dX++OKVV2zF3DmoqjrKauK0xGJjfre8t+j/x3Gn+G/Zyp+35uRd4J+C6fWH/9+tXtArwPr1qhwr7sUyvU+kTzJKGmbWPxuZvjvrZTGY9n7z0TjDvPzs2v4Y+P++keLGsh/pyp5Y/87/NC+C6fWP/+/dvtArwPP3/+fP1JXjYuM6AkCG21KSJq+z5ux1rFN0vVFLVkeYv4TGTWFJUotb/ZhEbTNna70Gy3x7LbhTZNzo1Fr/vi06p8KU33eGUfG9/lEwwewCJY6ct9K9b5nq/kob6sJIsYLbm6bZqgn2hF+8rYjMVHeOv1RR+bzldfWqOy2YRWE3BVHh5C+/AQVg8PIXz5EoJqSU/H9fp2e5Sem6AbR0VLSfFwF4gNFsFGX/Z7KGQejAMGagYqGpM8n55Cu1qdlVXbRrG2bXs6nqIxyyMdc05dxBalZulTDw9RblFqqcTozSbpKuvAMhAs68Cit1LmAdwFYoNFsNvt5kupykdI/Siopm6s11FIsWh7vQ6rtB1rFUuvssT4bFRU8otyslQp3b+iMxehmdB6l1JlCfEXzdAZ+tjgBLmi8LHzRUtrsBXk5heRtMm6Ma0qTdhdmcj+/TulWmlOm6VhObH5lT3GCbpOYso+GOyYCc0nwV/rW7uxf4080XOI2GAx3LUK7JTcsmapDRLEJqmkpQ5/CU79X6np2HipebH50dgkJkV3cRDBBg/SAIJFaHF1D1vKqNT8nGHQAC5BbFBHP9vEKrpnD2XJFpscV+5Q1CaxqZbY3Bpt1gw9E5ufDpKasJJY7JPTvovQLoQ29UwEpDYriA3qFJvVfrJuaSVd1RKSW87Il5hnav10JsskI/XVjavnJpHFY26AIF8ifHzuAf1qbwpig8WwlgRupZRmVZJbqd8tie1sFRC/dLh/oIvwT57SlA+3NLjJbFwSPH+YS+lBLnZNX8NdMHgAdT2p6pnobRSbn+vmF6N09RjV+QfCCHtWqJeWF1npKVVqek5lGNw5xYMnVF1CxAZ1TNSd+v+cPw8hn8Trk9EVfflEeROeydBIzz0YU6/ULE0ia/I+tJc8jepaEjzcBGKDRXHzU82nzitEb5YuNWYrmNic5M6an4UHJo+pVhaJWaaCl501O9MUkbP7pOn5ptAUhcXxJh9Jd83myrSQi7q06kYp2X7qIcgmtjd62vvN/wgqB7FB/ZQ+4i9Y8uhibpxnqp/stSt1IKY3AbHB52NqcMHqa0LzlJqV9J8tAsQGn5drU0Sm3pNTisiQ2buD2ACuSe6lILNFgdgAPPd8HZDZYmC6B4AHOVVBmlwDAFAPiA0AqgOxAUB1IDYAqA7EBgDVgdgAoDoQGwBUB2IDgOpAbABQHYgNAKoDsQFAdSA2AKgOxAYA1YHYAKA6EBsAVAdiA4DqQGwAEGrjP7ZRJYhPBne0AAAAAElFTkSuQmCC""}}]}]",0.55
google/gemini-2.5-flash-lite,sample_001,0.48727,0.48727,0.632,"[{""role"": ""system"", ""content"": ""You are a marker location estimator.""}, {""role"": ""user"", ""content"": [{""type"": ""text"", ""text"": ""\nYou are given both an image and a text-based representation of the same stimulus. \nIn both, a red dot appears on a horizontal line\nThe left end of the line corresponds to 0.0, and the right end to 1.0.\n\nText representation (the dot is marked as \""\""O\""\""):\n|-.----------.--.---O-----.-------------=|\n\n\nEstimate the horizontal position of the **center** of the red dot as a decimal number between 0 and 1.\nDo not explain. Only output the final answer as a number between 0 and 1:\nFinal Answer:\n""}, {""type"": ""image_url"", ""image_url"": {""url"": ""data:image/png;base64,iVBORw0KGgoAAAANSUhEUgAAATYAAABNCAYAAAAsLkgfAAAIfElEQVR4nO2daZLTSBBGtbjbfQfg/n85CZcAzkB71cRXzhTp6pLa2GIal9+LyCjJlmQPeB6ZqkXtMAxDAwBQEd1HfwEAgKVBbABQHYgNAKoDsQFAdSA2AKgOxAYA1YHYAKA6EBsAVAdiA4DqQGwAUB2IDQCqA7EBQHUgNgCoDsQGANWB2ACgOhAbAFQHYgOA6kBsAFAdiA0AqmP10V8A7pilHpfRtstcB8BAbHCbyG6RmwutdA1kBzfQ8pQqeJf8J+L78fWpY0qSivtT21PHA1wAYoPrZKa2tF06N8rpvXZue+41gAClKPy5zKaidE4uL4+5fZ07JzS/NoKDCcjYKmDRv8KCoJI+jsdzicX9/L38++Ti6rpzqRViyM8pXesGWqRYNWRsFbCY2OYyNMnLBebbIdpccJFcWi622GayS2IrhWdzU1ndhSC2ukFsjyy2udIzCG1waR0OTesyOxxOQrN2UGvHJcll5eKZzCzSa6X9XHq53Py63H+DCShF75ztdrvMhUr3zCSpmJlJbBKYRdre73+/5sfnWZsJahRX35+21fb9+WvviW5Kclfw/Py8zJ8d/HOQsd05BwnlFqY6BrzENGElke33o8ja3a4ZtK3XguCGWJaKWH5Goa1WJ6mZ3LQf3y+J7m/IDeoEsd05e4nlWvIhGtn9s5R9eUamdrc7tYrt9tTudqewY5LkSmKzzCwJzaQ2bls0UXba1/G2/0Zu3vpnxBYeHsR25+wkm6Uytlh6ernpWZrLTBJTu902nW+r9WNiSSqsIyCJzGX29DTK7Kht3/dWInPZudhi2TqXuQEgtgcXW16G5vfSPCOT3CQyE1qS2mbTDNbqGL2XMjaFX0dYGRozNJfZ0eP5+SQ122+C5GIWN0apNHUQHNB5cN98//79+pOnhnTkmZqXmptNklcS2WbT9K+vaTuFSS9lcDonz9iC2KLMUrteNwdJTPv2WpKaZCexueAsi5sU25Xl6JcvX67/M4R/FjK2R+wRLY1XiyVoLjUTWucye31tBm2/vja9MrfNJmV0Kavz+2y52CQ1E9vBJJZaiW29PkkthDomkuB0PcvcRrGV5GafddbCw4LY7piNhHILpaEdsQRVmetSc7FJZhLbr1+pbSwkvyS3/b7pXGw2iFbZ2lHh2ZpkJrGp3e1OIbnt96c4HFLou2h8nATnmeRZWRo7EgRCAwOxPXrHQRSbj0dzsfk9NZOaRNb/+tU0Fq1CUlOoRN1uT5mW32fLMrZ0D00Z2W6X5CZ5abjK4Xg8i+MwpGEjg7ehp9Y7FtL3nCpH4eFBbI84hm3u/looQ3XPzDsNBs/IlCXafbajWhObdyY0Pr4tE1vqBJD0lI2ZvHSE4tC2v6PrmqPCMjG9P84bjd/dx7vpc0rlKDw0q8+fP3/0d4Ar+fr167Jj1+Jg3DDDIHYopMG5lpWN2ZlaSVBS817UUIqmoRr2uUlS3plg548lqO7BWRnqpahK2DRdS/JSq/Oj0PW6f84VcuP3Xyernz9/fvR3gI+aI1pYbijNGtCuRRuOS+/4+9r31/NVPuJwDxGnZWXnxf+GeP34HYrvxzYuZ+QT5C+E33+drD59+vTR3wH+zxUqSqtixNcs89G10/VD72Pr5Z+2+z5FE9qxNFQbV+DIxqHF8+K547Z9jj5P4RPo0+dPTYr37x7bC+D3XyerHz9+fPR3gCv59u3bMhlbLgitwXY8Np3dpFfbPT2l3k4N5+ien08lqZesPj9UTon3vvzaEpSNSWs18Vznh9D10rg1G8Om4+IQDx+oe9Eg3T+UPb//OqHz4I7p9T/4kr2iIQuSHmJoQEU/DKew/RRt23QxgyvcY0tZ12rVtBLben0S2ctLiu7lpelfXppGsV6niLKTUEex+SyE0sR4QccBGIjtjnlSZrOk2CQN7yjw0rPrRnl59BZd35+yOcvoUgYWZh/kGZvENmZnJrY+Cs2kl4aCWObmw0SK80UZ6gETILY7Zi0hLNErKrJ119KQD8nIosuil6SenppeWZWE5FOrJsSWylqFpGYic5m1ytyC0Ma5o6UydG4JIwfJPTzMFX3U+aJzy3/7Srm+YofNQvA5oWmuqLZ9ipXPFfWljDKxjXNF4zxRn0ZlU6rezBXNlzIKHRdvFp4UV2RtzBOtFzK2O+fqVWDn5ouG6VVJUioFvdNA8lKWJtEpU/PVPvLli+JwD5eSlax554HCJ74fQ4fBmzXZ8iXDBYtNQgHE9sj32fKyNK5+G1fQdcEp/D6aiW2cehUWnEwRS1Ef8mHSSh0Cuo7dl+tK67H5/bRQfvrg3qLMkBoEENuds6jYJp53MMotW6NtlFlct82PC0NJUm+r9ZqOK+aaxCS34gq6vuLupUuCIzYIILY7ZyUhLCU2byce5jIKTpmWS86fexAe6jKe43jGZnNGo+DGsjM+5yBKzSX23vJEiA0CdB5UwCJPqsqnV1m8KU3jYpT5U6qi1KaeUpWVmXEZojdPqbrkwS08oQoKkLE96kDd0r9npQ6FbB5o8XF8cQJ9/lzR8NyDcUqUTZeSyNLYudLj9q4RGlkbGIjtUeeMls6ZKE2TqHwVjTjZPSwoeZap5WLzqVYxc4uii/v+VCvKTrgBStFKWPSvMRNcXOGjlMW92S6tvBGzr9K9syw7G8vQyEJCu+ofArgrEBv8ZuqnMFeiliKel2daUxHfj8eXQEzwDogN5sl/HjNruZVK0DOmhmnMyQyJwRUgNlhGclPHRKYEhsxgYRAbLNujegn0aMJfBrHBbdzy80Fm8JdguAfcBnKCfxBbIgEAoB4QGwBUB2IDgOpAbABQHYgNAKoDsQFAdSA2AKgOxAYA1YHYAKA6EBsAVAdiA4DqQGwAUB2IDQCqA7EBQHUgNgCoDsQGANWB2ACgqY3/ANGl1gCCZwauAAAAAElFTkSuQmCC""}}]}]",0.632
google/gemini-2.5-flash-lite,sample_002,0.77536,0.77536,0.707,"[{""role"": ""system"", ""content"": ""You are a marker location estimator.""}, {""role"": ""user"", ""content"": [{""type"": ""text"", ""text"": ""\nYou are given both an image and a text-based representation of the same stimulus. \nIn both, a red dot appears on a horizontal line\nThe left end of the line corresponds to 0.0, and the right end to 1.0.\n\nText representation (the dot is marked as \""\""O\""\""):\n|-.----------.--.---O-----.-------------=|\n\n\nEstimate the horizontal position of the **center** of the red dot as a decimal number between 0 and 1.\nDo not explain. Only output the final answer as a number between 0 and 1:\nFinal Answer:\n""}, {""type"": ""image_url"", ""image_url"": {""url"": ""data:image/png;base64,iVBORw0KGgoAAAANSUhEUgAAATYAAABNCAYAAAAsLkgfAAAIfElEQVR4nO2daZLTSBBGtbjbfQfg/n85CZcAzkB71cRXzhTp6pLa2GIal9+LyCjJlmQPeB6ZqkXtMAxDAwBQEd1HfwEAgKVBbABQHYgNAKoDsQFAdSA2AKgOxAYA1YHYAKA6EBsAVAdiA4DqQGwAUB2IDQCqA7EBQHUgNgCoDsQGANWB2ACgOhAbAFQHYgOA6kBsAFAdiA0AqmP10V8A7pilHpfRtstcB8BAbHCbyG6RmwutdA1kBzfQ8pQqeJf8J+L78fWpY0qSivtT21PHA1wAYoPrZKa2tF06N8rpvXZue+41gAClKPy5zKaidE4uL4+5fZ07JzS/NoKDCcjYKmDRv8KCoJI+jsdzicX9/L38++Ti6rpzqRViyM8pXesGWqRYNWRsFbCY2OYyNMnLBebbIdpccJFcWi622GayS2IrhWdzU1ndhSC2ukFsjyy2udIzCG1waR0OTesyOxxOQrN2UGvHJcll5eKZzCzSa6X9XHq53Py63H+DCShF75ztdrvMhUr3zCSpmJlJbBKYRdre73+/5sfnWZsJahRX35+21fb9+WvviW5Kclfw/Py8zJ8d/HOQsd05BwnlFqY6BrzENGElke33o8ja3a4ZtK3XguCGWJaKWH5Goa1WJ6mZ3LQf3y+J7m/IDeoEsd05e4nlWvIhGtn9s5R9eUamdrc7tYrt9tTudqewY5LkSmKzzCwJzaQ2bls0UXba1/G2/0Zu3vpnxBYeHsR25+wkm6Uytlh6ernpWZrLTBJTu902nW+r9WNiSSqsIyCJzGX29DTK7Kht3/dWInPZudhi2TqXuQEgtgcXW16G5vfSPCOT3CQyE1qS2mbTDNbqGL2XMjaFX0dYGRozNJfZ0eP5+SQ122+C5GIWN0apNHUQHNB5cN98//79+pOnhnTkmZqXmptNklcS2WbT9K+vaTuFSS9lcDonz9iC2KLMUrteNwdJTPv2WpKaZCexueAsi5sU25Xl6JcvX67/M4R/FjK2R+wRLY1XiyVoLjUTWucye31tBm2/vja9MrfNJmV0Kavz+2y52CQ1E9vBJJZaiW29PkkthDomkuB0PcvcRrGV5GafddbCw4LY7piNhHILpaEdsQRVmetSc7FJZhLbr1+pbSwkvyS3/b7pXGw2iFbZ2lHh2ZpkJrGp3e1OIbnt96c4HFLou2h8nATnmeRZWRo7EgRCAwOxPXrHQRSbj0dzsfk9NZOaRNb/+tU0Fq1CUlOoRN1uT5mW32fLMrZ0D00Z2W6X5CZ5abjK4Xg8i+MwpGEjg7ehp9Y7FtL3nCpH4eFBbI84hm3u/looQ3XPzDsNBs/IlCXafbajWhObdyY0Pr4tE1vqBJD0lI2ZvHSE4tC2v6PrmqPCMjG9P84bjd/dx7vpc0rlKDw0q8+fP3/0d4Ar+fr167Jj1+Jg3DDDIHYopMG5lpWN2ZlaSVBS817UUIqmoRr2uUlS3plg548lqO7BWRnqpahK2DRdS/JSq/Oj0PW6f84VcuP3Xyernz9/fvR3gI+aI1pYbijNGtCuRRuOS+/4+9r31/NVPuJwDxGnZWXnxf+GeP34HYrvxzYuZ+QT5C+E33+drD59+vTR3wH+zxUqSqtixNcs89G10/VD72Pr5Z+2+z5FE9qxNFQbV+DIxqHF8+K547Z9jj5P4RPo0+dPTYr37x7bC+D3XyerHz9+fPR3gCv59u3bMhlbLgitwXY8Np3dpFfbPT2l3k4N5+ien08lqZesPj9UTon3vvzaEpSNSWs18Vznh9D10rg1G8Om4+IQDx+oe9Eg3T+UPb//OqHz4I7p9T/4kr2iIQuSHmJoQEU/DKew/RRt23QxgyvcY0tZ12rVtBLben0S2ctLiu7lpelfXppGsV6niLKTUEex+SyE0sR4QccBGIjtjnlSZrOk2CQN7yjw0rPrRnl59BZd35+yOcvoUgYWZh/kGZvENmZnJrY+Cs2kl4aCWObmw0SK80UZ6gETILY7Zi0hLNErKrJ119KQD8nIosuil6SenppeWZWE5FOrJsSWylqFpGYic5m1ytyC0Ma5o6UydG4JIwfJPTzMFX3U+aJzy3/7Srm+YofNQvA5oWmuqLZ9ipXPFfWljDKxjXNF4zxRn0ZlU6rezBXNlzIKHRdvFp4UV2RtzBOtFzK2O+fqVWDn5ouG6VVJUioFvdNA8lKWJtEpU/PVPvLli+JwD5eSlax554HCJ74fQ4fBmzXZ8iXDBYtNQgHE9sj32fKyNK5+G1fQdcEp/D6aiW2cehUWnEwRS1Ef8mHSSh0Cuo7dl+tK67H5/bRQfvrg3qLMkBoEENuds6jYJp53MMotW6NtlFlct82PC0NJUm+r9ZqOK+aaxCS34gq6vuLupUuCIzYIILY7ZyUhLCU2byce5jIKTpmWS86fexAe6jKe43jGZnNGo+DGsjM+5yBKzSX23vJEiA0CdB5UwCJPqsqnV1m8KU3jYpT5U6qi1KaeUpWVmXEZojdPqbrkwS08oQoKkLE96kDd0r9npQ6FbB5o8XF8cQJ9/lzR8NyDcUqUTZeSyNLYudLj9q4RGlkbGIjtUeeMls6ZKE2TqHwVjTjZPSwoeZap5WLzqVYxc4uii/v+VCvKTrgBStFKWPSvMRNcXOGjlMW92S6tvBGzr9K9syw7G8vQyEJCu+ofArgrEBv8ZuqnMFeiliKel2daUxHfj8eXQEzwDogN5sl/HjNruZVK0DOmhmnMyQyJwRUgNlhGclPHRKYEhsxgYRAbLNujegn0aMJfBrHBbdzy80Fm8JdguAfcBnKCfxBbIgEAoB4QGwBUB2IDgOpAbABQHYgNAKoDsQFAdSA2AKgOxAYA1YHYAKA6EBsAVAdiA4DqQGwAUB2IDQCqA7EBQHUgNgCoDsQGANWB2ACgqY3/ANGl1gCCZwauAAAAAElFTkSuQmCC""}}]}, {""role"": ""assistant"", ""content"": ""0.632""}, {""role"": ""user"", ""content"": [{""type"": ""text"", ""text"": ""\nYou are given both an image and a text-based representation of the same stimulus. \nIn both, a red dot appears on a horizontal line\nThe left end of the line corresponds to 0.0, and the right end to 1.0.\n\nText representation (the dot is marked as \""\""O\""\""):\n|--------------------=-----=---O------ -.|\n\n\nEstimate the horizontal position of the **center** of the red dot as a decimal number between 0 and 1.\nDo not explain. Only output the final answer as a number between 0 and 1:\nFinal Answer:\n""}, {""type"": ""image_url"", ""image_url"": {""url"": ""data:image/png;base64,iVBORw0KGgoAAAANSUhEUgAAATYAAABNCAYAAAAsLkgfAAAI6UlEQVR4nO2dbY7aMBBA7STLxxna3v9vT9JLtL1Cd4ElqcbxpINxAl0+At73JMtJCAFV2texPWN813WdAwAoiGruLwAAcG0QGwAUB2IDgOJAbABQHIgNAIoDsQFAcSA2ACgOxAYAxYHYAKA4EBsAFAdiA4DiQGwAUByIDQCKA7EBQHEgNgAoDsQGAMWB2ACgOBAbABQHYgOA4mjm/gIAMMG1f5LEe/cZQGwAjy6znNzGhDcmLu8/9r4nxfMrVQAPLDN7PXftlKT8GcfnPOfJQGwAczIlLunHjtP35KTlT/Tp8dS1c157IBAbwCNFZ+mxtLY9PE/fMyYvnzR73d6bHufOx65NXZ8RxAZwBlf/M0nE5K24rMzSPm2WnMx8bFV1JLnuIxHdfwxn/YzCY/EA4N5iy0VlOaElzdvzXMRmWqcik94e23tORXK5Xj4vXYgYERhiAyhZbLmhp16LkgrPV4Ht9/2x9Pt9L7T93nV6Xe6xMrQRmMqrrnt5Sa9yq6peeGn0lhPcmOiuMU93BxiKApxgu91e72GZKG2IxKK4gtje33upJf2B+Oyfro3C6l5mQWp1/U9ucmwkF+6ZGr6eEp/9bNsbFouFmwMiNoAT7EUktxp+JhFaENj7e+ilddLvdr3o5DhGboMMFR1+alTWNEFoQWr22IpO783NwY1FdVOLEXr+ACA2gBO8i1QuIU3PMPNoOszUKE0lJn1o2+2/4yi30Oxcm51XE1k1UWTSv7z0fbymkhuiN+nH5uJycsssQjyi3BAbwAl2IpsrRmwHiwBplKYik367dVXsDwRn596i2EROIqpBaE2U2suLa1VuqeSS6O0ogssJLr02Nfc2I4gN4NZiS4ehKjTpVWjyGbtdL7LNppfaZuO6zSb0ck1eC9Ga3Gvn2VRsUVRd0/QyWyxC38ZezoPomuZ4eJrMvR21VHZ6Lmj/QHJj8QBggp8/f17+kFxKRzL81CitUpG9vbn67c1V0uK10EzUFt5vxRZl1RqZtctlON4vl73UVHIauYnkzLB0Um4TqSNTw9Fv3765e0PEBnCrFdFclYBZ/RyTWpDZ66vrothEcHLsNhv5QkFuwzxbErFJNNaKyERgUWgit/1220tut+vlZoemMWo7EtuY6HLDUyGVm16bAcQGMMFGZHIpaWqHzpHFYajLSK0WscXeidReX8NwVO4N92fEFqQWxdaK1FYrt9/t3P79fWitNrlHvodZaBjSRM6N3qZWS2cGsQHcY+EgFZuZWwsLA1FqtcpM2p8/zovQtL29hXs7aZrXpmLT1VAV22oVxCVt33X/mqSvdJ1rJSm4bfsm75PvZefb5Nmn5IbYAD5pDls6vxajtRCxyWKBiDOufoqwNCKTKE1k10ofWxiextdDflsiNqfDy7Z1kuEWmkRyVeX23ru99PFYrslr8l6572Ci3X5fjd7SOcKc3B5oAaH5+vXrrF8A4JH5/v37dXLX0vpPnfy3zSTmhuTc3W5oLunDKqrNY5OILX5mF6sPhtQPGXrG6K0V6WmL3ytEb7m6Vfu9LSI0vTYmNsV7N4djmt+/f9/9QwGehYuTBjLbDWmdZxebrfscakbN63I+iMcm5lqxCea1TiWXRGNpCVVYdEjOTw4x9TNzu4vY7xPvncMxzZcvX+7+oQDPwod3qMjtfGGqBKTJs8PzzeqiN3NYXs/reuiHphGTfo59ra6dN70ey1A1HMc8tnAemy4e+FP5a1MJurl/K+/dHI5pfv36dfcPBXgWfvz4cdkDMrtwhGORSNu6Kk7aV9Kapm8vL6H5xaIfliaVBuEpOsFvhqIiKBff5+S9plWSxyYJujFJ12mTe5NV0bPLq86cX5vDMSweAExQyx/7pdiCdyMJ+fMPLQ5Hq65zddsOTc5FfJIlJi1EeBp52VVReS3KyUexVauV69br0Kr12tWrlXOmhXui5Cqby6Y7fuTKqP5TaHOC2AAmeJGo5hbpHnao6b2rbBOheh9aONeITqQlVQmxIH5YFRV02CmiWi5dJ03Etlq5er12TpoIbbUKr4dk3Ri12dKqYYU1LXwXcom4Dyg1AbEBTLBcLq+3Kmon/2NybBCUCE7lJa2qQhRVx6FpHaOrkMAbKw8OxBblI+/V4WUn31ujs/W6F5rktkmLCby2KH5I65iaP5uS2YNUHAwfT60owA3rRXMF8LoLrm4iqWVVsQhei95rrUSQa9rrLh+2VlQenyboLmKSrkRmUoEgQ1ON1HSuzdaKplKbEtlEakfKHHWiAhEbwAku2gU2t8Gkik2kIoKKc2Nhdw8Zbuo8WZz0DzKTiEulprludhddjbji4oOTRYPl8qAFmdkhaLo3W05qTxKhpSA2gFvPsyVyC3lrma3Ag9C0j2Ia9mPT0iuVmt2PTYhJuZrGUcWhZpCaLhTo8DNKbdh00kjt6AdenkRkKYgN4M5iO1gl1SoEjd5keCpC0sjMDFOHonmN1ozYdLVVc9I6La8SQarMTKQ2DD81WhtLxh0TGGIDeG4aEcElTC0k2JVSG73FHDZbZqXHbuQ3D0LTRNvG7LdmFwmSxYKj3zzQZ53iwcXG4gHAvX6pKimtOvqVKvvze5qUa/tUavZ5WhKlQ8sm+Y2DJEo72gp8onLgo8z1C1UCERvALRN107ghNywVuWSGp0eiS388OalokPmxoSSq7vPaRFxDSVW6BfhUPeg5PHDUhtgAblkzmr4vNyyN1QcHhe1aD2qis6Nfgk+kaasaOlNvanfEPbjn1M4cTwxDUYAzueqfSrJtuD+1bZDt0x1DlLRawI/UesYKgtEV0Dn/I7jW5yM2gDuS+3NLJDcquNwcncWKqvpAfScRGwBchak5OO3HZJb7001LoYRzk24LArEBPIvkpo6VqUjMP1eS7SUgNoBnGq7+L/7zyMyC2AAenWv8ifrPITSFdA+AR+eTSekaxJ3jAADKAbEBQHEgNgAoDsQGAMWB2ACgOBAbABQHYgOA4kBsAFAciA0AigOxAUBxIDYAKA7EBgDFgdgAoDgQGwAUB2IDgOJAbABQHIgNAFxp/AX/qdllPni50AAAAABJRU5ErkJggg==""}}]}]",0.707
google/gemini-2.5-flash-lite,sample_003,0.666,0.666,0.556,"[{""role"": ""system"", ""content"": ""You are a marker location estimator.""}, {""role"": ""user"", ""content"": [{""type"": ""text"", ""text"": ""\nYou are given both an image and a text-based representation of the same stimulus. \nIn both, a red dot appears on a horizontal line\nThe left end of the line corresponds to 0.0, and the right end to 1.0.\n\nText representation (the dot is marked as \""\""O\""\""):\n|-.----------.--.---O-----.-------------=|\n\n\nEstimate the horizontal position of the **center** of the red dot as a decimal number between 0 and 1.\nDo not explain. Only output the final answer as a number between 0 and 1:\nFinal Answer:\n""}, {""type"": ""image_url"", ""image_url"": {""url"": ""data:image/png;base64,iVBORw0KGgoAAAANSUhEUgAAATYAAABNCAYAAAAsLkgfAAAIfElEQVR4nO2daZLTSBBGtbjbfQfg/n85CZcAzkB71cRXzhTp6pLa2GIal9+LyCjJlmQPeB6ZqkXtMAxDAwBQEd1HfwEAgKVBbABQHYgNAKoDsQFAdSA2AKgOxAYA1YHYAKA6EBsAVAdiA4DqQGwAUB2IDQCqA7EBQHUgNgCoDsQGANWB2ACgOhAbAFQHYgOA6kBsAFAdiA0AqmP10V8A7pilHpfRtstcB8BAbHCbyG6RmwutdA1kBzfQ8pQqeJf8J+L78fWpY0qSivtT21PHA1wAYoPrZKa2tF06N8rpvXZue+41gAClKPy5zKaidE4uL4+5fZ07JzS/NoKDCcjYKmDRv8KCoJI+jsdzicX9/L38++Ti6rpzqRViyM8pXesGWqRYNWRsFbCY2OYyNMnLBebbIdpccJFcWi622GayS2IrhWdzU1ndhSC2ukFsjyy2udIzCG1waR0OTesyOxxOQrN2UGvHJcll5eKZzCzSa6X9XHq53Py63H+DCShF75ztdrvMhUr3zCSpmJlJbBKYRdre73+/5sfnWZsJahRX35+21fb9+WvviW5Kclfw/Py8zJ8d/HOQsd05BwnlFqY6BrzENGElke33o8ja3a4ZtK3XguCGWJaKWH5Goa1WJ6mZ3LQf3y+J7m/IDeoEsd05e4nlWvIhGtn9s5R9eUamdrc7tYrt9tTudqewY5LkSmKzzCwJzaQ2bls0UXba1/G2/0Zu3vpnxBYeHsR25+wkm6Uytlh6ernpWZrLTBJTu902nW+r9WNiSSqsIyCJzGX29DTK7Kht3/dWInPZudhi2TqXuQEgtgcXW16G5vfSPCOT3CQyE1qS2mbTDNbqGL2XMjaFX0dYGRozNJfZ0eP5+SQ122+C5GIWN0apNHUQHNB5cN98//79+pOnhnTkmZqXmptNklcS2WbT9K+vaTuFSS9lcDonz9iC2KLMUrteNwdJTPv2WpKaZCexueAsi5sU25Xl6JcvX67/M4R/FjK2R+wRLY1XiyVoLjUTWucye31tBm2/vja9MrfNJmV0Kavz+2y52CQ1E9vBJJZaiW29PkkthDomkuB0PcvcRrGV5GafddbCw4LY7piNhHILpaEdsQRVmetSc7FJZhLbr1+pbSwkvyS3/b7pXGw2iFbZ2lHh2ZpkJrGp3e1OIbnt96c4HFLou2h8nATnmeRZWRo7EgRCAwOxPXrHQRSbj0dzsfk9NZOaRNb/+tU0Fq1CUlOoRN1uT5mW32fLMrZ0D00Z2W6X5CZ5abjK4Xg8i+MwpGEjg7ehp9Y7FtL3nCpH4eFBbI84hm3u/looQ3XPzDsNBs/IlCXafbajWhObdyY0Pr4tE1vqBJD0lI2ZvHSE4tC2v6PrmqPCMjG9P84bjd/dx7vpc0rlKDw0q8+fP3/0d4Ar+fr167Jj1+Jg3DDDIHYopMG5lpWN2ZlaSVBS817UUIqmoRr2uUlS3plg548lqO7BWRnqpahK2DRdS/JSq/Oj0PW6f84VcuP3Xyernz9/fvR3gI+aI1pYbijNGtCuRRuOS+/4+9r31/NVPuJwDxGnZWXnxf+GeP34HYrvxzYuZ+QT5C+E33+drD59+vTR3wH+zxUqSqtixNcs89G10/VD72Pr5Z+2+z5FE9qxNFQbV+DIxqHF8+K547Z9jj5P4RPo0+dPTYr37x7bC+D3XyerHz9+fPR3gCv59u3bMhlbLgitwXY8Np3dpFfbPT2l3k4N5+ien08lqZesPj9UTon3vvzaEpSNSWs18Vznh9D10rg1G8Om4+IQDx+oe9Eg3T+UPb//OqHz4I7p9T/4kr2iIQuSHmJoQEU/DKew/RRt23QxgyvcY0tZ12rVtBLben0S2ctLiu7lpelfXppGsV6niLKTUEex+SyE0sR4QccBGIjtjnlSZrOk2CQN7yjw0rPrRnl59BZd35+yOcvoUgYWZh/kGZvENmZnJrY+Cs2kl4aCWObmw0SK80UZ6gETILY7Zi0hLNErKrJ119KQD8nIosuil6SenppeWZWE5FOrJsSWylqFpGYic5m1ytyC0Ma5o6UydG4JIwfJPTzMFX3U+aJzy3/7Srm+YofNQvA5oWmuqLZ9ipXPFfWljDKxjXNF4zxRn0ZlU6rezBXNlzIKHRdvFp4UV2RtzBOtFzK2O+fqVWDn5ouG6VVJUioFvdNA8lKWJtEpU/PVPvLli+JwD5eSlax554HCJ74fQ4fBmzXZ8iXDBYtNQgHE9sj32fKyNK5+G1fQdcEp/D6aiW2cehUWnEwRS1Ef8mHSSh0Cuo7dl+tK67H5/bRQfvrg3qLMkBoEENuds6jYJp53MMotW6NtlFlct82PC0NJUm+r9ZqOK+aaxCS34gq6vuLupUuCIzYIILY7ZyUhLCU2byce5jIKTpmWS86fexAe6jKe43jGZnNGo+DGsjM+5yBKzSX23vJEiA0CdB5UwCJPqsqnV1m8KU3jYpT5U6qi1KaeUpWVmXEZojdPqbrkwS08oQoKkLE96kDd0r9npQ6FbB5o8XF8cQJ9/lzR8NyDcUqUTZeSyNLYudLj9q4RGlkbGIjtUeeMls6ZKE2TqHwVjTjZPSwoeZap5WLzqVYxc4uii/v+VCvKTrgBStFKWPSvMRNcXOGjlMW92S6tvBGzr9K9syw7G8vQyEJCu+ofArgrEBv8ZuqnMFeiliKel2daUxHfj8eXQEzwDogN5sl/HjNruZVK0DOmhmnMyQyJwRUgNlhGclPHRKYEhsxgYRAbLNujegn0aMJfBrHBbdzy80Fm8JdguAfcBnKCfxBbIgEAoB4QGwBUB2IDgOpAbABQHYgNAKoDsQFAdSA2AKgOxAYA1YHYAKA6EBsAVAdiA4DqQGwAUB2IDQCqA7EBQHUgNgCoDsQGANWB2ACgqY3/ANGl1gCCZwauAAAAAElFTkSuQmCC""}}]}, {""role"": ""assistant"", ""content"": ""0.632""}, {""role"": ""user"", ""content"": [{""type"": ""text"", ""text"": ""\nYou are given both an image and a text-based representation of the same stimulus. \nIn both, a red dot appears on a horizontal line\nThe left end of the line corresponds to 0.0, and the right end to 1.0.\n\nText representation (the dot is marked as \""\""O\""\""):\n|--------------------=-----=---O------ -.|\n\n\nEstimate the horizontal position of the **center** of the red dot as a decimal number between 0 and 1.\nDo not explain. Only output the final answer as a number between 0 and 1:\nFinal Answer:\n""}, {""type"": ""image_url"", ""image_url"": {""url"": ""data:image/png;base64,iVBORw0KGgoAAAANSUhEUgAAATYAAABNCAYAAAAsLkgfAAAI6UlEQVR4nO2dbY7aMBBA7STLxxna3v9vT9JLtL1Cd4ElqcbxpINxAl0+At73JMtJCAFV2texPWN813WdAwAoiGruLwAAcG0QGwAUB2IDgOJAbABQHIgNAIoDsQFAcSA2ACgOxAYAxYHYAKA4EBsAFAdiA4DiQGwAUByIDQCKA7EBQHEgNgAoDsQGAMWB2ACgOBAbABQHYgOA4mjm/gIAMMG1f5LEe/cZQGwAjy6znNzGhDcmLu8/9r4nxfMrVQAPLDN7PXftlKT8GcfnPOfJQGwAczIlLunHjtP35KTlT/Tp8dS1c157IBAbwCNFZ+mxtLY9PE/fMyYvnzR73d6bHufOx65NXZ8RxAZwBlf/M0nE5K24rMzSPm2WnMx8bFV1JLnuIxHdfwxn/YzCY/EA4N5iy0VlOaElzdvzXMRmWqcik94e23tORXK5Xj4vXYgYERhiAyhZbLmhp16LkgrPV4Ht9/2x9Pt9L7T93nV6Xe6xMrQRmMqrrnt5Sa9yq6peeGn0lhPcmOiuMU93BxiKApxgu91e72GZKG2IxKK4gtje33upJf2B+Oyfro3C6l5mQWp1/U9ucmwkF+6ZGr6eEp/9bNsbFouFmwMiNoAT7EUktxp+JhFaENj7e+ilddLvdr3o5DhGboMMFR1+alTWNEFoQWr22IpO783NwY1FdVOLEXr+ACA2gBO8i1QuIU3PMPNoOszUKE0lJn1o2+2/4yi30Oxcm51XE1k1UWTSv7z0fbymkhuiN+nH5uJycsssQjyi3BAbwAl2IpsrRmwHiwBplKYik367dVXsDwRn596i2EROIqpBaE2U2suLa1VuqeSS6O0ogssJLr02Nfc2I4gN4NZiS4ehKjTpVWjyGbtdL7LNppfaZuO6zSb0ck1eC9Ga3Gvn2VRsUVRd0/QyWyxC38ZezoPomuZ4eJrMvR21VHZ6Lmj/QHJj8QBggp8/f17+kFxKRzL81CitUpG9vbn67c1V0uK10EzUFt5vxRZl1RqZtctlON4vl73UVHIauYnkzLB0Um4TqSNTw9Fv3765e0PEBnCrFdFclYBZ/RyTWpDZ66vrothEcHLsNhv5QkFuwzxbErFJNNaKyERgUWgit/1220tut+vlZoemMWo7EtuY6HLDUyGVm16bAcQGMMFGZHIpaWqHzpHFYajLSK0WscXeidReX8NwVO4N92fEFqQWxdaK1FYrt9/t3P79fWitNrlHvodZaBjSRM6N3qZWS2cGsQHcY+EgFZuZWwsLA1FqtcpM2p8/zovQtL29hXs7aZrXpmLT1VAV22oVxCVt33X/mqSvdJ1rJSm4bfsm75PvZefb5Nmn5IbYAD5pDls6vxajtRCxyWKBiDOufoqwNCKTKE1k10ofWxiextdDflsiNqfDy7Z1kuEWmkRyVeX23ru99PFYrslr8l6572Ci3X5fjd7SOcKc3B5oAaH5+vXrrF8A4JH5/v37dXLX0vpPnfy3zSTmhuTc3W5oLunDKqrNY5OILX5mF6sPhtQPGXrG6K0V6WmL3ytEb7m6Vfu9LSI0vTYmNsV7N4djmt+/f9/9QwGehYuTBjLbDWmdZxebrfscakbN63I+iMcm5lqxCea1TiWXRGNpCVVYdEjOTw4x9TNzu4vY7xPvncMxzZcvX+7+oQDPwod3qMjtfGGqBKTJs8PzzeqiN3NYXs/reuiHphGTfo59ra6dN70ey1A1HMc8tnAemy4e+FP5a1MJurl/K+/dHI5pfv36dfcPBXgWfvz4cdkDMrtwhGORSNu6Kk7aV9Kapm8vL6H5xaIfliaVBuEpOsFvhqIiKBff5+S9plWSxyYJujFJ12mTe5NV0bPLq86cX5vDMSweAExQyx/7pdiCdyMJ+fMPLQ5Hq65zddsOTc5FfJIlJi1EeBp52VVReS3KyUexVauV69br0Kr12tWrlXOmhXui5Cqby6Y7fuTKqP5TaHOC2AAmeJGo5hbpHnao6b2rbBOheh9aONeITqQlVQmxIH5YFRV02CmiWi5dJ03Etlq5er12TpoIbbUKr4dk3Ri12dKqYYU1LXwXcom4Dyg1AbEBTLBcLq+3Kmon/2NybBCUCE7lJa2qQhRVx6FpHaOrkMAbKw8OxBblI+/V4WUn31ujs/W6F5rktkmLCby2KH5I65iaP5uS2YNUHAwfT60owA3rRXMF8LoLrm4iqWVVsQhei95rrUSQa9rrLh+2VlQenyboLmKSrkRmUoEgQ1ON1HSuzdaKplKbEtlEakfKHHWiAhEbwAku2gU2t8Gkik2kIoKKc2Nhdw8Zbuo8WZz0DzKTiEulprludhddjbji4oOTRYPl8qAFmdkhaLo3W05qTxKhpSA2gFvPsyVyC3lrma3Ag9C0j2Ia9mPT0iuVmt2PTYhJuZrGUcWhZpCaLhTo8DNKbdh00kjt6AdenkRkKYgN4M5iO1gl1SoEjd5keCpC0sjMDFOHonmN1ozYdLVVc9I6La8SQarMTKQ2DD81WhtLxh0TGGIDeG4aEcElTC0k2JVSG73FHDZbZqXHbuQ3D0LTRNvG7LdmFwmSxYKj3zzQZ53iwcXG4gHAvX6pKimtOvqVKvvze5qUa/tUavZ5WhKlQ8sm+Y2DJEo72gp8onLgo8z1C1UCERvALRN107ghNywVuWSGp0eiS388OalokPmxoSSq7vPaRFxDSVW6BfhUPeg5PHDUhtgAblkzmr4vNyyN1QcHhe1aD2qis6Nfgk+kaasaOlNvanfEPbjn1M4cTwxDUYAzueqfSrJtuD+1bZDt0x1DlLRawI/UesYKgtEV0Dn/I7jW5yM2gDuS+3NLJDcquNwcncWKqvpAfScRGwBchak5OO3HZJb7001LoYRzk24LArEBPIvkpo6VqUjMP1eS7SUgNoBnGq7+L/7zyMyC2AAenWv8ifrPITSFdA+AR+eTSekaxJ3jAADKAbEBQHEgNgAoDsQGAMWB2ACgOBAbABQHYgOA4kBsAFAciA0AigOxAUBxIDYAKA7EBgDFgdgAoDgQGwAUB2IDgOJAbABQHIgNAFxp/AX/qdllPni50AAAAABJRU5ErkJggg==""}}]}, {""role"": ""assistant"", ""content"": ""0.707""}, {""role"": ""user"", ""content"": [{""type"": ""text"", ""text"": ""\nYou are given both an image and a text-based representation of the same stimulus. \nIn both, a red dot appears on a horizontal line\nThe left end of the line corresponds to 0.0, and the right end to 1.0.\n\nText representation (the dot is marked as \""\""O\""\""):\n|-------------=---.-------O---.-----~----|\n\n\nEstimate the horizontal position of the **center** of the red dot as a decimal number between 0 and 1.\nDo not explain. Only output the final answer as a number between 0 and 1:\nFinal Answer:\n""}, {""type"": ""image_url"", ""image_url"": {""url"": ""data:image/png;base64,iVBORw0KGgoAAAANSUhEUgAAATYAAABNCAYAAAAsLkgfAAAIlElEQVR4nO2dYVLbSBBGR5LBJlcguf/fnCSXSLgCYGxLW994WmmJkcDYLM7ovaqukWxjvFT8tkc9Paq6rusCAEBB1F/9AQAALg1iA4DiQGwAUByIDQCKA7EBQHEgNgAoDsQGAMWB2ACgOBAbABQHYgOA4kBsAFAciA0AigOxAUBxIDYAKA7EBgDFgdgAoDgQGwAUB2IDgOJAbABQHKuv/gAAV8clbwNSVZd7L3g3iA1gSmg5weUey8nLHnvv6+GiVNylChaN/+efO556fkpUY2nNPTf1GJwNYoNlMicxjRb+fA4TVG7MyW1OgHA2TEVhWcwJrW2HUstFjrHEvMymzvVeczJDdGeB2OCq+ZQJhRNaNRaXyW1q9D8vxsKq69eC84/rx3MC9Jj4PkiFFBEbLExsuemmiWsiKn8+VQxI8uq8xDT6Y/+aXNh7vZXNvUGF2BAbFCy2qaqmi/j+JrDDIQSFzg+H/rxL5/E14ylpVf0VlYlM8tLYNMPzCdFNCs6DrE6C4gFcLS8vL5+aqQ0yMRPZfn881rjf/5WdPe/FaLKxLCyJrPNjileis2MvRPGW4N7J7e1tWDJkbHC1HCSSc5mqePopphdZim63C9VudxSdPabX+QJDEpBNP01k3Wo1eTyQnxPd5LU5QbZ2MogNrpa9pHLpCmgSUzXK0nqxvbxEocVwxya4wbU2E5vLwqLIkszieHNzFFp6PI4Smo2WySlyU1MDuZ0EYoOrZSehXLICqnE89dRoIjOZbbeh1uhDz9k01RURlK1FiUlsJrUks1ajj/Scl1w/VZ3K3gRSOxnEBuWKbaIC2gstSS3sdqGWuLbbo9S229Cl0c71mhh2zS1lbFFsLlszmWlsb29jRKnpWFKzcxNcyt76rC1XVBDI7SQoHsBV8vv37/PfJCc2q36mwoBlacrQosien0Pz/BxqHz6D80UEn7E1zVFmJjSN63U4SGTr9V/JWUhsbpray+2CWduPHz/CUiFjg7IqolOdBRajbE1hUjORdU9PoX56Cs3TU+ien0NQ6HnL2mw6axmbpKZsbbWKIpPADpLZy8tx3O2i5Nr9PrRaPuIiCk2S0/FcMcEgc3sXiA2ukq2mf5e8vmbXxUxqqRjQS01hMktjeHwM4ekpZnESW9BrbTrqMrbWxGZSU0hqu1047PexuiuhtW3bh8QY5SappWt+ryqlc90JMAtig2UUDnwngS3rsGnodhunn41lZ5LZ4+MxdKxI1926jNisaKAMrc/M2jYcum4Yql3oZ0ZhnzEuBFYgtrNBbFDmGrbx7hyjamitjC0VDTpNe11Idm0qHFQ2PVXGlsQWsz0nNqtyKgNru+4YyuSqKhzqOhya5hiSn6SXMrPWt1f5z+ynowK5nczq+/fvp/8UwCfz8+fPy1xjy/SDjlun+ulpmqJ2aTFul6arcZQA/Zo2+z3K2ExyaU1alFx6jzYzDbWpqEbf0vVKYG6tXM8Jgvu+4O/26uHh4as/A8Arzi7Wj3s63U4ecQrod/awKaEdWw+pG2e3MPK9p/bQaBePceN7nMK6iufsf61v3zrh7/Kw4O/26v7+/qs/A8DldqhwmdSr8xR67/j+br1YPE/Tv6ppQpWyLx0HH1a9VIYlfOfAatW/vtKxW8rRH7vX6XfYwtxqrrVq+Id595/ifsHf7dWfP3+++jMAvOLXr1+Xv8aWkBrqVCWtdb1ttQr1zU287qaobm5CdXs7bIS3nT0kFpvGCkkpLdmo1usQ1us4WtTrdVzHFkON6Yq0hm2wjs23V5lk44f9+Dq2Pwv+blM8gKuk0Rf8s5Z7KENLWaFkVXddaBRtG6O2SM/F11kGZ1XRJLaYdSkDS2KLIttsQnd3F+pv30JzdxfCZhOCRi87idTE5ncA8Z0H8RdQNPgIiA2ukhtlNJfeKVcykpwkt5Qh1VU1iCZFPNfzijSVjFmcCgg+Y0vTVT1Xpy4DE1tjQttsQrXZRKHF5SApa/M7fwz2bGOZx9kgNrhK1prWfUbngVvyEYWkaWjT/I26jtmijhs9p0jSiv2kJjZ77yS+OLVMYlNmJqFVXmibzbB3VOGv3Y17RAUdBx+GXlEot190qlfUyy0t1I0dCGlnj8baq/yoNW0mNr+7hzXAu6b31kS22cSWqs5lav0uH2kK2r0ltQ8K7ceC+0QFGRtcLWfvAjsWm3AbTPYN7Skzi9fJdO3LMjTJTNfENEp61rEwytis8lmnrK0vHqRja3yPu3v4KahVRX2FVrCjx9kgNljOdTaN7q5TfeZmUlM2liqiEluUk2VqJrbRfmyD5R5JisrKTGyxQDCXqaUsbdCBgNDOBrFBuWKbud7WZ20aJTZlYSY3CcwKBRKUtVG5pR9GXP+WCgj9JpNJZpLkqx10ndQGd7Q6vtlwhA+D2OBqWUkE55LrEMg1xqcpaczeJDFJTiJTIcC2Dh/f0EVY1uUW5o53yu3F5m7oMim18TF8CIoHsIw7VWVu6tIvAbH1baPe0T5D81uC+5u5CLuRi0lrfE+Dia2/By1WFxba7cLvUCUQG5S7y8fUfUVtzFVL/S4gTnSDmyfn7ivqb6/nRZZbo/aeXTvOkFxzicXN/zhMReGqOeuu5rmfnWiMj7LxO21YP6gXXq4BftR3agIb9H7qPNcQP/UZ4WzI2ODq+ZR/ouk9o9hyi3jHx+MpaKa5PnuH90wngd/V46r+R1AQiA2WxSnT07e2KhJeUm+Ff72BiD4FxAbLZmpJiI254xxjec0t4UBmnw5iAxDjr8FYcrnXeHLiIjv7MhAbwHsl9x5y8kJo/zuIDWCOj349kNmXwnIPgDkQ1D9JWikIAFAOiA0AigOxAUBxIDYAKA7EBgDFgdgAoDgQGwAUB2IDgOJAbABQHIgNAIoDsQFAcSA2ACgOxAYAxYHYAKA4EBsAFAdiA4DiQGwAEErjP5FJi7ZzfsrhAAAAAElFTkSuQmCC""}}]}]",0.556
google/gemini-2.5-flash-lite,sample_004,0.59933,0.59933,0.567,"[{""role"": ""system"", ""content"": ""You are a marker location estimator.""}, {""role"": ""user"", ""content"": [{""type"": ""text"", ""text"": ""\nYou are given both an image and a text-based representation of the same stimulus. \nIn both, a red dot appears on a horizontal line\nThe left end of the line corresponds to 0.0, and the right end to 1.0.\n\nText representation (the dot is marked as \""\""O\""\""):\n|-.----------.--.---O-----.-------------=|\n\n\nEstimate the horizontal position of the **center** of the red dot as a decimal number between 0 and 1.\nDo not explain. Only output the final answer as a number between 0 and 1:\nFinal Answer:\n""}, {""type"": ""image_url"", ""image_url"": {""url"": ""data:image/png;base64,iVBORw0KGgoAAAANSUhEUgAAATYAAABNCAYAAAAsLkgfAAAIfElEQVR4nO2daZLTSBBGtbjbfQfg/n85CZcAzkB71cRXzhTp6pLa2GIal9+LyCjJlmQPeB6ZqkXtMAxDAwBQEd1HfwEAgKVBbABQHYgNAKoDsQFAdSA2AKgOxAYA1YHYAKA6EBsAVAdiA4DqQGwAUB2IDQCqA7EBQHUgNgCoDsQGANWB2ACgOhAbAFQHYgOA6kBsAFAdiA0AqmP10V8A7pilHpfRtstcB8BAbHCbyG6RmwutdA1kBzfQ8pQqeJf8J+L78fWpY0qSivtT21PHA1wAYoPrZKa2tF06N8rpvXZue+41gAClKPy5zKaidE4uL4+5fZ07JzS/NoKDCcjYKmDRv8KCoJI+jsdzicX9/L38++Ti6rpzqRViyM8pXesGWqRYNWRsFbCY2OYyNMnLBebbIdpccJFcWi622GayS2IrhWdzU1ndhSC2ukFsjyy2udIzCG1waR0OTesyOxxOQrN2UGvHJcll5eKZzCzSa6X9XHq53Py63H+DCShF75ztdrvMhUr3zCSpmJlJbBKYRdre73+/5sfnWZsJahRX35+21fb9+WvviW5Kclfw/Py8zJ8d/HOQsd05BwnlFqY6BrzENGElke33o8ja3a4ZtK3XguCGWJaKWH5Goa1WJ6mZ3LQf3y+J7m/IDeoEsd05e4nlWvIhGtn9s5R9eUamdrc7tYrt9tTudqewY5LkSmKzzCwJzaQ2bls0UXba1/G2/0Zu3vpnxBYeHsR25+wkm6Uytlh6ernpWZrLTBJTu902nW+r9WNiSSqsIyCJzGX29DTK7Kht3/dWInPZudhi2TqXuQEgtgcXW16G5vfSPCOT3CQyE1qS2mbTDNbqGL2XMjaFX0dYGRozNJfZ0eP5+SQ122+C5GIWN0apNHUQHNB5cN98//79+pOnhnTkmZqXmptNklcS2WbT9K+vaTuFSS9lcDonz9iC2KLMUrteNwdJTPv2WpKaZCexueAsi5sU25Xl6JcvX67/M4R/FjK2R+wRLY1XiyVoLjUTWucye31tBm2/vja9MrfNJmV0Kavz+2y52CQ1E9vBJJZaiW29PkkthDomkuB0PcvcRrGV5GafddbCw4LY7piNhHILpaEdsQRVmetSc7FJZhLbr1+pbSwkvyS3/b7pXGw2iFbZ2lHh2ZpkJrGp3e1OIbnt96c4HFLou2h8nATnmeRZWRo7EgRCAwOxPXrHQRSbj0dzsfk9NZOaRNb/+tU0Fq1CUlOoRN1uT5mW32fLMrZ0D00Z2W6X5CZ5abjK4Xg8i+MwpGEjg7ehp9Y7FtL3nCpH4eFBbI84hm3u/looQ3XPzDsNBs/IlCXafbajWhObdyY0Pr4tE1vqBJD0lI2ZvHSE4tC2v6PrmqPCMjG9P84bjd/dx7vpc0rlKDw0q8+fP3/0d4Ar+fr167Jj1+Jg3DDDIHYopMG5lpWN2ZlaSVBS817UUIqmoRr2uUlS3plg548lqO7BWRnqpahK2DRdS/JSq/Oj0PW6f84VcuP3Xyernz9/fvR3gI+aI1pYbijNGtCuRRuOS+/4+9r31/NVPuJwDxGnZWXnxf+GeP34HYrvxzYuZ+QT5C+E33+drD59+vTR3wH+zxUqSqtixNcs89G10/VD72Pr5Z+2+z5FE9qxNFQbV+DIxqHF8+K547Z9jj5P4RPo0+dPTYr37x7bC+D3XyerHz9+fPR3gCv59u3bMhlbLgitwXY8Np3dpFfbPT2l3k4N5+ien08lqZesPj9UTon3vvzaEpSNSWs18Vznh9D10rg1G8Om4+IQDx+oe9Eg3T+UPb//OqHz4I7p9T/4kr2iIQuSHmJoQEU/DKew/RRt23QxgyvcY0tZ12rVtBLben0S2ctLiu7lpelfXppGsV6niLKTUEex+SyE0sR4QccBGIjtjnlSZrOk2CQN7yjw0rPrRnl59BZd35+yOcvoUgYWZh/kGZvENmZnJrY+Cs2kl4aCWObmw0SK80UZ6gETILY7Zi0hLNErKrJ119KQD8nIosuil6SenppeWZWE5FOrJsSWylqFpGYic5m1ytyC0Ma5o6UydG4JIwfJPTzMFX3U+aJzy3/7Srm+YofNQvA5oWmuqLZ9ipXPFfWljDKxjXNF4zxRn0ZlU6rezBXNlzIKHRdvFp4UV2RtzBOtFzK2O+fqVWDn5ouG6VVJUioFvdNA8lKWJtEpU/PVPvLli+JwD5eSlax554HCJ74fQ4fBmzXZ8iXDBYtNQgHE9sj32fKyNK5+G1fQdcEp/D6aiW2cehUWnEwRS1Ef8mHSSh0Cuo7dl+tK67H5/bRQfvrg3qLMkBoEENuds6jYJp53MMotW6NtlFlct82PC0NJUm+r9ZqOK+aaxCS34gq6vuLupUuCIzYIILY7ZyUhLCU2byce5jIKTpmWS86fexAe6jKe43jGZnNGo+DGsjM+5yBKzSX23vJEiA0CdB5UwCJPqsqnV1m8KU3jYpT5U6qi1KaeUpWVmXEZojdPqbrkwS08oQoKkLE96kDd0r9npQ6FbB5o8XF8cQJ9/lzR8NyDcUqUTZeSyNLYudLj9q4RGlkbGIjtUeeMls6ZKE2TqHwVjTjZPSwoeZap5WLzqVYxc4uii/v+VCvKTrgBStFKWPSvMRNcXOGjlMW92S6tvBGzr9K9syw7G8vQyEJCu+ofArgrEBv8ZuqnMFeiliKel2daUxHfj8eXQEzwDogN5sl/HjNruZVK0DOmhmnMyQyJwRUgNlhGclPHRKYEhsxgYRAbLNujegn0aMJfBrHBbdzy80Fm8JdguAfcBnKCfxBbIgEAoB4QGwBUB2IDgOpAbABQHYgNAKoDsQFAdSA2AKgOxAYA1YHYAKA6EBsAVAdiA4DqQGwAUB2IDQCqA7EBQHUgNgCoDsQGANWB2ACgqY3/ANGl1gCCZwauAAAAAElFTkSuQmCC""}}]}, {""role"": ""assistant"", ""content"": ""0.632""}, {""role"": ""user"", ""content"": [{""type"": ""text"", ""text"": ""\nYou are given both an image and a text-based representation of the same stimulus. \nIn both, a red dot appears on a horizontal line\nThe left end of the line corresponds to 0.0, and the right end to 1.0.\n\nText representation (the dot is marked as \""\""O\""\""):\n|--------------------=-----=---O------ -.|\n\n\nEstimate the horizontal position of the **center** of the red dot as a decimal number between 0 and 1.\nDo not explain. Only output the final answer as a number between 0 and 1:\nFinal Answer:\n""}, {""type"": ""image_url"", ""image_url"": {""url"": ""data:image/png;base64,iVBORw0KGgoAAAANSUhEUgAAATYAAABNCAYAAAAsLkgfAAAI6UlEQVR4nO2dbY7aMBBA7STLxxna3v9vT9JLtL1Cd4ElqcbxpINxAl0+At73JMtJCAFV2texPWN813WdAwAoiGruLwAAcG0QGwAUB2IDgOJAbABQHIgNAIoDsQFAcSA2ACgOxAYAxYHYAKA4EBsAFAdiA4DiQGwAUByIDQCKA7EBQHEgNgAoDsQGAMWB2ACgOBAbABQHYgOA4mjm/gIAMMG1f5LEe/cZQGwAjy6znNzGhDcmLu8/9r4nxfMrVQAPLDN7PXftlKT8GcfnPOfJQGwAczIlLunHjtP35KTlT/Tp8dS1c157IBAbwCNFZ+mxtLY9PE/fMyYvnzR73d6bHufOx65NXZ8RxAZwBlf/M0nE5K24rMzSPm2WnMx8bFV1JLnuIxHdfwxn/YzCY/EA4N5iy0VlOaElzdvzXMRmWqcik94e23tORXK5Xj4vXYgYERhiAyhZbLmhp16LkgrPV4Ht9/2x9Pt9L7T93nV6Xe6xMrQRmMqrrnt5Sa9yq6peeGn0lhPcmOiuMU93BxiKApxgu91e72GZKG2IxKK4gtje33upJf2B+Oyfro3C6l5mQWp1/U9ucmwkF+6ZGr6eEp/9bNsbFouFmwMiNoAT7EUktxp+JhFaENj7e+ilddLvdr3o5DhGboMMFR1+alTWNEFoQWr22IpO783NwY1FdVOLEXr+ACA2gBO8i1QuIU3PMPNoOszUKE0lJn1o2+2/4yi30Oxcm51XE1k1UWTSv7z0fbymkhuiN+nH5uJycsssQjyi3BAbwAl2IpsrRmwHiwBplKYik367dVXsDwRn596i2EROIqpBaE2U2suLa1VuqeSS6O0ogssJLr02Nfc2I4gN4NZiS4ehKjTpVWjyGbtdL7LNppfaZuO6zSb0ck1eC9Ga3Gvn2VRsUVRd0/QyWyxC38ZezoPomuZ4eJrMvR21VHZ6Lmj/QHJj8QBggp8/f17+kFxKRzL81CitUpG9vbn67c1V0uK10EzUFt5vxRZl1RqZtctlON4vl73UVHIauYnkzLB0Um4TqSNTw9Fv3765e0PEBnCrFdFclYBZ/RyTWpDZ66vrothEcHLsNhv5QkFuwzxbErFJNNaKyERgUWgit/1220tut+vlZoemMWo7EtuY6HLDUyGVm16bAcQGMMFGZHIpaWqHzpHFYajLSK0WscXeidReX8NwVO4N92fEFqQWxdaK1FYrt9/t3P79fWitNrlHvodZaBjSRM6N3qZWS2cGsQHcY+EgFZuZWwsLA1FqtcpM2p8/zovQtL29hXs7aZrXpmLT1VAV22oVxCVt33X/mqSvdJ1rJSm4bfsm75PvZefb5Nmn5IbYAD5pDls6vxajtRCxyWKBiDOufoqwNCKTKE1k10ofWxiextdDflsiNqfDy7Z1kuEWmkRyVeX23ru99PFYrslr8l6572Ci3X5fjd7SOcKc3B5oAaH5+vXrrF8A4JH5/v37dXLX0vpPnfy3zSTmhuTc3W5oLunDKqrNY5OILX5mF6sPhtQPGXrG6K0V6WmL3ytEb7m6Vfu9LSI0vTYmNsV7N4djmt+/f9/9QwGehYuTBjLbDWmdZxebrfscakbN63I+iMcm5lqxCea1TiWXRGNpCVVYdEjOTw4x9TNzu4vY7xPvncMxzZcvX+7+oQDPwod3qMjtfGGqBKTJs8PzzeqiN3NYXs/reuiHphGTfo59ra6dN70ey1A1HMc8tnAemy4e+FP5a1MJurl/K+/dHI5pfv36dfcPBXgWfvz4cdkDMrtwhGORSNu6Kk7aV9Kapm8vL6H5xaIfliaVBuEpOsFvhqIiKBff5+S9plWSxyYJujFJ12mTe5NV0bPLq86cX5vDMSweAExQyx/7pdiCdyMJ+fMPLQ5Hq65zddsOTc5FfJIlJi1EeBp52VVReS3KyUexVauV69br0Kr12tWrlXOmhXui5Cqby6Y7fuTKqP5TaHOC2AAmeJGo5hbpHnao6b2rbBOheh9aONeITqQlVQmxIH5YFRV02CmiWi5dJ03Etlq5er12TpoIbbUKr4dk3Ri12dKqYYU1LXwXcom4Dyg1AbEBTLBcLq+3Kmon/2NybBCUCE7lJa2qQhRVx6FpHaOrkMAbKw8OxBblI+/V4WUn31ujs/W6F5rktkmLCby2KH5I65iaP5uS2YNUHAwfT60owA3rRXMF8LoLrm4iqWVVsQhei95rrUSQa9rrLh+2VlQenyboLmKSrkRmUoEgQ1ON1HSuzdaKplKbEtlEakfKHHWiAhEbwAku2gU2t8Gkik2kIoKKc2Nhdw8Zbuo8WZz0DzKTiEulprludhddjbji4oOTRYPl8qAFmdkhaLo3W05qTxKhpSA2gFvPsyVyC3lrma3Ag9C0j2Ia9mPT0iuVmt2PTYhJuZrGUcWhZpCaLhTo8DNKbdh00kjt6AdenkRkKYgN4M5iO1gl1SoEjd5keCpC0sjMDFOHonmN1ozYdLVVc9I6La8SQarMTKQ2DD81WhtLxh0TGGIDeG4aEcElTC0k2JVSG73FHDZbZqXHbuQ3D0LTRNvG7LdmFwmSxYKj3zzQZ53iwcXG4gHAvX6pKimtOvqVKvvze5qUa/tUavZ5WhKlQ8sm+Y2DJEo72gp8onLgo8z1C1UCERvALRN107ghNywVuWSGp0eiS388OalokPmxoSSq7vPaRFxDSVW6BfhUPeg5PHDUhtgAblkzmr4vNyyN1QcHhe1aD2qis6Nfgk+kaasaOlNvanfEPbjn1M4cTwxDUYAzueqfSrJtuD+1bZDt0x1DlLRawI/UesYKgtEV0Dn/I7jW5yM2gDuS+3NLJDcquNwcncWKqvpAfScRGwBchak5OO3HZJb7001LoYRzk24LArEBPIvkpo6VqUjMP1eS7SUgNoBnGq7+L/7zyMyC2AAenWv8ifrPITSFdA+AR+eTSekaxJ3jAADKAbEBQHEgNgAoDsQGAMWB2ACgOBAbABQHYgOA4kBsAFAciA0AigOxAUBxIDYAKA7EBgDFgdgAoDgQGwAUB2IDgOJAbABQHIgNAFxp/AX/qdllPni50AAAAABJRU5ErkJggg==""}}]}, {""role"": ""assistant"", ""content"": ""0.707""}, {""role"": ""user"", ""content"": [{""type"": ""text"", ""text"": ""\nYou are given both an image and a text-based representation of the same stimulus. \nIn both, a red dot appears on a horizontal line\nThe left end of the line corresponds to 0.0, and the right end to 1.0.\n\nText representation (the dot is marked as \""\""O\""\""):\n|-------------=---.-------O---.-----~----|\n\n\nEstimate the horizontal position of the **center** of the red dot as a decimal number between 0 and 1.\nDo not explain. Only output the final answer as a number between 0 and 1:\nFinal Answer:\n""}, {""type"": ""image_url"", ""image_url"": {""url"": ""data:image/png;base64,iVBORw0KGgoAAAANSUhEUgAAATYAAABNCAYAAAAsLkgfAAAIlElEQVR4nO2dYVLbSBBGR5LBJlcguf/fnCSXSLgCYGxLW994WmmJkcDYLM7ovaqukWxjvFT8tkc9Paq6rusCAEBB1F/9AQAALg1iA4DiQGwAUByIDQCKA7EBQHEgNgAoDsQGAMWB2ACgOBAbABQHYgOA4kBsAFAciA0AigOxAUBxIDYAKA7EBgDFgdgAoDgQGwAUB2IDgOJAbABQHKuv/gAAV8clbwNSVZd7L3g3iA1gSmg5weUey8nLHnvv6+GiVNylChaN/+efO556fkpUY2nNPTf1GJwNYoNlMicxjRb+fA4TVG7MyW1OgHA2TEVhWcwJrW2HUstFjrHEvMymzvVeczJDdGeB2OCq+ZQJhRNaNRaXyW1q9D8vxsKq69eC84/rx3MC9Jj4PkiFFBEbLExsuemmiWsiKn8+VQxI8uq8xDT6Y/+aXNh7vZXNvUGF2BAbFCy2qaqmi/j+JrDDIQSFzg+H/rxL5/E14ylpVf0VlYlM8tLYNMPzCdFNCs6DrE6C4gFcLS8vL5+aqQ0yMRPZfn881rjf/5WdPe/FaLKxLCyJrPNjileis2MvRPGW4N7J7e1tWDJkbHC1HCSSc5mqePopphdZim63C9VudxSdPabX+QJDEpBNP01k3Wo1eTyQnxPd5LU5QbZ2MogNrpa9pHLpCmgSUzXK0nqxvbxEocVwxya4wbU2E5vLwqLIkszieHNzFFp6PI4Smo2WySlyU1MDuZ0EYoOrZSehXLICqnE89dRoIjOZbbeh1uhDz9k01RURlK1FiUlsJrUks1ajj/Scl1w/VZ3K3gRSOxnEBuWKbaIC2gstSS3sdqGWuLbbo9S229Cl0c71mhh2zS1lbFFsLlszmWlsb29jRKnpWFKzcxNcyt76rC1XVBDI7SQoHsBV8vv37/PfJCc2q36mwoBlacrQosien0Pz/BxqHz6D80UEn7E1zVFmJjSN63U4SGTr9V/JWUhsbpray+2CWduPHz/CUiFjg7IqolOdBRajbE1hUjORdU9PoX56Cs3TU+ien0NQ6HnL2mw6axmbpKZsbbWKIpPADpLZy8tx3O2i5Nr9PrRaPuIiCk2S0/FcMcEgc3sXiA2ukq2mf5e8vmbXxUxqqRjQS01hMktjeHwM4ekpZnESW9BrbTrqMrbWxGZSU0hqu1047PexuiuhtW3bh8QY5SappWt+ryqlc90JMAtig2UUDnwngS3rsGnodhunn41lZ5LZ4+MxdKxI1926jNisaKAMrc/M2jYcum4Yql3oZ0ZhnzEuBFYgtrNBbFDmGrbx7hyjamitjC0VDTpNe11Idm0qHFQ2PVXGlsQWsz0nNqtyKgNru+4YyuSqKhzqOhya5hiSn6SXMrPWt1f5z+ynowK5nczq+/fvp/8UwCfz8+fPy1xjy/SDjlun+ulpmqJ2aTFul6arcZQA/Zo2+z3K2ExyaU1alFx6jzYzDbWpqEbf0vVKYG6tXM8Jgvu+4O/26uHh4as/A8Arzi7Wj3s63U4ecQrod/awKaEdWw+pG2e3MPK9p/bQaBePceN7nMK6iufsf61v3zrh7/Kw4O/26v7+/qs/A8DldqhwmdSr8xR67/j+br1YPE/Tv6ppQpWyLx0HH1a9VIYlfOfAatW/vtKxW8rRH7vX6XfYwtxqrrVq+Id595/ifsHf7dWfP3+++jMAvOLXr1+Xv8aWkBrqVCWtdb1ttQr1zU287qaobm5CdXs7bIS3nT0kFpvGCkkpLdmo1usQ1us4WtTrdVzHFkON6Yq0hm2wjs23V5lk44f9+Dq2Pwv+blM8gKuk0Rf8s5Z7KENLWaFkVXddaBRtG6O2SM/F11kGZ1XRJLaYdSkDS2KLIttsQnd3F+pv30JzdxfCZhOCRi87idTE5ncA8Z0H8RdQNPgIiA2ukhtlNJfeKVcykpwkt5Qh1VU1iCZFPNfzijSVjFmcCgg+Y0vTVT1Xpy4DE1tjQttsQrXZRKHF5SApa/M7fwz2bGOZx9kgNrhK1prWfUbngVvyEYWkaWjT/I26jtmijhs9p0jSiv2kJjZ77yS+OLVMYlNmJqFVXmibzbB3VOGv3Y17RAUdBx+GXlEot190qlfUyy0t1I0dCGlnj8baq/yoNW0mNr+7hzXAu6b31kS22cSWqs5lav0uH2kK2r0ltQ8K7ceC+0QFGRtcLWfvAjsWm3AbTPYN7Skzi9fJdO3LMjTJTNfENEp61rEwytis8lmnrK0vHqRja3yPu3v4KahVRX2FVrCjx9kgNljOdTaN7q5TfeZmUlM2liqiEluUk2VqJrbRfmyD5R5JisrKTGyxQDCXqaUsbdCBgNDOBrFBuWKbud7WZ20aJTZlYSY3CcwKBRKUtVG5pR9GXP+WCgj9JpNJZpLkqx10ndQGd7Q6vtlwhA+D2OBqWUkE55LrEMg1xqcpaczeJDFJTiJTIcC2Dh/f0EVY1uUW5o53yu3F5m7oMim18TF8CIoHsIw7VWVu6tIvAbH1baPe0T5D81uC+5u5CLuRi0lrfE+Dia2/By1WFxba7cLvUCUQG5S7y8fUfUVtzFVL/S4gTnSDmyfn7ivqb6/nRZZbo/aeXTvOkFxzicXN/zhMReGqOeuu5rmfnWiMj7LxO21YP6gXXq4BftR3agIb9H7qPNcQP/UZ4WzI2ODq+ZR/ouk9o9hyi3jHx+MpaKa5PnuH90wngd/V46r+R1AQiA2WxSnT07e2KhJeUm+Ff72BiD4FxAbLZmpJiI254xxjec0t4UBmnw5iAxDjr8FYcrnXeHLiIjv7MhAbwHsl9x5y8kJo/zuIDWCOj349kNmXwnIPgDkQ1D9JWikIAFAOiA0AigOxAUBxIDYAKA7EBgDFgdgAoDgQGwAUB2IDgOJAbABQHIgNAIoDsQFAcSA2ACgOxAYAxYHYAKA4EBsAFAdiA4DiQGwAEErjP5FJi7ZzfsrhAAAAAElFTkSuQmCC""}}]}, {""role"": ""assistant"", ""content"": ""0.556""}, {""role"": ""user"", ""content"": [{""type"": ""text"", ""text"": ""\nYou are given both an image and a text-based representation of the same stimulus. \nIn both, a red dot appears on a horizontal line\nThe left end of the line corresponds to 0.0, and the right end to 1.0.\n\nText representation (the dot is marked as \""\""O\""\""):\n|.---~------~----------=O-----------~----|\n\n\nEstimate the horizontal position of the **center** of the red dot as a decimal number between 0 and 1.\nDo not explain. Only output the final answer as a number between 0 and 1:\nFinal Answer:\n""}, {""type"": ""image_url"", ""image_url"": {""url"": ""data:image/png;base64,iVBORw0KGgoAAAANSUhEUgAAATYAAABNCAYAAAAsLkgfAAAIiklEQVR4nO2df3LaTAxA/YOE3KHt/f/tSXqJtmdoAgF/IyE5QlmgX+yMzfa9Gc0aFxbagVetd7Vuh2EYGgCAiuiW/gAAAHOD2ACgOhAbAFQHYgOA6kBsAFAdiA0AqgOxAUB1IDYAqA7EBgDVgdgAoDoQGwBUB2IDgOpAbABQHYgNAKoDsQFAdSA2AKgOxAYA1YHYAKA6EBsAVMdm6Q8AMAtz3bqjbefpBxYFsUFdMvvbcyWBybn8XER3l7TcpQrujviVvXV87evt0oryKp0rPYZVg9jgPshf0yiuLLHSuRJRYpeOY5tfB6sFscE6uTakzAK7FSWyyK5Ffv6lvmA1IDaYjU/5KqXhZVsS1/H4/jieu3TdrOve5OXH8ZzFcEly+fgDtEjxU2DyANYpttL1siwreRzDzrX5XJRblFPXNYOLrO/fxBbDxSbH/rooOel3gpwQ2+eA2GB5sd0adgax6XuYtFRgh8Pp8eEwPh7Cec3w5HHsOmZpEn1/EpzITcKFV5Dc1WGqg6wWh6EozMJut5uno9J1NMu8VFzy2KUlrUX7+npq4zmXXh6OShbmIhOJSbvZnFqL8TiKLw9Xra+r19/+gsfHx2n/ZvAOMjaYhYNIZCrXJgVihhYEJkKTGPb70zkRnJ/zLM7lJoShpctrEKltNie5ueD8XBRdzuCsvznkBvOC2GAWXkUoc2ZqaULApeby0gxNWhFaDDvngnt3rc2zNRGbSUzbh4e3EKF5GwR3lsXdyt5gURAbzMJeZDKVlKWdTQJEqWWZ7XZNt9uNx1Fy45DVhDmY2DQ8QzOhHR8fT8feWoySs0yuODQVENtqQGywvNhKQ9AgtXHY6bLa708is+heXprB5fby0nTyWeSan113a0pis0ztGKTmoWKz48YfxywuZ25xYkFAbovD5AFM5ufPn9M6yGK7lqlZRiYykxCR9XY8hkvOhqzFjK3vVWrHKLXttjlst82w3Y6P5dgzOJWcDU/fyW3itbZv375N+zeEM8jYYLkZ0bxWLYvNs604/DRpdc/PJ4k9PzeDHD8/q+CGl5emkZDn+LW2gtiOlq0dTGwiNBXb05O2R2n3++ZoExMqN+lLsrgot0tZm0DmthiIDSbzIiKZShRbWJPmEwU6IWDDTheaykzE9uePto2FZHE6FJXMLoptGE5SC2JTuVmmJlI77PcaIjSNw0FbXx8nM60yJB0nFXzZSJ5IgEVBbLD8xEFesxbXqMUhqF9DM6H1f/40jUUrQvNWhqi7nV53G0oZm81wjsNQEZkI7fVVl61oHI8aR5FhjFDhoMciNem/NByFxUBssOwatkvX1+KaNMm8QsY2Djc9Q3t+bo4iNRPb+BwZQvo1Nqs+0DVsvsTDMzIRmElM/iYabauh2Z3JStqxaiF+7jwcFZDbomy+fv267CeAu+f79+/zrl0L1QNx8iBGXO6hmZlFE1ufRQ1i0/Vr9niIWZxlcjpEjSFZnb2nPNbXSsRlHvHvE8/9D7nxO5yXze/fv2fuEv41Jk2sl0qo0k4ePgwcd/bwYWA41sfeushyROLzUx/xvMvWP8N4ra5UHREzudJuvFfgdzgvmy9fvszcJfxrfHiHiiiD2J46HaP194jn4nHXaUi2pOdz6VPuN8xmjq/z49h/etz6ULTweaZuacTvcF42v379mrlL+Nf48ePHx18cMzURQcysvAJhs2k6ycL6vunkOMbDw9t6NS+Etz5HOYXJA5WUrUFrbW1a6/HwoP2dlVbFNWuxrCpGnBn94DU2fofzwuQBTKaXH/Xcs6I5Y7MtiCS647HpJYZB207OeXgGZ+VPXlbl76FZl0jNxKYis4W43Xbb9E9PTSOx3Wq0dl7Wsbn0dLlHrEIoTR7AoiA2mMyD/NDnXscWllH4MFCORVxyeV6jbRtRai/nJTyjkywuVh6k3T1UavJcz8xk8a1IzWQmYmufnppOFulayHl/3tk6tlL1ASwOYoPJbOXH/lmVByYPl5EKKUqs75veMi9tJbOyWtIui83EI69XIcUMTIaiIUNToVnrQpP2rPLAF+hSL7o6qBWF5etFb9WKWuG7SioUvmutqCzUjSVWXnLlz/cqBt+yKNaKhuoDrxc9mMRUakFoKjUX4aWSKuEDWRt1ovNDxgazMGkX2Fu7e4jY7HqZTCSIYHS4aRf9VWSSabn0fI2brYHLGZtf7JdsT/qSPtvQnw5PRWxe+O5F8Hn7IrK11YLYYJ3X2eJ+bCIRryAQAYm0goi0MsFLrjxTC8PQothcbiYrl9vZrGjejy1kanFrcaS2PhAbrENsl6oQPGsToXgVgi3x0OGpiC1vPhnvgZDueeCTEDJzOu6ea20bNp4cJwdim5d45Nv1nd5g2r8DzAJig1nYyI//s+55kO9KFbM3P85C891z07bgOWuTyQgX21hDeuvmLpd2z40tLAqTB7CuO1Vdkdt4K710Q5ezzSjz7fh8wW+qPoi31/MbtcRtiMabt8Q7WV27DR93qFoVZGyw/ELd0v+t8ZZ5LjQ/J+/jWxvlnXZTfehYX+rYzGgsvRoX7UbZle4rWpKa9XkGWdviIDZYvma09Lp8zc1qPsesLQiuKLN8P9GQscWqBr8T/FgnmmtOw3MuCg2RrQ6GojArs36dCgt4VSFRWvE6XBZaztacS0PJPBng8ssym2n77w//RwA3QWywTvLXsrS90aWIf577KmVbpUzsWmbG0HP1IDa4D3L2ltsr+7q9o5Rx3dp6CJndFYgN6srkrj3nlqBuyQuZ3Q2IDe6TSzOpH+WStJDZXYLYoA7m+hojsipguQfUAUKCQLrNDgDA/YPYAKA6EBsAVAdiA4DqQGwAUB2IDQCqA7EBQHUgNgCoDsQGANWB2ACgOhAbAFQHYgOA6kBsAFAdiA0AqgOxAUB1IDYAqA7EBgBNbfwHpukVnIP1gA0AAAAASUVORK5CYII=""}}]}]",0.567
google/gemini-2.5-flash-lite,sample_005,0.37801,0.37801,0.389,"[{""role"": ""system"", ""content"": ""You are a marker location estimator.""}, {""role"": ""user"", ""content"": [{""type"": ""text"", ""text"": ""\nYou are given both an image and a text-based representation of the same stimulus. \nIn both, a red dot appears on a horizontal line\nThe left end of the line corresponds to 0.0, and the right end to 1.0.\n\nText representation (the dot is marked as \""\""O\""\""):\n|-.----------.--.---O-----.-------------=|\n\n\nEstimate the horizontal position of the **center** of the red dot as a decimal number between 0 and 1.\nDo not explain. Only output the final answer as a number between 0 and 1:\nFinal Answer:\n""}, {""type"": ""image_url"", ""image_url"": {""url"": ""data:image/png;base64,iVBORw0KGgoAAAANSUhEUgAAATYAAABNCAYAAAAsLkgfAAAIfElEQVR4nO2daZLTSBBGtbjbfQfg/n85CZcAzkB71cRXzhTp6pLa2GIal9+LyCjJlmQPeB6ZqkXtMAxDAwBQEd1HfwEAgKVBbABQHYgNAKoDsQFAdSA2AKgOxAYA1YHYAKA6EBsAVAdiA4DqQGwAUB2IDQCqA7EBQHUgNgCoDsQGANWB2ACgOhAbAFQHYgOA6kBsAFAdiA0AqmP10V8A7pilHpfRtstcB8BAbHCbyG6RmwutdA1kBzfQ8pQqeJf8J+L78fWpY0qSivtT21PHA1wAYoPrZKa2tF06N8rpvXZue+41gAClKPy5zKaidE4uL4+5fZ07JzS/NoKDCcjYKmDRv8KCoJI+jsdzicX9/L38++Ti6rpzqRViyM8pXesGWqRYNWRsFbCY2OYyNMnLBebbIdpccJFcWi622GayS2IrhWdzU1ndhSC2ukFsjyy2udIzCG1waR0OTesyOxxOQrN2UGvHJcll5eKZzCzSa6X9XHq53Py63H+DCShF75ztdrvMhUr3zCSpmJlJbBKYRdre73+/5sfnWZsJahRX35+21fb9+WvviW5Kclfw/Py8zJ8d/HOQsd05BwnlFqY6BrzENGElke33o8ja3a4ZtK3XguCGWJaKWH5Goa1WJ6mZ3LQf3y+J7m/IDeoEsd05e4nlWvIhGtn9s5R9eUamdrc7tYrt9tTudqewY5LkSmKzzCwJzaQ2bls0UXba1/G2/0Zu3vpnxBYeHsR25+wkm6Uytlh6ernpWZrLTBJTu902nW+r9WNiSSqsIyCJzGX29DTK7Kht3/dWInPZudhi2TqXuQEgtgcXW16G5vfSPCOT3CQyE1qS2mbTDNbqGL2XMjaFX0dYGRozNJfZ0eP5+SQ122+C5GIWN0apNHUQHNB5cN98//79+pOnhnTkmZqXmptNklcS2WbT9K+vaTuFSS9lcDonz9iC2KLMUrteNwdJTPv2WpKaZCexueAsi5sU25Xl6JcvX67/M4R/FjK2R+wRLY1XiyVoLjUTWucye31tBm2/vja9MrfNJmV0Kavz+2y52CQ1E9vBJJZaiW29PkkthDomkuB0PcvcRrGV5GafddbCw4LY7piNhHILpaEdsQRVmetSc7FJZhLbr1+pbSwkvyS3/b7pXGw2iFbZ2lHh2ZpkJrGp3e1OIbnt96c4HFLou2h8nATnmeRZWRo7EgRCAwOxPXrHQRSbj0dzsfk9NZOaRNb/+tU0Fq1CUlOoRN1uT5mW32fLMrZ0D00Z2W6X5CZ5abjK4Xg8i+MwpGEjg7ehp9Y7FtL3nCpH4eFBbI84hm3u/looQ3XPzDsNBs/IlCXafbajWhObdyY0Pr4tE1vqBJD0lI2ZvHSE4tC2v6PrmqPCMjG9P84bjd/dx7vpc0rlKDw0q8+fP3/0d4Ar+fr167Jj1+Jg3DDDIHYopMG5lpWN2ZlaSVBS817UUIqmoRr2uUlS3plg548lqO7BWRnqpahK2DRdS/JSq/Oj0PW6f84VcuP3Xyernz9/fvR3gI+aI1pYbijNGtCuRRuOS+/4+9r31/NVPuJwDxGnZWXnxf+GeP34HYrvxzYuZ+QT5C+E33+drD59+vTR3wH+zxUqSqtixNcs89G10/VD72Pr5Z+2+z5FE9qxNFQbV+DIxqHF8+K547Z9jj5P4RPo0+dPTYr37x7bC+D3XyerHz9+fPR3gCv59u3bMhlbLgitwXY8Np3dpFfbPT2l3k4N5+ien08lqZesPj9UTon3vvzaEpSNSWs18Vznh9D10rg1G8Om4+IQDx+oe9Eg3T+UPb//OqHz4I7p9T/4kr2iIQuSHmJoQEU/DKew/RRt23QxgyvcY0tZ12rVtBLben0S2ctLiu7lpelfXppGsV6niLKTUEex+SyE0sR4QccBGIjtjnlSZrOk2CQN7yjw0rPrRnl59BZd35+yOcvoUgYWZh/kGZvENmZnJrY+Cs2kl4aCWObmw0SK80UZ6gETILY7Zi0hLNErKrJ119KQD8nIosuil6SenppeWZWE5FOrJsSWylqFpGYic5m1ytyC0Ma5o6UydG4JIwfJPTzMFX3U+aJzy3/7Srm+YofNQvA5oWmuqLZ9ipXPFfWljDKxjXNF4zxRn0ZlU6rezBXNlzIKHRdvFp4UV2RtzBOtFzK2O+fqVWDn5ouG6VVJUioFvdNA8lKWJtEpU/PVPvLli+JwD5eSlax554HCJ74fQ4fBmzXZ8iXDBYtNQgHE9sj32fKyNK5+G1fQdcEp/D6aiW2cehUWnEwRS1Ef8mHSSh0Cuo7dl+tK67H5/bRQfvrg3qLMkBoEENuds6jYJp53MMotW6NtlFlct82PC0NJUm+r9ZqOK+aaxCS34gq6vuLupUuCIzYIILY7ZyUhLCU2byce5jIKTpmWS86fexAe6jKe43jGZnNGo+DGsjM+5yBKzSX23vJEiA0CdB5UwCJPqsqnV1m8KU3jYpT5U6qi1KaeUpWVmXEZojdPqbrkwS08oQoKkLE96kDd0r9npQ6FbB5o8XF8cQJ9/lzR8NyDcUqUTZeSyNLYudLj9q4RGlkbGIjtUeeMls6ZKE2TqHwVjTjZPSwoeZap5WLzqVYxc4uii/v+VCvKTrgBStFKWPSvMRNcXOGjlMW92S6tvBGzr9K9syw7G8vQyEJCu+ofArgrEBv8ZuqnMFeiliKel2daUxHfj8eXQEzwDogN5sl/HjNruZVK0DOmhmnMyQyJwRUgNlhGclPHRKYEhsxgYRAbLNujegn0aMJfBrHBbdzy80Fm8JdguAfcBnKCfxBbIgEAoB4QGwBUB2IDgOpAbABQHYgNAKoDsQFAdSA2AKgOxAYA1YHYAKA6EBsAVAdiA4DqQGwAUB2IDQCqA7EBQHUgNgCoDsQGANWB2ACgqY3/ANGl1gCCZwauAAAAAElFTkSuQmCC""}}]}, {""role"": ""assistant"", ""content"": ""0.632""}, {""role"": ""user"", ""content"": [{""type"": ""text"", ""text"": ""\nYou are given both an image and a text-based representation of the same stimulus. \nIn both, a red dot appears on a horizontal line\nThe left end of the line corresponds to 0.0, and the right end to 1.0.\n\nText representation (the dot is marked as \""\""O\""\""):\n|--------------------=-----=---O------ -.|\n\n\nEstimate the horizontal position of the **center** of the red dot as a decimal number between 0 and 1.\nDo not explain. Only output the final answer as a number between 0 and 1:\nFinal Answer:\n""}, {""type"": ""image_url"", ""image_url"": {""url"": ""data:image/png;base64,iVBORw0KGgoAAAANSUhEUgAAATYAAABNCAYAAAAsLkgfAAAI6UlEQVR4nO2dbY7aMBBA7STLxxna3v9vT9JLtL1Cd4ElqcbxpINxAl0+At73JMtJCAFV2texPWN813WdAwAoiGruLwAAcG0QGwAUB2IDgOJAbABQHIgNAIoDsQFAcSA2ACgOxAYAxYHYAKA4EBsAFAdiA4DiQGwAUByIDQCKA7EBQHEgNgAoDsQGAMWB2ACgOBAbABQHYgOA4mjm/gIAMMG1f5LEe/cZQGwAjy6znNzGhDcmLu8/9r4nxfMrVQAPLDN7PXftlKT8GcfnPOfJQGwAczIlLunHjtP35KTlT/Tp8dS1c157IBAbwCNFZ+mxtLY9PE/fMyYvnzR73d6bHufOx65NXZ8RxAZwBlf/M0nE5K24rMzSPm2WnMx8bFV1JLnuIxHdfwxn/YzCY/EA4N5iy0VlOaElzdvzXMRmWqcik94e23tORXK5Xj4vXYgYERhiAyhZbLmhp16LkgrPV4Ht9/2x9Pt9L7T93nV6Xe6xMrQRmMqrrnt5Sa9yq6peeGn0lhPcmOiuMU93BxiKApxgu91e72GZKG2IxKK4gtje33upJf2B+Oyfro3C6l5mQWp1/U9ucmwkF+6ZGr6eEp/9bNsbFouFmwMiNoAT7EUktxp+JhFaENj7e+ilddLvdr3o5DhGboMMFR1+alTWNEFoQWr22IpO783NwY1FdVOLEXr+ACA2gBO8i1QuIU3PMPNoOszUKE0lJn1o2+2/4yi30Oxcm51XE1k1UWTSv7z0fbymkhuiN+nH5uJycsssQjyi3BAbwAl2IpsrRmwHiwBplKYik367dVXsDwRn596i2EROIqpBaE2U2suLa1VuqeSS6O0ogssJLr02Nfc2I4gN4NZiS4ehKjTpVWjyGbtdL7LNppfaZuO6zSb0ck1eC9Ga3Gvn2VRsUVRd0/QyWyxC38ZezoPomuZ4eJrMvR21VHZ6Lmj/QHJj8QBggp8/f17+kFxKRzL81CitUpG9vbn67c1V0uK10EzUFt5vxRZl1RqZtctlON4vl73UVHIauYnkzLB0Um4TqSNTw9Fv3765e0PEBnCrFdFclYBZ/RyTWpDZ66vrothEcHLsNhv5QkFuwzxbErFJNNaKyERgUWgit/1220tut+vlZoemMWo7EtuY6HLDUyGVm16bAcQGMMFGZHIpaWqHzpHFYajLSK0WscXeidReX8NwVO4N92fEFqQWxdaK1FYrt9/t3P79fWitNrlHvodZaBjSRM6N3qZWS2cGsQHcY+EgFZuZWwsLA1FqtcpM2p8/zovQtL29hXs7aZrXpmLT1VAV22oVxCVt33X/mqSvdJ1rJSm4bfsm75PvZefb5Nmn5IbYAD5pDls6vxajtRCxyWKBiDOufoqwNCKTKE1k10ofWxiextdDflsiNqfDy7Z1kuEWmkRyVeX23ru99PFYrslr8l6572Ci3X5fjd7SOcKc3B5oAaH5+vXrrF8A4JH5/v37dXLX0vpPnfy3zSTmhuTc3W5oLunDKqrNY5OILX5mF6sPhtQPGXrG6K0V6WmL3ytEb7m6Vfu9LSI0vTYmNsV7N4djmt+/f9/9QwGehYuTBjLbDWmdZxebrfscakbN63I+iMcm5lqxCea1TiWXRGNpCVVYdEjOTw4x9TNzu4vY7xPvncMxzZcvX+7+oQDPwod3qMjtfGGqBKTJs8PzzeqiN3NYXs/reuiHphGTfo59ra6dN70ey1A1HMc8tnAemy4e+FP5a1MJurl/K+/dHI5pfv36dfcPBXgWfvz4cdkDMrtwhGORSNu6Kk7aV9Kapm8vL6H5xaIfliaVBuEpOsFvhqIiKBff5+S9plWSxyYJujFJ12mTe5NV0bPLq86cX5vDMSweAExQyx/7pdiCdyMJ+fMPLQ5Hq65zddsOTc5FfJIlJi1EeBp52VVReS3KyUexVauV69br0Kr12tWrlXOmhXui5Cqby6Y7fuTKqP5TaHOC2AAmeJGo5hbpHnao6b2rbBOheh9aONeITqQlVQmxIH5YFRV02CmiWi5dJ03Etlq5er12TpoIbbUKr4dk3Ri12dKqYYU1LXwXcom4Dyg1AbEBTLBcLq+3Kmon/2NybBCUCE7lJa2qQhRVx6FpHaOrkMAbKw8OxBblI+/V4WUn31ujs/W6F5rktkmLCby2KH5I65iaP5uS2YNUHAwfT60owA3rRXMF8LoLrm4iqWVVsQhei95rrUSQa9rrLh+2VlQenyboLmKSrkRmUoEgQ1ON1HSuzdaKplKbEtlEakfKHHWiAhEbwAku2gU2t8Gkik2kIoKKc2Nhdw8Zbuo8WZz0DzKTiEulprludhddjbji4oOTRYPl8qAFmdkhaLo3W05qTxKhpSA2gFvPsyVyC3lrma3Ag9C0j2Ia9mPT0iuVmt2PTYhJuZrGUcWhZpCaLhTo8DNKbdh00kjt6AdenkRkKYgN4M5iO1gl1SoEjd5keCpC0sjMDFOHonmN1ozYdLVVc9I6La8SQarMTKQ2DD81WhtLxh0TGGIDeG4aEcElTC0k2JVSG73FHDZbZqXHbuQ3D0LTRNvG7LdmFwmSxYKj3zzQZ53iwcXG4gHAvX6pKimtOvqVKvvze5qUa/tUavZ5WhKlQ8sm+Y2DJEo72gp8onLgo8z1C1UCERvALRN107ghNywVuWSGp0eiS388OalokPmxoSSq7vPaRFxDSVW6BfhUPeg5PHDUhtgAblkzmr4vNyyN1QcHhe1aD2qis6Nfgk+kaasaOlNvanfEPbjn1M4cTwxDUYAzueqfSrJtuD+1bZDt0x1DlLRawI/UesYKgtEV0Dn/I7jW5yM2gDuS+3NLJDcquNwcncWKqvpAfScRGwBchak5OO3HZJb7001LoYRzk24LArEBPIvkpo6VqUjMP1eS7SUgNoBnGq7+L/7zyMyC2AAenWv8ifrPITSFdA+AR+eTSekaxJ3jAADKAbEBQHEgNgAoDsQGAMWB2ACgOBAbABQHYgOA4kBsAFAciA0AigOxAUBxIDYAKA7EBgDFgdgAoDgQGwAUB2IDgOJAbABQHIgNAFxp/AX/qdllPni50AAAAABJRU5ErkJggg==""}}]}, {""role"": ""assistant"", ""content"": ""0.707""}, {""role"": ""user"", ""content"": [{""type"": ""text"", ""text"": ""\nYou are given both an image and a text-based representation of the same stimulus. \nIn both, a red dot appears on a horizontal line\nThe left end of the line corresponds to 0.0, and the right end to 1.0.\n\nText representation (the dot is marked as \""\""O\""\""):\n|-------------=---.-------O---.-----~----|\n\n\nEstimate the horizontal position of the **center** of the red dot as a decimal number between 0 and 1.\nDo not explain. Only output the final answer as a number between 0 and 1:\nFinal Answer:\n""}, {""type"": ""image_url"", ""image_url"": {""url"": ""data:image/png;base64,iVBORw0KGgoAAAANSUhEUgAAATYAAABNCAYAAAAsLkgfAAAIlElEQVR4nO2dYVLbSBBGR5LBJlcguf/fnCSXSLgCYGxLW994WmmJkcDYLM7ovaqukWxjvFT8tkc9Paq6rusCAEBB1F/9AQAALg1iA4DiQGwAUByIDQCKA7EBQHEgNgAoDsQGAMWB2ACgOBAbABQHYgOA4kBsAFAciA0AigOxAUBxIDYAKA7EBgDFgdgAoDgQGwAUB2IDgOJAbABQHKuv/gAAV8clbwNSVZd7L3g3iA1gSmg5weUey8nLHnvv6+GiVNylChaN/+efO556fkpUY2nNPTf1GJwNYoNlMicxjRb+fA4TVG7MyW1OgHA2TEVhWcwJrW2HUstFjrHEvMymzvVeczJDdGeB2OCq+ZQJhRNaNRaXyW1q9D8vxsKq69eC84/rx3MC9Jj4PkiFFBEbLExsuemmiWsiKn8+VQxI8uq8xDT6Y/+aXNh7vZXNvUGF2BAbFCy2qaqmi/j+JrDDIQSFzg+H/rxL5/E14ylpVf0VlYlM8tLYNMPzCdFNCs6DrE6C4gFcLS8vL5+aqQ0yMRPZfn881rjf/5WdPe/FaLKxLCyJrPNjileis2MvRPGW4N7J7e1tWDJkbHC1HCSSc5mqePopphdZim63C9VudxSdPabX+QJDEpBNP01k3Wo1eTyQnxPd5LU5QbZ2MogNrpa9pHLpCmgSUzXK0nqxvbxEocVwxya4wbU2E5vLwqLIkszieHNzFFp6PI4Smo2WySlyU1MDuZ0EYoOrZSehXLICqnE89dRoIjOZbbeh1uhDz9k01RURlK1FiUlsJrUks1ajj/Scl1w/VZ3K3gRSOxnEBuWKbaIC2gstSS3sdqGWuLbbo9S229Cl0c71mhh2zS1lbFFsLlszmWlsb29jRKnpWFKzcxNcyt76rC1XVBDI7SQoHsBV8vv37/PfJCc2q36mwoBlacrQosien0Pz/BxqHz6D80UEn7E1zVFmJjSN63U4SGTr9V/JWUhsbpray+2CWduPHz/CUiFjg7IqolOdBRajbE1hUjORdU9PoX56Cs3TU+ien0NQ6HnL2mw6axmbpKZsbbWKIpPADpLZy8tx3O2i5Nr9PrRaPuIiCk2S0/FcMcEgc3sXiA2ukq2mf5e8vmbXxUxqqRjQS01hMktjeHwM4ekpZnESW9BrbTrqMrbWxGZSU0hqu1047PexuiuhtW3bh8QY5SappWt+ryqlc90JMAtig2UUDnwngS3rsGnodhunn41lZ5LZ4+MxdKxI1926jNisaKAMrc/M2jYcum4Yql3oZ0ZhnzEuBFYgtrNBbFDmGrbx7hyjamitjC0VDTpNe11Idm0qHFQ2PVXGlsQWsz0nNqtyKgNru+4YyuSqKhzqOhya5hiSn6SXMrPWt1f5z+ynowK5nczq+/fvp/8UwCfz8+fPy1xjy/SDjlun+ulpmqJ2aTFul6arcZQA/Zo2+z3K2ExyaU1alFx6jzYzDbWpqEbf0vVKYG6tXM8Jgvu+4O/26uHh4as/A8Arzi7Wj3s63U4ecQrod/awKaEdWw+pG2e3MPK9p/bQaBePceN7nMK6iufsf61v3zrh7/Kw4O/26v7+/qs/A8DldqhwmdSr8xR67/j+br1YPE/Tv6ppQpWyLx0HH1a9VIYlfOfAatW/vtKxW8rRH7vX6XfYwtxqrrVq+Id595/ifsHf7dWfP3+++jMAvOLXr1+Xv8aWkBrqVCWtdb1ttQr1zU287qaobm5CdXs7bIS3nT0kFpvGCkkpLdmo1usQ1us4WtTrdVzHFkON6Yq0hm2wjs23V5lk44f9+Dq2Pwv+blM8gKuk0Rf8s5Z7KENLWaFkVXddaBRtG6O2SM/F11kGZ1XRJLaYdSkDS2KLIttsQnd3F+pv30JzdxfCZhOCRi87idTE5ncA8Z0H8RdQNPgIiA2ukhtlNJfeKVcykpwkt5Qh1VU1iCZFPNfzijSVjFmcCgg+Y0vTVT1Xpy4DE1tjQttsQrXZRKHF5SApa/M7fwz2bGOZx9kgNrhK1prWfUbngVvyEYWkaWjT/I26jtmijhs9p0jSiv2kJjZ77yS+OLVMYlNmJqFVXmibzbB3VOGv3Y17RAUdBx+GXlEot190qlfUyy0t1I0dCGlnj8baq/yoNW0mNr+7hzXAu6b31kS22cSWqs5lav0uH2kK2r0ltQ8K7ceC+0QFGRtcLWfvAjsWm3AbTPYN7Skzi9fJdO3LMjTJTNfENEp61rEwytis8lmnrK0vHqRja3yPu3v4KahVRX2FVrCjx9kgNljOdTaN7q5TfeZmUlM2liqiEluUk2VqJrbRfmyD5R5JisrKTGyxQDCXqaUsbdCBgNDOBrFBuWKbud7WZ20aJTZlYSY3CcwKBRKUtVG5pR9GXP+WCgj9JpNJZpLkqx10ndQGd7Q6vtlwhA+D2OBqWUkE55LrEMg1xqcpaczeJDFJTiJTIcC2Dh/f0EVY1uUW5o53yu3F5m7oMim18TF8CIoHsIw7VWVu6tIvAbH1baPe0T5D81uC+5u5CLuRi0lrfE+Dia2/By1WFxba7cLvUCUQG5S7y8fUfUVtzFVL/S4gTnSDmyfn7ivqb6/nRZZbo/aeXTvOkFxzicXN/zhMReGqOeuu5rmfnWiMj7LxO21YP6gXXq4BftR3agIb9H7qPNcQP/UZ4WzI2ODq+ZR/ouk9o9hyi3jHx+MpaKa5PnuH90wngd/V46r+R1AQiA2WxSnT07e2KhJeUm+Ff72BiD4FxAbLZmpJiI254xxjec0t4UBmnw5iAxDjr8FYcrnXeHLiIjv7MhAbwHsl9x5y8kJo/zuIDWCOj349kNmXwnIPgDkQ1D9JWikIAFAOiA0AigOxAUBxIDYAKA7EBgDFgdgAoDgQGwAUB2IDgOJAbABQHIgNAIoDsQFAcSA2ACgOxAYAxYHYAKA4EBsAFAdiA4DiQGwAEErjP5FJi7ZzfsrhAAAAAElFTkSuQmCC""}}]}, {""role"": ""assistant"", ""content"": ""0.556""}, {""role"": ""user"", ""content"": [{""type"": ""text"", ""text"": ""\nYou are given both an image and a text-based representation of the same stimulus. \nIn both, a red dot appears on a horizontal line\nThe left end of the line corresponds to 0.0, and the right end to 1.0.\n\nText representation (the dot is marked as \""\""O\""\""):\n|.---~------~----------=O-----------~----|\n\n\nEstimate the horizontal position of the **center** of the red dot as a decimal number between 0 and 1.\nDo not explain. Only output the final answer as a number between 0 and 1:\nFinal Answer:\n""}, {""type"": ""image_url"", ""image_url"": {""url"": ""data:image/png;base64,iVBORw0KGgoAAAANSUhEUgAAATYAAABNCAYAAAAsLkgfAAAIiklEQVR4nO2df3LaTAxA/YOE3KHt/f/tSXqJtmdoAgF/IyE5QlmgX+yMzfa9Gc0aFxbagVetd7Vuh2EYGgCAiuiW/gAAAHOD2ACgOhAbAFQHYgOA6kBsAFAdiA0AqgOxAUB1IDYAqA7EBgDVgdgAoDoQGwBUB2IDgOpAbABQHYgNAKoDsQFAdSA2AKgOxAYA1YHYAKA6EBsAVMdm6Q8AMAtz3bqjbefpBxYFsUFdMvvbcyWBybn8XER3l7TcpQrujviVvXV87evt0oryKp0rPYZVg9jgPshf0yiuLLHSuRJRYpeOY5tfB6sFscE6uTakzAK7FSWyyK5Ffv6lvmA1IDaYjU/5KqXhZVsS1/H4/jieu3TdrOve5OXH8ZzFcEly+fgDtEjxU2DyANYpttL1siwreRzDzrX5XJRblFPXNYOLrO/fxBbDxSbH/rooOel3gpwQ2+eA2GB5sd0adgax6XuYtFRgh8Pp8eEwPh7Cec3w5HHsOmZpEn1/EpzITcKFV5Dc1WGqg6wWh6EozMJut5uno9J1NMu8VFzy2KUlrUX7+npq4zmXXh6OShbmIhOJSbvZnFqL8TiKLw9Xra+r19/+gsfHx2n/ZvAOMjaYhYNIZCrXJgVihhYEJkKTGPb70zkRnJ/zLM7lJoShpctrEKltNie5ueD8XBRdzuCsvznkBvOC2GAWXkUoc2ZqaULApeby0gxNWhFaDDvngnt3rc2zNRGbSUzbh4e3EKF5GwR3lsXdyt5gURAbzMJeZDKVlKWdTQJEqWWZ7XZNt9uNx1Fy45DVhDmY2DQ8QzOhHR8fT8feWoySs0yuODQVENtqQGywvNhKQ9AgtXHY6bLa708is+heXprB5fby0nTyWeSan113a0pis0ztGKTmoWKz48YfxywuZ25xYkFAbovD5AFM5ufPn9M6yGK7lqlZRiYykxCR9XY8hkvOhqzFjK3vVWrHKLXttjlst82w3Y6P5dgzOJWcDU/fyW3itbZv375N+zeEM8jYYLkZ0bxWLYvNs604/DRpdc/PJ4k9PzeDHD8/q+CGl5emkZDn+LW2gtiOlq0dTGwiNBXb05O2R2n3++ZoExMqN+lLsrgot0tZm0DmthiIDSbzIiKZShRbWJPmEwU6IWDDTheaykzE9uePto2FZHE6FJXMLoptGE5SC2JTuVmmJlI77PcaIjSNw0FbXx8nM60yJB0nFXzZSJ5IgEVBbLD8xEFesxbXqMUhqF9DM6H1f/40jUUrQvNWhqi7nV53G0oZm81wjsNQEZkI7fVVl61oHI8aR5FhjFDhoMciNem/NByFxUBssOwatkvX1+KaNMm8QsY2Djc9Q3t+bo4iNRPb+BwZQvo1Nqs+0DVsvsTDMzIRmElM/iYabauh2Z3JStqxaiF+7jwcFZDbomy+fv267CeAu+f79+/zrl0L1QNx8iBGXO6hmZlFE1ufRQ1i0/Vr9niIWZxlcjpEjSFZnb2nPNbXSsRlHvHvE8/9D7nxO5yXze/fv2fuEv41Jk2sl0qo0k4ePgwcd/bwYWA41sfeushyROLzUx/xvMvWP8N4ra5UHREzudJuvFfgdzgvmy9fvszcJfxrfHiHiiiD2J46HaP194jn4nHXaUi2pOdz6VPuN8xmjq/z49h/etz6ULTweaZuacTvcF42v379mrlL+Nf48ePHx18cMzURQcysvAJhs2k6ycL6vunkOMbDw9t6NS+Etz5HOYXJA5WUrUFrbW1a6/HwoP2dlVbFNWuxrCpGnBn94DU2fofzwuQBTKaXH/Xcs6I5Y7MtiCS647HpJYZB207OeXgGZ+VPXlbl76FZl0jNxKYis4W43Xbb9E9PTSOx3Wq0dl7Wsbn0dLlHrEIoTR7AoiA2mMyD/NDnXscWllH4MFCORVxyeV6jbRtRai/nJTyjkywuVh6k3T1UavJcz8xk8a1IzWQmYmufnppOFulayHl/3tk6tlL1ASwOYoPJbOXH/lmVByYPl5EKKUqs75veMi9tJbOyWtIui83EI69XIcUMTIaiIUNToVnrQpP2rPLAF+hSL7o6qBWF5etFb9WKWuG7SioUvmutqCzUjSVWXnLlz/cqBt+yKNaKhuoDrxc9mMRUakFoKjUX4aWSKuEDWRt1ovNDxgazMGkX2Fu7e4jY7HqZTCSIYHS4aRf9VWSSabn0fI2brYHLGZtf7JdsT/qSPtvQnw5PRWxe+O5F8Hn7IrK11YLYYJ3X2eJ+bCIRryAQAYm0goi0MsFLrjxTC8PQothcbiYrl9vZrGjejy1kanFrcaS2PhAbrENsl6oQPGsToXgVgi3x0OGpiC1vPhnvgZDueeCTEDJzOu6ea20bNp4cJwdim5d45Nv1nd5g2r8DzAJig1nYyI//s+55kO9KFbM3P85C891z07bgOWuTyQgX21hDeuvmLpd2z40tLAqTB7CuO1Vdkdt4K710Q5ezzSjz7fh8wW+qPoi31/MbtcRtiMabt8Q7WV27DR93qFoVZGyw/ELd0v+t8ZZ5LjQ/J+/jWxvlnXZTfehYX+rYzGgsvRoX7UbZle4rWpKa9XkGWdviIDZYvma09Lp8zc1qPsesLQiuKLN8P9GQscWqBr8T/FgnmmtOw3MuCg2RrQ6GojArs36dCgt4VSFRWvE6XBZaztacS0PJPBng8ssym2n77w//RwA3QWywTvLXsrS90aWIf577KmVbpUzsWmbG0HP1IDa4D3L2ltsr+7q9o5Rx3dp6CJndFYgN6srkrj3nlqBuyQuZ3Q2IDe6TSzOpH+WStJDZXYLYoA7m+hojsipguQfUAUKCQLrNDgDA/YPYAKA6EBsAVAdiA4DqQGwAUB2IDQCqA7EBQHUgNgCoDsQGANWB2ACgOhAbAFQHYgOA6kBsAFAdiA0AqgOxAUB1IDYAqA7EBgBNbfwHpukVnIP1gA0AAAAASUVORK5CYII=""}}]}, {""role"": ""assistant"", ""content"": ""0.567""}, {""role"": ""user"", ""content"": [{""type"": ""text"", ""text"": ""\nYou are given both an image and a text-based representation of the same stimulus. \nIn both, a red dot appears on a horizontal line\nThe left end of the line corresponds to 0.0, and the right end to 1.0.\n\nText representation (the dot is marked as \""\""O\""\""):\n|----------~----O-=-- -------.-----------|\n\n\nEstimate the horizontal position of the **center** of the red dot as a decimal number between 0 and 1.\nDo not explain. Only output the final answer as a number between 0 and 1:\nFinal Answer:\n""}, {""type"": ""image_url"", ""image_url"": {""url"": ""data:image/png;base64,iVBORw0KGgoAAAANSUhEUgAAATYAAABNCAYAAAAsLkgfAAAIs0lEQVR4nO2d7XLaPBBGbUMg99D2/v/2SnoTbW8hX3y48yi7yqLYTmMggOacGY0EsQ1vmvfMSqu1277v+wYAoCK6S38BAIBTg9gAoDoQGwBUB2IDgOpAbABQHYgNAKoDsQFAdSA2AKgOxAYA1YHYAKA6EBsAVAdiA4DqQGwAUB2IDQCqA7EBQHUgNgCoDsQGANWB2ACgOhAbAFTH8tJfAGZwisdUtO0pvgnAVYLYblVmU3LTz8bE5e/H85EcVEbLU6puUGbx/bFxKa0or7Hx0GuAG4SI7VaEFqU2NB46rxRbKbkhqZXXQHRwgxCx3UJ0FgW23x++Nya5IamNtfLY8vwxkB5cKYjtCE7+qyummm2UVxSaj8ckV4qn694kNja2lq8wFdUdQYsM4QtgKnotYhuK0KLIXGK73cG4LQXn1yijsq5reokstig369MVhiI5Hx+ZdEBs8BUgtkuJbWwdLbTepSWBudwkNr02wfXq7bgc4TmSmUtrschC631sfT7GJWfnJuZMVZEXXBimojN5eXk5X6QmSbnIXGwmtGa7zeN2u80RXD7erxUjNQnMmo8P3nPJ+fFT63BDYvukyFar1Wl+dwAjELHNZCehnElqWVRRYBKatd76ZrPJ0lPkdhCx+ZpZFNly2fTW0nsal6LTOTF6+0yyYeg1wAVAbDPZSizHUO5Ji+tmMUqTxCSwzeZVbC8v6XVuHrXFtbdSbEFo/d3du94ll6M3X48bWIOb3D5SjgEuBGKbyUayOZYQqaVoy+UUozQXmIRmrXO5ee/T07jOZlJLzUUW2n61envt0ovRW0gyvJPcWPRWjgEuBGK7lNhGMp8xSktyc5E9P6emcf/09Pqe/UzHp1ZEbBJSjNSSzFar1HvTa/18r8itFFyZRS3FFhMMyA2uCJIHM/j9+/dp19bKJEGcakpm1tqnp2YhqZnY0vvqQ9SWIjbhEZvJKstsvX5tq1WzW6/fRBejN5++FtnTyT1w9pkH/QQ/fvw47ncIMAER21dnRCcSBh555bW0ILUks8fH12jt8bFZPD+nsSI6iVByy9cpxCZpucgktdTf3ze7l5csuXdyszW33Ib2vw1FbERucAUgthk8Pz8ff5GhrR1BamkK6kJzmUls1jeS2tNTkl/KjkpuvqctiG1fRGs7E9pus8ktyW27zQJM0ZoEV24TGdvcOyY2gAuB2C6ZOLA1sby1w9fW4pqapp8us4eHpnl8bNqHhzQtbTXWcZtN06t58iFGbJ4skLwkMQlsu03bVXLb71Pba9uINv3qHPU2JT0QW9jvhtjgWkFsX72HbWh9LW6+9WmleiUKFJGpeYT29NTsXWoWzfU2HT3Yy+Ybc/W+EgQSl1rfN1Kfmv4rdm372uy9pEUdo8oHSS1+T13PN/9OiQ25wYVZfv/+/dLf4eb4+fPnvBNjniYWspelUp7ljFs+fHOuZGcRmqarqbfXvuUjIbko0rLXXk2QMqUWge19qupjNROW+pQV1TXLaMzX1vy9GWts/N3BOVn+/fv3rB9QIyerES33sVl9qFo7VDOq6aFeh3EWY2zCZRPEmc+zlq8Zzw3fwb9rHo/dWqnEhTbxe+LvDs7J8tu3b2f9gBqZfYcKn8YV1QFx3Pr1Q0uvLZJqrfk4Twl9mvj2Jd8t9Lehz9fUuEgGpJ+HmtGDzxkrs/pkxMbfHZyT5Z8/f876ATXy69ev06yxeXTlryWdxaLpLBOpvlsum+7uLq27qW+9xUqDKJ9iKtpqnczOaVart/N1zVhapeNi8zKrsW0fY2VWsZ+Avzs4JyQPZrDQ/+DHEBb483aPGLFZplSt2++bxW7XLNTb667vm65tU0sRnL6PZOXVB8KjruXyVWSrVdNpQ+79fWoaL+7vm2a9zi0dY9UIkmgUW976MbXVwz4X4NIgthncKfo5hqFbFPn00qeJJi4t06fWts1CreuaTk2RnJqiMG0P8T1wMWLT9SQ2O66X2ExuSWrW2vU6ic73u0mSfSm2WIHwP9NQgAuC2GawVoRzisRBzIz6lg9NH9VsDS1JLExLFS0qmkqlVRKS9rppmuolVX5NE1vncpKo9L0lLpNZa5FbLrWKhfFWO9pMlVVRcQBXCrWiX10vOlZSVWz3iHf08JpQbcZNQvMyK6sTzbWiavHuHr61I5RVRYmlWtEQqXlBvEvtYPo5Fq3NkBp1onBuiNhmMvsusGPPNijvwWZTSEVaKWkgsdkaWBKaSy9KzSM2x4Vk09acPFCvZkXwqTJBMisSCe/KqD6qNCBSgysBsV3DOpuXVXnkJqmpl4QkLpeRxpp+xptNhjvresIh4zIyUXkWNF3LhBmjtHhn3ZgFzc9EGIrWBEKDKwOxXUJsU1Gb35NNvbKcJrdcID8kNLuLbl5fs+vn/W7lDSctU3ow7Syyn+VzED5MFCA3uCIQ20yWEsExjK21xUypPkPCknx8qhlvbRQf7uLnhDW23ExWSXDlMw8GtnMcTEH/J/uJ1ODKIHlwySdVTURu724VXiYY4pOrPMory55CfeiBtGJiIN4p14/56EEufu0Z8IQq+AqI2L56o+5YvWWUkkdeun58apXLLUxXY3v3XFFJrSiJSpt2bTuJy+zgmQZTUdqUzIja4IpAbF9dMzp0Tik3ycUTCjZ+dzeQeC+3sSfBx7rTkAQoaz9zraiJcHTqibzgRmAqeiQn+/WVj+Mr7vAxmGgYet+vESU09BCWkalmFps4ceZz9s0DAD4JYrsGpqan3o+tx5U/G+Kju3H8b3SGmOBGQGzXxNT9zoZk5/3YeUMR15TEyHZCJSC2Wxfd0HFDjE0ricygQhDbLTD0T3TMPxsyg8pBbLfIKf7JEBlUDNs9bhGkBDBJeNwQAEAdIDYAqA7EBgDVgdgAoDoQGwBUB2IDgOpAbABQHYgNAKoDsQFAdSA2AKgOxAYA1YHYAKA6EBsAVAdiA4DqQGwAUB2IDQCqA7EBQFMb/wCp3rrC7i21WwAAAABJRU5ErkJggg==""}}]}]",0.389
google/gemini-2.5-flash-lite,sample_006,0.378,0.378,0.331,"[{""role"": ""system"", ""content"": ""You are a marker location estimator.""}, {""role"": ""user"", ""content"": [{""type"": ""text"", ""text"": ""\nYou are given both an image and a text-based representation of the same stimulus. \nIn both, a red dot appears on a horizontal line\nThe left end of the line corresponds to 0.0, and the right end to 1.0.\n\nText representation (the dot is marked as \""\""O\""\""):\n|-.----------.--.---O-----.-------------=|\n\n\nEstimate the horizontal position of the **center** of the red dot as a decimal number between 0 and 1.\nDo not explain. Only output the final answer as a number between 0 and 1:\nFinal Answer:\n""}, {""type"": ""image_url"", ""image_url"": {""url"": ""data:image/png;base64,iVBORw0KGgoAAAANSUhEUgAAATYAAABNCAYAAAAsLkgfAAAIfElEQVR4nO2daZLTSBBGtbjbfQfg/n85CZcAzkB71cRXzhTp6pLa2GIal9+LyCjJlmQPeB6ZqkXtMAxDAwBQEd1HfwEAgKVBbABQHYgNAKoDsQFAdSA2AKgOxAYA1YHYAKA6EBsAVAdiA4DqQGwAUB2IDQCqA7EBQHUgNgCoDsQGANWB2ACgOhAbAFQHYgOA6kBsAFAdiA0AqmP10V8A7pilHpfRtstcB8BAbHCbyG6RmwutdA1kBzfQ8pQqeJf8J+L78fWpY0qSivtT21PHA1wAYoPrZKa2tF06N8rpvXZue+41gAClKPy5zKaidE4uL4+5fZ07JzS/NoKDCcjYKmDRv8KCoJI+jsdzicX9/L38++Ti6rpzqRViyM8pXesGWqRYNWRsFbCY2OYyNMnLBebbIdpccJFcWi622GayS2IrhWdzU1ndhSC2ukFsjyy2udIzCG1waR0OTesyOxxOQrN2UGvHJcll5eKZzCzSa6X9XHq53Py63H+DCShF75ztdrvMhUr3zCSpmJlJbBKYRdre73+/5sfnWZsJahRX35+21fb9+WvviW5Kclfw/Py8zJ8d/HOQsd05BwnlFqY6BrzENGElke33o8ja3a4ZtK3XguCGWJaKWH5Goa1WJ6mZ3LQf3y+J7m/IDeoEsd05e4nlWvIhGtn9s5R9eUamdrc7tYrt9tTudqewY5LkSmKzzCwJzaQ2bls0UXba1/G2/0Zu3vpnxBYeHsR25+wkm6Uytlh6ernpWZrLTBJTu902nW+r9WNiSSqsIyCJzGX29DTK7Kht3/dWInPZudhi2TqXuQEgtgcXW16G5vfSPCOT3CQyE1qS2mbTDNbqGL2XMjaFX0dYGRozNJfZ0eP5+SQ122+C5GIWN0apNHUQHNB5cN98//79+pOnhnTkmZqXmptNklcS2WbT9K+vaTuFSS9lcDonz9iC2KLMUrteNwdJTPv2WpKaZCexueAsi5sU25Xl6JcvX67/M4R/FjK2R+wRLY1XiyVoLjUTWucye31tBm2/vja9MrfNJmV0Kavz+2y52CQ1E9vBJJZaiW29PkkthDomkuB0PcvcRrGV5GafddbCw4LY7piNhHILpaEdsQRVmetSc7FJZhLbr1+pbSwkvyS3/b7pXGw2iFbZ2lHh2ZpkJrGp3e1OIbnt96c4HFLou2h8nATnmeRZWRo7EgRCAwOxPXrHQRSbj0dzsfk9NZOaRNb/+tU0Fq1CUlOoRN1uT5mW32fLMrZ0D00Z2W6X5CZ5abjK4Xg8i+MwpGEjg7ehp9Y7FtL3nCpH4eFBbI84hm3u/looQ3XPzDsNBs/IlCXafbajWhObdyY0Pr4tE1vqBJD0lI2ZvHSE4tC2v6PrmqPCMjG9P84bjd/dx7vpc0rlKDw0q8+fP3/0d4Ar+fr167Jj1+Jg3DDDIHYopMG5lpWN2ZlaSVBS817UUIqmoRr2uUlS3plg548lqO7BWRnqpahK2DRdS/JSq/Oj0PW6f84VcuP3Xyernz9/fvR3gI+aI1pYbijNGtCuRRuOS+/4+9r31/NVPuJwDxGnZWXnxf+GeP34HYrvxzYuZ+QT5C+E33+drD59+vTR3wH+zxUqSqtixNcs89G10/VD72Pr5Z+2+z5FE9qxNFQbV+DIxqHF8+K547Z9jj5P4RPo0+dPTYr37x7bC+D3XyerHz9+fPR3gCv59u3bMhlbLgitwXY8Np3dpFfbPT2l3k4N5+ien08lqZesPj9UTon3vvzaEpSNSWs18Vznh9D10rg1G8Om4+IQDx+oe9Eg3T+UPb//OqHz4I7p9T/4kr2iIQuSHmJoQEU/DKew/RRt23QxgyvcY0tZ12rVtBLben0S2ctLiu7lpelfXppGsV6niLKTUEex+SyE0sR4QccBGIjtjnlSZrOk2CQN7yjw0rPrRnl59BZd35+yOcvoUgYWZh/kGZvENmZnJrY+Cs2kl4aCWObmw0SK80UZ6gETILY7Zi0hLNErKrJ119KQD8nIosuil6SenppeWZWE5FOrJsSWylqFpGYic5m1ytyC0Ma5o6UydG4JIwfJPTzMFX3U+aJzy3/7Srm+YofNQvA5oWmuqLZ9ipXPFfWljDKxjXNF4zxRn0ZlU6rezBXNlzIKHRdvFp4UV2RtzBOtFzK2O+fqVWDn5ouG6VVJUioFvdNA8lKWJtEpU/PVPvLli+JwD5eSlax554HCJ74fQ4fBmzXZ8iXDBYtNQgHE9sj32fKyNK5+G1fQdcEp/D6aiW2cehUWnEwRS1Ef8mHSSh0Cuo7dl+tK67H5/bRQfvrg3qLMkBoEENuds6jYJp53MMotW6NtlFlct82PC0NJUm+r9ZqOK+aaxCS34gq6vuLupUuCIzYIILY7ZyUhLCU2byce5jIKTpmWS86fexAe6jKe43jGZnNGo+DGsjM+5yBKzSX23vJEiA0CdB5UwCJPqsqnV1m8KU3jYpT5U6qi1KaeUpWVmXEZojdPqbrkwS08oQoKkLE96kDd0r9npQ6FbB5o8XF8cQJ9/lzR8NyDcUqUTZeSyNLYudLj9q4RGlkbGIjtUeeMls6ZKE2TqHwVjTjZPSwoeZap5WLzqVYxc4uii/v+VCvKTrgBStFKWPSvMRNcXOGjlMW92S6tvBGzr9K9syw7G8vQyEJCu+ofArgrEBv8ZuqnMFeiliKel2daUxHfj8eXQEzwDogN5sl/HjNruZVK0DOmhmnMyQyJwRUgNlhGclPHRKYEhsxgYRAbLNujegn0aMJfBrHBbdzy80Fm8JdguAfcBnKCfxBbIgEAoB4QGwBUB2IDgOpAbABQHYgNAKoDsQFAdSA2AKgOxAYA1YHYAKA6EBsAVAdiA4DqQGwAUB2IDQCqA7EBQHUgNgCoDsQGANWB2ACgqY3/ANGl1gCCZwauAAAAAElFTkSuQmCC""}}]}, {""role"": ""assistant"", ""content"": ""0.632""}, {""role"": ""user"", ""content"": [{""type"": ""text"", ""text"": ""\nYou are given both an image and a text-based representation of the same stimulus. \nIn both, a red dot appears on a horizontal line\nThe left end of the line corresponds to 0.0, and the right end to 1.0.\n\nText representation (the dot is marked as \""\""O\""\""):\n|--------------------=-----=---O------ -.|\n\n\nEstimate the horizontal position of the **center** of the red dot as a decimal number between 0 and 1.\nDo not explain. Only output the final answer as a number between 0 and 1:\nFinal Answer:\n""}, {""type"": ""image_url"", ""image_url"": {""url"": ""data:image/png;base64,iVBORw0KGgoAAAANSUhEUgAAATYAAABNCAYAAAAsLkgfAAAI6UlEQVR4nO2dbY7aMBBA7STLxxna3v9vT9JLtL1Cd4ElqcbxpINxAl0+At73JMtJCAFV2texPWN813WdAwAoiGruLwAAcG0QGwAUB2IDgOJAbABQHIgNAIoDsQFAcSA2ACgOxAYAxYHYAKA4EBsAFAdiA4DiQGwAUByIDQCKA7EBQHEgNgAoDsQGAMWB2ACgOBAbABQHYgOA4mjm/gIAMMG1f5LEe/cZQGwAjy6znNzGhDcmLu8/9r4nxfMrVQAPLDN7PXftlKT8GcfnPOfJQGwAczIlLunHjtP35KTlT/Tp8dS1c157IBAbwCNFZ+mxtLY9PE/fMyYvnzR73d6bHufOx65NXZ8RxAZwBlf/M0nE5K24rMzSPm2WnMx8bFV1JLnuIxHdfwxn/YzCY/EA4N5iy0VlOaElzdvzXMRmWqcik94e23tORXK5Xj4vXYgYERhiAyhZbLmhp16LkgrPV4Ht9/2x9Pt9L7T93nV6Xe6xMrQRmMqrrnt5Sa9yq6peeGn0lhPcmOiuMU93BxiKApxgu91e72GZKG2IxKK4gtje33upJf2B+Oyfro3C6l5mQWp1/U9ucmwkF+6ZGr6eEp/9bNsbFouFmwMiNoAT7EUktxp+JhFaENj7e+ilddLvdr3o5DhGboMMFR1+alTWNEFoQWr22IpO783NwY1FdVOLEXr+ACA2gBO8i1QuIU3PMPNoOszUKE0lJn1o2+2/4yi30Oxcm51XE1k1UWTSv7z0fbymkhuiN+nH5uJycsssQjyi3BAbwAl2IpsrRmwHiwBplKYik367dVXsDwRn596i2EROIqpBaE2U2suLa1VuqeSS6O0ogssJLr02Nfc2I4gN4NZiS4ehKjTpVWjyGbtdL7LNppfaZuO6zSb0ck1eC9Ga3Gvn2VRsUVRd0/QyWyxC38ZezoPomuZ4eJrMvR21VHZ6Lmj/QHJj8QBggp8/f17+kFxKRzL81CitUpG9vbn67c1V0uK10EzUFt5vxRZl1RqZtctlON4vl73UVHIauYnkzLB0Um4TqSNTw9Fv3765e0PEBnCrFdFclYBZ/RyTWpDZ66vrothEcHLsNhv5QkFuwzxbErFJNNaKyERgUWgit/1220tut+vlZoemMWo7EtuY6HLDUyGVm16bAcQGMMFGZHIpaWqHzpHFYajLSK0WscXeidReX8NwVO4N92fEFqQWxdaK1FYrt9/t3P79fWitNrlHvodZaBjSRM6N3qZWS2cGsQHcY+EgFZuZWwsLA1FqtcpM2p8/zovQtL29hXs7aZrXpmLT1VAV22oVxCVt33X/mqSvdJ1rJSm4bfsm75PvZefb5Nmn5IbYAD5pDls6vxajtRCxyWKBiDOufoqwNCKTKE1k10ofWxiextdDflsiNqfDy7Z1kuEWmkRyVeX23ru99PFYrslr8l6572Ci3X5fjd7SOcKc3B5oAaH5+vXrrF8A4JH5/v37dXLX0vpPnfy3zSTmhuTc3W5oLunDKqrNY5OILX5mF6sPhtQPGXrG6K0V6WmL3ytEb7m6Vfu9LSI0vTYmNsV7N4djmt+/f9/9QwGehYuTBjLbDWmdZxebrfscakbN63I+iMcm5lqxCea1TiWXRGNpCVVYdEjOTw4x9TNzu4vY7xPvncMxzZcvX+7+oQDPwod3qMjtfGGqBKTJs8PzzeqiN3NYXs/reuiHphGTfo59ra6dN70ey1A1HMc8tnAemy4e+FP5a1MJurl/K+/dHI5pfv36dfcPBXgWfvz4cdkDMrtwhGORSNu6Kk7aV9Kapm8vL6H5xaIfliaVBuEpOsFvhqIiKBff5+S9plWSxyYJujFJ12mTe5NV0bPLq86cX5vDMSweAExQyx/7pdiCdyMJ+fMPLQ5Hq65zddsOTc5FfJIlJi1EeBp52VVReS3KyUexVauV69br0Kr12tWrlXOmhXui5Cqby6Y7fuTKqP5TaHOC2AAmeJGo5hbpHnao6b2rbBOheh9aONeITqQlVQmxIH5YFRV02CmiWi5dJ03Etlq5er12TpoIbbUKr4dk3Ri12dKqYYU1LXwXcom4Dyg1AbEBTLBcLq+3Kmon/2NybBCUCE7lJa2qQhRVx6FpHaOrkMAbKw8OxBblI+/V4WUn31ujs/W6F5rktkmLCby2KH5I65iaP5uS2YNUHAwfT60owA3rRXMF8LoLrm4iqWVVsQhei95rrUSQa9rrLh+2VlQenyboLmKSrkRmUoEgQ1ON1HSuzdaKplKbEtlEakfKHHWiAhEbwAku2gU2t8Gkik2kIoKKc2Nhdw8Zbuo8WZz0DzKTiEulprludhddjbji4oOTRYPl8qAFmdkhaLo3W05qTxKhpSA2gFvPsyVyC3lrma3Ag9C0j2Ia9mPT0iuVmt2PTYhJuZrGUcWhZpCaLhTo8DNKbdh00kjt6AdenkRkKYgN4M5iO1gl1SoEjd5keCpC0sjMDFOHonmN1ozYdLVVc9I6La8SQarMTKQ2DD81WhtLxh0TGGIDeG4aEcElTC0k2JVSG73FHDZbZqXHbuQ3D0LTRNvG7LdmFwmSxYKj3zzQZ53iwcXG4gHAvX6pKimtOvqVKvvze5qUa/tUavZ5WhKlQ8sm+Y2DJEo72gp8onLgo8z1C1UCERvALRN107ghNywVuWSGp0eiS388OalokPmxoSSq7vPaRFxDSVW6BfhUPeg5PHDUhtgAblkzmr4vNyyN1QcHhe1aD2qis6Nfgk+kaasaOlNvanfEPbjn1M4cTwxDUYAzueqfSrJtuD+1bZDt0x1DlLRawI/UesYKgtEV0Dn/I7jW5yM2gDuS+3NLJDcquNwcncWKqvpAfScRGwBchak5OO3HZJb7001LoYRzk24LArEBPIvkpo6VqUjMP1eS7SUgNoBnGq7+L/7zyMyC2AAenWv8ifrPITSFdA+AR+eTSekaxJ3jAADKAbEBQHEgNgAoDsQGAMWB2ACgOBAbABQHYgOA4kBsAFAciA0AigOxAUBxIDYAKA7EBgDFgdgAoDgQGwAUB2IDgOJAbABQHIgNAFxp/AX/qdllPni50AAAAABJRU5ErkJggg==""}}]}, {""role"": ""assistant"", ""content"": ""0.707""}, {""role"": ""user"", ""content"": [{""type"": ""text"", ""text"": ""\nYou are given both an image and a text-based representation of the same stimulus. \nIn both, a red dot appears on a horizontal line\nThe left end of the line corresponds to 0.0, and the right end to 1.0.\n\nText representation (the dot is marked as \""\""O\""\""):\n|-------------=---.-------O---.-----~----|\n\n\nEstimate the horizontal position of the **center** of the red dot as a decimal number between 0 and 1.\nDo not explain. Only output the final answer as a number between 0 and 1:\nFinal Answer:\n""}, {""type"": ""image_url"", ""image_url"": {""url"": ""data:image/png;base64,iVBORw0KGgoAAAANSUhEUgAAATYAAABNCAYAAAAsLkgfAAAIlElEQVR4nO2dYVLbSBBGR5LBJlcguf/fnCSXSLgCYGxLW994WmmJkcDYLM7ovaqukWxjvFT8tkc9Paq6rusCAEBB1F/9AQAALg1iA4DiQGwAUByIDQCKA7EBQHEgNgAoDsQGAMWB2ACgOBAbABQHYgOA4kBsAFAciA0AigOxAUBxIDYAKA7EBgDFgdgAoDgQGwAUB2IDgOJAbABQHKuv/gAAV8clbwNSVZd7L3g3iA1gSmg5weUey8nLHnvv6+GiVNylChaN/+efO556fkpUY2nNPTf1GJwNYoNlMicxjRb+fA4TVG7MyW1OgHA2TEVhWcwJrW2HUstFjrHEvMymzvVeczJDdGeB2OCq+ZQJhRNaNRaXyW1q9D8vxsKq69eC84/rx3MC9Jj4PkiFFBEbLExsuemmiWsiKn8+VQxI8uq8xDT6Y/+aXNh7vZXNvUGF2BAbFCy2qaqmi/j+JrDDIQSFzg+H/rxL5/E14ylpVf0VlYlM8tLYNMPzCdFNCs6DrE6C4gFcLS8vL5+aqQ0yMRPZfn881rjf/5WdPe/FaLKxLCyJrPNjileis2MvRPGW4N7J7e1tWDJkbHC1HCSSc5mqePopphdZim63C9VudxSdPabX+QJDEpBNP01k3Wo1eTyQnxPd5LU5QbZ2MogNrpa9pHLpCmgSUzXK0nqxvbxEocVwxya4wbU2E5vLwqLIkszieHNzFFp6PI4Smo2WySlyU1MDuZ0EYoOrZSehXLICqnE89dRoIjOZbbeh1uhDz9k01RURlK1FiUlsJrUks1ajj/Scl1w/VZ3K3gRSOxnEBuWKbaIC2gstSS3sdqGWuLbbo9S229Cl0c71mhh2zS1lbFFsLlszmWlsb29jRKnpWFKzcxNcyt76rC1XVBDI7SQoHsBV8vv37/PfJCc2q36mwoBlacrQosien0Pz/BxqHz6D80UEn7E1zVFmJjSN63U4SGTr9V/JWUhsbpray+2CWduPHz/CUiFjg7IqolOdBRajbE1hUjORdU9PoX56Cs3TU+ien0NQ6HnL2mw6axmbpKZsbbWKIpPADpLZy8tx3O2i5Nr9PrRaPuIiCk2S0/FcMcEgc3sXiA2ukq2mf5e8vmbXxUxqqRjQS01hMktjeHwM4ekpZnESW9BrbTrqMrbWxGZSU0hqu1047PexuiuhtW3bh8QY5SappWt+ryqlc90JMAtig2UUDnwngS3rsGnodhunn41lZ5LZ4+MxdKxI1926jNisaKAMrc/M2jYcum4Yql3oZ0ZhnzEuBFYgtrNBbFDmGrbx7hyjamitjC0VDTpNe11Idm0qHFQ2PVXGlsQWsz0nNqtyKgNru+4YyuSqKhzqOhya5hiSn6SXMrPWt1f5z+ynowK5nczq+/fvp/8UwCfz8+fPy1xjy/SDjlun+ulpmqJ2aTFul6arcZQA/Zo2+z3K2ExyaU1alFx6jzYzDbWpqEbf0vVKYG6tXM8Jgvu+4O/26uHh4as/A8Arzi7Wj3s63U4ecQrod/awKaEdWw+pG2e3MPK9p/bQaBePceN7nMK6iufsf61v3zrh7/Kw4O/26v7+/qs/A8DldqhwmdSr8xR67/j+br1YPE/Tv6ppQpWyLx0HH1a9VIYlfOfAatW/vtKxW8rRH7vX6XfYwtxqrrVq+Id595/ifsHf7dWfP3+++jMAvOLXr1+Xv8aWkBrqVCWtdb1ttQr1zU287qaobm5CdXs7bIS3nT0kFpvGCkkpLdmo1usQ1us4WtTrdVzHFkON6Yq0hm2wjs23V5lk44f9+Dq2Pwv+blM8gKuk0Rf8s5Z7KENLWaFkVXddaBRtG6O2SM/F11kGZ1XRJLaYdSkDS2KLIttsQnd3F+pv30JzdxfCZhOCRi87idTE5ncA8Z0H8RdQNPgIiA2ukhtlNJfeKVcykpwkt5Qh1VU1iCZFPNfzijSVjFmcCgg+Y0vTVT1Xpy4DE1tjQttsQrXZRKHF5SApa/M7fwz2bGOZx9kgNrhK1prWfUbngVvyEYWkaWjT/I26jtmijhs9p0jSiv2kJjZ77yS+OLVMYlNmJqFVXmibzbB3VOGv3Y17RAUdBx+GXlEot190qlfUyy0t1I0dCGlnj8baq/yoNW0mNr+7hzXAu6b31kS22cSWqs5lav0uH2kK2r0ltQ8K7ceC+0QFGRtcLWfvAjsWm3AbTPYN7Skzi9fJdO3LMjTJTNfENEp61rEwytis8lmnrK0vHqRja3yPu3v4KahVRX2FVrCjx9kgNljOdTaN7q5TfeZmUlM2liqiEluUk2VqJrbRfmyD5R5JisrKTGyxQDCXqaUsbdCBgNDOBrFBuWKbud7WZ20aJTZlYSY3CcwKBRKUtVG5pR9GXP+WCgj9JpNJZpLkqx10ndQGd7Q6vtlwhA+D2OBqWUkE55LrEMg1xqcpaczeJDFJTiJTIcC2Dh/f0EVY1uUW5o53yu3F5m7oMim18TF8CIoHsIw7VWVu6tIvAbH1baPe0T5D81uC+5u5CLuRi0lrfE+Dia2/By1WFxba7cLvUCUQG5S7y8fUfUVtzFVL/S4gTnSDmyfn7ivqb6/nRZZbo/aeXTvOkFxzicXN/zhMReGqOeuu5rmfnWiMj7LxO21YP6gXXq4BftR3agIb9H7qPNcQP/UZ4WzI2ODq+ZR/ouk9o9hyi3jHx+MpaKa5PnuH90wngd/V46r+R1AQiA2WxSnT07e2KhJeUm+Ff72BiD4FxAbLZmpJiI254xxjec0t4UBmnw5iAxDjr8FYcrnXeHLiIjv7MhAbwHsl9x5y8kJo/zuIDWCOj349kNmXwnIPgDkQ1D9JWikIAFAOiA0AigOxAUBxIDYAKA7EBgDFgdgAoDgQGwAUB2IDgOJAbABQHIgNAIoDsQFAcSA2ACgOxAYAxYHYAKA4EBsAFAdiA4DiQGwAEErjP5FJi7ZzfsrhAAAAAElFTkSuQmCC""}}]}, {""role"": ""assistant"", ""content"": ""0.556""}, {""role"": ""user"", ""content"": [{""type"": ""text"", ""text"": ""\nYou are given both an image and a text-based representation of the same stimulus. \nIn both, a red dot appears on a horizontal line\nThe left end of the line corresponds to 0.0, and the right end to 1.0.\n\nText representation (the dot is marked as \""\""O\""\""):\n|.---~------~----------=O-----------~----|\n\n\nEstimate the horizontal position of the **center** of the red dot as a decimal number between 0 and 1.\nDo not explain. Only output the final answer as a number between 0 and 1:\nFinal Answer:\n""}, {""type"": ""image_url"", ""image_url"": {""url"": ""data:image/png;base64,iVBORw0KGgoAAAANSUhEUgAAATYAAABNCAYAAAAsLkgfAAAIiklEQVR4nO2df3LaTAxA/YOE3KHt/f/tSXqJtmdoAgF/IyE5QlmgX+yMzfa9Gc0aFxbagVetd7Vuh2EYGgCAiuiW/gAAAHOD2ACgOhAbAFQHYgOA6kBsAFAdiA0AqgOxAUB1IDYAqA7EBgDVgdgAoDoQGwBUB2IDgOpAbABQHYgNAKoDsQFAdSA2AKgOxAYA1YHYAKA6EBsAVMdm6Q8AMAtz3bqjbefpBxYFsUFdMvvbcyWBybn8XER3l7TcpQrujviVvXV87evt0oryKp0rPYZVg9jgPshf0yiuLLHSuRJRYpeOY5tfB6sFscE6uTakzAK7FSWyyK5Ffv6lvmA1IDaYjU/5KqXhZVsS1/H4/jieu3TdrOve5OXH8ZzFcEly+fgDtEjxU2DyANYpttL1siwreRzDzrX5XJRblFPXNYOLrO/fxBbDxSbH/rooOel3gpwQ2+eA2GB5sd0adgax6XuYtFRgh8Pp8eEwPh7Cec3w5HHsOmZpEn1/EpzITcKFV5Dc1WGqg6wWh6EozMJut5uno9J1NMu8VFzy2KUlrUX7+npq4zmXXh6OShbmIhOJSbvZnFqL8TiKLw9Xra+r19/+gsfHx2n/ZvAOMjaYhYNIZCrXJgVihhYEJkKTGPb70zkRnJ/zLM7lJoShpctrEKltNie5ueD8XBRdzuCsvznkBvOC2GAWXkUoc2ZqaULApeby0gxNWhFaDDvngnt3rc2zNRGbSUzbh4e3EKF5GwR3lsXdyt5gURAbzMJeZDKVlKWdTQJEqWWZ7XZNt9uNx1Fy45DVhDmY2DQ8QzOhHR8fT8feWoySs0yuODQVENtqQGywvNhKQ9AgtXHY6bLa708is+heXprB5fby0nTyWeSan113a0pis0ztGKTmoWKz48YfxywuZ25xYkFAbovD5AFM5ufPn9M6yGK7lqlZRiYykxCR9XY8hkvOhqzFjK3vVWrHKLXttjlst82w3Y6P5dgzOJWcDU/fyW3itbZv375N+zeEM8jYYLkZ0bxWLYvNs604/DRpdc/PJ4k9PzeDHD8/q+CGl5emkZDn+LW2gtiOlq0dTGwiNBXb05O2R2n3++ZoExMqN+lLsrgot0tZm0DmthiIDSbzIiKZShRbWJPmEwU6IWDDTheaykzE9uePto2FZHE6FJXMLoptGE5SC2JTuVmmJlI77PcaIjSNw0FbXx8nM60yJB0nFXzZSJ5IgEVBbLD8xEFesxbXqMUhqF9DM6H1f/40jUUrQvNWhqi7nV53G0oZm81wjsNQEZkI7fVVl61oHI8aR5FhjFDhoMciNem/NByFxUBssOwatkvX1+KaNMm8QsY2Djc9Q3t+bo4iNRPb+BwZQvo1Nqs+0DVsvsTDMzIRmElM/iYabauh2Z3JStqxaiF+7jwcFZDbomy+fv267CeAu+f79+/zrl0L1QNx8iBGXO6hmZlFE1ufRQ1i0/Vr9niIWZxlcjpEjSFZnb2nPNbXSsRlHvHvE8/9D7nxO5yXze/fv2fuEv41Jk2sl0qo0k4ePgwcd/bwYWA41sfeushyROLzUx/xvMvWP8N4ra5UHREzudJuvFfgdzgvmy9fvszcJfxrfHiHiiiD2J46HaP194jn4nHXaUi2pOdz6VPuN8xmjq/z49h/etz6ULTweaZuacTvcF42v379mrlL+Nf48ePHx18cMzURQcysvAJhs2k6ycL6vunkOMbDw9t6NS+Etz5HOYXJA5WUrUFrbW1a6/HwoP2dlVbFNWuxrCpGnBn94DU2fofzwuQBTKaXH/Xcs6I5Y7MtiCS647HpJYZB207OeXgGZ+VPXlbl76FZl0jNxKYis4W43Xbb9E9PTSOx3Wq0dl7Wsbn0dLlHrEIoTR7AoiA2mMyD/NDnXscWllH4MFCORVxyeV6jbRtRai/nJTyjkywuVh6k3T1UavJcz8xk8a1IzWQmYmufnppOFulayHl/3tk6tlL1ASwOYoPJbOXH/lmVByYPl5EKKUqs75veMi9tJbOyWtIui83EI69XIcUMTIaiIUNToVnrQpP2rPLAF+hSL7o6qBWF5etFb9WKWuG7SioUvmutqCzUjSVWXnLlz/cqBt+yKNaKhuoDrxc9mMRUakFoKjUX4aWSKuEDWRt1ovNDxgazMGkX2Fu7e4jY7HqZTCSIYHS4aRf9VWSSabn0fI2brYHLGZtf7JdsT/qSPtvQnw5PRWxe+O5F8Hn7IrK11YLYYJ3X2eJ+bCIRryAQAYm0goi0MsFLrjxTC8PQothcbiYrl9vZrGjejy1kanFrcaS2PhAbrENsl6oQPGsToXgVgi3x0OGpiC1vPhnvgZDueeCTEDJzOu6ea20bNp4cJwdim5d45Nv1nd5g2r8DzAJig1nYyI//s+55kO9KFbM3P85C891z07bgOWuTyQgX21hDeuvmLpd2z40tLAqTB7CuO1Vdkdt4K710Q5ezzSjz7fh8wW+qPoi31/MbtcRtiMabt8Q7WV27DR93qFoVZGyw/ELd0v+t8ZZ5LjQ/J+/jWxvlnXZTfehYX+rYzGgsvRoX7UbZle4rWpKa9XkGWdviIDZYvma09Lp8zc1qPsesLQiuKLN8P9GQscWqBr8T/FgnmmtOw3MuCg2RrQ6GojArs36dCgt4VSFRWvE6XBZaztacS0PJPBng8ssym2n77w//RwA3QWywTvLXsrS90aWIf577KmVbpUzsWmbG0HP1IDa4D3L2ltsr+7q9o5Rx3dp6CJndFYgN6srkrj3nlqBuyQuZ3Q2IDe6TSzOpH+WStJDZXYLYoA7m+hojsipguQfUAUKCQLrNDgDA/YPYAKA6EBsAVAdiA4DqQGwAUB2IDQCqA7EBQHUgNgCoDsQGANWB2ACgOhAbAFQHYgOA6kBsAFAdiA0AqgOxAUB1IDYAqA7EBgBNbfwHpukVnIP1gA0AAAAASUVORK5CYII=""}}]}, {""role"": ""assistant"", ""content"": ""0.567""}, {""role"": ""user"", ""content"": [{""type"": ""text"", ""text"": ""\nYou are given both an image and a text-based representation of the same stimulus. \nIn both, a red dot appears on a horizontal line\nThe left end of the line corresponds to 0.0, and the right end to 1.0.\n\nText representation (the dot is marked as \""\""O\""\""):\n|----------~----O-=-- -------.-----------|\n\n\nEstimate the horizontal position of the **center** of the red dot as a decimal number between 0 and 1.\nDo not explain. Only output the final answer as a number between 0 and 1:\nFinal Answer:\n""}, {""type"": ""image_url"", ""image_url"": {""url"": ""data:image/png;base64,iVBORw0KGgoAAAANSUhEUgAAATYAAABNCAYAAAAsLkgfAAAIs0lEQVR4nO2d7XLaPBBGbUMg99D2/v/2SnoTbW8hX3y48yi7yqLYTmMggOacGY0EsQ1vmvfMSqu1277v+wYAoCK6S38BAIBTg9gAoDoQGwBUB2IDgOpAbABQHYgNAKoDsQFAdSA2AKgOxAYA1YHYAKA6EBsAVAdiA4DqQGwAUB2IDQCqA7EBQHUgNgCoDsQGANWB2ACgOhAbAFTH8tJfAGZwisdUtO0pvgnAVYLYblVmU3LTz8bE5e/H85EcVEbLU6puUGbx/bFxKa0or7Hx0GuAG4SI7VaEFqU2NB46rxRbKbkhqZXXQHRwgxCx3UJ0FgW23x++Nya5IamNtfLY8vwxkB5cKYjtCE7+qyummm2UVxSaj8ckV4qn694kNja2lq8wFdUdQYsM4QtgKnotYhuK0KLIXGK73cG4LQXn1yijsq5reokstig369MVhiI5Hx+ZdEBs8BUgtkuJbWwdLbTepSWBudwkNr02wfXq7bgc4TmSmUtrschC631sfT7GJWfnJuZMVZEXXBimojN5eXk5X6QmSbnIXGwmtGa7zeN2u80RXD7erxUjNQnMmo8P3nPJ+fFT63BDYvukyFar1Wl+dwAjELHNZCehnElqWVRRYBKatd76ZrPJ0lPkdhCx+ZpZFNly2fTW0nsal6LTOTF6+0yyYeg1wAVAbDPZSizHUO5Ji+tmMUqTxCSwzeZVbC8v6XVuHrXFtbdSbEFo/d3du94ll6M3X48bWIOb3D5SjgEuBGKbyUayOZYQqaVoy+UUozQXmIRmrXO5ee/T07jOZlJLzUUW2n61envt0ovRW0gyvJPcWPRWjgEuBGK7lNhGMp8xSktyc5E9P6emcf/09Pqe/UzHp1ZEbBJSjNSSzFar1HvTa/18r8itFFyZRS3FFhMMyA2uCJIHM/j9+/dp19bKJEGcakpm1tqnp2YhqZnY0vvqQ9SWIjbhEZvJKstsvX5tq1WzW6/fRBejN5++FtnTyT1w9pkH/QQ/fvw47ncIMAER21dnRCcSBh555bW0ILUks8fH12jt8bFZPD+nsSI6iVByy9cpxCZpucgktdTf3ze7l5csuXdyszW33Ib2vw1FbERucAUgthk8Pz8ff5GhrR1BamkK6kJzmUls1jeS2tNTkl/KjkpuvqctiG1fRGs7E9pus8ktyW27zQJM0ZoEV24TGdvcOyY2gAuB2C6ZOLA1sby1w9fW4pqapp8us4eHpnl8bNqHhzQtbTXWcZtN06t58iFGbJ4skLwkMQlsu03bVXLb71Pba9uINv3qHPU2JT0QW9jvhtjgWkFsX72HbWh9LW6+9WmleiUKFJGpeYT29NTsXWoWzfU2HT3Yy+Ybc/W+EgQSl1rfN1Kfmv4rdm372uy9pEUdo8oHSS1+T13PN/9OiQ25wYVZfv/+/dLf4eb4+fPnvBNjniYWspelUp7ljFs+fHOuZGcRmqarqbfXvuUjIbko0rLXXk2QMqUWge19qupjNROW+pQV1TXLaMzX1vy9GWts/N3BOVn+/fv3rB9QIyerES33sVl9qFo7VDOq6aFeh3EWY2zCZRPEmc+zlq8Zzw3fwb9rHo/dWqnEhTbxe+LvDs7J8tu3b2f9gBqZfYcKn8YV1QFx3Pr1Q0uvLZJqrfk4Twl9mvj2Jd8t9Lehz9fUuEgGpJ+HmtGDzxkrs/pkxMbfHZyT5Z8/f876ATXy69ev06yxeXTlryWdxaLpLBOpvlsum+7uLq27qW+9xUqDKJ9iKtpqnczOaVart/N1zVhapeNi8zKrsW0fY2VWsZ+Avzs4JyQPZrDQ/+DHEBb483aPGLFZplSt2++bxW7XLNTb667vm65tU0sRnL6PZOXVB8KjruXyVWSrVdNpQ+79fWoaL+7vm2a9zi0dY9UIkmgUW976MbXVwz4X4NIgthncKfo5hqFbFPn00qeJJi4t06fWts1CreuaTk2RnJqiMG0P8T1wMWLT9SQ2O66X2ExuSWrW2vU6ic73u0mSfSm2WIHwP9NQgAuC2GawVoRzisRBzIz6lg9NH9VsDS1JLExLFS0qmkqlVRKS9rppmuolVX5NE1vncpKo9L0lLpNZa5FbLrWKhfFWO9pMlVVRcQBXCrWiX10vOlZSVWz3iHf08JpQbcZNQvMyK6sTzbWiavHuHr61I5RVRYmlWtEQqXlBvEvtYPo5Fq3NkBp1onBuiNhmMvsusGPPNijvwWZTSEVaKWkgsdkaWBKaSy9KzSM2x4Vk09acPFCvZkXwqTJBMisSCe/KqD6qNCBSgysBsV3DOpuXVXnkJqmpl4QkLpeRxpp+xptNhjvresIh4zIyUXkWNF3LhBmjtHhn3ZgFzc9EGIrWBEKDKwOxXUJsU1Gb35NNvbKcJrdcID8kNLuLbl5fs+vn/W7lDSctU3ow7Syyn+VzED5MFCA3uCIQ20yWEsExjK21xUypPkPCknx8qhlvbRQf7uLnhDW23ExWSXDlMw8GtnMcTEH/J/uJ1ODKIHlwySdVTURu724VXiYY4pOrPMory55CfeiBtGJiIN4p14/56EEufu0Z8IQq+AqI2L56o+5YvWWUkkdeun58apXLLUxXY3v3XFFJrSiJSpt2bTuJy+zgmQZTUdqUzIja4IpAbF9dMzp0Tik3ycUTCjZ+dzeQeC+3sSfBx7rTkAQoaz9zraiJcHTqibzgRmAqeiQn+/WVj+Mr7vAxmGgYet+vESU09BCWkalmFps4ceZz9s0DAD4JYrsGpqan3o+tx5U/G+Kju3H8b3SGmOBGQGzXxNT9zoZk5/3YeUMR15TEyHZCJSC2Wxfd0HFDjE0ricygQhDbLTD0T3TMPxsyg8pBbLfIKf7JEBlUDNs9bhGkBDBJeNwQAEAdIDYAqA7EBgDVgdgAoDoQGwBUB2IDgOpAbABQHYgNAKoDsQFAdSA2AKgOxAYA1YHYAKA6EBsAVAdiA4DqQGwAUB2IDQCqA7EBQFMb/wCp3rrC7i21WwAAAABJRU5ErkJggg==""}}]}, {""role"": ""assistant"", ""content"": ""0.389""}, {""role"": ""user"", ""content"": [{""type"": ""text"", ""text"": ""\nYou are given both an image and a text-based representation of the same stimulus. \nIn both, a red dot appears on a horizontal line\nThe left end of the line corresponds to 0.0, and the right end to 1.0.\n\nText representation (the dot is marked as \""\""O\""\""):\n|------- ---.-O-=-----------=------------|\n\n\nEstimate the horizontal position of the **center** of the red dot as a decimal number between 0 and 1.\nDo not explain. Only output the final answer as a number between 0 and 1:\nFinal Answer:\n""}, {""type"": ""image_url"", ""image_url"": {""url"": ""data:image/png;base64,iVBORw0KGgoAAAANSUhEUgAAATYAAABNCAYAAAAsLkgfAAAIlUlEQVR4nO2da3LTMBCA5Thtegfg/n85CZcArkDzNrObXXUj5LTk0Tia75vZkeI4jinlY/V0NwzDkAAAGmJ27xsAALg2iA0AmgOxAUBzIDYAaA7EBgDNgdgAoDkQGwA0B2IDgOZAbADQHIgNAJoDsQFAcyA2AGgOxAYAzYHYAKA5EBsANAdiA4DmQGwA0ByIDQCaA7EBQHPM730DcCbXeFRF113jTgAmB2J7ZJF95FhNXn4snovkoCE6nlI1ccq/Hn8dj9eORaK0vF47VtYBHhQytqkyJq6xevmZSCkzKWuCG/scwIOB2B4lM3ORvRc1XGSnws+Ln/lIsxZggtAUvYCr/+iKLK3z1/v9m7hq9XisJqMYs1m9tBhqorui0DrkCJ8AGdtUxHYqQ4sCi7HbHeTnr0u5FUIbXGS1iOeMZXJXkBJig88Asd1LbKeanhaDy8oFttsdYr9PndX1HD/m58fLljLr+zT0fa6rzLwez60JTijFhKhggtAUPZP1en2dC430oWVJeWbmUttuc73bbrPs9FjM2gRvXpZSm88PpUWsZ9GNya0U3Rk8Pz9f+lMDOAkZ25nsRCSXMjYw4NmXS80EJqXEIOVmo5JLfkzej01SwfvMgrwGkdp8fpBbrJeiK5qot2qaAtwCxHYmW5HKtfvUTEoqKM/CTFxabjbHsV4f3hPJhWZqVWxBZMPT0yGsnqzu59Waqx9umgJMAMR2JhuRyaWEZmO16WlSU4EFmc3ktcRq9XbcszrP2uTyNhggkjoS2vNz2od6FF2UXM7gatmb3jRSg2mC2O4ltrIZakJSMVk/mjY3N5s3kYnUVqs0rFZaitjkvSRhWV0qxSZhYtubxKT0ULFZXaUmr0NTNfa9HcntSv1tALeAwYMz+Pnz52UXGJvSEUY7Y5Nz5iJbLlMv9eXyEHZcxWdZm37erq/ZmohNpGZi01gstNwtFmmwuhxzyR01T8fk9tHVCyN8+/btsp8hwAnI2D5zRLQ2xcPD+8d8kCA0O7PElss0vL5q2b++pmG5TGm10pj5YIJfJ4hNpfb0lHYmtt3Li4pMxKaSk9ebzSGDc8GZ3FKUWznv7UK5AdwKxHYGK5HJpYRVBXmSbRj59CaoCy3L7PVVy2TRudzkfB9ECGLbu9hcahLrtUpNBLcToW23B7GJ5KxvT+Um92Fy0+xtbDABYGIgtnsPHPjSKZ9kG7I171PrRWoiMJfZnz+p83K51L62Yb1Og2dtPsHX+9hiM1Riu007id3uKPb7vU46Hmzir07+tZBj1SapgNxgYiC2e8xhq0zxyBmbZF42ECAZmMpKwgYJRGJ762+T0OapSM/EptleyNjyVA/JykReEsOgIX+KHJLdWQhS6l3W1quWzVEBucGEmH/9+vXe9/BwfP/+/TpbEZV9bD5dI85Js6kfGjY510ObjCY+lZrIL85lk2zNXg9hXpuOkvZ92seQrM7qyco8zcPn7MUNKiUumNfG7x3ckvnv379v+gUtcvFAcmUQwXUwWOhrH90s6vr90mQ8tVBekFJE483JUOZ1qNb8jAvpq+/XIm5tVNuV9wT83sEtmX/58uWmX9AiZ+9QUUrg7YI55Np6/bAgvfNO+77Xeuf1uMZTwmXkwvFrWL+YXsdKrdv7+n2heen34Dt95Pv5yNrRD/5s+L2DWzL/9evXTb+gRX78+HHdeWxBDjKQMLNMaSax26XZ05P2u0nZPT+/jZz6vDUfWXVBhaaoCmw+T52MbspnPeSa5aqDGOXi+HK6h4fe9P+PjvJ7B7eEwYMz6OUf+TWIo6IiI8ueNKw5KurohyH1+72GSC+GnmtZWV4Y72tOrT+tM7GpyCReXtJssUj9y0tKHotF6haLfI5L72i6x3sTdQEmAmI7gyf5x35tsfmuHt7EnM3SzKPrNHoLf63vibQkJAuLo6KWwfn1cnZmk3D7xSJLTYXmk3VlaZVM0rVzVWxSLzO3cmkVwIRAbGewECncYrdcHwUVUVmmNRMpSYjE+l6zRZFZL+9ZFiZSisuqYlNUPufNSxWVhcgsCy0sszpaViXnnlpWVRMbkoMJwFrRKawX9dIXwYcVCDqvzXf0sMm6ea1oWC/qWxhFsR1N7ZDF7x6+CsGWTx0tiLc+t+SlbUx5zSVVrBOFW0PGds9dYCuL4X3bIZ+3JoLRQQOLnKVZ1uXCO1oEH0dHLWOTLM8HEXzwoAsyy7t7+B5tIkQXW9yb7dTGkwATAbFNoZ/NRkOPdtAVQYl8RFYutjCaqU1Jz9TCnmx5d49yuoc1YYdCknlUNIyM+vbh/+zHxrZF8CAgtomILdfDonjN3iTLkszNsy0Jl5nIzaQWn4WQsz+fp2brRbVZagKT/rsjmRVTPPJgwVjzk341mDCI7UzmIoJrMLLMKj5WTySUN5+0/i/vf/Mtw6sPdIkTb2101Ded9MysFNo/GRrPPYAHhMGDKTyp6r2twr1pGnbXjc9COJJa+Qg+f1aoP4GqfEqVH4uP43vvMXwXSI0nVMFnQMZ2z4m6tf9T/JhIpZjfptKS0qaExIXyRw9PLh7mEpdMadbmy7Ls2D99aGWG9p7QyNpgYiC2ez7VvPb5ILs8oBCXSZnYjp6REDM1XwDvE3SDnFxgvmY0rw0NEtNz/N7GRj4RGUwcmqIXcrMfn+/4UdtVoxRZ7Fcr76e2eL3Wb+ZiO5WdXSi0i/8jAPggiG1q1J6LEMtSYrWIlLtwXGOnDgQFE4em6NR4TxreVCxFVpa1a45J7JTMkBg8IGRsj0I5LaRWlvVT0kJm0DCIrZWmau28/2lKIjNoCMT2qFz614bIoGHoY3tUEBPAKNYTDQDQDogNAJoDsQFAcyA2AGgOxAYAzYHYAKA5EBsANAdiA4DmQGwA0ByIDQCaA7EBQHMgNgBoDsQGAM2B2ACgORAbADQHYgOA5kBsAJBa4y9D9omm4D6++wAAAABJRU5ErkJggg==""}}]}]",0.331
google/gemini-2.5-flash-lite,sample_007,0.32904,0.32904,0.276,"[{""role"": ""system"", ""content"": ""You are a marker location estimator.""}, {""role"": ""user"", ""content"": [{""type"": ""text"", ""text"": ""\nYou are given both an image and a text-based representation of the same stimulus. \nIn both, a red dot appears on a horizontal line\nThe left end of the line corresponds to 0.0, and the right end to 1.0.\n\nText representation (the dot is marked as \""\""O\""\""):\n|-.----------.--.---O-----.-------------=|\n\n\nEstimate the horizontal position of the **center** of the red dot as a decimal number between 0 and 1.\nDo not explain. Only output the final answer as a number between 0 and 1:\nFinal Answer:\n""}, {""type"": ""image_url"", ""image_url"": {""url"": ""data:image/png;base64,iVBORw0KGgoAAAANSUhEUgAAATYAAABNCAYAAAAsLkgfAAAIfElEQVR4nO2daZLTSBBGtbjbfQfg/n85CZcAzkB71cRXzhTp6pLa2GIal9+LyCjJlmQPeB6ZqkXtMAxDAwBQEd1HfwEAgKVBbABQHYgNAKoDsQFAdSA2AKgOxAYA1YHYAKA6EBsAVAdiA4DqQGwAUB2IDQCqA7EBQHUgNgCoDsQGANWB2ACgOhAbAFQHYgOA6kBsAFAdiA0AqmP10V8A7pilHpfRtstcB8BAbHCbyG6RmwutdA1kBzfQ8pQqeJf8J+L78fWpY0qSivtT21PHA1wAYoPrZKa2tF06N8rpvXZue+41gAClKPy5zKaidE4uL4+5fZ07JzS/NoKDCcjYKmDRv8KCoJI+jsdzicX9/L38++Ti6rpzqRViyM8pXesGWqRYNWRsFbCY2OYyNMnLBebbIdpccJFcWi622GayS2IrhWdzU1ndhSC2ukFsjyy2udIzCG1waR0OTesyOxxOQrN2UGvHJcll5eKZzCzSa6X9XHq53Py63H+DCShF75ztdrvMhUr3zCSpmJlJbBKYRdre73+/5sfnWZsJahRX35+21fb9+WvviW5Kclfw/Py8zJ8d/HOQsd05BwnlFqY6BrzENGElke33o8ja3a4ZtK3XguCGWJaKWH5Goa1WJ6mZ3LQf3y+J7m/IDeoEsd05e4nlWvIhGtn9s5R9eUamdrc7tYrt9tTudqewY5LkSmKzzCwJzaQ2bls0UXba1/G2/0Zu3vpnxBYeHsR25+wkm6Uytlh6ernpWZrLTBJTu902nW+r9WNiSSqsIyCJzGX29DTK7Kht3/dWInPZudhi2TqXuQEgtgcXW16G5vfSPCOT3CQyE1qS2mbTDNbqGL2XMjaFX0dYGRozNJfZ0eP5+SQ122+C5GIWN0apNHUQHNB5cN98//79+pOnhnTkmZqXmptNklcS2WbT9K+vaTuFSS9lcDonz9iC2KLMUrteNwdJTPv2WpKaZCexueAsi5sU25Xl6JcvX67/M4R/FjK2R+wRLY1XiyVoLjUTWucye31tBm2/vja9MrfNJmV0Kavz+2y52CQ1E9vBJJZaiW29PkkthDomkuB0PcvcRrGV5GafddbCw4LY7piNhHILpaEdsQRVmetSc7FJZhLbr1+pbSwkvyS3/b7pXGw2iFbZ2lHh2ZpkJrGp3e1OIbnt96c4HFLou2h8nATnmeRZWRo7EgRCAwOxPXrHQRSbj0dzsfk9NZOaRNb/+tU0Fq1CUlOoRN1uT5mW32fLMrZ0D00Z2W6X5CZ5abjK4Xg8i+MwpGEjg7ehp9Y7FtL3nCpH4eFBbI84hm3u/looQ3XPzDsNBs/IlCXafbajWhObdyY0Pr4tE1vqBJD0lI2ZvHSE4tC2v6PrmqPCMjG9P84bjd/dx7vpc0rlKDw0q8+fP3/0d4Ar+fr167Jj1+Jg3DDDIHYopMG5lpWN2ZlaSVBS817UUIqmoRr2uUlS3plg548lqO7BWRnqpahK2DRdS/JSq/Oj0PW6f84VcuP3Xyernz9/fvR3gI+aI1pYbijNGtCuRRuOS+/4+9r31/NVPuJwDxGnZWXnxf+GeP34HYrvxzYuZ+QT5C+E33+drD59+vTR3wH+zxUqSqtixNcs89G10/VD72Pr5Z+2+z5FE9qxNFQbV+DIxqHF8+K547Z9jj5P4RPo0+dPTYr37x7bC+D3XyerHz9+fPR3gCv59u3bMhlbLgitwXY8Np3dpFfbPT2l3k4N5+ien08lqZesPj9UTon3vvzaEpSNSWs18Vznh9D10rg1G8Om4+IQDx+oe9Eg3T+UPb//OqHz4I7p9T/4kr2iIQuSHmJoQEU/DKew/RRt23QxgyvcY0tZ12rVtBLben0S2ctLiu7lpelfXppGsV6niLKTUEex+SyE0sR4QccBGIjtjnlSZrOk2CQN7yjw0rPrRnl59BZd35+yOcvoUgYWZh/kGZvENmZnJrY+Cs2kl4aCWObmw0SK80UZ6gETILY7Zi0hLNErKrJ119KQD8nIosuil6SenppeWZWE5FOrJsSWylqFpGYic5m1ytyC0Ma5o6UydG4JIwfJPTzMFX3U+aJzy3/7Srm+YofNQvA5oWmuqLZ9ipXPFfWljDKxjXNF4zxRn0ZlU6rezBXNlzIKHRdvFp4UV2RtzBOtFzK2O+fqVWDn5ouG6VVJUioFvdNA8lKWJtEpU/PVPvLli+JwD5eSlax554HCJ74fQ4fBmzXZ8iXDBYtNQgHE9sj32fKyNK5+G1fQdcEp/D6aiW2cehUWnEwRS1Ef8mHSSh0Cuo7dl+tK67H5/bRQfvrg3qLMkBoEENuds6jYJp53MMotW6NtlFlct82PC0NJUm+r9ZqOK+aaxCS34gq6vuLupUuCIzYIILY7ZyUhLCU2byce5jIKTpmWS86fexAe6jKe43jGZnNGo+DGsjM+5yBKzSX23vJEiA0CdB5UwCJPqsqnV1m8KU3jYpT5U6qi1KaeUpWVmXEZojdPqbrkwS08oQoKkLE96kDd0r9npQ6FbB5o8XF8cQJ9/lzR8NyDcUqUTZeSyNLYudLj9q4RGlkbGIjtUeeMls6ZKE2TqHwVjTjZPSwoeZap5WLzqVYxc4uii/v+VCvKTrgBStFKWPSvMRNcXOGjlMW92S6tvBGzr9K9syw7G8vQyEJCu+ofArgrEBv8ZuqnMFeiliKel2daUxHfj8eXQEzwDogN5sl/HjNruZVK0DOmhmnMyQyJwRUgNlhGclPHRKYEhsxgYRAbLNujegn0aMJfBrHBbdzy80Fm8JdguAfcBnKCfxBbIgEAoB4QGwBUB2IDgOpAbABQHYgNAKoDsQFAdSA2AKgOxAYA1YHYAKA6EBsAVAdiA4DqQGwAUB2IDQCqA7EBQHUgNgCoDsQGANWB2ACgqY3/ANGl1gCCZwauAAAAAElFTkSuQmCC""}}]}, {""role"": ""assistant"", ""content"": ""0.632""}, {""role"": ""user"", ""content"": [{""type"": ""text"", ""text"": ""\nYou are given both an image and a text-based representation of the same stimulus. \nIn both, a red dot appears on a horizontal line\nThe left end of the line corresponds to 0.0, and the right end to 1.0.\n\nText representation (the dot is marked as \""\""O\""\""):\n|--------------------=-----=---O------ -.|\n\n\nEstimate the horizontal position of the **center** of the red dot as a decimal number between 0 and 1.\nDo not explain. Only output the final answer as a number between 0 and 1:\nFinal Answer:\n""}, {""type"": ""image_url"", ""image_url"": {""url"": ""data:image/png;base64,iVBORw0KGgoAAAANSUhEUgAAATYAAABNCAYAAAAsLkgfAAAI6UlEQVR4nO2dbY7aMBBA7STLxxna3v9vT9JLtL1Cd4ElqcbxpINxAl0+At73JMtJCAFV2texPWN813WdAwAoiGruLwAAcG0QGwAUB2IDgOJAbABQHIgNAIoDsQFAcSA2ACgOxAYAxYHYAKA4EBsAFAdiA4DiQGwAUByIDQCKA7EBQHEgNgAoDsQGAMWB2ACgOBAbABQHYgOA4mjm/gIAMMG1f5LEe/cZQGwAjy6znNzGhDcmLu8/9r4nxfMrVQAPLDN7PXftlKT8GcfnPOfJQGwAczIlLunHjtP35KTlT/Tp8dS1c157IBAbwCNFZ+mxtLY9PE/fMyYvnzR73d6bHufOx65NXZ8RxAZwBlf/M0nE5K24rMzSPm2WnMx8bFV1JLnuIxHdfwxn/YzCY/EA4N5iy0VlOaElzdvzXMRmWqcik94e23tORXK5Xj4vXYgYERhiAyhZbLmhp16LkgrPV4Ht9/2x9Pt9L7T93nV6Xe6xMrQRmMqrrnt5Sa9yq6peeGn0lhPcmOiuMU93BxiKApxgu91e72GZKG2IxKK4gtje33upJf2B+Oyfro3C6l5mQWp1/U9ucmwkF+6ZGr6eEp/9bNsbFouFmwMiNoAT7EUktxp+JhFaENj7e+ilddLvdr3o5DhGboMMFR1+alTWNEFoQWr22IpO783NwY1FdVOLEXr+ACA2gBO8i1QuIU3PMPNoOszUKE0lJn1o2+2/4yi30Oxcm51XE1k1UWTSv7z0fbymkhuiN+nH5uJycsssQjyi3BAbwAl2IpsrRmwHiwBplKYik367dVXsDwRn596i2EROIqpBaE2U2suLa1VuqeSS6O0ogssJLr02Nfc2I4gN4NZiS4ehKjTpVWjyGbtdL7LNppfaZuO6zSb0ck1eC9Ga3Gvn2VRsUVRd0/QyWyxC38ZezoPomuZ4eJrMvR21VHZ6Lmj/QHJj8QBggp8/f17+kFxKRzL81CitUpG9vbn67c1V0uK10EzUFt5vxRZl1RqZtctlON4vl73UVHIauYnkzLB0Um4TqSNTw9Fv3765e0PEBnCrFdFclYBZ/RyTWpDZ66vrothEcHLsNhv5QkFuwzxbErFJNNaKyERgUWgit/1220tut+vlZoemMWo7EtuY6HLDUyGVm16bAcQGMMFGZHIpaWqHzpHFYajLSK0WscXeidReX8NwVO4N92fEFqQWxdaK1FYrt9/t3P79fWitNrlHvodZaBjSRM6N3qZWS2cGsQHcY+EgFZuZWwsLA1FqtcpM2p8/zovQtL29hXs7aZrXpmLT1VAV22oVxCVt33X/mqSvdJ1rJSm4bfsm75PvZefb5Nmn5IbYAD5pDls6vxajtRCxyWKBiDOufoqwNCKTKE1k10ofWxiextdDflsiNqfDy7Z1kuEWmkRyVeX23ru99PFYrslr8l6572Ci3X5fjd7SOcKc3B5oAaH5+vXrrF8A4JH5/v37dXLX0vpPnfy3zSTmhuTc3W5oLunDKqrNY5OILX5mF6sPhtQPGXrG6K0V6WmL3ytEb7m6Vfu9LSI0vTYmNsV7N4djmt+/f9/9QwGehYuTBjLbDWmdZxebrfscakbN63I+iMcm5lqxCea1TiWXRGNpCVVYdEjOTw4x9TNzu4vY7xPvncMxzZcvX+7+oQDPwod3qMjtfGGqBKTJs8PzzeqiN3NYXs/reuiHphGTfo59ra6dN70ey1A1HMc8tnAemy4e+FP5a1MJurl/K+/dHI5pfv36dfcPBXgWfvz4cdkDMrtwhGORSNu6Kk7aV9Kapm8vL6H5xaIfliaVBuEpOsFvhqIiKBff5+S9plWSxyYJujFJ12mTe5NV0bPLq86cX5vDMSweAExQyx/7pdiCdyMJ+fMPLQ5Hq65zddsOTc5FfJIlJi1EeBp52VVReS3KyUexVauV69br0Kr12tWrlXOmhXui5Cqby6Y7fuTKqP5TaHOC2AAmeJGo5hbpHnao6b2rbBOheh9aONeITqQlVQmxIH5YFRV02CmiWi5dJ03Etlq5er12TpoIbbUKr4dk3Ri12dKqYYU1LXwXcom4Dyg1AbEBTLBcLq+3Kmon/2NybBCUCE7lJa2qQhRVx6FpHaOrkMAbKw8OxBblI+/V4WUn31ujs/W6F5rktkmLCby2KH5I65iaP5uS2YNUHAwfT60owA3rRXMF8LoLrm4iqWVVsQhei95rrUSQa9rrLh+2VlQenyboLmKSrkRmUoEgQ1ON1HSuzdaKplKbEtlEakfKHHWiAhEbwAku2gU2t8Gkik2kIoKKc2Nhdw8Zbuo8WZz0DzKTiEulprludhddjbji4oOTRYPl8qAFmdkhaLo3W05qTxKhpSA2gFvPsyVyC3lrma3Ag9C0j2Ia9mPT0iuVmt2PTYhJuZrGUcWhZpCaLhTo8DNKbdh00kjt6AdenkRkKYgN4M5iO1gl1SoEjd5keCpC0sjMDFOHonmN1ozYdLVVc9I6La8SQarMTKQ2DD81WhtLxh0TGGIDeG4aEcElTC0k2JVSG73FHDZbZqXHbuQ3D0LTRNvG7LdmFwmSxYKj3zzQZ53iwcXG4gHAvX6pKimtOvqVKvvze5qUa/tUavZ5WhKlQ8sm+Y2DJEo72gp8onLgo8z1C1UCERvALRN107ghNywVuWSGp0eiS388OalokPmxoSSq7vPaRFxDSVW6BfhUPeg5PHDUhtgAblkzmr4vNyyN1QcHhe1aD2qis6Nfgk+kaasaOlNvanfEPbjn1M4cTwxDUYAzueqfSrJtuD+1bZDt0x1DlLRawI/UesYKgtEV0Dn/I7jW5yM2gDuS+3NLJDcquNwcncWKqvpAfScRGwBchak5OO3HZJb7001LoYRzk24LArEBPIvkpo6VqUjMP1eS7SUgNoBnGq7+L/7zyMyC2AAenWv8ifrPITSFdA+AR+eTSekaxJ3jAADKAbEBQHEgNgAoDsQGAMWB2ACgOBAbABQHYgOA4kBsAFAciA0AigOxAUBxIDYAKA7EBgDFgdgAoDgQGwAUB2IDgOJAbABQHIgNAFxp/AX/qdllPni50AAAAABJRU5ErkJggg==""}}]}, {""role"": ""assistant"", ""content"": ""0.707""}, {""role"": ""user"", ""content"": [{""type"": ""text"", ""text"": ""\nYou are given both an image and a text-based representation of the same stimulus. \nIn both, a red dot appears on a horizontal line\nThe left end of the line corresponds to 0.0, and the right end to 1.0.\n\nText representation (the dot is marked as \""\""O\""\""):\n|-------------=---.-------O---.-----~----|\n\n\nEstimate the horizontal position of the **center** of the red dot as a decimal number between 0 and 1.\nDo not explain. Only output the final answer as a number between 0 and 1:\nFinal Answer:\n""}, {""type"": ""image_url"", ""image_url"": {""url"": ""data:image/png;base64,iVBORw0KGgoAAAANSUhEUgAAATYAAABNCAYAAAAsLkgfAAAIlElEQVR4nO2dYVLbSBBGR5LBJlcguf/fnCSXSLgCYGxLW994WmmJkcDYLM7ovaqukWxjvFT8tkc9Paq6rusCAEBB1F/9AQAALg1iA4DiQGwAUByIDQCKA7EBQHEgNgAoDsQGAMWB2ACgOBAbABQHYgOA4kBsAFAciA0AigOxAUBxIDYAKA7EBgDFgdgAoDgQGwAUB2IDgOJAbABQHKuv/gAAV8clbwNSVZd7L3g3iA1gSmg5weUey8nLHnvv6+GiVNylChaN/+efO556fkpUY2nNPTf1GJwNYoNlMicxjRb+fA4TVG7MyW1OgHA2TEVhWcwJrW2HUstFjrHEvMymzvVeczJDdGeB2OCq+ZQJhRNaNRaXyW1q9D8vxsKq69eC84/rx3MC9Jj4PkiFFBEbLExsuemmiWsiKn8+VQxI8uq8xDT6Y/+aXNh7vZXNvUGF2BAbFCy2qaqmi/j+JrDDIQSFzg+H/rxL5/E14ylpVf0VlYlM8tLYNMPzCdFNCs6DrE6C4gFcLS8vL5+aqQ0yMRPZfn881rjf/5WdPe/FaLKxLCyJrPNjileis2MvRPGW4N7J7e1tWDJkbHC1HCSSc5mqePopphdZim63C9VudxSdPabX+QJDEpBNP01k3Wo1eTyQnxPd5LU5QbZ2MogNrpa9pHLpCmgSUzXK0nqxvbxEocVwxya4wbU2E5vLwqLIkszieHNzFFp6PI4Smo2WySlyU1MDuZ0EYoOrZSehXLICqnE89dRoIjOZbbeh1uhDz9k01RURlK1FiUlsJrUks1ajj/Scl1w/VZ3K3gRSOxnEBuWKbaIC2gstSS3sdqGWuLbbo9S229Cl0c71mhh2zS1lbFFsLlszmWlsb29jRKnpWFKzcxNcyt76rC1XVBDI7SQoHsBV8vv37/PfJCc2q36mwoBlacrQosien0Pz/BxqHz6D80UEn7E1zVFmJjSN63U4SGTr9V/JWUhsbpray+2CWduPHz/CUiFjg7IqolOdBRajbE1hUjORdU9PoX56Cs3TU+ien0NQ6HnL2mw6axmbpKZsbbWKIpPADpLZy8tx3O2i5Nr9PrRaPuIiCk2S0/FcMcEgc3sXiA2ukq2mf5e8vmbXxUxqqRjQS01hMktjeHwM4ekpZnESW9BrbTrqMrbWxGZSU0hqu1047PexuiuhtW3bh8QY5SappWt+ryqlc90JMAtig2UUDnwngS3rsGnodhunn41lZ5LZ4+MxdKxI1926jNisaKAMrc/M2jYcum4Yql3oZ0ZhnzEuBFYgtrNBbFDmGrbx7hyjamitjC0VDTpNe11Idm0qHFQ2PVXGlsQWsz0nNqtyKgNru+4YyuSqKhzqOhya5hiSn6SXMrPWt1f5z+ynowK5nczq+/fvp/8UwCfz8+fPy1xjy/SDjlun+ulpmqJ2aTFul6arcZQA/Zo2+z3K2ExyaU1alFx6jzYzDbWpqEbf0vVKYG6tXM8Jgvu+4O/26uHh4as/A8Arzi7Wj3s63U4ecQrod/awKaEdWw+pG2e3MPK9p/bQaBePceN7nMK6iufsf61v3zrh7/Kw4O/26v7+/qs/A8DldqhwmdSr8xR67/j+br1YPE/Tv6ppQpWyLx0HH1a9VIYlfOfAatW/vtKxW8rRH7vX6XfYwtxqrrVq+Id595/ifsHf7dWfP3+++jMAvOLXr1+Xv8aWkBrqVCWtdb1ttQr1zU287qaobm5CdXs7bIS3nT0kFpvGCkkpLdmo1usQ1us4WtTrdVzHFkON6Yq0hm2wjs23V5lk44f9+Dq2Pwv+blM8gKuk0Rf8s5Z7KENLWaFkVXddaBRtG6O2SM/F11kGZ1XRJLaYdSkDS2KLIttsQnd3F+pv30JzdxfCZhOCRi87idTE5ncA8Z0H8RdQNPgIiA2ukhtlNJfeKVcykpwkt5Qh1VU1iCZFPNfzijSVjFmcCgg+Y0vTVT1Xpy4DE1tjQttsQrXZRKHF5SApa/M7fwz2bGOZx9kgNrhK1prWfUbngVvyEYWkaWjT/I26jtmijhs9p0jSiv2kJjZ77yS+OLVMYlNmJqFVXmibzbB3VOGv3Y17RAUdBx+GXlEot190qlfUyy0t1I0dCGlnj8baq/yoNW0mNr+7hzXAu6b31kS22cSWqs5lav0uH2kK2r0ltQ8K7ceC+0QFGRtcLWfvAjsWm3AbTPYN7Skzi9fJdO3LMjTJTNfENEp61rEwytis8lmnrK0vHqRja3yPu3v4KahVRX2FVrCjx9kgNljOdTaN7q5TfeZmUlM2liqiEluUk2VqJrbRfmyD5R5JisrKTGyxQDCXqaUsbdCBgNDOBrFBuWKbud7WZ20aJTZlYSY3CcwKBRKUtVG5pR9GXP+WCgj9JpNJZpLkqx10ndQGd7Q6vtlwhA+D2OBqWUkE55LrEMg1xqcpaczeJDFJTiJTIcC2Dh/f0EVY1uUW5o53yu3F5m7oMim18TF8CIoHsIw7VWVu6tIvAbH1baPe0T5D81uC+5u5CLuRi0lrfE+Dia2/By1WFxba7cLvUCUQG5S7y8fUfUVtzFVL/S4gTnSDmyfn7ivqb6/nRZZbo/aeXTvOkFxzicXN/zhMReGqOeuu5rmfnWiMj7LxO21YP6gXXq4BftR3agIb9H7qPNcQP/UZ4WzI2ODq+ZR/ouk9o9hyi3jHx+MpaKa5PnuH90wngd/V46r+R1AQiA2WxSnT07e2KhJeUm+Ff72BiD4FxAbLZmpJiI254xxjec0t4UBmnw5iAxDjr8FYcrnXeHLiIjv7MhAbwHsl9x5y8kJo/zuIDWCOj349kNmXwnIPgDkQ1D9JWikIAFAOiA0AigOxAUBxIDYAKA7EBgDFgdgAoDgQGwAUB2IDgOJAbABQHIgNAIoDsQFAcSA2ACgOxAYAxYHYAKA4EBsAFAdiA4DiQGwAEErjP5FJi7ZzfsrhAAAAAElFTkSuQmCC""}}]}, {""role"": ""assistant"", ""content"": ""0.556""}, {""role"": ""user"", ""content"": [{""type"": ""text"", ""text"": ""\nYou are given both an image and a text-based representation of the same stimulus. \nIn both, a red dot appears on a horizontal line\nThe left end of the line corresponds to 0.0, and the right end to 1.0.\n\nText representation (the dot is marked as \""\""O\""\""):\n|.---~------~----------=O-----------~----|\n\n\nEstimate the horizontal position of the **center** of the red dot as a decimal number between 0 and 1.\nDo not explain. Only output the final answer as a number between 0 and 1:\nFinal Answer:\n""}, {""type"": ""image_url"", ""image_url"": {""url"": ""data:image/png;base64,iVBORw0KGgoAAAANSUhEUgAAATYAAABNCAYAAAAsLkgfAAAIiklEQVR4nO2df3LaTAxA/YOE3KHt/f/tSXqJtmdoAgF/IyE5QlmgX+yMzfa9Gc0aFxbagVetd7Vuh2EYGgCAiuiW/gAAAHOD2ACgOhAbAFQHYgOA6kBsAFAdiA0AqgOxAUB1IDYAqA7EBgDVgdgAoDoQGwBUB2IDgOpAbABQHYgNAKoDsQFAdSA2AKgOxAYA1YHYAKA6EBsAVMdm6Q8AMAtz3bqjbefpBxYFsUFdMvvbcyWBybn8XER3l7TcpQrujviVvXV87evt0oryKp0rPYZVg9jgPshf0yiuLLHSuRJRYpeOY5tfB6sFscE6uTakzAK7FSWyyK5Ffv6lvmA1IDaYjU/5KqXhZVsS1/H4/jieu3TdrOve5OXH8ZzFcEly+fgDtEjxU2DyANYpttL1siwreRzDzrX5XJRblFPXNYOLrO/fxBbDxSbH/rooOel3gpwQ2+eA2GB5sd0adgax6XuYtFRgh8Pp8eEwPh7Cec3w5HHsOmZpEn1/EpzITcKFV5Dc1WGqg6wWh6EozMJut5uno9J1NMu8VFzy2KUlrUX7+npq4zmXXh6OShbmIhOJSbvZnFqL8TiKLw9Xra+r19/+gsfHx2n/ZvAOMjaYhYNIZCrXJgVihhYEJkKTGPb70zkRnJ/zLM7lJoShpctrEKltNie5ueD8XBRdzuCsvznkBvOC2GAWXkUoc2ZqaULApeby0gxNWhFaDDvngnt3rc2zNRGbSUzbh4e3EKF5GwR3lsXdyt5gURAbzMJeZDKVlKWdTQJEqWWZ7XZNt9uNx1Fy45DVhDmY2DQ8QzOhHR8fT8feWoySs0yuODQVENtqQGywvNhKQ9AgtXHY6bLa708is+heXprB5fby0nTyWeSan113a0pis0ztGKTmoWKz48YfxywuZ25xYkFAbovD5AFM5ufPn9M6yGK7lqlZRiYykxCR9XY8hkvOhqzFjK3vVWrHKLXttjlst82w3Y6P5dgzOJWcDU/fyW3itbZv375N+zeEM8jYYLkZ0bxWLYvNs604/DRpdc/PJ4k9PzeDHD8/q+CGl5emkZDn+LW2gtiOlq0dTGwiNBXb05O2R2n3++ZoExMqN+lLsrgot0tZm0DmthiIDSbzIiKZShRbWJPmEwU6IWDDTheaykzE9uePto2FZHE6FJXMLoptGE5SC2JTuVmmJlI77PcaIjSNw0FbXx8nM60yJB0nFXzZSJ5IgEVBbLD8xEFesxbXqMUhqF9DM6H1f/40jUUrQvNWhqi7nV53G0oZm81wjsNQEZkI7fVVl61oHI8aR5FhjFDhoMciNem/NByFxUBssOwatkvX1+KaNMm8QsY2Djc9Q3t+bo4iNRPb+BwZQvo1Nqs+0DVsvsTDMzIRmElM/iYabauh2Z3JStqxaiF+7jwcFZDbomy+fv267CeAu+f79+/zrl0L1QNx8iBGXO6hmZlFE1ufRQ1i0/Vr9niIWZxlcjpEjSFZnb2nPNbXSsRlHvHvE8/9D7nxO5yXze/fv2fuEv41Jk2sl0qo0k4ePgwcd/bwYWA41sfeushyROLzUx/xvMvWP8N4ra5UHREzudJuvFfgdzgvmy9fvszcJfxrfHiHiiiD2J46HaP194jn4nHXaUi2pOdz6VPuN8xmjq/z49h/etz6ULTweaZuacTvcF42v379mrlL+Nf48ePHx18cMzURQcysvAJhs2k6ycL6vunkOMbDw9t6NS+Etz5HOYXJA5WUrUFrbW1a6/HwoP2dlVbFNWuxrCpGnBn94DU2fofzwuQBTKaXH/Xcs6I5Y7MtiCS647HpJYZB207OeXgGZ+VPXlbl76FZl0jNxKYis4W43Xbb9E9PTSOx3Wq0dl7Wsbn0dLlHrEIoTR7AoiA2mMyD/NDnXscWllH4MFCORVxyeV6jbRtRai/nJTyjkywuVh6k3T1UavJcz8xk8a1IzWQmYmufnppOFulayHl/3tk6tlL1ASwOYoPJbOXH/lmVByYPl5EKKUqs75veMi9tJbOyWtIui83EI69XIcUMTIaiIUNToVnrQpP2rPLAF+hSL7o6qBWF5etFb9WKWuG7SioUvmutqCzUjSVWXnLlz/cqBt+yKNaKhuoDrxc9mMRUakFoKjUX4aWSKuEDWRt1ovNDxgazMGkX2Fu7e4jY7HqZTCSIYHS4aRf9VWSSabn0fI2brYHLGZtf7JdsT/qSPtvQnw5PRWxe+O5F8Hn7IrK11YLYYJ3X2eJ+bCIRryAQAYm0goi0MsFLrjxTC8PQothcbiYrl9vZrGjejy1kanFrcaS2PhAbrENsl6oQPGsToXgVgi3x0OGpiC1vPhnvgZDueeCTEDJzOu6ea20bNp4cJwdim5d45Nv1nd5g2r8DzAJig1nYyI//s+55kO9KFbM3P85C891z07bgOWuTyQgX21hDeuvmLpd2z40tLAqTB7CuO1Vdkdt4K710Q5ezzSjz7fh8wW+qPoi31/MbtcRtiMabt8Q7WV27DR93qFoVZGyw/ELd0v+t8ZZ5LjQ/J+/jWxvlnXZTfehYX+rYzGgsvRoX7UbZle4rWpKa9XkGWdviIDZYvma09Lp8zc1qPsesLQiuKLN8P9GQscWqBr8T/FgnmmtOw3MuCg2RrQ6GojArs36dCgt4VSFRWvE6XBZaztacS0PJPBng8ssym2n77w//RwA3QWywTvLXsrS90aWIf577KmVbpUzsWmbG0HP1IDa4D3L2ltsr+7q9o5Rx3dp6CJndFYgN6srkrj3nlqBuyQuZ3Q2IDe6TSzOpH+WStJDZXYLYoA7m+hojsipguQfUAUKCQLrNDgDA/YPYAKA6EBsAVAdiA4DqQGwAUB2IDQCqA7EBQHUgNgCoDsQGANWB2ACgOhAbAFQHYgOA6kBsAFAdiA0AqgOxAUB1IDYAqA7EBgBNbfwHpukVnIP1gA0AAAAASUVORK5CYII=""}}]}, {""role"": ""assistant"", ""content"": ""0.567""}, {""role"": ""user"", ""content"": [{""type"": ""text"", ""text"": ""\nYou are given both an image and a text-based representation of the same stimulus. \nIn both, a red dot appears on a horizontal line\nThe left end of the line corresponds to 0.0, and the right end to 1.0.\n\nText representation (the dot is marked as \""\""O\""\""):\n|----------~----O-=-- -------.-----------|\n\n\nEstimate the horizontal position of the **center** of the red dot as a decimal number between 0 and 1.\nDo not explain. Only output the final answer as a number between 0 and 1:\nFinal Answer:\n""}, {""type"": ""image_url"", ""image_url"": {""url"": ""data:image/png;base64,iVBORw0KGgoAAAANSUhEUgAAATYAAABNCAYAAAAsLkgfAAAIs0lEQVR4nO2d7XLaPBBGbUMg99D2/v/2SnoTbW8hX3y48yi7yqLYTmMggOacGY0EsQ1vmvfMSqu1277v+wYAoCK6S38BAIBTg9gAoDoQGwBUB2IDgOpAbABQHYgNAKoDsQFAdSA2AKgOxAYA1YHYAKA6EBsAVAdiA4DqQGwAUB2IDQCqA7EBQHUgNgCoDsQGANWB2ACgOhAbAFTH8tJfAGZwisdUtO0pvgnAVYLYblVmU3LTz8bE5e/H85EcVEbLU6puUGbx/bFxKa0or7Hx0GuAG4SI7VaEFqU2NB46rxRbKbkhqZXXQHRwgxCx3UJ0FgW23x++Nya5IamNtfLY8vwxkB5cKYjtCE7+qyummm2UVxSaj8ckV4qn694kNja2lq8wFdUdQYsM4QtgKnotYhuK0KLIXGK73cG4LQXn1yijsq5reokstig369MVhiI5Hx+ZdEBs8BUgtkuJbWwdLbTepSWBudwkNr02wfXq7bgc4TmSmUtrschC631sfT7GJWfnJuZMVZEXXBimojN5eXk5X6QmSbnIXGwmtGa7zeN2u80RXD7erxUjNQnMmo8P3nPJ+fFT63BDYvukyFar1Wl+dwAjELHNZCehnElqWVRRYBKatd76ZrPJ0lPkdhCx+ZpZFNly2fTW0nsal6LTOTF6+0yyYeg1wAVAbDPZSizHUO5Ji+tmMUqTxCSwzeZVbC8v6XVuHrXFtbdSbEFo/d3du94ll6M3X48bWIOb3D5SjgEuBGKbyUayOZYQqaVoy+UUozQXmIRmrXO5ee/T07jOZlJLzUUW2n61envt0ovRW0gyvJPcWPRWjgEuBGK7lNhGMp8xSktyc5E9P6emcf/09Pqe/UzHp1ZEbBJSjNSSzFar1HvTa/18r8itFFyZRS3FFhMMyA2uCJIHM/j9+/dp19bKJEGcakpm1tqnp2YhqZnY0vvqQ9SWIjbhEZvJKstsvX5tq1WzW6/fRBejN5++FtnTyT1w9pkH/QQ/fvw47ncIMAER21dnRCcSBh555bW0ILUks8fH12jt8bFZPD+nsSI6iVByy9cpxCZpucgktdTf3ze7l5csuXdyszW33Ib2vw1FbERucAUgthk8Pz8ff5GhrR1BamkK6kJzmUls1jeS2tNTkl/KjkpuvqctiG1fRGs7E9pus8ktyW27zQJM0ZoEV24TGdvcOyY2gAuB2C6ZOLA1sby1w9fW4pqapp8us4eHpnl8bNqHhzQtbTXWcZtN06t58iFGbJ4skLwkMQlsu03bVXLb71Pba9uINv3qHPU2JT0QW9jvhtjgWkFsX72HbWh9LW6+9WmleiUKFJGpeYT29NTsXWoWzfU2HT3Yy+Ybc/W+EgQSl1rfN1Kfmv4rdm372uy9pEUdo8oHSS1+T13PN/9OiQ25wYVZfv/+/dLf4eb4+fPnvBNjniYWspelUp7ljFs+fHOuZGcRmqarqbfXvuUjIbko0rLXXk2QMqUWge19qupjNROW+pQV1TXLaMzX1vy9GWts/N3BOVn+/fv3rB9QIyerES33sVl9qFo7VDOq6aFeh3EWY2zCZRPEmc+zlq8Zzw3fwb9rHo/dWqnEhTbxe+LvDs7J8tu3b2f9gBqZfYcKn8YV1QFx3Pr1Q0uvLZJqrfk4Twl9mvj2Jd8t9Lehz9fUuEgGpJ+HmtGDzxkrs/pkxMbfHZyT5Z8/f876ATXy69ev06yxeXTlryWdxaLpLBOpvlsum+7uLq27qW+9xUqDKJ9iKtpqnczOaVart/N1zVhapeNi8zKrsW0fY2VWsZ+Avzs4JyQPZrDQ/+DHEBb483aPGLFZplSt2++bxW7XLNTb667vm65tU0sRnL6PZOXVB8KjruXyVWSrVdNpQ+79fWoaL+7vm2a9zi0dY9UIkmgUW976MbXVwz4X4NIgthncKfo5hqFbFPn00qeJJi4t06fWts1CreuaTk2RnJqiMG0P8T1wMWLT9SQ2O66X2ExuSWrW2vU6ic73u0mSfSm2WIHwP9NQgAuC2GawVoRzisRBzIz6lg9NH9VsDS1JLExLFS0qmkqlVRKS9rppmuolVX5NE1vncpKo9L0lLpNZa5FbLrWKhfFWO9pMlVVRcQBXCrWiX10vOlZSVWz3iHf08JpQbcZNQvMyK6sTzbWiavHuHr61I5RVRYmlWtEQqXlBvEvtYPo5Fq3NkBp1onBuiNhmMvsusGPPNijvwWZTSEVaKWkgsdkaWBKaSy9KzSM2x4Vk09acPFCvZkXwqTJBMisSCe/KqD6qNCBSgysBsV3DOpuXVXnkJqmpl4QkLpeRxpp+xptNhjvresIh4zIyUXkWNF3LhBmjtHhn3ZgFzc9EGIrWBEKDKwOxXUJsU1Gb35NNvbKcJrdcID8kNLuLbl5fs+vn/W7lDSctU3ow7Syyn+VzED5MFCA3uCIQ20yWEsExjK21xUypPkPCknx8qhlvbRQf7uLnhDW23ExWSXDlMw8GtnMcTEH/J/uJ1ODKIHlwySdVTURu724VXiYY4pOrPMory55CfeiBtGJiIN4p14/56EEufu0Z8IQq+AqI2L56o+5YvWWUkkdeun58apXLLUxXY3v3XFFJrSiJSpt2bTuJy+zgmQZTUdqUzIja4IpAbF9dMzp0Tik3ycUTCjZ+dzeQeC+3sSfBx7rTkAQoaz9zraiJcHTqibzgRmAqeiQn+/WVj+Mr7vAxmGgYet+vESU09BCWkalmFps4ceZz9s0DAD4JYrsGpqan3o+tx5U/G+Kju3H8b3SGmOBGQGzXxNT9zoZk5/3YeUMR15TEyHZCJSC2Wxfd0HFDjE0ricygQhDbLTD0T3TMPxsyg8pBbLfIKf7JEBlUDNs9bhGkBDBJeNwQAEAdIDYAqA7EBgDVgdgAoDoQGwBUB2IDgOpAbABQHYgNAKoDsQFAdSA2AKgOxAYA1YHYAKA6EBsAVAdiA4DqQGwAUB2IDQCqA7EBQFMb/wCp3rrC7i21WwAAAABJRU5ErkJggg==""}}]}, {""role"": ""assistant"", ""content"": ""0.389""}, {""role"": ""user"", ""content"": [{""type"": ""text"", ""text"": ""\nYou are given both an image and a text-based representation of the same stimulus. \nIn both, a red dot appears on a horizontal line\nThe left end of the line corresponds to 0.0, and the right end to 1.0.\n\nText representation (the dot is marked as \""\""O\""\""):\n|------- ---.-O-=-----------=------------|\n\n\nEstimate the horizontal position of the **center** of the red dot as a decimal number between 0 and 1.\nDo not explain. Only output the final answer as a number between 0 and 1:\nFinal Answer:\n""}, {""type"": ""image_url"", ""image_url"": {""url"": ""data:image/png;base64,iVBORw0KGgoAAAANSUhEUgAAATYAAABNCAYAAAAsLkgfAAAIlUlEQVR4nO2da3LTMBCA5Thtegfg/n85CZcArkDzNrObXXUj5LTk0Tia75vZkeI4jinlY/V0NwzDkAAAGmJ27xsAALg2iA0AmgOxAUBzIDYAaA7EBgDNgdgAoDkQGwA0B2IDgOZAbADQHIgNAJoDsQFAcyA2AGgOxAYAzYHYAKA5EBsANAdiA4DmQGwA0ByIDQCaA7EBQHPM730DcCbXeFRF113jTgAmB2J7ZJF95FhNXn4snovkoCE6nlI1ccq/Hn8dj9eORaK0vF47VtYBHhQytqkyJq6xevmZSCkzKWuCG/scwIOB2B4lM3ORvRc1XGSnws+Ln/lIsxZggtAUvYCr/+iKLK3z1/v9m7hq9XisJqMYs1m9tBhqorui0DrkCJ8AGdtUxHYqQ4sCi7HbHeTnr0u5FUIbXGS1iOeMZXJXkBJig88Asd1LbKeanhaDy8oFttsdYr9PndX1HD/m58fLljLr+zT0fa6rzLwez60JTijFhKhggtAUPZP1en2dC430oWVJeWbmUttuc73bbrPs9FjM2gRvXpZSm88PpUWsZ9GNya0U3Rk8Pz9f+lMDOAkZ25nsRCSXMjYw4NmXS80EJqXEIOVmo5JLfkzej01SwfvMgrwGkdp8fpBbrJeiK5qot2qaAtwCxHYmW5HKtfvUTEoqKM/CTFxabjbHsV4f3hPJhWZqVWxBZMPT0yGsnqzu59Waqx9umgJMAMR2JhuRyaWEZmO16WlSU4EFmc3ktcRq9XbcszrP2uTyNhggkjoS2vNz2od6FF2UXM7gatmb3jRSg2mC2O4ltrIZakJSMVk/mjY3N5s3kYnUVqs0rFZaitjkvSRhWV0qxSZhYtubxKT0ULFZXaUmr0NTNfa9HcntSv1tALeAwYMz+Pnz52UXGJvSEUY7Y5Nz5iJbLlMv9eXyEHZcxWdZm37erq/ZmohNpGZi01gstNwtFmmwuhxzyR01T8fk9tHVCyN8+/btsp8hwAnI2D5zRLQ2xcPD+8d8kCA0O7PElss0vL5q2b++pmG5TGm10pj5YIJfJ4hNpfb0lHYmtt3Li4pMxKaSk9ebzSGDc8GZ3FKUWznv7UK5AdwKxHYGK5HJpYRVBXmSbRj59CaoCy3L7PVVy2TRudzkfB9ECGLbu9hcahLrtUpNBLcToW23B7GJ5KxvT+Um92Fy0+xtbDABYGIgtnsPHPjSKZ9kG7I171PrRWoiMJfZnz+p83K51L62Yb1Og2dtPsHX+9hiM1Riu007id3uKPb7vU46Hmzir07+tZBj1SapgNxgYiC2e8xhq0zxyBmbZF42ECAZmMpKwgYJRGJ762+T0OapSM/EptleyNjyVA/JykReEsOgIX+KHJLdWQhS6l3W1quWzVEBucGEmH/9+vXe9/BwfP/+/TpbEZV9bD5dI85Js6kfGjY510ObjCY+lZrIL85lk2zNXg9hXpuOkvZ92seQrM7qyco8zcPn7MUNKiUumNfG7x3ckvnv379v+gUtcvFAcmUQwXUwWOhrH90s6vr90mQ8tVBekFJE483JUOZ1qNb8jAvpq+/XIm5tVNuV9wT83sEtmX/58uWmX9AiZ+9QUUrg7YI55Np6/bAgvfNO+77Xeuf1uMZTwmXkwvFrWL+YXsdKrdv7+n2heen34Dt95Pv5yNrRD/5s+L2DWzL/9evXTb+gRX78+HHdeWxBDjKQMLNMaSax26XZ05P2u0nZPT+/jZz6vDUfWXVBhaaoCmw+T52MbspnPeSa5aqDGOXi+HK6h4fe9P+PjvJ7B7eEwYMz6OUf+TWIo6IiI8ueNKw5KurohyH1+72GSC+GnmtZWV4Y72tOrT+tM7GpyCReXtJssUj9y0tKHotF6haLfI5L72i6x3sTdQEmAmI7gyf5x35tsfmuHt7EnM3SzKPrNHoLf63vibQkJAuLo6KWwfn1cnZmk3D7xSJLTYXmk3VlaZVM0rVzVWxSLzO3cmkVwIRAbGewECncYrdcHwUVUVmmNRMpSYjE+l6zRZFZL+9ZFiZSisuqYlNUPufNSxWVhcgsCy0sszpaViXnnlpWVRMbkoMJwFrRKawX9dIXwYcVCDqvzXf0sMm6ea1oWC/qWxhFsR1N7ZDF7x6+CsGWTx0tiLc+t+SlbUx5zSVVrBOFW0PGds9dYCuL4X3bIZ+3JoLRQQOLnKVZ1uXCO1oEH0dHLWOTLM8HEXzwoAsyy7t7+B5tIkQXW9yb7dTGkwATAbFNoZ/NRkOPdtAVQYl8RFYutjCaqU1Jz9TCnmx5d49yuoc1YYdCknlUNIyM+vbh/+zHxrZF8CAgtomILdfDonjN3iTLkszNsy0Jl5nIzaQWn4WQsz+fp2brRbVZagKT/rsjmRVTPPJgwVjzk341mDCI7UzmIoJrMLLMKj5WTySUN5+0/i/vf/Mtw6sPdIkTb2101Ded9MysFNo/GRrPPYAHhMGDKTyp6r2twr1pGnbXjc9COJJa+Qg+f1aoP4GqfEqVH4uP43vvMXwXSI0nVMFnQMZ2z4m6tf9T/JhIpZjfptKS0qaExIXyRw9PLh7mEpdMadbmy7Ls2D99aGWG9p7QyNpgYiC2ez7VvPb5ILs8oBCXSZnYjp6REDM1XwDvE3SDnFxgvmY0rw0NEtNz/N7GRj4RGUwcmqIXcrMfn+/4UdtVoxRZ7Fcr76e2eL3Wb+ZiO5WdXSi0i/8jAPggiG1q1J6LEMtSYrWIlLtwXGOnDgQFE4em6NR4TxreVCxFVpa1a45J7JTMkBg8IGRsj0I5LaRWlvVT0kJm0DCIrZWmau28/2lKIjNoCMT2qFz614bIoGHoY3tUEBPAKNYTDQDQDogNAJoDsQFAcyA2AGgOxAYAzYHYAKA5EBsANAdiA4DmQGwA0ByIDQCaA7EBQHMgNgBoDsQGAM2B2ACgORAbADQHYgOA5kBsAJBa4y9D9omm4D6++wAAAABJRU5ErkJggg==""}}]}, {""role"": ""assistant"", ""content"": ""0.331""}, {""role"": ""user"", ""content"": [{""type"": ""text"", ""text"": ""\nYou are given both an image and a text-based representation of the same stimulus. \nIn both, a red dot appears on a horizontal line\nThe left end of the line corresponds to 0.0, and the right end to 1.0.\n\nText representation (the dot is marked as \""\""O\""\""):\n|--.---------O--=--~------------.------- |\n\n\nEstimate the horizontal position of the **center** of the red dot as a decimal number between 0 and 1.\nDo not explain. Only output the final answer as a number between 0 and 1:\nFinal Answer:\n""}, {""type"": ""image_url"", ""image_url"": {""url"": ""data:image/png;base64,iVBORw0KGgoAAAANSUhEUgAAATYAAABNCAYAAAAsLkgfAAAIfElEQVR4nO2da3LbuBJGQephew1J9v83K8kmkqzBlmyJtz4IjbRg0M5IdKwLnFPVBYqWKFnjnOnGi8M0TVMAAGiI8bM/AADA0iA2AGgOxAYAzYHYAKA5EBsANAdiA4DmQGwA0ByIDQCaA7EBQHMgNgBoDsQGAM2B2ACgORAbADQHYgOA5kBsANAciA0AmgOxAUBzIDYAaI71Z38AKHhvp/Zh+FefBOD/FsT2WVx6q4na65AdwBmI7V9SSum9xzW8xOzYvw7JAYSBu1R9MHPy8ud1XD5+T2Zl+9YxQGeQsX0UNVH5tjyuCc/jRVYelxLTY7sOgoMOIWNbitrXOCew96KGl9h74Z9fXgOgA7rP2Bb3eiGyqJLj8XROrc7PtXNyK8U1jn9aO3bnJ9/35kW30O86IEi4cRDbUmKbKzdLgVVi8I/fEts4hslkZrFa/TnW6/WcWhbnJXcliA1uHcS21LSLGaHF65vADofTsdrD4SS0wyFMdt4kV4xyZlE5kU1qXbwSns/kyhLVg6SgQbruY9vv98tcyGdZLusycZnMotgULy+nY2u96CyMJKUoLpOY2vU6t/GcWi++OcHZNa9ku91efQ2Aj6LrjO0goVzD3MCAz75KkaWYnp9jq3P288nLzTCpWZYmoaWIx5vNn+MkuSy/t+SWrg3QIl2L7UVSuZTaPLSy30yiMnGplcxmIgrOlaT5+i77Monldrs9HW82IVQEl8vVvy1LARqha7E9SyhLZWx+EMBKS5OaCWy/zzGqtXMpe4vP1+tcaSupxZCovNC223DU47u7P4JLbZabK0+jHBEbdAJiW0hquTWhqbVszESm2O3CuNuFSed2uyw5K0lz1laKLWVqJrOjxKZ2v89yO+q9fBZn/XC+LEVu0AHdDh78/Plz2b41P0hgmZrP0JLQJLbV01N+HEM/t6zO+tm82NLgQJSZxf19FNvh/j5M6Vhh2dxZeTrX33al2L59+3b5dwjwgXSbsV08Ijo3T82VoGd9aSYvySzFlNqVMrenp5jRxazOsjYTWxo4kNiOSWyHJLDDfh/ldnh5CcciNAhhEctRP2Jq00YEAwnQKN2KbbfbXXeBQmxnUzmsBPVZ2ePjSWaPj1FmaoOk9vQUM7oot+fnMJalqKRmYpPUdruYpUloMY7HOLp7PB5PMU0x4hw6yU2Zm67p57rNrTEFaIRuxbbIwEE5+dbE5krQwbKzx8eTzFIMCklNkfraNAUkZlkKy9jS6GbsX3t+PpWgSWKHaQqasBJjGGKriSJSonoYLOJn9FNAEBs0Trdiu3gOW1mK+jLUjYKObtBgUnboQjI7mtSUyaXBBGVscS5bIbYoJZWYElqS13EYwnEcw2G1OouY3SWB6edn60YVlrUJ5AaNsv769Wvoke/fv1+/hMpKRrd6IK8wcJNv/cRcSS9KSq3kV7Q587O1nSop04TdKDk9T6OdqS8t9qup9ZFEq+NX5ad99gUm6/b6twO3z/r379+hR65eI1oZRLD5Z1YC5vloviQsSsTY1hbMz+zdZs/P16j9PvpZKknzKX+t2n5tF3wfvf7twO2z/vLlS+iR/7xDhRdBTQ4uA9K14/Xd4vXBrePU8ZBKTGtjuNHQ3Lo1ov75gx2njMwf5/ewVQvl53lv992/pNe/Hbh91r9+/Qo98uPHj8te6DOpsrxLctI8tFFTLA6H2ObYbMK43Z7mqlnJquena2X5ecFJULrWZhMGLTy/uwuDxXYbr1curYpRLquqTdIVV/Sx9fq3A7dPt4MHK/1DvxS/k4dlRCYMueI08znHOE1hpdD76nG6oes4DGFM4opTPmxhvBPbkOQ0SGx3d2FME3Knh4cwPjyE1cNDCPf3p0jCM9lJpH5p1Vl/W/ygDBxAm3Qrto2ymqWWU0k8yr6KMlDHUV4W4xhWitUqjArL4jRSWlt5YBmbrm/ZmVYXJLGtJDOJ7eEhDPf3UXq2AiGuOlDY1kauLGU0FFqnW7Hd6R//taOi5ciojm0U1PWDnZWi63VYqd1swkqyckuqRhs5LcQWy1qJOGVilqFJZoMyN8msXFaV1paelaG1VQcIDhqk27WiF68XLUdFiwXw5VZFtoNHlFeaiKulVFloatO8t7OMzd7O7eyR14kmgcUlVcre7LHvb7MtjD5oATzrROGW6TZju2oX2HfWi55tKpk68+OggUIyUz+Y27ooSy1tOFlmbDHjShmfsjYbOLBBhLyNkX4f29rIBg8+YPE7wK3TtdgW62ez9aLlLh9ecBKXRGQZXLnZpCtDz8SmsH6yVMJKYnEwwfrd3F5sOVMrbvSS75sgkBo0DmJbavfcmW3Bh7ny1Ld+k0m/g67NP0t9dZaJWR+axPZqa3BXfr656B25QcN0Lba1RHApb6xAeHVbPS+4UnLFTV1ytuYzNjdJV1NDcqlpZae/ucuc1AQZG3RC14MHi9ypqrb8yd+lyt8HoXLHqupdqvx/En8/0dpdqvy5Wun5ASUod6iCW6frjO3iibq1qR9lW04HKW+M7EXm9mCbu6+ozYuLWVsaKfXLqM62JCp376gJjawNGqZ7sV10V/Paa2bkFoVUkVxVeF6I7r3yOk9XYmbRlSsf7HZ9/nMiMeiM7ktRsdhXUA4qpKVVrwYYajt5lOHxfW3lceXWenkPNnvtZ/+PAOAfg9iWovY1zpWowibh1oQ2J7a58M+x4/L1AB2B2D6Kv+mHs3ZOaJ63BFbrR0Nm0DGI7TMl99Zxjff2UUNmABHEdksl699CdgbwJojtM7nmq0dmALN0P93jU0FOAB9CmvAEANAOiA0AmgOxAUBzIDYAaA7EBgDNgdgAoDkQGwA0B2IDgOZAbADQHIgNAJoDsQFAcyA2AGgOxAYAzYHYAKA5EBsANAdiA4DmQGwAEFrjf2x+Ho4epb+CAAAAAElFTkSuQmCC""}}]}]",0.276
google/gemini-2.5-flash-lite,sample_008,0.73309,0.73309,0.331,"[{""role"": ""system"", ""content"": ""You are a marker location estimator.""}, {""role"": ""user"", ""content"": [{""type"": ""text"", ""text"": ""\nYou are given both an image and a text-based representation of the same stimulus. \nIn both, a red dot appears on a horizontal line\nThe left end of the line corresponds to 0.0, and the right end to 1.0.\n\nText representation (the dot is marked as \""\""O\""\""):\n|-.----------.--.---O-----.-------------=|\n\n\nEstimate the horizontal position of the **center** of the red dot as a decimal number between 0 and 1.\nDo not explain. Only output the final answer as a number between 0 and 1:\nFinal Answer:\n""}, {""type"": ""image_url"", ""image_url"": {""url"": ""data:image/png;base64,iVBORw0KGgoAAAANSUhEUgAAATYAAABNCAYAAAAsLkgfAAAIfElEQVR4nO2daZLTSBBGtbjbfQfg/n85CZcAzkB71cRXzhTp6pLa2GIal9+LyCjJlmQPeB6ZqkXtMAxDAwBQEd1HfwEAgKVBbABQHYgNAKoDsQFAdSA2AKgOxAYA1YHYAKA6EBsAVAdiA4DqQGwAUB2IDQCqA7EBQHUgNgCoDsQGANWB2ACgOhAbAFQHYgOA6kBsAFAdiA0AqmP10V8A7pilHpfRtstcB8BAbHCbyG6RmwutdA1kBzfQ8pQqeJf8J+L78fWpY0qSivtT21PHA1wAYoPrZKa2tF06N8rpvXZue+41gAClKPy5zKaidE4uL4+5fZ07JzS/NoKDCcjYKmDRv8KCoJI+jsdzicX9/L38++Ti6rpzqRViyM8pXesGWqRYNWRsFbCY2OYyNMnLBebbIdpccJFcWi622GayS2IrhWdzU1ndhSC2ukFsjyy2udIzCG1waR0OTesyOxxOQrN2UGvHJcll5eKZzCzSa6X9XHq53Py63H+DCShF75ztdrvMhUr3zCSpmJlJbBKYRdre73+/5sfnWZsJahRX35+21fb9+WvviW5Kclfw/Py8zJ8d/HOQsd05BwnlFqY6BrzENGElke33o8ja3a4ZtK3XguCGWJaKWH5Goa1WJ6mZ3LQf3y+J7m/IDeoEsd05e4nlWvIhGtn9s5R9eUamdrc7tYrt9tTudqewY5LkSmKzzCwJzaQ2bls0UXba1/G2/0Zu3vpnxBYeHsR25+wkm6Uytlh6ernpWZrLTBJTu902nW+r9WNiSSqsIyCJzGX29DTK7Kht3/dWInPZudhi2TqXuQEgtgcXW16G5vfSPCOT3CQyE1qS2mbTDNbqGL2XMjaFX0dYGRozNJfZ0eP5+SQ122+C5GIWN0apNHUQHNB5cN98//79+pOnhnTkmZqXmptNklcS2WbT9K+vaTuFSS9lcDonz9iC2KLMUrteNwdJTPv2WpKaZCexueAsi5sU25Xl6JcvX67/M4R/FjK2R+wRLY1XiyVoLjUTWucye31tBm2/vja9MrfNJmV0Kavz+2y52CQ1E9vBJJZaiW29PkkthDomkuB0PcvcRrGV5GafddbCw4LY7piNhHILpaEdsQRVmetSc7FJZhLbr1+pbSwkvyS3/b7pXGw2iFbZ2lHh2ZpkJrGp3e1OIbnt96c4HFLou2h8nATnmeRZWRo7EgRCAwOxPXrHQRSbj0dzsfk9NZOaRNb/+tU0Fq1CUlOoRN1uT5mW32fLMrZ0D00Z2W6X5CZ5abjK4Xg8i+MwpGEjg7ehp9Y7FtL3nCpH4eFBbI84hm3u/looQ3XPzDsNBs/IlCXafbajWhObdyY0Pr4tE1vqBJD0lI2ZvHSE4tC2v6PrmqPCMjG9P84bjd/dx7vpc0rlKDw0q8+fP3/0d4Ar+fr167Jj1+Jg3DDDIHYopMG5lpWN2ZlaSVBS817UUIqmoRr2uUlS3plg548lqO7BWRnqpahK2DRdS/JSq/Oj0PW6f84VcuP3Xyernz9/fvR3gI+aI1pYbijNGtCuRRuOS+/4+9r31/NVPuJwDxGnZWXnxf+GeP34HYrvxzYuZ+QT5C+E33+drD59+vTR3wH+zxUqSqtixNcs89G10/VD72Pr5Z+2+z5FE9qxNFQbV+DIxqHF8+K547Z9jj5P4RPo0+dPTYr37x7bC+D3XyerHz9+fPR3gCv59u3bMhlbLgitwXY8Np3dpFfbPT2l3k4N5+ien08lqZesPj9UTon3vvzaEpSNSWs18Vznh9D10rg1G8Om4+IQDx+oe9Eg3T+UPb//OqHz4I7p9T/4kr2iIQuSHmJoQEU/DKew/RRt23QxgyvcY0tZ12rVtBLben0S2ctLiu7lpelfXppGsV6niLKTUEex+SyE0sR4QccBGIjtjnlSZrOk2CQN7yjw0rPrRnl59BZd35+yOcvoUgYWZh/kGZvENmZnJrY+Cs2kl4aCWObmw0SK80UZ6gETILY7Zi0hLNErKrJ119KQD8nIosuil6SenppeWZWE5FOrJsSWylqFpGYic5m1ytyC0Ma5o6UydG4JIwfJPTzMFX3U+aJzy3/7Srm+YofNQvA5oWmuqLZ9ipXPFfWljDKxjXNF4zxRn0ZlU6rezBXNlzIKHRdvFp4UV2RtzBOtFzK2O+fqVWDn5ouG6VVJUioFvdNA8lKWJtEpU/PVPvLli+JwD5eSlax554HCJ74fQ4fBmzXZ8iXDBYtNQgHE9sj32fKyNK5+G1fQdcEp/D6aiW2cehUWnEwRS1Ef8mHSSh0Cuo7dl+tK67H5/bRQfvrg3qLMkBoEENuds6jYJp53MMotW6NtlFlct82PC0NJUm+r9ZqOK+aaxCS34gq6vuLupUuCIzYIILY7ZyUhLCU2byce5jIKTpmWS86fexAe6jKe43jGZnNGo+DGsjM+5yBKzSX23vJEiA0CdB5UwCJPqsqnV1m8KU3jYpT5U6qi1KaeUpWVmXEZojdPqbrkwS08oQoKkLE96kDd0r9npQ6FbB5o8XF8cQJ9/lzR8NyDcUqUTZeSyNLYudLj9q4RGlkbGIjtUeeMls6ZKE2TqHwVjTjZPSwoeZap5WLzqVYxc4uii/v+VCvKTrgBStFKWPSvMRNcXOGjlMW92S6tvBGzr9K9syw7G8vQyEJCu+ofArgrEBv8ZuqnMFeiliKel2daUxHfj8eXQEzwDogN5sl/HjNruZVK0DOmhmnMyQyJwRUgNlhGclPHRKYEhsxgYRAbLNujegn0aMJfBrHBbdzy80Fm8JdguAfcBnKCfxBbIgEAoB4QGwBUB2IDgOpAbABQHYgNAKoDsQFAdSA2AKgOxAYA1YHYAKA6EBsAVAdiA4DqQGwAUB2IDQCqA7EBQHUgNgCoDsQGANWB2ACgqY3/ANGl1gCCZwauAAAAAElFTkSuQmCC""}}]}, {""role"": ""assistant"", ""content"": ""0.632""}, {""role"": ""user"", ""content"": [{""type"": ""text"", ""text"": ""\nYou are given both an image and a text-based representation of the same stimulus. \nIn both, a red dot appears on a horizontal line\nThe left end of the line corresponds to 0.0, and the right end to 1.0.\n\nText representation (the dot is marked as \""\""O\""\""):\n|--------------------=-----=---O------ -.|\n\n\nEstimate the horizontal position of the **center** of the red dot as a decimal number between 0 and 1.\nDo not explain. Only output the final answer as a number between 0 and 1:\nFinal Answer:\n""}, {""type"": ""image_url"", ""image_url"": {""url"": ""data:image/png;base64,iVBORw0KGgoAAAANSUhEUgAAATYAAABNCAYAAAAsLkgfAAAI6UlEQVR4nO2dbY7aMBBA7STLxxna3v9vT9JLtL1Cd4ElqcbxpINxAl0+At73JMtJCAFV2texPWN813WdAwAoiGruLwAAcG0QGwAUB2IDgOJAbABQHIgNAIoDsQFAcSA2ACgOxAYAxYHYAKA4EBsAFAdiA4DiQGwAUByIDQCKA7EBQHEgNgAoDsQGAMWB2ACgOBAbABQHYgOA4mjm/gIAMMG1f5LEe/cZQGwAjy6znNzGhDcmLu8/9r4nxfMrVQAPLDN7PXftlKT8GcfnPOfJQGwAczIlLunHjtP35KTlT/Tp8dS1c157IBAbwCNFZ+mxtLY9PE/fMyYvnzR73d6bHufOx65NXZ8RxAZwBlf/M0nE5K24rMzSPm2WnMx8bFV1JLnuIxHdfwxn/YzCY/EA4N5iy0VlOaElzdvzXMRmWqcik94e23tORXK5Xj4vXYgYERhiAyhZbLmhp16LkgrPV4Ht9/2x9Pt9L7T93nV6Xe6xMrQRmMqrrnt5Sa9yq6peeGn0lhPcmOiuMU93BxiKApxgu91e72GZKG2IxKK4gtje33upJf2B+Oyfro3C6l5mQWp1/U9ucmwkF+6ZGr6eEp/9bNsbFouFmwMiNoAT7EUktxp+JhFaENj7e+ilddLvdr3o5DhGboMMFR1+alTWNEFoQWr22IpO783NwY1FdVOLEXr+ACA2gBO8i1QuIU3PMPNoOszUKE0lJn1o2+2/4yi30Oxcm51XE1k1UWTSv7z0fbymkhuiN+nH5uJycsssQjyi3BAbwAl2IpsrRmwHiwBplKYik367dVXsDwRn596i2EROIqpBaE2U2suLa1VuqeSS6O0ogssJLr02Nfc2I4gN4NZiS4ehKjTpVWjyGbtdL7LNppfaZuO6zSb0ck1eC9Ga3Gvn2VRsUVRd0/QyWyxC38ZezoPomuZ4eJrMvR21VHZ6Lmj/QHJj8QBggp8/f17+kFxKRzL81CitUpG9vbn67c1V0uK10EzUFt5vxRZl1RqZtctlON4vl73UVHIauYnkzLB0Um4TqSNTw9Fv3765e0PEBnCrFdFclYBZ/RyTWpDZ66vrothEcHLsNhv5QkFuwzxbErFJNNaKyERgUWgit/1220tut+vlZoemMWo7EtuY6HLDUyGVm16bAcQGMMFGZHIpaWqHzpHFYajLSK0WscXeidReX8NwVO4N92fEFqQWxdaK1FYrt9/t3P79fWitNrlHvodZaBjSRM6N3qZWS2cGsQHcY+EgFZuZWwsLA1FqtcpM2p8/zovQtL29hXs7aZrXpmLT1VAV22oVxCVt33X/mqSvdJ1rJSm4bfsm75PvZefb5Nmn5IbYAD5pDls6vxajtRCxyWKBiDOufoqwNCKTKE1k10ofWxiextdDflsiNqfDy7Z1kuEWmkRyVeX23ru99PFYrslr8l6572Ci3X5fjd7SOcKc3B5oAaH5+vXrrF8A4JH5/v37dXLX0vpPnfy3zSTmhuTc3W5oLunDKqrNY5OILX5mF6sPhtQPGXrG6K0V6WmL3ytEb7m6Vfu9LSI0vTYmNsV7N4djmt+/f9/9QwGehYuTBjLbDWmdZxebrfscakbN63I+iMcm5lqxCea1TiWXRGNpCVVYdEjOTw4x9TNzu4vY7xPvncMxzZcvX+7+oQDPwod3qMjtfGGqBKTJs8PzzeqiN3NYXs/reuiHphGTfo59ra6dN70ey1A1HMc8tnAemy4e+FP5a1MJurl/K+/dHI5pfv36dfcPBXgWfvz4cdkDMrtwhGORSNu6Kk7aV9Kapm8vL6H5xaIfliaVBuEpOsFvhqIiKBff5+S9plWSxyYJujFJ12mTe5NV0bPLq86cX5vDMSweAExQyx/7pdiCdyMJ+fMPLQ5Hq65zddsOTc5FfJIlJi1EeBp52VVReS3KyUexVauV69br0Kr12tWrlXOmhXui5Cqby6Y7fuTKqP5TaHOC2AAmeJGo5hbpHnao6b2rbBOheh9aONeITqQlVQmxIH5YFRV02CmiWi5dJ03Etlq5er12TpoIbbUKr4dk3Ri12dKqYYU1LXwXcom4Dyg1AbEBTLBcLq+3Kmon/2NybBCUCE7lJa2qQhRVx6FpHaOrkMAbKw8OxBblI+/V4WUn31ujs/W6F5rktkmLCby2KH5I65iaP5uS2YNUHAwfT60owA3rRXMF8LoLrm4iqWVVsQhei95rrUSQa9rrLh+2VlQenyboLmKSrkRmUoEgQ1ON1HSuzdaKplKbEtlEakfKHHWiAhEbwAku2gU2t8Gkik2kIoKKc2Nhdw8Zbuo8WZz0DzKTiEulprludhddjbji4oOTRYPl8qAFmdkhaLo3W05qTxKhpSA2gFvPsyVyC3lrma3Ag9C0j2Ia9mPT0iuVmt2PTYhJuZrGUcWhZpCaLhTo8DNKbdh00kjt6AdenkRkKYgN4M5iO1gl1SoEjd5keCpC0sjMDFOHonmN1ozYdLVVc9I6La8SQarMTKQ2DD81WhtLxh0TGGIDeG4aEcElTC0k2JVSG73FHDZbZqXHbuQ3D0LTRNvG7LdmFwmSxYKj3zzQZ53iwcXG4gHAvX6pKimtOvqVKvvze5qUa/tUavZ5WhKlQ8sm+Y2DJEo72gp8onLgo8z1C1UCERvALRN107ghNywVuWSGp0eiS388OalokPmxoSSq7vPaRFxDSVW6BfhUPeg5PHDUhtgAblkzmr4vNyyN1QcHhe1aD2qis6Nfgk+kaasaOlNvanfEPbjn1M4cTwxDUYAzueqfSrJtuD+1bZDt0x1DlLRawI/UesYKgtEV0Dn/I7jW5yM2gDuS+3NLJDcquNwcncWKqvpAfScRGwBchak5OO3HZJb7001LoYRzk24LArEBPIvkpo6VqUjMP1eS7SUgNoBnGq7+L/7zyMyC2AAenWv8ifrPITSFdA+AR+eTSekaxJ3jAADKAbEBQHEgNgAoDsQGAMWB2ACgOBAbABQHYgOA4kBsAFAciA0AigOxAUBxIDYAKA7EBgDFgdgAoDgQGwAUB2IDgOJAbABQHIgNAFxp/AX/qdllPni50AAAAABJRU5ErkJggg==""}}]}, {""role"": ""assistant"", ""content"": ""0.707""}, {""role"": ""user"", ""content"": [{""type"": ""text"", ""text"": ""\nYou are given both an image and a text-based representation of the same stimulus. \nIn both, a red dot appears on a horizontal line\nThe left end of the line corresponds to 0.0, and the right end to 1.0.\n\nText representation (the dot is marked as \""\""O\""\""):\n|-------------=---.-------O---.-----~----|\n\n\nEstimate the horizontal position of the **center** of the red dot as a decimal number between 0 and 1.\nDo not explain. Only output the final answer as a number between 0 and 1:\nFinal Answer:\n""}, {""type"": ""image_url"", ""image_url"": {""url"": ""data:image/png;base64,iVBORw0KGgoAAAANSUhEUgAAATYAAABNCAYAAAAsLkgfAAAIlElEQVR4nO2dYVLbSBBGR5LBJlcguf/fnCSXSLgCYGxLW994WmmJkcDYLM7ovaqukWxjvFT8tkc9Paq6rusCAEBB1F/9AQAALg1iA4DiQGwAUByIDQCKA7EBQHEgNgAoDsQGAMWB2ACgOBAbABQHYgOA4kBsAFAciA0AigOxAUBxIDYAKA7EBgDFgdgAoDgQGwAUB2IDgOJAbABQHKuv/gAAV8clbwNSVZd7L3g3iA1gSmg5weUey8nLHnvv6+GiVNylChaN/+efO556fkpUY2nNPTf1GJwNYoNlMicxjRb+fA4TVG7MyW1OgHA2TEVhWcwJrW2HUstFjrHEvMymzvVeczJDdGeB2OCq+ZQJhRNaNRaXyW1q9D8vxsKq69eC84/rx3MC9Jj4PkiFFBEbLExsuemmiWsiKn8+VQxI8uq8xDT6Y/+aXNh7vZXNvUGF2BAbFCy2qaqmi/j+JrDDIQSFzg+H/rxL5/E14ylpVf0VlYlM8tLYNMPzCdFNCs6DrE6C4gFcLS8vL5+aqQ0yMRPZfn881rjf/5WdPe/FaLKxLCyJrPNjileis2MvRPGW4N7J7e1tWDJkbHC1HCSSc5mqePopphdZim63C9VudxSdPabX+QJDEpBNP01k3Wo1eTyQnxPd5LU5QbZ2MogNrpa9pHLpCmgSUzXK0nqxvbxEocVwxya4wbU2E5vLwqLIkszieHNzFFp6PI4Smo2WySlyU1MDuZ0EYoOrZSehXLICqnE89dRoIjOZbbeh1uhDz9k01RURlK1FiUlsJrUks1ajj/Scl1w/VZ3K3gRSOxnEBuWKbaIC2gstSS3sdqGWuLbbo9S229Cl0c71mhh2zS1lbFFsLlszmWlsb29jRKnpWFKzcxNcyt76rC1XVBDI7SQoHsBV8vv37/PfJCc2q36mwoBlacrQosien0Pz/BxqHz6D80UEn7E1zVFmJjSN63U4SGTr9V/JWUhsbpray+2CWduPHz/CUiFjg7IqolOdBRajbE1hUjORdU9PoX56Cs3TU+ien0NQ6HnL2mw6axmbpKZsbbWKIpPADpLZy8tx3O2i5Nr9PrRaPuIiCk2S0/FcMcEgc3sXiA2ukq2mf5e8vmbXxUxqqRjQS01hMktjeHwM4ekpZnESW9BrbTrqMrbWxGZSU0hqu1047PexuiuhtW3bh8QY5SappWt+ryqlc90JMAtig2UUDnwngS3rsGnodhunn41lZ5LZ4+MxdKxI1926jNisaKAMrc/M2jYcum4Yql3oZ0ZhnzEuBFYgtrNBbFDmGrbx7hyjamitjC0VDTpNe11Idm0qHFQ2PVXGlsQWsz0nNqtyKgNru+4YyuSqKhzqOhya5hiSn6SXMrPWt1f5z+ynowK5nczq+/fvp/8UwCfz8+fPy1xjy/SDjlun+ulpmqJ2aTFul6arcZQA/Zo2+z3K2ExyaU1alFx6jzYzDbWpqEbf0vVKYG6tXM8Jgvu+4O/26uHh4as/A8Arzi7Wj3s63U4ecQrod/awKaEdWw+pG2e3MPK9p/bQaBePceN7nMK6iufsf61v3zrh7/Kw4O/26v7+/qs/A8DldqhwmdSr8xR67/j+br1YPE/Tv6ppQpWyLx0HH1a9VIYlfOfAatW/vtKxW8rRH7vX6XfYwtxqrrVq+Id595/ifsHf7dWfP3+++jMAvOLXr1+Xv8aWkBrqVCWtdb1ttQr1zU287qaobm5CdXs7bIS3nT0kFpvGCkkpLdmo1usQ1us4WtTrdVzHFkON6Yq0hm2wjs23V5lk44f9+Dq2Pwv+blM8gKuk0Rf8s5Z7KENLWaFkVXddaBRtG6O2SM/F11kGZ1XRJLaYdSkDS2KLIttsQnd3F+pv30JzdxfCZhOCRi87idTE5ncA8Z0H8RdQNPgIiA2ukhtlNJfeKVcykpwkt5Qh1VU1iCZFPNfzijSVjFmcCgg+Y0vTVT1Xpy4DE1tjQttsQrXZRKHF5SApa/M7fwz2bGOZx9kgNrhK1prWfUbngVvyEYWkaWjT/I26jtmijhs9p0jSiv2kJjZ77yS+OLVMYlNmJqFVXmibzbB3VOGv3Y17RAUdBx+GXlEot190qlfUyy0t1I0dCGlnj8baq/yoNW0mNr+7hzXAu6b31kS22cSWqs5lav0uH2kK2r0ltQ8K7ceC+0QFGRtcLWfvAjsWm3AbTPYN7Skzi9fJdO3LMjTJTNfENEp61rEwytis8lmnrK0vHqRja3yPu3v4KahVRX2FVrCjx9kgNljOdTaN7q5TfeZmUlM2liqiEluUk2VqJrbRfmyD5R5JisrKTGyxQDCXqaUsbdCBgNDOBrFBuWKbud7WZ20aJTZlYSY3CcwKBRKUtVG5pR9GXP+WCgj9JpNJZpLkqx10ndQGd7Q6vtlwhA+D2OBqWUkE55LrEMg1xqcpaczeJDFJTiJTIcC2Dh/f0EVY1uUW5o53yu3F5m7oMim18TF8CIoHsIw7VWVu6tIvAbH1baPe0T5D81uC+5u5CLuRi0lrfE+Dia2/By1WFxba7cLvUCUQG5S7y8fUfUVtzFVL/S4gTnSDmyfn7ivqb6/nRZZbo/aeXTvOkFxzicXN/zhMReGqOeuu5rmfnWiMj7LxO21YP6gXXq4BftR3agIb9H7qPNcQP/UZ4WzI2ODq+ZR/ouk9o9hyi3jHx+MpaKa5PnuH90wngd/V46r+R1AQiA2WxSnT07e2KhJeUm+Ff72BiD4FxAbLZmpJiI254xxjec0t4UBmnw5iAxDjr8FYcrnXeHLiIjv7MhAbwHsl9x5y8kJo/zuIDWCOj349kNmXwnIPgDkQ1D9JWikIAFAOiA0AigOxAUBxIDYAKA7EBgDFgdgAoDgQGwAUB2IDgOJAbABQHIgNAIoDsQFAcSA2ACgOxAYAxYHYAKA4EBsAFAdiA4DiQGwAEErjP5FJi7ZzfsrhAAAAAElFTkSuQmCC""}}]}, {""role"": ""assistant"", ""content"": ""0.556""}, {""role"": ""user"", ""content"": [{""type"": ""text"", ""text"": ""\nYou are given both an image and a text-based representation of the same stimulus. \nIn both, a red dot appears on a horizontal line\nThe left end of the line corresponds to 0.0, and the right end to 1.0.\n\nText representation (the dot is marked as \""\""O\""\""):\n|.---~------~----------=O-----------~----|\n\n\nEstimate the horizontal position of the **center** of the red dot as a decimal number between 0 and 1.\nDo not explain. Only output the final answer as a number between 0 and 1:\nFinal Answer:\n""}, {""type"": ""image_url"", ""image_url"": {""url"": ""data:image/png;base64,iVBORw0KGgoAAAANSUhEUgAAATYAAABNCAYAAAAsLkgfAAAIiklEQVR4nO2df3LaTAxA/YOE3KHt/f/tSXqJtmdoAgF/IyE5QlmgX+yMzfa9Gc0aFxbagVetd7Vuh2EYGgCAiuiW/gAAAHOD2ACgOhAbAFQHYgOA6kBsAFAdiA0AqgOxAUB1IDYAqA7EBgDVgdgAoDoQGwBUB2IDgOpAbABQHYgNAKoDsQFAdSA2AKgOxAYA1YHYAKA6EBsAVMdm6Q8AMAtz3bqjbefpBxYFsUFdMvvbcyWBybn8XER3l7TcpQrujviVvXV87evt0oryKp0rPYZVg9jgPshf0yiuLLHSuRJRYpeOY5tfB6sFscE6uTakzAK7FSWyyK5Ffv6lvmA1IDaYjU/5KqXhZVsS1/H4/jieu3TdrOve5OXH8ZzFcEly+fgDtEjxU2DyANYpttL1siwreRzDzrX5XJRblFPXNYOLrO/fxBbDxSbH/rooOel3gpwQ2+eA2GB5sd0adgax6XuYtFRgh8Pp8eEwPh7Cec3w5HHsOmZpEn1/EpzITcKFV5Dc1WGqg6wWh6EozMJut5uno9J1NMu8VFzy2KUlrUX7+npq4zmXXh6OShbmIhOJSbvZnFqL8TiKLw9Xra+r19/+gsfHx2n/ZvAOMjaYhYNIZCrXJgVihhYEJkKTGPb70zkRnJ/zLM7lJoShpctrEKltNie5ueD8XBRdzuCsvznkBvOC2GAWXkUoc2ZqaULApeby0gxNWhFaDDvngnt3rc2zNRGbSUzbh4e3EKF5GwR3lsXdyt5gURAbzMJeZDKVlKWdTQJEqWWZ7XZNt9uNx1Fy45DVhDmY2DQ8QzOhHR8fT8feWoySs0yuODQVENtqQGywvNhKQ9AgtXHY6bLa708is+heXprB5fby0nTyWeSan113a0pis0ztGKTmoWKz48YfxywuZ25xYkFAbovD5AFM5ufPn9M6yGK7lqlZRiYykxCR9XY8hkvOhqzFjK3vVWrHKLXttjlst82w3Y6P5dgzOJWcDU/fyW3itbZv375N+zeEM8jYYLkZ0bxWLYvNs604/DRpdc/PJ4k9PzeDHD8/q+CGl5emkZDn+LW2gtiOlq0dTGwiNBXb05O2R2n3++ZoExMqN+lLsrgot0tZm0DmthiIDSbzIiKZShRbWJPmEwU6IWDDTheaykzE9uePto2FZHE6FJXMLoptGE5SC2JTuVmmJlI77PcaIjSNw0FbXx8nM60yJB0nFXzZSJ5IgEVBbLD8xEFesxbXqMUhqF9DM6H1f/40jUUrQvNWhqi7nV53G0oZm81wjsNQEZkI7fVVl61oHI8aR5FhjFDhoMciNem/NByFxUBssOwatkvX1+KaNMm8QsY2Djc9Q3t+bo4iNRPb+BwZQvo1Nqs+0DVsvsTDMzIRmElM/iYabauh2Z3JStqxaiF+7jwcFZDbomy+fv267CeAu+f79+/zrl0L1QNx8iBGXO6hmZlFE1ufRQ1i0/Vr9niIWZxlcjpEjSFZnb2nPNbXSsRlHvHvE8/9D7nxO5yXze/fv2fuEv41Jk2sl0qo0k4ePgwcd/bwYWA41sfeushyROLzUx/xvMvWP8N4ra5UHREzudJuvFfgdzgvmy9fvszcJfxrfHiHiiiD2J46HaP194jn4nHXaUi2pOdz6VPuN8xmjq/z49h/etz6ULTweaZuacTvcF42v379mrlL+Nf48ePHx18cMzURQcysvAJhs2k6ycL6vunkOMbDw9t6NS+Etz5HOYXJA5WUrUFrbW1a6/HwoP2dlVbFNWuxrCpGnBn94DU2fofzwuQBTKaXH/Xcs6I5Y7MtiCS647HpJYZB207OeXgGZ+VPXlbl76FZl0jNxKYis4W43Xbb9E9PTSOx3Wq0dl7Wsbn0dLlHrEIoTR7AoiA2mMyD/NDnXscWllH4MFCORVxyeV6jbRtRai/nJTyjkywuVh6k3T1UavJcz8xk8a1IzWQmYmufnppOFulayHl/3tk6tlL1ASwOYoPJbOXH/lmVByYPl5EKKUqs75veMi9tJbOyWtIui83EI69XIcUMTIaiIUNToVnrQpP2rPLAF+hSL7o6qBWF5etFb9WKWuG7SioUvmutqCzUjSVWXnLlz/cqBt+yKNaKhuoDrxc9mMRUakFoKjUX4aWSKuEDWRt1ovNDxgazMGkX2Fu7e4jY7HqZTCSIYHS4aRf9VWSSabn0fI2brYHLGZtf7JdsT/qSPtvQnw5PRWxe+O5F8Hn7IrK11YLYYJ3X2eJ+bCIRryAQAYm0goi0MsFLrjxTC8PQothcbiYrl9vZrGjejy1kanFrcaS2PhAbrENsl6oQPGsToXgVgi3x0OGpiC1vPhnvgZDueeCTEDJzOu6ea20bNp4cJwdim5d45Nv1nd5g2r8DzAJig1nYyI//s+55kO9KFbM3P85C891z07bgOWuTyQgX21hDeuvmLpd2z40tLAqTB7CuO1Vdkdt4K710Q5ezzSjz7fh8wW+qPoi31/MbtcRtiMabt8Q7WV27DR93qFoVZGyw/ELd0v+t8ZZ5LjQ/J+/jWxvlnXZTfehYX+rYzGgsvRoX7UbZle4rWpKa9XkGWdviIDZYvma09Lp8zc1qPsesLQiuKLN8P9GQscWqBr8T/FgnmmtOw3MuCg2RrQ6GojArs36dCgt4VSFRWvE6XBZaztacS0PJPBng8ssym2n77w//RwA3QWywTvLXsrS90aWIf577KmVbpUzsWmbG0HP1IDa4D3L2ltsr+7q9o5Rx3dp6CJndFYgN6srkrj3nlqBuyQuZ3Q2IDe6TSzOpH+WStJDZXYLYoA7m+hojsipguQfUAUKCQLrNDgDA/YPYAKA6EBsAVAdiA4DqQGwAUB2IDQCqA7EBQHUgNgCoDsQGANWB2ACgOhAbAFQHYgOA6kBsAFAdiA0AqgOxAUB1IDYAqA7EBgBNbfwHpukVnIP1gA0AAAAASUVORK5CYII=""}}]}, {""role"": ""assistant"", ""content"": ""0.567""}, {""role"": ""user"", ""content"": [{""type"": ""text"", ""text"": ""\nYou are given both an image and a text-based representation of the same stimulus. \nIn both, a red dot appears on a horizontal line\nThe left end of the line corresponds to 0.0, and the right end to 1.0.\n\nText representation (the dot is marked as \""\""O\""\""):\n|----------~----O-=-- -------.-----------|\n\n\nEstimate the horizontal position of the **center** of the red dot as a decimal number between 0 and 1.\nDo not explain. Only output the final answer as a number between 0 and 1:\nFinal Answer:\n""}, {""type"": ""image_url"", ""image_url"": {""url"": ""data:image/png;base64,iVBORw0KGgoAAAANSUhEUgAAATYAAABNCAYAAAAsLkgfAAAIs0lEQVR4nO2d7XLaPBBGbUMg99D2/v/2SnoTbW8hX3y48yi7yqLYTmMggOacGY0EsQ1vmvfMSqu1277v+wYAoCK6S38BAIBTg9gAoDoQGwBUB2IDgOpAbABQHYgNAKoDsQFAdSA2AKgOxAYA1YHYAKA6EBsAVAdiA4DqQGwAUB2IDQCqA7EBQHUgNgCoDsQGANWB2ACgOhAbAFTH8tJfAGZwisdUtO0pvgnAVYLYblVmU3LTz8bE5e/H85EcVEbLU6puUGbx/bFxKa0or7Hx0GuAG4SI7VaEFqU2NB46rxRbKbkhqZXXQHRwgxCx3UJ0FgW23x++Nya5IamNtfLY8vwxkB5cKYjtCE7+qyummm2UVxSaj8ckV4qn694kNja2lq8wFdUdQYsM4QtgKnotYhuK0KLIXGK73cG4LQXn1yijsq5reokstig369MVhiI5Hx+ZdEBs8BUgtkuJbWwdLbTepSWBudwkNr02wfXq7bgc4TmSmUtrschC631sfT7GJWfnJuZMVZEXXBimojN5eXk5X6QmSbnIXGwmtGa7zeN2u80RXD7erxUjNQnMmo8P3nPJ+fFT63BDYvukyFar1Wl+dwAjELHNZCehnElqWVRRYBKatd76ZrPJ0lPkdhCx+ZpZFNly2fTW0nsal6LTOTF6+0yyYeg1wAVAbDPZSizHUO5Ji+tmMUqTxCSwzeZVbC8v6XVuHrXFtbdSbEFo/d3du94ll6M3X48bWIOb3D5SjgEuBGKbyUayOZYQqaVoy+UUozQXmIRmrXO5ee/T07jOZlJLzUUW2n61envt0ovRW0gyvJPcWPRWjgEuBGK7lNhGMp8xSktyc5E9P6emcf/09Pqe/UzHp1ZEbBJSjNSSzFar1HvTa/18r8itFFyZRS3FFhMMyA2uCJIHM/j9+/dp19bKJEGcakpm1tqnp2YhqZnY0vvqQ9SWIjbhEZvJKstsvX5tq1WzW6/fRBejN5++FtnTyT1w9pkH/QQ/fvw47ncIMAER21dnRCcSBh555bW0ILUks8fH12jt8bFZPD+nsSI6iVByy9cpxCZpucgktdTf3ze7l5csuXdyszW33Ib2vw1FbERucAUgthk8Pz8ff5GhrR1BamkK6kJzmUls1jeS2tNTkl/KjkpuvqctiG1fRGs7E9pus8ktyW27zQJM0ZoEV24TGdvcOyY2gAuB2C6ZOLA1sby1w9fW4pqapp8us4eHpnl8bNqHhzQtbTXWcZtN06t58iFGbJ4skLwkMQlsu03bVXLb71Pba9uINv3qHPU2JT0QW9jvhtjgWkFsX72HbWh9LW6+9WmleiUKFJGpeYT29NTsXWoWzfU2HT3Yy+Ybc/W+EgQSl1rfN1Kfmv4rdm372uy9pEUdo8oHSS1+T13PN/9OiQ25wYVZfv/+/dLf4eb4+fPnvBNjniYWspelUp7ljFs+fHOuZGcRmqarqbfXvuUjIbko0rLXXk2QMqUWge19qupjNROW+pQV1TXLaMzX1vy9GWts/N3BOVn+/fv3rB9QIyerES33sVl9qFo7VDOq6aFeh3EWY2zCZRPEmc+zlq8Zzw3fwb9rHo/dWqnEhTbxe+LvDs7J8tu3b2f9gBqZfYcKn8YV1QFx3Pr1Q0uvLZJqrfk4Twl9mvj2Jd8t9Lehz9fUuEgGpJ+HmtGDzxkrs/pkxMbfHZyT5Z8/f876ATXy69ev06yxeXTlryWdxaLpLBOpvlsum+7uLq27qW+9xUqDKJ9iKtpqnczOaVart/N1zVhapeNi8zKrsW0fY2VWsZ+Avzs4JyQPZrDQ/+DHEBb483aPGLFZplSt2++bxW7XLNTb667vm65tU0sRnL6PZOXVB8KjruXyVWSrVdNpQ+79fWoaL+7vm2a9zi0dY9UIkmgUW976MbXVwz4X4NIgthncKfo5hqFbFPn00qeJJi4t06fWts1CreuaTk2RnJqiMG0P8T1wMWLT9SQ2O66X2ExuSWrW2vU6ic73u0mSfSm2WIHwP9NQgAuC2GawVoRzisRBzIz6lg9NH9VsDS1JLExLFS0qmkqlVRKS9rppmuolVX5NE1vncpKo9L0lLpNZa5FbLrWKhfFWO9pMlVVRcQBXCrWiX10vOlZSVWz3iHf08JpQbcZNQvMyK6sTzbWiavHuHr61I5RVRYmlWtEQqXlBvEvtYPo5Fq3NkBp1onBuiNhmMvsusGPPNijvwWZTSEVaKWkgsdkaWBKaSy9KzSM2x4Vk09acPFCvZkXwqTJBMisSCe/KqD6qNCBSgysBsV3DOpuXVXnkJqmpl4QkLpeRxpp+xptNhjvresIh4zIyUXkWNF3LhBmjtHhn3ZgFzc9EGIrWBEKDKwOxXUJsU1Gb35NNvbKcJrdcID8kNLuLbl5fs+vn/W7lDSctU3ow7Syyn+VzED5MFCA3uCIQ20yWEsExjK21xUypPkPCknx8qhlvbRQf7uLnhDW23ExWSXDlMw8GtnMcTEH/J/uJ1ODKIHlwySdVTURu724VXiYY4pOrPMory55CfeiBtGJiIN4p14/56EEufu0Z8IQq+AqI2L56o+5YvWWUkkdeun58apXLLUxXY3v3XFFJrSiJSpt2bTuJy+zgmQZTUdqUzIja4IpAbF9dMzp0Tik3ycUTCjZ+dzeQeC+3sSfBx7rTkAQoaz9zraiJcHTqibzgRmAqeiQn+/WVj+Mr7vAxmGgYet+vESU09BCWkalmFps4ceZz9s0DAD4JYrsGpqan3o+tx5U/G+Kju3H8b3SGmOBGQGzXxNT9zoZk5/3YeUMR15TEyHZCJSC2Wxfd0HFDjE0ricygQhDbLTD0T3TMPxsyg8pBbLfIKf7JEBlUDNs9bhGkBDBJeNwQAEAdIDYAqA7EBgDVgdgAoDoQGwBUB2IDgOpAbABQHYgNAKoDsQFAdSA2AKgOxAYA1YHYAKA6EBsAVAdiA4DqQGwAUB2IDQCqA7EBQFMb/wCp3rrC7i21WwAAAABJRU5ErkJggg==""}}]}, {""role"": ""assistant"", ""content"": ""0.389""}, {""role"": ""user"", ""content"": [{""type"": ""text"", ""text"": ""\nYou are given both an image and a text-based representation of the same stimulus. \nIn both, a red dot appears on a horizontal line\nThe left end of the line corresponds to 0.0, and the right end to 1.0.\n\nText representation (the dot is marked as \""\""O\""\""):\n|------- ---.-O-=-----------=------------|\n\n\nEstimate the horizontal position of the **center** of the red dot as a decimal number between 0 and 1.\nDo not explain. Only output the final answer as a number between 0 and 1:\nFinal Answer:\n""}, {""type"": ""image_url"", ""image_url"": {""url"": ""data:image/png;base64,iVBORw0KGgoAAAANSUhEUgAAATYAAABNCAYAAAAsLkgfAAAIlUlEQVR4nO2da3LTMBCA5Thtegfg/n85CZcArkDzNrObXXUj5LTk0Tia75vZkeI4jinlY/V0NwzDkAAAGmJ27xsAALg2iA0AmgOxAUBzIDYAaA7EBgDNgdgAoDkQGwA0B2IDgOZAbADQHIgNAJoDsQFAcyA2AGgOxAYAzYHYAKA5EBsANAdiA4DmQGwA0ByIDQCaA7EBQHPM730DcCbXeFRF113jTgAmB2J7ZJF95FhNXn4snovkoCE6nlI1ccq/Hn8dj9eORaK0vF47VtYBHhQytqkyJq6xevmZSCkzKWuCG/scwIOB2B4lM3ORvRc1XGSnws+Ln/lIsxZggtAUvYCr/+iKLK3z1/v9m7hq9XisJqMYs1m9tBhqorui0DrkCJ8AGdtUxHYqQ4sCi7HbHeTnr0u5FUIbXGS1iOeMZXJXkBJig88Asd1LbKeanhaDy8oFttsdYr9PndX1HD/m58fLljLr+zT0fa6rzLwez60JTijFhKhggtAUPZP1en2dC430oWVJeWbmUttuc73bbrPs9FjM2gRvXpZSm88PpUWsZ9GNya0U3Rk8Pz9f+lMDOAkZ25nsRCSXMjYw4NmXS80EJqXEIOVmo5JLfkzej01SwfvMgrwGkdp8fpBbrJeiK5qot2qaAtwCxHYmW5HKtfvUTEoqKM/CTFxabjbHsV4f3hPJhWZqVWxBZMPT0yGsnqzu59Waqx9umgJMAMR2JhuRyaWEZmO16WlSU4EFmc3ktcRq9XbcszrP2uTyNhggkjoS2vNz2od6FF2UXM7gatmb3jRSg2mC2O4ltrIZakJSMVk/mjY3N5s3kYnUVqs0rFZaitjkvSRhWV0qxSZhYtubxKT0ULFZXaUmr0NTNfa9HcntSv1tALeAwYMz+Pnz52UXGJvSEUY7Y5Nz5iJbLlMv9eXyEHZcxWdZm37erq/ZmohNpGZi01gstNwtFmmwuhxzyR01T8fk9tHVCyN8+/btsp8hwAnI2D5zRLQ2xcPD+8d8kCA0O7PElss0vL5q2b++pmG5TGm10pj5YIJfJ4hNpfb0lHYmtt3Li4pMxKaSk9ebzSGDc8GZ3FKUWznv7UK5AdwKxHYGK5HJpYRVBXmSbRj59CaoCy3L7PVVy2TRudzkfB9ECGLbu9hcahLrtUpNBLcToW23B7GJ5KxvT+Um92Fy0+xtbDABYGIgtnsPHPjSKZ9kG7I171PrRWoiMJfZnz+p83K51L62Yb1Og2dtPsHX+9hiM1Riu007id3uKPb7vU46Hmzir07+tZBj1SapgNxgYiC2e8xhq0zxyBmbZF42ECAZmMpKwgYJRGJ762+T0OapSM/EptleyNjyVA/JykReEsOgIX+KHJLdWQhS6l3W1quWzVEBucGEmH/9+vXe9/BwfP/+/TpbEZV9bD5dI85Js6kfGjY510ObjCY+lZrIL85lk2zNXg9hXpuOkvZ92seQrM7qyco8zcPn7MUNKiUumNfG7x3ckvnv379v+gUtcvFAcmUQwXUwWOhrH90s6vr90mQ8tVBekFJE483JUOZ1qNb8jAvpq+/XIm5tVNuV9wT83sEtmX/58uWmX9AiZ+9QUUrg7YI55Np6/bAgvfNO+77Xeuf1uMZTwmXkwvFrWL+YXsdKrdv7+n2heen34Dt95Pv5yNrRD/5s+L2DWzL/9evXTb+gRX78+HHdeWxBDjKQMLNMaSax26XZ05P2u0nZPT+/jZz6vDUfWXVBhaaoCmw+T52MbspnPeSa5aqDGOXi+HK6h4fe9P+PjvJ7B7eEwYMz6OUf+TWIo6IiI8ueNKw5KurohyH1+72GSC+GnmtZWV4Y72tOrT+tM7GpyCReXtJssUj9y0tKHotF6haLfI5L72i6x3sTdQEmAmI7gyf5x35tsfmuHt7EnM3SzKPrNHoLf63vibQkJAuLo6KWwfn1cnZmk3D7xSJLTYXmk3VlaZVM0rVzVWxSLzO3cmkVwIRAbGewECncYrdcHwUVUVmmNRMpSYjE+l6zRZFZL+9ZFiZSisuqYlNUPufNSxWVhcgsCy0sszpaViXnnlpWVRMbkoMJwFrRKawX9dIXwYcVCDqvzXf0sMm6ea1oWC/qWxhFsR1N7ZDF7x6+CsGWTx0tiLc+t+SlbUx5zSVVrBOFW0PGds9dYCuL4X3bIZ+3JoLRQQOLnKVZ1uXCO1oEH0dHLWOTLM8HEXzwoAsyy7t7+B5tIkQXW9yb7dTGkwATAbFNoZ/NRkOPdtAVQYl8RFYutjCaqU1Jz9TCnmx5d49yuoc1YYdCknlUNIyM+vbh/+zHxrZF8CAgtomILdfDonjN3iTLkszNsy0Jl5nIzaQWn4WQsz+fp2brRbVZagKT/rsjmRVTPPJgwVjzk341mDCI7UzmIoJrMLLMKj5WTySUN5+0/i/vf/Mtw6sPdIkTb2101Ded9MysFNo/GRrPPYAHhMGDKTyp6r2twr1pGnbXjc9COJJa+Qg+f1aoP4GqfEqVH4uP43vvMXwXSI0nVMFnQMZ2z4m6tf9T/JhIpZjfptKS0qaExIXyRw9PLh7mEpdMadbmy7Ls2D99aGWG9p7QyNpgYiC2ez7VvPb5ILs8oBCXSZnYjp6REDM1XwDvE3SDnFxgvmY0rw0NEtNz/N7GRj4RGUwcmqIXcrMfn+/4UdtVoxRZ7Fcr76e2eL3Wb+ZiO5WdXSi0i/8jAPggiG1q1J6LEMtSYrWIlLtwXGOnDgQFE4em6NR4TxreVCxFVpa1a45J7JTMkBg8IGRsj0I5LaRWlvVT0kJm0DCIrZWmau28/2lKIjNoCMT2qFz614bIoGHoY3tUEBPAKNYTDQDQDogNAJoDsQFAcyA2AGgOxAYAzYHYAKA5EBsANAdiA4DmQGwA0ByIDQCaA7EBQHMgNgBoDsQGAM2B2ACgORAbADQHYgOA5kBsAJBa4y9D9omm4D6++wAAAABJRU5ErkJggg==""}}]}, {""role"": ""assistant"", ""content"": ""0.331""}, {""role"": ""user"", ""content"": [{""type"": ""text"", ""text"": ""\nYou are given both an image and a text-based representation of the same stimulus. \nIn both, a red dot appears on a horizontal line\nThe left end of the line corresponds to 0.0, and the right end to 1.0.\n\nText representation (the dot is marked as \""\""O\""\""):\n|--.---------O--=--~------------.------- |\n\n\nEstimate the horizontal position of the **center** of the red dot as a decimal number between 0 and 1.\nDo not explain. Only output the final answer as a number between 0 and 1:\nFinal Answer:\n""}, {""type"": ""image_url"", ""image_url"": {""url"": ""data:image/png;base64,iVBORw0KGgoAAAANSUhEUgAAATYAAABNCAYAAAAsLkgfAAAIfElEQVR4nO2da3LbuBJGQephew1J9v83K8kmkqzBlmyJtz4IjbRg0M5IdKwLnFPVBYqWKFnjnOnGi8M0TVMAAGiI8bM/AADA0iA2AGgOxAYAzYHYAKA5EBsANAdiA4DmQGwA0ByIDQCaA7EBQHMgNgBoDsQGAM2B2ACgORAbADQHYgOA5kBsANAciA0AmgOxAUBzIDYAaI71Z38AKHhvp/Zh+FefBOD/FsT2WVx6q4na65AdwBmI7V9SSum9xzW8xOzYvw7JAYSBu1R9MHPy8ud1XD5+T2Zl+9YxQGeQsX0UNVH5tjyuCc/jRVYelxLTY7sOgoMOIWNbitrXOCew96KGl9h74Z9fXgOgA7rP2Bb3eiGyqJLj8XROrc7PtXNyK8U1jn9aO3bnJ9/35kW30O86IEi4cRDbUmKbKzdLgVVi8I/fEts4hslkZrFa/TnW6/WcWhbnJXcliA1uHcS21LSLGaHF65vADofTsdrD4SS0wyFMdt4kV4xyZlE5kU1qXbwSns/kyhLVg6SgQbruY9vv98tcyGdZLusycZnMotgULy+nY2u96CyMJKUoLpOY2vU6t/GcWi++OcHZNa9ku91efQ2Aj6LrjO0goVzD3MCAz75KkaWYnp9jq3P288nLzTCpWZYmoaWIx5vNn+MkuSy/t+SWrg3QIl2L7UVSuZTaPLSy30yiMnGplcxmIgrOlaT5+i77Monldrs9HW82IVQEl8vVvy1LARqha7E9SyhLZWx+EMBKS5OaCWy/zzGqtXMpe4vP1+tcaSupxZCovNC223DU47u7P4JLbZabK0+jHBEbdAJiW0hquTWhqbVszESm2O3CuNuFSed2uyw5K0lz1laKLWVqJrOjxKZ2v89yO+q9fBZn/XC+LEVu0AHdDh78/Plz2b41P0hgmZrP0JLQJLbV01N+HEM/t6zO+tm82NLgQJSZxf19FNvh/j5M6Vhh2dxZeTrX33al2L59+3b5dwjwgXSbsV08Ijo3T82VoGd9aSYvySzFlNqVMrenp5jRxazOsjYTWxo4kNiOSWyHJLDDfh/ldnh5CcciNAhhEctRP2Jq00YEAwnQKN2KbbfbXXeBQmxnUzmsBPVZ2ePjSWaPj1FmaoOk9vQUM7oot+fnMJalqKRmYpPUdruYpUloMY7HOLp7PB5PMU0x4hw6yU2Zm67p57rNrTEFaIRuxbbIwEE5+dbE5krQwbKzx8eTzFIMCklNkfraNAUkZlkKy9jS6GbsX3t+PpWgSWKHaQqasBJjGGKriSJSonoYLOJn9FNAEBs0Trdiu3gOW1mK+jLUjYKObtBgUnboQjI7mtSUyaXBBGVscS5bIbYoJZWYElqS13EYwnEcw2G1OouY3SWB6edn60YVlrUJ5AaNsv769Wvoke/fv1+/hMpKRrd6IK8wcJNv/cRcSS9KSq3kV7Q587O1nSop04TdKDk9T6OdqS8t9qup9ZFEq+NX5ad99gUm6/b6twO3z/r379+hR65eI1oZRLD5Z1YC5vloviQsSsTY1hbMz+zdZs/P16j9PvpZKknzKX+t2n5tF3wfvf7twO2z/vLlS+iR/7xDhRdBTQ4uA9K14/Xd4vXBrePU8ZBKTGtjuNHQ3Lo1ov75gx2njMwf5/ewVQvl53lv992/pNe/Hbh91r9+/Qo98uPHj8te6DOpsrxLctI8tFFTLA6H2ObYbMK43Z7mqlnJquena2X5ecFJULrWZhMGLTy/uwuDxXYbr1curYpRLquqTdIVV/Sx9fq3A7dPt4MHK/1DvxS/k4dlRCYMueI08znHOE1hpdD76nG6oes4DGFM4opTPmxhvBPbkOQ0SGx3d2FME3Knh4cwPjyE1cNDCPf3p0jCM9lJpH5p1Vl/W/ygDBxAm3Qrto2ymqWWU0k8yr6KMlDHUV4W4xhWitUqjArL4jRSWlt5YBmbrm/ZmVYXJLGtJDOJ7eEhDPf3UXq2AiGuOlDY1kauLGU0FFqnW7Hd6R//taOi5ciojm0U1PWDnZWi63VYqd1swkqyckuqRhs5LcQWy1qJOGVilqFJZoMyN8msXFaV1paelaG1VQcIDhqk27WiF68XLUdFiwXw5VZFtoNHlFeaiKulVFloatO8t7OMzd7O7eyR14kmgcUlVcre7LHvb7MtjD5oATzrROGW6TZju2oX2HfWi55tKpk68+OggUIyUz+Y27ooSy1tOFlmbDHjShmfsjYbOLBBhLyNkX4f29rIBg8+YPE7wK3TtdgW62ez9aLlLh9ecBKXRGQZXLnZpCtDz8SmsH6yVMJKYnEwwfrd3F5sOVMrbvSS75sgkBo0DmJbavfcmW3Bh7ny1Ld+k0m/g67NP0t9dZaJWR+axPZqa3BXfr656B25QcN0Lba1RHApb6xAeHVbPS+4UnLFTV1ytuYzNjdJV1NDcqlpZae/ucuc1AQZG3RC14MHi9ypqrb8yd+lyt8HoXLHqupdqvx/En8/0dpdqvy5Wun5ASUod6iCW6frjO3iibq1qR9lW04HKW+M7EXm9mCbu6+ozYuLWVsaKfXLqM62JCp376gJjawNGqZ7sV10V/Paa2bkFoVUkVxVeF6I7r3yOk9XYmbRlSsf7HZ9/nMiMeiM7ktRsdhXUA4qpKVVrwYYajt5lOHxfW3lceXWenkPNnvtZ/+PAOAfg9iWovY1zpWowibh1oQ2J7a58M+x4/L1AB2B2D6Kv+mHs3ZOaJ63BFbrR0Nm0DGI7TMl99Zxjff2UUNmABHEdksl699CdgbwJojtM7nmq0dmALN0P93jU0FOAB9CmvAEANAOiA0AmgOxAUBzIDYAaA7EBgDNgdgAoDkQGwA0B2IDgOZAbADQHIgNAJoDsQFAcyA2AGgOxAYAzYHYAKA5EBsANAdiA4DmQGwAEFrjf2x+Ho4epb+CAAAAAElFTkSuQmCC""}}]}, {""role"": ""assistant"", ""content"": ""0.276""}, {""role"": ""user"", ""content"": [{""type"": ""text"", ""text"": ""\nYou are given both an image and a text-based representation of the same stimulus. \nIn both, a red dot appears on a horizontal line\nThe left end of the line corresponds to 0.0, and the right end to 1.0.\n\nText representation (the dot is marked as \""\""O\""\""):\n|----.-------------- --------O--=----~.--|\n\n\nEstimate the horizontal position of the **center** of the red dot as a decimal number between 0 and 1.\nDo not explain. Only output the final answer as a number between 0 and 1:\nFinal Answer:\n""}, {""type"": ""image_url"", ""image_url"": {""url"": ""data:image/png;base64,iVBORw0KGgoAAAANSUhEUgAAATYAAABNCAYAAAAsLkgfAAAIoElEQVR4nO2dW3LbOBBFAVIvryHJ/n+zkmwiyRbGlmQSUxfqhloI9LBFWUXgnqouUDRFs1LjM41Hgz6EEBwhhFRE9+wHIISQqaHYCCHVQbERQqqDYiOEVAfFRgipDoqNEFIdFBshpDooNkJIdVBshJDqoNgIIdVBsRFCqoNiI4RUB8VGCKkOio0QUh0UGyGkOig2Qkh1UGyEkOqg2Agh1UGxEUKqY/HsByCkKaZ+xYj3096vEig2Qr5aZiW5XRJeSV56Tr9HwZ3g+ZYqQh6E/dPS42vnzqHisgIrnSt9bhBmbIRMTS4s2147zsnlhVYD3ymJLmTnG4QZGyGP6mrm4tIYx3/PXRKbSqrrTsWWR349aFRwzNhIczzs/+VyX1+SlsrsXFuSW0lekJsKzrQhFxrQrG4C/MwESbGR5phcbOcyNCuvLPwwHD/rNfYeQGQVVGB9fxRbFukam9WF6bqkFBshtYvtUtczBBeMrLzKCyIbhoPQhuFwjcgtnsuytlDI0gLEplH4HENl5rMuqjIzQX0WjrGRptjtdtPe0HYhIaksQ1ORuff3w7FprehOuqQAmVoutcUitZBZQCvH8TOuxbHPMje5372sVis3F5ixkaYYIJEpKM1oZhmaSstDZvu9C9JGqeH4/f1wTuVWyNg0KwsqsuUytmG5PIhO2iQ9/O7OjMNNLLe5QLGRpniHVO4lX4uWdTut0KLA9vtj7Hbp2BnJnWRtKjbJ1KLIRGIxVquD0NDiuyK7KDe0XSFzUxqRG8VGmmIPmUw9A6pCKmRpSWa7neuk9dvtqeA0a5P7BBEbupYnUlut3AiZIdZrF5AFyucoN8gO9+lN1/TSeFvFUGykKSYRW2H2M2ZrIjaVVRIZpLbdurDduu7tLYoNP3MamrVZsclMJ6Q2irTG9TpFlBqO5btRcJCaZm19NoMKGuqScvKANMPv37/vv0lp0a2KTcbNNBPrRGgQWf/2FqWWAnKzmZsZZ0vZWt+7UcSGTG3cbKLUhs3GBRxLxOwNoZnbQiYVrNgmGmv78eOHmwPM2Egz3D0jWlqvZicLVGwQGsQmGRoivL7Gtn99jcduu42Ba9JYm2ZsIrYRYlsu3SDZ2rDbRZEN7+9uHIZDjGMMLB9BxqZjbi7P2hpb/kGxkWbYQiJTjq9lyzriZIFmagiRmsoMrfvvP+deX51/ezvKTcUmM7a4e5SaiA3Z2rDfR6FhVncYxxhRaiEcQp4jCm6UNXIym/rPJEKlMrNQbKQZJp04COE4caBja5Kt6Zgaup9RZiI0D6GhRWCsDZkcxt5ysZmJgyg2ZGgisiEEh6sG71OMuF6EiJGloMJVsdmqBECxEVIPk6xhy9at2W5opxkbBvYhK50ckHG2UWSG6JDFIWvb7VyADLOuqC7AhaRQbAV5jdI9HRaLQ8hxHIcTgankTp6vwUmExffv35/9DIR8CT9//rzvBqVaUO2KmrIpW2mg425BQ9avpVYmD9IYG4CcdD0bZATBYfxMYjwTTtpQkpg+87llHzdKbi6+WPz9+/fZz0DIlzDJAoBsF46oA2RZEvpZz9ljrSG152/ZukjPanczP3/yO7Lf6fA78912SzK78d9mLr5YfPv27dnPQMiXcPcOFXa3DHvsfby3zwrX42fJnryEHqfidS2DsvfTn8uyDW9aPcbPfbZWTZ8hyH3S88gzXqxAuPHfZi6+WPz58+fZz0DIl/Dr16/px9gESKaTbmm3WMTxttgilkvnEavVscxKu7AqNBUcgKRUZuu1c+t1bDU6rT7Q0ipTL5omDPozWxyVduT9AHPxBScPSDP0+GOfclYUopDB+ZgtSdcUsoLk+hBcjxay08DP8F1cL5lZHGPTkio5DzlFGUJkugD35cV1m43rX16cQ2w2B+mtVgfZLZdRoiGXXGktW8UTB4BiI82wRGYz9To2rRE1Xc3O+2NAqN7HiJ/xcwSyMc3iUHmgExEmY8PPo7BUbJAaZCah0otVCaZeNORbGVFshNTLGt26R1UeoFuplQfolmbRaytdUwhLF/LG75iMLcpRsy4RG1qVmd9sjkJDa4QWu6Z9YQPKfB1b5RUIrBUlTXF3vaj9c8l3yrVlVaYCIdWKmhKrVEeKbM2MublsV49UJ6oF8KhCkLpQzdTS7h92M8o+G2M7l619QGhzqRMFzNhIU0yyC+y53T1saZWMd8XuphzHLA1dT2RcKjUpgE/bg2tmJZLC95x2WU3oxAHEpzJLYusKEwalyoPKsjQLxUaaYvJxtmyxbhQUxscgKx1HU7mJ1LTsKmVruNZsMpkv94gTAmZmVT+nvdrMLrvFF7z4M6/pqxiKjTTFJGIr7aCLmc6sCiEu2YC47CRBFmlzSrOYNq1307IqM37mz3Q7NUsLpSzNt/fOUYqNNMUCsnngK/dOdvzA79JxNwjVjL+lXXOt2GzJk1nEG2VmXt5ykqVdewUfuHNsbY5w8oA0x6RvqrILdu2OH4Ua0jj2piLTY/tu0ezVealraRbd2nca5Es5wrVup/98N3ROb6gCzNhIc9y9UPfKe0XT+z1VbFpVgDE3Wyxv5WfvIzOjsSRK5JYW7V7K0OS77txY2h3F73ODYiPNcXfNaOn7edaWCU73RzuRmc3UsjfApzpPIzArtfRZniVla/b5fN1r1S7Brihpkof8Z29nSvWznTXNj/OXJGeF9f9MAOTH5trwQKH5GQqRYiNkCq51Ty9tU3RObNreOnaWH+fMUFCfhWIjZGry5SB5WzqXc2ngv9Fxs49AsRHyjCzu3DWWcwKjzK5CsRHyTMndAkX2YSg2Qr6az/7JUWY3w+UehHw1FNTDkXJ/QgipB4qNEFIdFBshpDooNkJIdVBshJDqoNgIIdVBsRFCqoNiI4RUB8VGCKkOio0QUh0UGyGkOig2Qkh1UGyEkOqg2Agh1UGxEUKqg2IjhFQHxUYIcbXxP4NOlatHaI8FAAAAAElFTkSuQmCC""}}]}]",0.331
google/gemini-2.5-flash-lite,sample_009,0.60056,0.60056,0.371,"[{""role"": ""system"", ""content"": ""You are a marker location estimator.""}, {""role"": ""user"", ""content"": [{""type"": ""text"", ""text"": ""\nYou are given both an image and a text-based representation of the same stimulus. \nIn both, a red dot appears on a horizontal line\nThe left end of the line corresponds to 0.0, and the right end to 1.0.\n\nText representation (the dot is marked as \""\""O\""\""):\n|-.----------.--.---O-----.-------------=|\n\n\nEstimate the horizontal position of the **center** of the red dot as a decimal number between 0 and 1.\nDo not explain. Only output the final answer as a number between 0 and 1:\nFinal Answer:\n""}, {""type"": ""image_url"", ""image_url"": {""url"": ""data:image/png;base64,iVBORw0KGgoAAAANSUhEUgAAATYAAABNCAYAAAAsLkgfAAAIfElEQVR4nO2daZLTSBBGtbjbfQfg/n85CZcAzkB71cRXzhTp6pLa2GIal9+LyCjJlmQPeB6ZqkXtMAxDAwBQEd1HfwEAgKVBbABQHYgNAKoDsQFAdSA2AKgOxAYA1YHYAKA6EBsAVAdiA4DqQGwAUB2IDQCqA7EBQHUgNgCoDsQGANWB2ACgOhAbAFQHYgOA6kBsAFAdiA0AqmP10V8A7pilHpfRtstcB8BAbHCbyG6RmwutdA1kBzfQ8pQqeJf8J+L78fWpY0qSivtT21PHA1wAYoPrZKa2tF06N8rpvXZue+41gAClKPy5zKaidE4uL4+5fZ07JzS/NoKDCcjYKmDRv8KCoJI+jsdzicX9/L38++Ti6rpzqRViyM8pXesGWqRYNWRsFbCY2OYyNMnLBebbIdpccJFcWi622GayS2IrhWdzU1ndhSC2ukFsjyy2udIzCG1waR0OTesyOxxOQrN2UGvHJcll5eKZzCzSa6X9XHq53Py63H+DCShF75ztdrvMhUr3zCSpmJlJbBKYRdre73+/5sfnWZsJahRX35+21fb9+WvviW5Kclfw/Py8zJ8d/HOQsd05BwnlFqY6BrzENGElke33o8ja3a4ZtK3XguCGWJaKWH5Goa1WJ6mZ3LQf3y+J7m/IDeoEsd05e4nlWvIhGtn9s5R9eUamdrc7tYrt9tTudqewY5LkSmKzzCwJzaQ2bls0UXba1/G2/0Zu3vpnxBYeHsR25+wkm6Uytlh6ernpWZrLTBJTu902nW+r9WNiSSqsIyCJzGX29DTK7Kht3/dWInPZudhi2TqXuQEgtgcXW16G5vfSPCOT3CQyE1qS2mbTDNbqGL2XMjaFX0dYGRozNJfZ0eP5+SQ122+C5GIWN0apNHUQHNB5cN98//79+pOnhnTkmZqXmptNklcS2WbT9K+vaTuFSS9lcDonz9iC2KLMUrteNwdJTPv2WpKaZCexueAsi5sU25Xl6JcvX67/M4R/FjK2R+wRLY1XiyVoLjUTWucye31tBm2/vja9MrfNJmV0Kavz+2y52CQ1E9vBJJZaiW29PkkthDomkuB0PcvcRrGV5GafddbCw4LY7piNhHILpaEdsQRVmetSc7FJZhLbr1+pbSwkvyS3/b7pXGw2iFbZ2lHh2ZpkJrGp3e1OIbnt96c4HFLou2h8nATnmeRZWRo7EgRCAwOxPXrHQRSbj0dzsfk9NZOaRNb/+tU0Fq1CUlOoRN1uT5mW32fLMrZ0D00Z2W6X5CZ5abjK4Xg8i+MwpGEjg7ehp9Y7FtL3nCpH4eFBbI84hm3u/looQ3XPzDsNBs/IlCXafbajWhObdyY0Pr4tE1vqBJD0lI2ZvHSE4tC2v6PrmqPCMjG9P84bjd/dx7vpc0rlKDw0q8+fP3/0d4Ar+fr167Jj1+Jg3DDDIHYopMG5lpWN2ZlaSVBS817UUIqmoRr2uUlS3plg548lqO7BWRnqpahK2DRdS/JSq/Oj0PW6f84VcuP3Xyernz9/fvR3gI+aI1pYbijNGtCuRRuOS+/4+9r31/NVPuJwDxGnZWXnxf+GeP34HYrvxzYuZ+QT5C+E33+drD59+vTR3wH+zxUqSqtixNcs89G10/VD72Pr5Z+2+z5FE9qxNFQbV+DIxqHF8+K547Z9jj5P4RPo0+dPTYr37x7bC+D3XyerHz9+fPR3gCv59u3bMhlbLgitwXY8Np3dpFfbPT2l3k4N5+ien08lqZesPj9UTon3vvzaEpSNSWs18Vznh9D10rg1G8Om4+IQDx+oe9Eg3T+UPb//OqHz4I7p9T/4kr2iIQuSHmJoQEU/DKew/RRt23QxgyvcY0tZ12rVtBLben0S2ctLiu7lpelfXppGsV6niLKTUEex+SyE0sR4QccBGIjtjnlSZrOk2CQN7yjw0rPrRnl59BZd35+yOcvoUgYWZh/kGZvENmZnJrY+Cs2kl4aCWObmw0SK80UZ6gETILY7Zi0hLNErKrJ119KQD8nIosuil6SenppeWZWE5FOrJsSWylqFpGYic5m1ytyC0Ma5o6UydG4JIwfJPTzMFX3U+aJzy3/7Srm+YofNQvA5oWmuqLZ9ipXPFfWljDKxjXNF4zxRn0ZlU6rezBXNlzIKHRdvFp4UV2RtzBOtFzK2O+fqVWDn5ouG6VVJUioFvdNA8lKWJtEpU/PVPvLli+JwD5eSlax554HCJ74fQ4fBmzXZ8iXDBYtNQgHE9sj32fKyNK5+G1fQdcEp/D6aiW2cehUWnEwRS1Ef8mHSSh0Cuo7dl+tK67H5/bRQfvrg3qLMkBoEENuds6jYJp53MMotW6NtlFlct82PC0NJUm+r9ZqOK+aaxCS34gq6vuLupUuCIzYIILY7ZyUhLCU2byce5jIKTpmWS86fexAe6jKe43jGZnNGo+DGsjM+5yBKzSX23vJEiA0CdB5UwCJPqsqnV1m8KU3jYpT5U6qi1KaeUpWVmXEZojdPqbrkwS08oQoKkLE96kDd0r9npQ6FbB5o8XF8cQJ9/lzR8NyDcUqUTZeSyNLYudLj9q4RGlkbGIjtUeeMls6ZKE2TqHwVjTjZPSwoeZap5WLzqVYxc4uii/v+VCvKTrgBStFKWPSvMRNcXOGjlMW92S6tvBGzr9K9syw7G8vQyEJCu+ofArgrEBv8ZuqnMFeiliKel2daUxHfj8eXQEzwDogN5sl/HjNruZVK0DOmhmnMyQyJwRUgNlhGclPHRKYEhsxgYRAbLNujegn0aMJfBrHBbdzy80Fm8JdguAfcBnKCfxBbIgEAoB4QGwBUB2IDgOpAbABQHYgNAKoDsQFAdSA2AKgOxAYA1YHYAKA6EBsAVAdiA4DqQGwAUB2IDQCqA7EBQHUgNgCoDsQGANWB2ACgqY3/ANGl1gCCZwauAAAAAElFTkSuQmCC""}}]}, {""role"": ""assistant"", ""content"": ""0.632""}, {""role"": ""user"", ""content"": [{""type"": ""text"", ""text"": ""\nYou are given both an image and a text-based representation of the same stimulus. \nIn both, a red dot appears on a horizontal line\nThe left end of the line corresponds to 0.0, and the right end to 1.0.\n\nText representation (the dot is marked as \""\""O\""\""):\n|--------------------=-----=---O------ -.|\n\n\nEstimate the horizontal position of the **center** of the red dot as a decimal number between 0 and 1.\nDo not explain. Only output the final answer as a number between 0 and 1:\nFinal Answer:\n""}, {""type"": ""image_url"", ""image_url"": {""url"": ""data:image/png;base64,iVBORw0KGgoAAAANSUhEUgAAATYAAABNCAYAAAAsLkgfAAAI6UlEQVR4nO2dbY7aMBBA7STLxxna3v9vT9JLtL1Cd4ElqcbxpINxAl0+At73JMtJCAFV2texPWN813WdAwAoiGruLwAAcG0QGwAUB2IDgOJAbABQHIgNAIoDsQFAcSA2ACgOxAYAxYHYAKA4EBsAFAdiA4DiQGwAUByIDQCKA7EBQHEgNgAoDsQGAMWB2ACgOBAbABQHYgOA4mjm/gIAMMG1f5LEe/cZQGwAjy6znNzGhDcmLu8/9r4nxfMrVQAPLDN7PXftlKT8GcfnPOfJQGwAczIlLunHjtP35KTlT/Tp8dS1c157IBAbwCNFZ+mxtLY9PE/fMyYvnzR73d6bHufOx65NXZ8RxAZwBlf/M0nE5K24rMzSPm2WnMx8bFV1JLnuIxHdfwxn/YzCY/EA4N5iy0VlOaElzdvzXMRmWqcik94e23tORXK5Xj4vXYgYERhiAyhZbLmhp16LkgrPV4Ht9/2x9Pt9L7T93nV6Xe6xMrQRmMqrrnt5Sa9yq6peeGn0lhPcmOiuMU93BxiKApxgu91e72GZKG2IxKK4gtje33upJf2B+Oyfro3C6l5mQWp1/U9ucmwkF+6ZGr6eEp/9bNsbFouFmwMiNoAT7EUktxp+JhFaENj7e+ilddLvdr3o5DhGboMMFR1+alTWNEFoQWr22IpO783NwY1FdVOLEXr+ACA2gBO8i1QuIU3PMPNoOszUKE0lJn1o2+2/4yi30Oxcm51XE1k1UWTSv7z0fbymkhuiN+nH5uJycsssQjyi3BAbwAl2IpsrRmwHiwBplKYik367dVXsDwRn596i2EROIqpBaE2U2suLa1VuqeSS6O0ogssJLr02Nfc2I4gN4NZiS4ehKjTpVWjyGbtdL7LNppfaZuO6zSb0ck1eC9Ga3Gvn2VRsUVRd0/QyWyxC38ZezoPomuZ4eJrMvR21VHZ6Lmj/QHJj8QBggp8/f17+kFxKRzL81CitUpG9vbn67c1V0uK10EzUFt5vxRZl1RqZtctlON4vl73UVHIauYnkzLB0Um4TqSNTw9Fv3765e0PEBnCrFdFclYBZ/RyTWpDZ66vrothEcHLsNhv5QkFuwzxbErFJNNaKyERgUWgit/1220tut+vlZoemMWo7EtuY6HLDUyGVm16bAcQGMMFGZHIpaWqHzpHFYajLSK0WscXeidReX8NwVO4N92fEFqQWxdaK1FYrt9/t3P79fWitNrlHvodZaBjSRM6N3qZWS2cGsQHcY+EgFZuZWwsLA1FqtcpM2p8/zovQtL29hXs7aZrXpmLT1VAV22oVxCVt33X/mqSvdJ1rJSm4bfsm75PvZefb5Nmn5IbYAD5pDls6vxajtRCxyWKBiDOufoqwNCKTKE1k10ofWxiextdDflsiNqfDy7Z1kuEWmkRyVeX23ru99PFYrslr8l6572Ci3X5fjd7SOcKc3B5oAaH5+vXrrF8A4JH5/v37dXLX0vpPnfy3zSTmhuTc3W5oLunDKqrNY5OILX5mF6sPhtQPGXrG6K0V6WmL3ytEb7m6Vfu9LSI0vTYmNsV7N4djmt+/f9/9QwGehYuTBjLbDWmdZxebrfscakbN63I+iMcm5lqxCea1TiWXRGNpCVVYdEjOTw4x9TNzu4vY7xPvncMxzZcvX+7+oQDPwod3qMjtfGGqBKTJs8PzzeqiN3NYXs/reuiHphGTfo59ra6dN70ey1A1HMc8tnAemy4e+FP5a1MJurl/K+/dHI5pfv36dfcPBXgWfvz4cdkDMrtwhGORSNu6Kk7aV9Kapm8vL6H5xaIfliaVBuEpOsFvhqIiKBff5+S9plWSxyYJujFJ12mTe5NV0bPLq86cX5vDMSweAExQyx/7pdiCdyMJ+fMPLQ5Hq65zddsOTc5FfJIlJi1EeBp52VVReS3KyUexVauV69br0Kr12tWrlXOmhXui5Cqby6Y7fuTKqP5TaHOC2AAmeJGo5hbpHnao6b2rbBOheh9aONeITqQlVQmxIH5YFRV02CmiWi5dJ03Etlq5er12TpoIbbUKr4dk3Ri12dKqYYU1LXwXcom4Dyg1AbEBTLBcLq+3Kmon/2NybBCUCE7lJa2qQhRVx6FpHaOrkMAbKw8OxBblI+/V4WUn31ujs/W6F5rktkmLCby2KH5I65iaP5uS2YNUHAwfT60owA3rRXMF8LoLrm4iqWVVsQhei95rrUSQa9rrLh+2VlQenyboLmKSrkRmUoEgQ1ON1HSuzdaKplKbEtlEakfKHHWiAhEbwAku2gU2t8Gkik2kIoKKc2Nhdw8Zbuo8WZz0DzKTiEulprludhddjbji4oOTRYPl8qAFmdkhaLo3W05qTxKhpSA2gFvPsyVyC3lrma3Ag9C0j2Ia9mPT0iuVmt2PTYhJuZrGUcWhZpCaLhTo8DNKbdh00kjt6AdenkRkKYgN4M5iO1gl1SoEjd5keCpC0sjMDFOHonmN1ozYdLVVc9I6La8SQarMTKQ2DD81WhtLxh0TGGIDeG4aEcElTC0k2JVSG73FHDZbZqXHbuQ3D0LTRNvG7LdmFwmSxYKj3zzQZ53iwcXG4gHAvX6pKimtOvqVKvvze5qUa/tUavZ5WhKlQ8sm+Y2DJEo72gp8onLgo8z1C1UCERvALRN107ghNywVuWSGp0eiS388OalokPmxoSSq7vPaRFxDSVW6BfhUPeg5PHDUhtgAblkzmr4vNyyN1QcHhe1aD2qis6Nfgk+kaasaOlNvanfEPbjn1M4cTwxDUYAzueqfSrJtuD+1bZDt0x1DlLRawI/UesYKgtEV0Dn/I7jW5yM2gDuS+3NLJDcquNwcncWKqvpAfScRGwBchak5OO3HZJb7001LoYRzk24LArEBPIvkpo6VqUjMP1eS7SUgNoBnGq7+L/7zyMyC2AAenWv8ifrPITSFdA+AR+eTSekaxJ3jAADKAbEBQHEgNgAoDsQGAMWB2ACgOBAbABQHYgOA4kBsAFAciA0AigOxAUBxIDYAKA7EBgDFgdgAoDgQGwAUB2IDgOJAbABQHIgNAFxp/AX/qdllPni50AAAAABJRU5ErkJggg==""}}]}, {""role"": ""assistant"", ""content"": ""0.707""}, {""role"": ""user"", ""content"": [{""type"": ""text"", ""text"": ""\nYou are given both an image and a text-based representation of the same stimulus. \nIn both, a red dot appears on a horizontal line\nThe left end of the line corresponds to 0.0, and the right end to 1.0.\n\nText representation (the dot is marked as \""\""O\""\""):\n|-------------=---.-------O---.-----~----|\n\n\nEstimate the horizontal position of the **center** of the red dot as a decimal number between 0 and 1.\nDo not explain. Only output the final answer as a number between 0 and 1:\nFinal Answer:\n""}, {""type"": ""image_url"", ""image_url"": {""url"": ""data:image/png;base64,iVBORw0KGgoAAAANSUhEUgAAATYAAABNCAYAAAAsLkgfAAAIlElEQVR4nO2dYVLbSBBGR5LBJlcguf/fnCSXSLgCYGxLW994WmmJkcDYLM7ovaqukWxjvFT8tkc9Paq6rusCAEBB1F/9AQAALg1iA4DiQGwAUByIDQCKA7EBQHEgNgAoDsQGAMWB2ACgOBAbABQHYgOA4kBsAFAciA0AigOxAUBxIDYAKA7EBgDFgdgAoDgQGwAUB2IDgOJAbABQHKuv/gAAV8clbwNSVZd7L3g3iA1gSmg5weUey8nLHnvv6+GiVNylChaN/+efO556fkpUY2nNPTf1GJwNYoNlMicxjRb+fA4TVG7MyW1OgHA2TEVhWcwJrW2HUstFjrHEvMymzvVeczJDdGeB2OCq+ZQJhRNaNRaXyW1q9D8vxsKq69eC84/rx3MC9Jj4PkiFFBEbLExsuemmiWsiKn8+VQxI8uq8xDT6Y/+aXNh7vZXNvUGF2BAbFCy2qaqmi/j+JrDDIQSFzg+H/rxL5/E14ylpVf0VlYlM8tLYNMPzCdFNCs6DrE6C4gFcLS8vL5+aqQ0yMRPZfn881rjf/5WdPe/FaLKxLCyJrPNjileis2MvRPGW4N7J7e1tWDJkbHC1HCSSc5mqePopphdZim63C9VudxSdPabX+QJDEpBNP01k3Wo1eTyQnxPd5LU5QbZ2MogNrpa9pHLpCmgSUzXK0nqxvbxEocVwxya4wbU2E5vLwqLIkszieHNzFFp6PI4Smo2WySlyU1MDuZ0EYoOrZSehXLICqnE89dRoIjOZbbeh1uhDz9k01RURlK1FiUlsJrUks1ajj/Scl1w/VZ3K3gRSOxnEBuWKbaIC2gstSS3sdqGWuLbbo9S229Cl0c71mhh2zS1lbFFsLlszmWlsb29jRKnpWFKzcxNcyt76rC1XVBDI7SQoHsBV8vv37/PfJCc2q36mwoBlacrQosien0Pz/BxqHz6D80UEn7E1zVFmJjSN63U4SGTr9V/JWUhsbpray+2CWduPHz/CUiFjg7IqolOdBRajbE1hUjORdU9PoX56Cs3TU+ien0NQ6HnL2mw6axmbpKZsbbWKIpPADpLZy8tx3O2i5Nr9PrRaPuIiCk2S0/FcMcEgc3sXiA2ukq2mf5e8vmbXxUxqqRjQS01hMktjeHwM4ekpZnESW9BrbTrqMrbWxGZSU0hqu1047PexuiuhtW3bh8QY5SappWt+ryqlc90JMAtig2UUDnwngS3rsGnodhunn41lZ5LZ4+MxdKxI1926jNisaKAMrc/M2jYcum4Yql3oZ0ZhnzEuBFYgtrNBbFDmGrbx7hyjamitjC0VDTpNe11Idm0qHFQ2PVXGlsQWsz0nNqtyKgNru+4YyuSqKhzqOhya5hiSn6SXMrPWt1f5z+ynowK5nczq+/fvp/8UwCfz8+fPy1xjy/SDjlun+ulpmqJ2aTFul6arcZQA/Zo2+z3K2ExyaU1alFx6jzYzDbWpqEbf0vVKYG6tXM8Jgvu+4O/26uHh4as/A8Arzi7Wj3s63U4ecQrod/awKaEdWw+pG2e3MPK9p/bQaBePceN7nMK6iufsf61v3zrh7/Kw4O/26v7+/qs/A8DldqhwmdSr8xR67/j+br1YPE/Tv6ppQpWyLx0HH1a9VIYlfOfAatW/vtKxW8rRH7vX6XfYwtxqrrVq+Id595/ifsHf7dWfP3+++jMAvOLXr1+Xv8aWkBrqVCWtdb1ttQr1zU287qaobm5CdXs7bIS3nT0kFpvGCkkpLdmo1usQ1us4WtTrdVzHFkON6Yq0hm2wjs23V5lk44f9+Dq2Pwv+blM8gKuk0Rf8s5Z7KENLWaFkVXddaBRtG6O2SM/F11kGZ1XRJLaYdSkDS2KLIttsQnd3F+pv30JzdxfCZhOCRi87idTE5ncA8Z0H8RdQNPgIiA2ukhtlNJfeKVcykpwkt5Qh1VU1iCZFPNfzijSVjFmcCgg+Y0vTVT1Xpy4DE1tjQttsQrXZRKHF5SApa/M7fwz2bGOZx9kgNrhK1prWfUbngVvyEYWkaWjT/I26jtmijhs9p0jSiv2kJjZ77yS+OLVMYlNmJqFVXmibzbB3VOGv3Y17RAUdBx+GXlEot190qlfUyy0t1I0dCGlnj8baq/yoNW0mNr+7hzXAu6b31kS22cSWqs5lav0uH2kK2r0ltQ8K7ceC+0QFGRtcLWfvAjsWm3AbTPYN7Skzi9fJdO3LMjTJTNfENEp61rEwytis8lmnrK0vHqRja3yPu3v4KahVRX2FVrCjx9kgNljOdTaN7q5TfeZmUlM2liqiEluUk2VqJrbRfmyD5R5JisrKTGyxQDCXqaUsbdCBgNDOBrFBuWKbud7WZ20aJTZlYSY3CcwKBRKUtVG5pR9GXP+WCgj9JpNJZpLkqx10ndQGd7Q6vtlwhA+D2OBqWUkE55LrEMg1xqcpaczeJDFJTiJTIcC2Dh/f0EVY1uUW5o53yu3F5m7oMim18TF8CIoHsIw7VWVu6tIvAbH1baPe0T5D81uC+5u5CLuRi0lrfE+Dia2/By1WFxba7cLvUCUQG5S7y8fUfUVtzFVL/S4gTnSDmyfn7ivqb6/nRZZbo/aeXTvOkFxzicXN/zhMReGqOeuu5rmfnWiMj7LxO21YP6gXXq4BftR3agIb9H7qPNcQP/UZ4WzI2ODq+ZR/ouk9o9hyi3jHx+MpaKa5PnuH90wngd/V46r+R1AQiA2WxSnT07e2KhJeUm+Ff72BiD4FxAbLZmpJiI254xxjec0t4UBmnw5iAxDjr8FYcrnXeHLiIjv7MhAbwHsl9x5y8kJo/zuIDWCOj349kNmXwnIPgDkQ1D9JWikIAFAOiA0AigOxAUBxIDYAKA7EBgDFgdgAoDgQGwAUB2IDgOJAbABQHIgNAIoDsQFAcSA2ACgOxAYAxYHYAKA4EBsAFAdiA4DiQGwAEErjP5FJi7ZzfsrhAAAAAElFTkSuQmCC""}}]}, {""role"": ""assistant"", ""content"": ""0.556""}, {""role"": ""user"", ""content"": [{""type"": ""text"", ""text"": ""\nYou are given both an image and a text-based representation of the same stimulus. \nIn both, a red dot appears on a horizontal line\nThe left end of the line corresponds to 0.0, and the right end to 1.0.\n\nText representation (the dot is marked as \""\""O\""\""):\n|.---~------~----------=O-----------~----|\n\n\nEstimate the horizontal position of the **center** of the red dot as a decimal number between 0 and 1.\nDo not explain. Only output the final answer as a number between 0 and 1:\nFinal Answer:\n""}, {""type"": ""image_url"", ""image_url"": {""url"": ""data:image/png;base64,iVBORw0KGgoAAAANSUhEUgAAATYAAABNCAYAAAAsLkgfAAAIiklEQVR4nO2df3LaTAxA/YOE3KHt/f/tSXqJtmdoAgF/IyE5QlmgX+yMzfa9Gc0aFxbagVetd7Vuh2EYGgCAiuiW/gAAAHOD2ACgOhAbAFQHYgOA6kBsAFAdiA0AqgOxAUB1IDYAqA7EBgDVgdgAoDoQGwBUB2IDgOpAbABQHYgNAKoDsQFAdSA2AKgOxAYA1YHYAKA6EBsAVMdm6Q8AMAtz3bqjbefpBxYFsUFdMvvbcyWBybn8XER3l7TcpQrujviVvXV87evt0oryKp0rPYZVg9jgPshf0yiuLLHSuRJRYpeOY5tfB6sFscE6uTakzAK7FSWyyK5Ffv6lvmA1IDaYjU/5KqXhZVsS1/H4/jieu3TdrOve5OXH8ZzFcEly+fgDtEjxU2DyANYpttL1siwreRzDzrX5XJRblFPXNYOLrO/fxBbDxSbH/rooOel3gpwQ2+eA2GB5sd0adgax6XuYtFRgh8Pp8eEwPh7Cec3w5HHsOmZpEn1/EpzITcKFV5Dc1WGqg6wWh6EozMJut5uno9J1NMu8VFzy2KUlrUX7+npq4zmXXh6OShbmIhOJSbvZnFqL8TiKLw9Xra+r19/+gsfHx2n/ZvAOMjaYhYNIZCrXJgVihhYEJkKTGPb70zkRnJ/zLM7lJoShpctrEKltNie5ueD8XBRdzuCsvznkBvOC2GAWXkUoc2ZqaULApeby0gxNWhFaDDvngnt3rc2zNRGbSUzbh4e3EKF5GwR3lsXdyt5gURAbzMJeZDKVlKWdTQJEqWWZ7XZNt9uNx1Fy45DVhDmY2DQ8QzOhHR8fT8feWoySs0yuODQVENtqQGywvNhKQ9AgtXHY6bLa708is+heXprB5fby0nTyWeSan113a0pis0ztGKTmoWKz48YfxywuZ25xYkFAbovD5AFM5ufPn9M6yGK7lqlZRiYykxCR9XY8hkvOhqzFjK3vVWrHKLXttjlst82w3Y6P5dgzOJWcDU/fyW3itbZv375N+zeEM8jYYLkZ0bxWLYvNs604/DRpdc/PJ4k9PzeDHD8/q+CGl5emkZDn+LW2gtiOlq0dTGwiNBXb05O2R2n3++ZoExMqN+lLsrgot0tZm0DmthiIDSbzIiKZShRbWJPmEwU6IWDDTheaykzE9uePto2FZHE6FJXMLoptGE5SC2JTuVmmJlI77PcaIjSNw0FbXx8nM60yJB0nFXzZSJ5IgEVBbLD8xEFesxbXqMUhqF9DM6H1f/40jUUrQvNWhqi7nV53G0oZm81wjsNQEZkI7fVVl61oHI8aR5FhjFDhoMciNem/NByFxUBssOwatkvX1+KaNMm8QsY2Djc9Q3t+bo4iNRPb+BwZQvo1Nqs+0DVsvsTDMzIRmElM/iYabauh2Z3JStqxaiF+7jwcFZDbomy+fv267CeAu+f79+/zrl0L1QNx8iBGXO6hmZlFE1ufRQ1i0/Vr9niIWZxlcjpEjSFZnb2nPNbXSsRlHvHvE8/9D7nxO5yXze/fv2fuEv41Jk2sl0qo0k4ePgwcd/bwYWA41sfeushyROLzUx/xvMvWP8N4ra5UHREzudJuvFfgdzgvmy9fvszcJfxrfHiHiiiD2J46HaP194jn4nHXaUi2pOdz6VPuN8xmjq/z49h/etz6ULTweaZuacTvcF42v379mrlL+Nf48ePHx18cMzURQcysvAJhs2k6ycL6vunkOMbDw9t6NS+Etz5HOYXJA5WUrUFrbW1a6/HwoP2dlVbFNWuxrCpGnBn94DU2fofzwuQBTKaXH/Xcs6I5Y7MtiCS647HpJYZB207OeXgGZ+VPXlbl76FZl0jNxKYis4W43Xbb9E9PTSOx3Wq0dl7Wsbn0dLlHrEIoTR7AoiA2mMyD/NDnXscWllH4MFCORVxyeV6jbRtRai/nJTyjkywuVh6k3T1UavJcz8xk8a1IzWQmYmufnppOFulayHl/3tk6tlL1ASwOYoPJbOXH/lmVByYPl5EKKUqs75veMi9tJbOyWtIui83EI69XIcUMTIaiIUNToVnrQpP2rPLAF+hSL7o6qBWF5etFb9WKWuG7SioUvmutqCzUjSVWXnLlz/cqBt+yKNaKhuoDrxc9mMRUakFoKjUX4aWSKuEDWRt1ovNDxgazMGkX2Fu7e4jY7HqZTCSIYHS4aRf9VWSSabn0fI2brYHLGZtf7JdsT/qSPtvQnw5PRWxe+O5F8Hn7IrK11YLYYJ3X2eJ+bCIRryAQAYm0goi0MsFLrjxTC8PQothcbiYrl9vZrGjejy1kanFrcaS2PhAbrENsl6oQPGsToXgVgi3x0OGpiC1vPhnvgZDueeCTEDJzOu6ea20bNp4cJwdim5d45Nv1nd5g2r8DzAJig1nYyI//s+55kO9KFbM3P85C891z07bgOWuTyQgX21hDeuvmLpd2z40tLAqTB7CuO1Vdkdt4K710Q5ezzSjz7fh8wW+qPoi31/MbtcRtiMabt8Q7WV27DR93qFoVZGyw/ELd0v+t8ZZ5LjQ/J+/jWxvlnXZTfehYX+rYzGgsvRoX7UbZle4rWpKa9XkGWdviIDZYvma09Lp8zc1qPsesLQiuKLN8P9GQscWqBr8T/FgnmmtOw3MuCg2RrQ6GojArs36dCgt4VSFRWvE6XBZaztacS0PJPBng8ssym2n77w//RwA3QWywTvLXsrS90aWIf577KmVbpUzsWmbG0HP1IDa4D3L2ltsr+7q9o5Rx3dp6CJndFYgN6srkrj3nlqBuyQuZ3Q2IDe6TSzOpH+WStJDZXYLYoA7m+hojsipguQfUAUKCQLrNDgDA/YPYAKA6EBsAVAdiA4DqQGwAUB2IDQCqA7EBQHUgNgCoDsQGANWB2ACgOhAbAFQHYgOA6kBsAFAdiA0AqgOxAUB1IDYAqA7EBgBNbfwHpukVnIP1gA0AAAAASUVORK5CYII=""}}]}, {""role"": ""assistant"", ""content"": ""0.567""}, {""role"": ""user"", ""content"": [{""type"": ""text"", ""text"": ""\nYou are given both an image and a text-based representation of the same stimulus. \nIn both, a red dot appears on a horizontal line\nThe left end of the line corresponds to 0.0, and the right end to 1.0.\n\nText representation (the dot is marked as \""\""O\""\""):\n|----------~----O-=-- -------.-----------|\n\n\nEstimate the horizontal position of the **center** of the red dot as a decimal number between 0 and 1.\nDo not explain. Only output the final answer as a number between 0 and 1:\nFinal Answer:\n""}, {""type"": ""image_url"", ""image_url"": {""url"": ""data:image/png;base64,iVBORw0KGgoAAAANSUhEUgAAATYAAABNCAYAAAAsLkgfAAAIs0lEQVR4nO2d7XLaPBBGbUMg99D2/v/2SnoTbW8hX3y48yi7yqLYTmMggOacGY0EsQ1vmvfMSqu1277v+wYAoCK6S38BAIBTg9gAoDoQGwBUB2IDgOpAbABQHYgNAKoDsQFAdSA2AKgOxAYA1YHYAKA6EBsAVAdiA4DqQGwAUB2IDQCqA7EBQHUgNgCoDsQGANWB2ACgOhAbAFTH8tJfAGZwisdUtO0pvgnAVYLYblVmU3LTz8bE5e/H85EcVEbLU6puUGbx/bFxKa0or7Hx0GuAG4SI7VaEFqU2NB46rxRbKbkhqZXXQHRwgxCx3UJ0FgW23x++Nya5IamNtfLY8vwxkB5cKYjtCE7+qyummm2UVxSaj8ckV4qn694kNja2lq8wFdUdQYsM4QtgKnotYhuK0KLIXGK73cG4LQXn1yijsq5reokstig369MVhiI5Hx+ZdEBs8BUgtkuJbWwdLbTepSWBudwkNr02wfXq7bgc4TmSmUtrschC631sfT7GJWfnJuZMVZEXXBimojN5eXk5X6QmSbnIXGwmtGa7zeN2u80RXD7erxUjNQnMmo8P3nPJ+fFT63BDYvukyFar1Wl+dwAjELHNZCehnElqWVRRYBKatd76ZrPJ0lPkdhCx+ZpZFNly2fTW0nsal6LTOTF6+0yyYeg1wAVAbDPZSizHUO5Ji+tmMUqTxCSwzeZVbC8v6XVuHrXFtbdSbEFo/d3du94ll6M3X48bWIOb3D5SjgEuBGKbyUayOZYQqaVoy+UUozQXmIRmrXO5ee/T07jOZlJLzUUW2n61envt0ovRW0gyvJPcWPRWjgEuBGK7lNhGMp8xSktyc5E9P6emcf/09Pqe/UzHp1ZEbBJSjNSSzFar1HvTa/18r8itFFyZRS3FFhMMyA2uCJIHM/j9+/dp19bKJEGcakpm1tqnp2YhqZnY0vvqQ9SWIjbhEZvJKstsvX5tq1WzW6/fRBejN5++FtnTyT1w9pkH/QQ/fvw47ncIMAER21dnRCcSBh555bW0ILUks8fH12jt8bFZPD+nsSI6iVByy9cpxCZpucgktdTf3ze7l5csuXdyszW33Ib2vw1FbERucAUgthk8Pz8ff5GhrR1BamkK6kJzmUls1jeS2tNTkl/KjkpuvqctiG1fRGs7E9pus8ktyW27zQJM0ZoEV24TGdvcOyY2gAuB2C6ZOLA1sby1w9fW4pqapp8us4eHpnl8bNqHhzQtbTXWcZtN06t58iFGbJ4skLwkMQlsu03bVXLb71Pba9uINv3qHPU2JT0QW9jvhtjgWkFsX72HbWh9LW6+9WmleiUKFJGpeYT29NTsXWoWzfU2HT3Yy+Ybc/W+EgQSl1rfN1Kfmv4rdm372uy9pEUdo8oHSS1+T13PN/9OiQ25wYVZfv/+/dLf4eb4+fPnvBNjniYWspelUp7ljFs+fHOuZGcRmqarqbfXvuUjIbko0rLXXk2QMqUWge19qupjNROW+pQV1TXLaMzX1vy9GWts/N3BOVn+/fv3rB9QIyerES33sVl9qFo7VDOq6aFeh3EWY2zCZRPEmc+zlq8Zzw3fwb9rHo/dWqnEhTbxe+LvDs7J8tu3b2f9gBqZfYcKn8YV1QFx3Pr1Q0uvLZJqrfk4Twl9mvj2Jd8t9Lehz9fUuEgGpJ+HmtGDzxkrs/pkxMbfHZyT5Z8/f876ATXy69ev06yxeXTlryWdxaLpLBOpvlsum+7uLq27qW+9xUqDKJ9iKtpqnczOaVart/N1zVhapeNi8zKrsW0fY2VWsZ+Avzs4JyQPZrDQ/+DHEBb483aPGLFZplSt2++bxW7XLNTb667vm65tU0sRnL6PZOXVB8KjruXyVWSrVdNpQ+79fWoaL+7vm2a9zi0dY9UIkmgUW976MbXVwz4X4NIgthncKfo5hqFbFPn00qeJJi4t06fWts1CreuaTk2RnJqiMG0P8T1wMWLT9SQ2O66X2ExuSWrW2vU6ic73u0mSfSm2WIHwP9NQgAuC2GawVoRzisRBzIz6lg9NH9VsDS1JLExLFS0qmkqlVRKS9rppmuolVX5NE1vncpKo9L0lLpNZa5FbLrWKhfFWO9pMlVVRcQBXCrWiX10vOlZSVWz3iHf08JpQbcZNQvMyK6sTzbWiavHuHr61I5RVRYmlWtEQqXlBvEvtYPo5Fq3NkBp1onBuiNhmMvsusGPPNijvwWZTSEVaKWkgsdkaWBKaSy9KzSM2x4Vk09acPFCvZkXwqTJBMisSCe/KqD6qNCBSgysBsV3DOpuXVXnkJqmpl4QkLpeRxpp+xptNhjvresIh4zIyUXkWNF3LhBmjtHhn3ZgFzc9EGIrWBEKDKwOxXUJsU1Gb35NNvbKcJrdcID8kNLuLbl5fs+vn/W7lDSctU3ow7Syyn+VzED5MFCA3uCIQ20yWEsExjK21xUypPkPCknx8qhlvbRQf7uLnhDW23ExWSXDlMw8GtnMcTEH/J/uJ1ODKIHlwySdVTURu724VXiYY4pOrPMory55CfeiBtGJiIN4p14/56EEufu0Z8IQq+AqI2L56o+5YvWWUkkdeun58apXLLUxXY3v3XFFJrSiJSpt2bTuJy+zgmQZTUdqUzIja4IpAbF9dMzp0Tik3ycUTCjZ+dzeQeC+3sSfBx7rTkAQoaz9zraiJcHTqibzgRmAqeiQn+/WVj+Mr7vAxmGgYet+vESU09BCWkalmFps4ceZz9s0DAD4JYrsGpqan3o+tx5U/G+Kju3H8b3SGmOBGQGzXxNT9zoZk5/3YeUMR15TEyHZCJSC2Wxfd0HFDjE0ricygQhDbLTD0T3TMPxsyg8pBbLfIKf7JEBlUDNs9bhGkBDBJeNwQAEAdIDYAqA7EBgDVgdgAoDoQGwBUB2IDgOpAbABQHYgNAKoDsQFAdSA2AKgOxAYA1YHYAKA6EBsAVAdiA4DqQGwAUB2IDQCqA7EBQFMb/wCp3rrC7i21WwAAAABJRU5ErkJggg==""}}]}, {""role"": ""assistant"", ""content"": ""0.389""}, {""role"": ""user"", ""content"": [{""type"": ""text"", ""text"": ""\nYou are given both an image and a text-based representation of the same stimulus. \nIn both, a red dot appears on a horizontal line\nThe left end of the line corresponds to 0.0, and the right end to 1.0.\n\nText representation (the dot is marked as \""\""O\""\""):\n|------- ---.-O-=-----------=------------|\n\n\nEstimate the horizontal position of the **center** of the red dot as a decimal number between 0 and 1.\nDo not explain. Only output the final answer as a number between 0 and 1:\nFinal Answer:\n""}, {""type"": ""image_url"", ""image_url"": {""url"": ""data:image/png;base64,iVBORw0KGgoAAAANSUhEUgAAATYAAABNCAYAAAAsLkgfAAAIlUlEQVR4nO2da3LTMBCA5Thtegfg/n85CZcArkDzNrObXXUj5LTk0Tia75vZkeI4jinlY/V0NwzDkAAAGmJ27xsAALg2iA0AmgOxAUBzIDYAaA7EBgDNgdgAoDkQGwA0B2IDgOZAbADQHIgNAJoDsQFAcyA2AGgOxAYAzYHYAKA5EBsANAdiA4DmQGwA0ByIDQCaA7EBQHPM730DcCbXeFRF113jTgAmB2J7ZJF95FhNXn4snovkoCE6nlI1ccq/Hn8dj9eORaK0vF47VtYBHhQytqkyJq6xevmZSCkzKWuCG/scwIOB2B4lM3ORvRc1XGSnws+Ln/lIsxZggtAUvYCr/+iKLK3z1/v9m7hq9XisJqMYs1m9tBhqorui0DrkCJ8AGdtUxHYqQ4sCi7HbHeTnr0u5FUIbXGS1iOeMZXJXkBJig88Asd1LbKeanhaDy8oFttsdYr9PndX1HD/m58fLljLr+zT0fa6rzLwez60JTijFhKhggtAUPZP1en2dC430oWVJeWbmUttuc73bbrPs9FjM2gRvXpZSm88PpUWsZ9GNya0U3Rk8Pz9f+lMDOAkZ25nsRCSXMjYw4NmXS80EJqXEIOVmo5JLfkzej01SwfvMgrwGkdp8fpBbrJeiK5qot2qaAtwCxHYmW5HKtfvUTEoqKM/CTFxabjbHsV4f3hPJhWZqVWxBZMPT0yGsnqzu59Waqx9umgJMAMR2JhuRyaWEZmO16WlSU4EFmc3ktcRq9XbcszrP2uTyNhggkjoS2vNz2od6FF2UXM7gatmb3jRSg2mC2O4ltrIZakJSMVk/mjY3N5s3kYnUVqs0rFZaitjkvSRhWV0qxSZhYtubxKT0ULFZXaUmr0NTNfa9HcntSv1tALeAwYMz+Pnz52UXGJvSEUY7Y5Nz5iJbLlMv9eXyEHZcxWdZm37erq/ZmohNpGZi01gstNwtFmmwuhxzyR01T8fk9tHVCyN8+/btsp8hwAnI2D5zRLQ2xcPD+8d8kCA0O7PElss0vL5q2b++pmG5TGm10pj5YIJfJ4hNpfb0lHYmtt3Li4pMxKaSk9ebzSGDc8GZ3FKUWznv7UK5AdwKxHYGK5HJpYRVBXmSbRj59CaoCy3L7PVVy2TRudzkfB9ECGLbu9hcahLrtUpNBLcToW23B7GJ5KxvT+Um92Fy0+xtbDABYGIgtnsPHPjSKZ9kG7I171PrRWoiMJfZnz+p83K51L62Yb1Og2dtPsHX+9hiM1Riu007id3uKPb7vU46Hmzir07+tZBj1SapgNxgYiC2e8xhq0zxyBmbZF42ECAZmMpKwgYJRGJ762+T0OapSM/EptleyNjyVA/JykReEsOgIX+KHJLdWQhS6l3W1quWzVEBucGEmH/9+vXe9/BwfP/+/TpbEZV9bD5dI85Js6kfGjY510ObjCY+lZrIL85lk2zNXg9hXpuOkvZ92seQrM7qyco8zcPn7MUNKiUumNfG7x3ckvnv379v+gUtcvFAcmUQwXUwWOhrH90s6vr90mQ8tVBekFJE483JUOZ1qNb8jAvpq+/XIm5tVNuV9wT83sEtmX/58uWmX9AiZ+9QUUrg7YI55Np6/bAgvfNO+77Xeuf1uMZTwmXkwvFrWL+YXsdKrdv7+n2heen34Dt95Pv5yNrRD/5s+L2DWzL/9evXTb+gRX78+HHdeWxBDjKQMLNMaSax26XZ05P2u0nZPT+/jZz6vDUfWXVBhaaoCmw+T52MbspnPeSa5aqDGOXi+HK6h4fe9P+PjvJ7B7eEwYMz6OUf+TWIo6IiI8ueNKw5KurohyH1+72GSC+GnmtZWV4Y72tOrT+tM7GpyCReXtJssUj9y0tKHotF6haLfI5L72i6x3sTdQEmAmI7gyf5x35tsfmuHt7EnM3SzKPrNHoLf63vibQkJAuLo6KWwfn1cnZmk3D7xSJLTYXmk3VlaZVM0rVzVWxSLzO3cmkVwIRAbGewECncYrdcHwUVUVmmNRMpSYjE+l6zRZFZL+9ZFiZSisuqYlNUPufNSxWVhcgsCy0sszpaViXnnlpWVRMbkoMJwFrRKawX9dIXwYcVCDqvzXf0sMm6ea1oWC/qWxhFsR1N7ZDF7x6+CsGWTx0tiLc+t+SlbUx5zSVVrBOFW0PGds9dYCuL4X3bIZ+3JoLRQQOLnKVZ1uXCO1oEH0dHLWOTLM8HEXzwoAsyy7t7+B5tIkQXW9yb7dTGkwATAbFNoZ/NRkOPdtAVQYl8RFYutjCaqU1Jz9TCnmx5d49yuoc1YYdCknlUNIyM+vbh/+zHxrZF8CAgtomILdfDonjN3iTLkszNsy0Jl5nIzaQWn4WQsz+fp2brRbVZagKT/rsjmRVTPPJgwVjzk341mDCI7UzmIoJrMLLMKj5WTySUN5+0/i/vf/Mtw6sPdIkTb2101Ded9MysFNo/GRrPPYAHhMGDKTyp6r2twr1pGnbXjc9COJJa+Qg+f1aoP4GqfEqVH4uP43vvMXwXSI0nVMFnQMZ2z4m6tf9T/JhIpZjfptKS0qaExIXyRw9PLh7mEpdMadbmy7Ls2D99aGWG9p7QyNpgYiC2ez7VvPb5ILs8oBCXSZnYjp6REDM1XwDvE3SDnFxgvmY0rw0NEtNz/N7GRj4RGUwcmqIXcrMfn+/4UdtVoxRZ7Fcr76e2eL3Wb+ZiO5WdXSi0i/8jAPggiG1q1J6LEMtSYrWIlLtwXGOnDgQFE4em6NR4TxreVCxFVpa1a45J7JTMkBg8IGRsj0I5LaRWlvVT0kJm0DCIrZWmau28/2lKIjNoCMT2qFz614bIoGHoY3tUEBPAKNYTDQDQDogNAJoDsQFAcyA2AGgOxAYAzYHYAKA5EBsANAdiA4DmQGwA0ByIDQCaA7EBQHMgNgBoDsQGAM2B2ACgORAbADQHYgOA5kBsAJBa4y9D9omm4D6++wAAAABJRU5ErkJggg==""}}]}, {""role"": ""assistant"", ""content"": ""0.331""}, {""role"": ""user"", ""content"": [{""type"": ""text"", ""text"": ""\nYou are given both an image and a text-based representation of the same stimulus. \nIn both, a red dot appears on a horizontal line\nThe left end of the line corresponds to 0.0, and the right end to 1.0.\n\nText representation (the dot is marked as \""\""O\""\""):\n|--.---------O--=--~------------.------- |\n\n\nEstimate the horizontal position of the **center** of the red dot as a decimal number between 0 and 1.\nDo not explain. Only output the final answer as a number between 0 and 1:\nFinal Answer:\n""}, {""type"": ""image_url"", ""image_url"": {""url"": ""data:image/png;base64,iVBORw0KGgoAAAANSUhEUgAAATYAAABNCAYAAAAsLkgfAAAIfElEQVR4nO2da3LbuBJGQephew1J9v83K8kmkqzBlmyJtz4IjbRg0M5IdKwLnFPVBYqWKFnjnOnGi8M0TVMAAGiI8bM/AADA0iA2AGgOxAYAzYHYAKA5EBsANAdiA4DmQGwA0ByIDQCaA7EBQHMgNgBoDsQGAM2B2ACgORAbADQHYgOA5kBsANAciA0AmgOxAUBzIDYAaI71Z38AKHhvp/Zh+FefBOD/FsT2WVx6q4na65AdwBmI7V9SSum9xzW8xOzYvw7JAYSBu1R9MHPy8ud1XD5+T2Zl+9YxQGeQsX0UNVH5tjyuCc/jRVYelxLTY7sOgoMOIWNbitrXOCew96KGl9h74Z9fXgOgA7rP2Bb3eiGyqJLj8XROrc7PtXNyK8U1jn9aO3bnJ9/35kW30O86IEi4cRDbUmKbKzdLgVVi8I/fEts4hslkZrFa/TnW6/WcWhbnJXcliA1uHcS21LSLGaHF65vADofTsdrD4SS0wyFMdt4kV4xyZlE5kU1qXbwSns/kyhLVg6SgQbruY9vv98tcyGdZLusycZnMotgULy+nY2u96CyMJKUoLpOY2vU6t/GcWi++OcHZNa9ku91efQ2Aj6LrjO0goVzD3MCAz75KkaWYnp9jq3P288nLzTCpWZYmoaWIx5vNn+MkuSy/t+SWrg3QIl2L7UVSuZTaPLSy30yiMnGplcxmIgrOlaT5+i77Monldrs9HW82IVQEl8vVvy1LARqha7E9SyhLZWx+EMBKS5OaCWy/zzGqtXMpe4vP1+tcaSupxZCovNC223DU47u7P4JLbZabK0+jHBEbdAJiW0hquTWhqbVszESm2O3CuNuFSed2uyw5K0lz1laKLWVqJrOjxKZ2v89yO+q9fBZn/XC+LEVu0AHdDh78/Plz2b41P0hgmZrP0JLQJLbV01N+HEM/t6zO+tm82NLgQJSZxf19FNvh/j5M6Vhh2dxZeTrX33al2L59+3b5dwjwgXSbsV08Ijo3T82VoGd9aSYvySzFlNqVMrenp5jRxazOsjYTWxo4kNiOSWyHJLDDfh/ldnh5CcciNAhhEctRP2Jq00YEAwnQKN2KbbfbXXeBQmxnUzmsBPVZ2ePjSWaPj1FmaoOk9vQUM7oot+fnMJalqKRmYpPUdruYpUloMY7HOLp7PB5PMU0x4hw6yU2Zm67p57rNrTEFaIRuxbbIwEE5+dbE5krQwbKzx8eTzFIMCklNkfraNAUkZlkKy9jS6GbsX3t+PpWgSWKHaQqasBJjGGKriSJSonoYLOJn9FNAEBs0Trdiu3gOW1mK+jLUjYKObtBgUnboQjI7mtSUyaXBBGVscS5bIbYoJZWYElqS13EYwnEcw2G1OouY3SWB6edn60YVlrUJ5AaNsv769Wvoke/fv1+/hMpKRrd6IK8wcJNv/cRcSS9KSq3kV7Q587O1nSop04TdKDk9T6OdqS8t9qup9ZFEq+NX5ad99gUm6/b6twO3z/r379+hR65eI1oZRLD5Z1YC5vloviQsSsTY1hbMz+zdZs/P16j9PvpZKknzKX+t2n5tF3wfvf7twO2z/vLlS+iR/7xDhRdBTQ4uA9K14/Xd4vXBrePU8ZBKTGtjuNHQ3Lo1ov75gx2njMwf5/ewVQvl53lv992/pNe/Hbh91r9+/Qo98uPHj8te6DOpsrxLctI8tFFTLA6H2ObYbMK43Z7mqlnJquena2X5ecFJULrWZhMGLTy/uwuDxXYbr1curYpRLquqTdIVV/Sx9fq3A7dPt4MHK/1DvxS/k4dlRCYMueI08znHOE1hpdD76nG6oes4DGFM4opTPmxhvBPbkOQ0SGx3d2FME3Knh4cwPjyE1cNDCPf3p0jCM9lJpH5p1Vl/W/ygDBxAm3Qrto2ymqWWU0k8yr6KMlDHUV4W4xhWitUqjArL4jRSWlt5YBmbrm/ZmVYXJLGtJDOJ7eEhDPf3UXq2AiGuOlDY1kauLGU0FFqnW7Hd6R//taOi5ciojm0U1PWDnZWi63VYqd1swkqyckuqRhs5LcQWy1qJOGVilqFJZoMyN8msXFaV1paelaG1VQcIDhqk27WiF68XLUdFiwXw5VZFtoNHlFeaiKulVFloatO8t7OMzd7O7eyR14kmgcUlVcre7LHvb7MtjD5oATzrROGW6TZju2oX2HfWi55tKpk68+OggUIyUz+Y27ooSy1tOFlmbDHjShmfsjYbOLBBhLyNkX4f29rIBg8+YPE7wK3TtdgW62ez9aLlLh9ecBKXRGQZXLnZpCtDz8SmsH6yVMJKYnEwwfrd3F5sOVMrbvSS75sgkBo0DmJbavfcmW3Bh7ny1Ld+k0m/g67NP0t9dZaJWR+axPZqa3BXfr656B25QcN0Lba1RHApb6xAeHVbPS+4UnLFTV1ytuYzNjdJV1NDcqlpZae/ucuc1AQZG3RC14MHi9ypqrb8yd+lyt8HoXLHqupdqvx/En8/0dpdqvy5Wun5ASUod6iCW6frjO3iibq1qR9lW04HKW+M7EXm9mCbu6+ozYuLWVsaKfXLqM62JCp376gJjawNGqZ7sV10V/Paa2bkFoVUkVxVeF6I7r3yOk9XYmbRlSsf7HZ9/nMiMeiM7ktRsdhXUA4qpKVVrwYYajt5lOHxfW3lceXWenkPNnvtZ/+PAOAfg9iWovY1zpWowibh1oQ2J7a58M+x4/L1AB2B2D6Kv+mHs3ZOaJ63BFbrR0Nm0DGI7TMl99Zxjff2UUNmABHEdksl699CdgbwJojtM7nmq0dmALN0P93jU0FOAB9CmvAEANAOiA0AmgOxAUBzIDYAaA7EBgDNgdgAoDkQGwA0B2IDgOZAbADQHIgNAJoDsQFAcyA2AGgOxAYAzYHYAKA5EBsANAdiA4DmQGwAEFrjf2x+Ho4epb+CAAAAAElFTkSuQmCC""}}]}, {""role"": ""assistant"", ""content"": ""0.276""}, {""role"": ""user"", ""content"": [{""type"": ""text"", ""text"": ""\nYou are given both an image and a text-based representation of the same stimulus. \nIn both, a red dot appears on a horizontal line\nThe left end of the line corresponds to 0.0, and the right end to 1.0.\n\nText representation (the dot is marked as \""\""O\""\""):\n|----.-------------- --------O--=----~.--|\n\n\nEstimate the horizontal position of the **center** of the red dot as a decimal number between 0 and 1.\nDo not explain. Only output the final answer as a number between 0 and 1:\nFinal Answer:\n""}, {""type"": ""image_url"", ""image_url"": {""url"": ""data:image/png;base64,iVBORw0KGgoAAAANSUhEUgAAATYAAABNCAYAAAAsLkgfAAAIoElEQVR4nO2dW3LbOBBFAVIvryHJ/n+zkmwiyRbGlmQSUxfqhloI9LBFWUXgnqouUDRFs1LjM41Hgz6EEBwhhFRE9+wHIISQqaHYCCHVQbERQqqDYiOEVAfFRgipDoqNEFIdFBshpDooNkJIdVBshJDqoNgIIdVBsRFCqoNiI4RUB8VGCKkOio0QUh0UGyGkOig2Qkh1UGyEkOqg2Agh1UGxEUKqY/HsByCkKaZ+xYj3096vEig2Qr5aZiW5XRJeSV56Tr9HwZ3g+ZYqQh6E/dPS42vnzqHisgIrnSt9bhBmbIRMTS4s2147zsnlhVYD3ymJLmTnG4QZGyGP6mrm4tIYx3/PXRKbSqrrTsWWR349aFRwzNhIczzs/+VyX1+SlsrsXFuSW0lekJsKzrQhFxrQrG4C/MwESbGR5phcbOcyNCuvLPwwHD/rNfYeQGQVVGB9fxRbFukam9WF6bqkFBshtYvtUtczBBeMrLzKCyIbhoPQhuFwjcgtnsuytlDI0gLEplH4HENl5rMuqjIzQX0WjrGRptjtdtPe0HYhIaksQ1ORuff3w7FprehOuqQAmVoutcUitZBZQCvH8TOuxbHPMje5372sVis3F5ixkaYYIJEpKM1oZhmaSstDZvu9C9JGqeH4/f1wTuVWyNg0KwsqsuUytmG5PIhO2iQ9/O7OjMNNLLe5QLGRpniHVO4lX4uWdTut0KLA9vtj7Hbp2BnJnWRtKjbJ1KLIRGIxVquD0NDiuyK7KDe0XSFzUxqRG8VGmmIPmUw9A6pCKmRpSWa7neuk9dvtqeA0a5P7BBEbupYnUlut3AiZIdZrF5AFyucoN8gO9+lN1/TSeFvFUGykKSYRW2H2M2ZrIjaVVRIZpLbdurDduu7tLYoNP3MamrVZsclMJ6Q2irTG9TpFlBqO5btRcJCaZm19NoMKGuqScvKANMPv37/vv0lp0a2KTcbNNBPrRGgQWf/2FqWWAnKzmZsZZ0vZWt+7UcSGTG3cbKLUhs3GBRxLxOwNoZnbQiYVrNgmGmv78eOHmwPM2Egz3D0jWlqvZicLVGwQGsQmGRoivL7Gtn99jcduu42Ba9JYm2ZsIrYRYlsu3SDZ2rDbRZEN7+9uHIZDjGMMLB9BxqZjbi7P2hpb/kGxkWbYQiJTjq9lyzriZIFmagiRmsoMrfvvP+deX51/ezvKTcUmM7a4e5SaiA3Z2rDfR6FhVncYxxhRaiEcQp4jCm6UNXIym/rPJEKlMrNQbKQZJp04COE4caBja5Kt6Zgaup9RZiI0D6GhRWCsDZkcxt5ysZmJgyg2ZGgisiEEh6sG71OMuF6EiJGloMJVsdmqBECxEVIPk6xhy9at2W5opxkbBvYhK50ckHG2UWSG6JDFIWvb7VyADLOuqC7AhaRQbAV5jdI9HRaLQ8hxHIcTgankTp6vwUmExffv35/9DIR8CT9//rzvBqVaUO2KmrIpW2mg425BQ9avpVYmD9IYG4CcdD0bZATBYfxMYjwTTtpQkpg+87llHzdKbi6+WPz9+/fZz0DIlzDJAoBsF46oA2RZEvpZz9ljrSG152/ZukjPanczP3/yO7Lf6fA78912SzK78d9mLr5YfPv27dnPQMiXcPcOFXa3DHvsfby3zwrX42fJnryEHqfidS2DsvfTn8uyDW9aPcbPfbZWTZ8hyH3S88gzXqxAuPHfZi6+WPz58+fZz0DIl/Dr16/px9gESKaTbmm3WMTxttgilkvnEavVscxKu7AqNBUcgKRUZuu1c+t1bDU6rT7Q0ipTL5omDPozWxyVduT9AHPxBScPSDP0+GOfclYUopDB+ZgtSdcUsoLk+hBcjxay08DP8F1cL5lZHGPTkio5DzlFGUJkugD35cV1m43rX16cQ2w2B+mtVgfZLZdRoiGXXGktW8UTB4BiI82wRGYz9To2rRE1Xc3O+2NAqN7HiJ/xcwSyMc3iUHmgExEmY8PPo7BUbJAaZCah0otVCaZeNORbGVFshNTLGt26R1UeoFuplQfolmbRaytdUwhLF/LG75iMLcpRsy4RG1qVmd9sjkJDa4QWu6Z9YQPKfB1b5RUIrBUlTXF3vaj9c8l3yrVlVaYCIdWKmhKrVEeKbM2MublsV49UJ6oF8KhCkLpQzdTS7h92M8o+G2M7l619QGhzqRMFzNhIU0yyC+y53T1saZWMd8XuphzHLA1dT2RcKjUpgE/bg2tmJZLC95x2WU3oxAHEpzJLYusKEwalyoPKsjQLxUaaYvJxtmyxbhQUxscgKx1HU7mJ1LTsKmVruNZsMpkv94gTAmZmVT+nvdrMLrvFF7z4M6/pqxiKjTTFJGIr7aCLmc6sCiEu2YC47CRBFmlzSrOYNq1307IqM37mz3Q7NUsLpSzNt/fOUYqNNMUCsnngK/dOdvzA79JxNwjVjL+lXXOt2GzJk1nEG2VmXt5ykqVdewUfuHNsbY5w8oA0x6RvqrILdu2OH4Ua0jj2piLTY/tu0ezVealraRbd2nca5Es5wrVup/98N3ROb6gCzNhIc9y9UPfKe0XT+z1VbFpVgDE3Wyxv5WfvIzOjsSRK5JYW7V7K0OS77txY2h3F73ODYiPNcXfNaOn7edaWCU73RzuRmc3UsjfApzpPIzArtfRZniVla/b5fN1r1S7Brihpkof8Z29nSvWznTXNj/OXJGeF9f9MAOTH5trwQKH5GQqRYiNkCq51Ty9tU3RObNreOnaWH+fMUFCfhWIjZGry5SB5WzqXc2ngv9Fxs49AsRHyjCzu3DWWcwKjzK5CsRHyTMndAkX2YSg2Qr6az/7JUWY3w+UehHw1FNTDkXJ/QgipB4qNEFIdFBshpDooNkJIdVBshJDqoNgIIdVBsRFCqoNiI4RUB8VGCKkOio0QUh0UGyGkOig2Qkh1UGyEkOqg2Agh1UGxEUKqg2IjhFQHxUYIcbXxP4NOlatHaI8FAAAAAElFTkSuQmCC""}}]}, {""role"": ""assistant"", ""content"": ""0.331""}, {""role"": ""user"", ""content"": [{""type"": ""text"", ""text"": ""\nYou are given both an image and a text-based representation of the same stimulus. \nIn both, a red dot appears on a horizontal line\nThe left end of the line corresponds to 0.0, and the right end to 1.0.\n\nText representation (the dot is marked as \""\""O\""\""):\n|------. --------.------O ---------------|\n\n\nEstimate the horizontal position of the **center** of the red dot as a decimal number between 0 and 1.\nDo not explain. Only output the final answer as a number between 0 and 1:\nFinal Answer:\n""}, {""type"": ""image_url"", ""image_url"": {""url"": ""data:image/png;base64,iVBORw0KGgoAAAANSUhEUgAAATYAAABNCAYAAAAsLkgfAAAInElEQVR4nO2df1LbPBBAZTsQeoa29/+3J+klaI/QEJI4/mbXWn2LKgMtonHEezMayU5sUoa87uqXu2mapgAA0BD9pT8AAEBtEBsANAdiA4DmQGwA0ByIDQCaA7EBQHMgNgBoDsQGAM2B2ACgORAbADQHYgOA5kBsANAciA0AmgOxAUBzIDYAaA7EBgDNgdgAoDkQGwA0B2IDgObYXPoDAFSj1uM7uq7OfeBiIDZoT2Z/KzgTWn49ors6Op5SBVeL/9O1dulc3s5F5Y+X2s+dg9WB2KAdmUltpfR6SVC5yPLzpfeVjmFVIDa4bqG9puTXl6Tly3PnfO1BdKsCsUFV3vXPaZqC6qMkr/N5Ltb2tV3jycXlS98/OZ7+VHJ/SIcUq8PgAVyH2EpRmheYlHHUurNjez2P3HJpmcikLrSnTHS1BYfY6oPYYJ1iy+8T5aT3jzLrcqFJPY5hisfS7rz87FZ5dNb3s7ysDMPTY19eEpwHYV0MUlGoxuFwqH9TF2l1WdppIlOBnU4hnE7zOWnLOXs9T0l9FCZSG4b/61hSe0l0XowVIrfb29sqvy6YIWKDaowikVoURjZVbD4SiyLrjscwSft4nKV2POr5KdZPUlIXsamsosRUZJvN3N5s5vOxTm0X0f1x9Ab/FMQG1TiJVN6pT82kpkKzaCzKLJXDIdXBJBejt6LYnNREXFpubmaJxeNgx150udy85AzkdlEQG1TjKDJ5rxFQ16cmaacWk9nhEHqpHx/TsUkupacxapOeF4nUUjGhbTbhLBIrlCQ3KxbhmeDylBSpXRzEBqsV22/RmovUei+1x8cwPT6Gfr9XuclxkCKRm0VtJrYYsanUhiGcndTOt7daVGixHex4QXC/9bsJpKQXh8EDqML9/X29m/npGSI0aUepWZ9a76K0Yb9XqfUPDyo1bUv0JkUE6NLRJDaRWhSbl9ooIttu5+PtVgVnxST3RGxebm/sa/v69Wu93+EHh4gN1jUims9Xi5GWCi2moL2JLUpsEqHt92HY7cK034fw8BBClJv2tUmJaayKre/DWcpmE0aR2s2NCk1ENorUDgdtn4/HWW6nUyoiN5WaCM6NohYHEwwit38OYoMqPIpEKtJlfWs+BdUSpSbR2rTbhUFkttup1DppS5H3WDoa+9lEbCo1F62J3ERo4+EwFxHa6TSXcdRi8+N0jpzITdqvidrgIiA2WF//mojNTaw1sVlaKVIbYgqqAhOZ7Xah+/VLpaZtEZ4UGyH1qajrX0tp6OkURinjGMZpSkWm9eo1cfKxxpPxc03yGUVuUiO2VYHYYF1z2HwqaqOg53Po4yCARGAyP00HBqTEvrSz1DJ4EPvaNCWNYusysdlkXB00kIjsfA7nKLGx68LY93PddXN0F4V1trlv+d5tUir1s0EdNl++fKl0K/jIfPv2re7uHT4VtRUEllLadI845WNyRWSX6jhq6iM2vb0ISEZD3SoEFZ2lni4F9amoCFBTUUk9pTaB+Xlyb5jTxnexHpufP39WvB18VKqvEXVLqDQF9EuqbM2oTeGwtNDVxWIL4PP7WIrqP0b+sfy/0SI//3mXju3nvQK+i/XYfP78ueLt4KPy5h0q7MtvInD3k3t3WXqXjqXd9/Ox1EuL1+1n2GTauISqi1M3umHQks77Ec/4WufWjKafv7S06i8iNr6L9dj8+PGj4u3go/L9+/c6N3Lz16wtWuijjPpCETlZkWkYnUzFkDTVdvQQsbiIzaSl79tuQ+dKb3PXYq3TOqzYMis/GlqapPuXfWx8F+vB4AFUYZAveC0k7RRJWB+byCgKTtLRfprCMI5zkQGFcdTBBa3lWrlG7iORlUjI5rHJa3Fyrorw5ib0JrG7O5XacHcXwqdPIUjtZSe1TdA1yXm5laI3uBiIDapwI1/2WmRbFGkaGCOivuv0YbgiMKkHkZw71tdFhFFcaeVBFrHJ631cOqViE6ltt7PQ7u6S0HSirpy399rKg3xrI78gXkBsFwWxQRW28uWv/UwD1/FvfVydpaAiuSi6IbYlauxFWFJub1VMNnqaNpoU8cVRUZOVTri1dDRGbio0Wzvq14s+t5yqtF40b8M/gbWisK71ooUlVaVdPWz1wZO1onEZlda2w4eJzW1ZZLt66ORcm6AbRSYrECY7dlGaSW1x66I3bjrJOtG6ELFBNarsAlt4tkESm6SXIqkYlaWUMqaVEqXp7h4SedkebZnYVDYx2pJrbLChk2tjsUXvZ7ejx5M92V7aLtx+DlwMxAbr72fzE3VFaLK8yo2E6iCAyUn6x2zDybiDrl7nxeame2g/m5ObHduGk2nTyWwU9FUPeIGLgdhgfWJbitokQrMddG3+WYzi0kCBi9TyTSaFNN/N75wbJSb3sOMkM6vdsxFeFaUht4uC2KAaG5FNDRaWV/nH6qmwbNqGtEVslnbasw4sWnNPqEoichNv88gspZ0+Qlua0oHUVgmDB7DeJ1VlzwNND3NZekqV22E3vW7vN7IHuSRpZemmf13fszRPrYLQeEJVfYjYYF0TdZfWXvpF5m5+W3quqERu1nZCSzI04kOSLSXVqC3KLS3H8o/bKz2s5TX9aURtFwWxwbrWjObXZ2lpGlAQ2VjfmQnObXP025Pg3f1tVUKK3GyNqUnMH9vT4kk7rwpSUajOu/xJWed/vl9btoX4k3O+ePI+snwuWva6is2u8/dYw38EUASxwbp5blugksBKQiuJzernSv7eEohplSA2uB5e6n8rtZ9jSWBLMkNiVwNig+uktLb0uXaJUmqJzJoAscF189IOtq+hJC+EdtUgNmiHt/wpI7KmYLoHtANygkjcZwUAoB0QGwA0B2IDgOZAbADQHIgNAJoDsQFAcyA2AGgOxAYAzYHYAKA5EBsANAdiA4DmQGwA0ByIDQCaA7EBQHMgNgBoDsQGAM2B2AAgtMZ/tUFVB4B3SsEAAAAASUVORK5CYII=""}}]}]",0.371
google/gemini-2.5-flash-lite,sample_010,0.65404,0.65404,0.449,"[{""role"": ""system"", ""content"": ""You are a marker location estimator.""}, {""role"": ""user"", ""content"": [{""type"": ""text"", ""text"": ""\nYou are given both an image and a text-based representation of the same stimulus. \nIn both, a red dot appears on a horizontal line\nThe left end of the line corresponds to 0.0, and the right end to 1.0.\n\nText representation (the dot is marked as \""\""O\""\""):\n|-.----------.--.---O-----.-------------=|\n\n\nEstimate the horizontal position of the **center** of the red dot as a decimal number between 0 and 1.\nDo not explain. Only output the final answer as a number between 0 and 1:\nFinal Answer:\n""}, {""type"": ""image_url"", ""image_url"": {""url"": ""data:image/png;base64,iVBORw0KGgoAAAANSUhEUgAAATYAAABNCAYAAAAsLkgfAAAIfElEQVR4nO2daZLTSBBGtbjbfQfg/n85CZcAzkB71cRXzhTp6pLa2GIal9+LyCjJlmQPeB6ZqkXtMAxDAwBQEd1HfwEAgKVBbABQHYgNAKoDsQFAdSA2AKgOxAYA1YHYAKA6EBsAVAdiA4DqQGwAUB2IDQCqA7EBQHUgNgCoDsQGANWB2ACgOhAbAFQHYgOA6kBsAFAdiA0AqmP10V8A7pilHpfRtstcB8BAbHCbyG6RmwutdA1kBzfQ8pQqeJf8J+L78fWpY0qSivtT21PHA1wAYoPrZKa2tF06N8rpvXZue+41gAClKPy5zKaidE4uL4+5fZ07JzS/NoKDCcjYKmDRv8KCoJI+jsdzicX9/L38++Ti6rpzqRViyM8pXesGWqRYNWRsFbCY2OYyNMnLBebbIdpccJFcWi622GayS2IrhWdzU1ndhSC2ukFsjyy2udIzCG1waR0OTesyOxxOQrN2UGvHJcll5eKZzCzSa6X9XHq53Py63H+DCShF75ztdrvMhUr3zCSpmJlJbBKYRdre73+/5sfnWZsJahRX35+21fb9+WvviW5Kclfw/Py8zJ8d/HOQsd05BwnlFqY6BrzENGElke33o8ja3a4ZtK3XguCGWJaKWH5Goa1WJ6mZ3LQf3y+J7m/IDeoEsd05e4nlWvIhGtn9s5R9eUamdrc7tYrt9tTudqewY5LkSmKzzCwJzaQ2bls0UXba1/G2/0Zu3vpnxBYeHsR25+wkm6Uytlh6ernpWZrLTBJTu902nW+r9WNiSSqsIyCJzGX29DTK7Kht3/dWInPZudhi2TqXuQEgtgcXW16G5vfSPCOT3CQyE1qS2mbTDNbqGL2XMjaFX0dYGRozNJfZ0eP5+SQ122+C5GIWN0apNHUQHNB5cN98//79+pOnhnTkmZqXmptNklcS2WbT9K+vaTuFSS9lcDonz9iC2KLMUrteNwdJTPv2WpKaZCexueAsi5sU25Xl6JcvX67/M4R/FjK2R+wRLY1XiyVoLjUTWucye31tBm2/vja9MrfNJmV0Kavz+2y52CQ1E9vBJJZaiW29PkkthDomkuB0PcvcRrGV5GafddbCw4LY7piNhHILpaEdsQRVmetSc7FJZhLbr1+pbSwkvyS3/b7pXGw2iFbZ2lHh2ZpkJrGp3e1OIbnt96c4HFLou2h8nATnmeRZWRo7EgRCAwOxPXrHQRSbj0dzsfk9NZOaRNb/+tU0Fq1CUlOoRN1uT5mW32fLMrZ0D00Z2W6X5CZ5abjK4Xg8i+MwpGEjg7ehp9Y7FtL3nCpH4eFBbI84hm3u/looQ3XPzDsNBs/IlCXafbajWhObdyY0Pr4tE1vqBJD0lI2ZvHSE4tC2v6PrmqPCMjG9P84bjd/dx7vpc0rlKDw0q8+fP3/0d4Ar+fr167Jj1+Jg3DDDIHYopMG5lpWN2ZlaSVBS817UUIqmoRr2uUlS3plg548lqO7BWRnqpahK2DRdS/JSq/Oj0PW6f84VcuP3Xyernz9/fvR3gI+aI1pYbijNGtCuRRuOS+/4+9r31/NVPuJwDxGnZWXnxf+GeP34HYrvxzYuZ+QT5C+E33+drD59+vTR3wH+zxUqSqtixNcs89G10/VD72Pr5Z+2+z5FE9qxNFQbV+DIxqHF8+K547Z9jj5P4RPo0+dPTYr37x7bC+D3XyerHz9+fPR3gCv59u3bMhlbLgitwXY8Np3dpFfbPT2l3k4N5+ien08lqZesPj9UTon3vvzaEpSNSWs18Vznh9D10rg1G8Om4+IQDx+oe9Eg3T+UPb//OqHz4I7p9T/4kr2iIQuSHmJoQEU/DKew/RRt23QxgyvcY0tZ12rVtBLben0S2ctLiu7lpelfXppGsV6niLKTUEex+SyE0sR4QccBGIjtjnlSZrOk2CQN7yjw0rPrRnl59BZd35+yOcvoUgYWZh/kGZvENmZnJrY+Cs2kl4aCWObmw0SK80UZ6gETILY7Zi0hLNErKrJ119KQD8nIosuil6SenppeWZWE5FOrJsSWylqFpGYic5m1ytyC0Ma5o6UydG4JIwfJPTzMFX3U+aJzy3/7Srm+YofNQvA5oWmuqLZ9ipXPFfWljDKxjXNF4zxRn0ZlU6rezBXNlzIKHRdvFp4UV2RtzBOtFzK2O+fqVWDn5ouG6VVJUioFvdNA8lKWJtEpU/PVPvLli+JwD5eSlax554HCJ74fQ4fBmzXZ8iXDBYtNQgHE9sj32fKyNK5+G1fQdcEp/D6aiW2cehUWnEwRS1Ef8mHSSh0Cuo7dl+tK67H5/bRQfvrg3qLMkBoEENuds6jYJp53MMotW6NtlFlct82PC0NJUm+r9ZqOK+aaxCS34gq6vuLupUuCIzYIILY7ZyUhLCU2byce5jIKTpmWS86fexAe6jKe43jGZnNGo+DGsjM+5yBKzSX23vJEiA0CdB5UwCJPqsqnV1m8KU3jYpT5U6qi1KaeUpWVmXEZojdPqbrkwS08oQoKkLE96kDd0r9npQ6FbB5o8XF8cQJ9/lzR8NyDcUqUTZeSyNLYudLj9q4RGlkbGIjtUeeMls6ZKE2TqHwVjTjZPSwoeZap5WLzqVYxc4uii/v+VCvKTrgBStFKWPSvMRNcXOGjlMW92S6tvBGzr9K9syw7G8vQyEJCu+ofArgrEBv8ZuqnMFeiliKel2daUxHfj8eXQEzwDogN5sl/HjNruZVK0DOmhmnMyQyJwRUgNlhGclPHRKYEhsxgYRAbLNujegn0aMJfBrHBbdzy80Fm8JdguAfcBnKCfxBbIgEAoB4QGwBUB2IDgOpAbABQHYgNAKoDsQFAdSA2AKgOxAYA1YHYAKA6EBsAVAdiA4DqQGwAUB2IDQCqA7EBQHUgNgCoDsQGANWB2ACgqY3/ANGl1gCCZwauAAAAAElFTkSuQmCC""}}]}, {""role"": ""assistant"", ""content"": ""0.632""}, {""role"": ""user"", ""content"": [{""type"": ""text"", ""text"": ""\nYou are given both an image and a text-based representation of the same stimulus. \nIn both, a red dot appears on a horizontal line\nThe left end of the line corresponds to 0.0, and the right end to 1.0.\n\nText representation (the dot is marked as \""\""O\""\""):\n|--------------------=-----=---O------ -.|\n\n\nEstimate the horizontal position of the **center** of the red dot as a decimal number between 0 and 1.\nDo not explain. Only output the final answer as a number between 0 and 1:\nFinal Answer:\n""}, {""type"": ""image_url"", ""image_url"": {""url"": ""data:image/png;base64,iVBORw0KGgoAAAANSUhEUgAAATYAAABNCAYAAAAsLkgfAAAI6UlEQVR4nO2dbY7aMBBA7STLxxna3v9vT9JLtL1Cd4ElqcbxpINxAl0+At73JMtJCAFV2texPWN813WdAwAoiGruLwAAcG0QGwAUB2IDgOJAbABQHIgNAIoDsQFAcSA2ACgOxAYAxYHYAKA4EBsAFAdiA4DiQGwAUByIDQCKA7EBQHEgNgAoDsQGAMWB2ACgOBAbABQHYgOA4mjm/gIAMMG1f5LEe/cZQGwAjy6znNzGhDcmLu8/9r4nxfMrVQAPLDN7PXftlKT8GcfnPOfJQGwAczIlLunHjtP35KTlT/Tp8dS1c157IBAbwCNFZ+mxtLY9PE/fMyYvnzR73d6bHufOx65NXZ8RxAZwBlf/M0nE5K24rMzSPm2WnMx8bFV1JLnuIxHdfwxn/YzCY/EA4N5iy0VlOaElzdvzXMRmWqcik94e23tORXK5Xj4vXYgYERhiAyhZbLmhp16LkgrPV4Ht9/2x9Pt9L7T93nV6Xe6xMrQRmMqrrnt5Sa9yq6peeGn0lhPcmOiuMU93BxiKApxgu91e72GZKG2IxKK4gtje33upJf2B+Oyfro3C6l5mQWp1/U9ucmwkF+6ZGr6eEp/9bNsbFouFmwMiNoAT7EUktxp+JhFaENj7e+ilddLvdr3o5DhGboMMFR1+alTWNEFoQWr22IpO783NwY1FdVOLEXr+ACA2gBO8i1QuIU3PMPNoOszUKE0lJn1o2+2/4yi30Oxcm51XE1k1UWTSv7z0fbymkhuiN+nH5uJycsssQjyi3BAbwAl2IpsrRmwHiwBplKYik367dVXsDwRn596i2EROIqpBaE2U2suLa1VuqeSS6O0ogssJLr02Nfc2I4gN4NZiS4ehKjTpVWjyGbtdL7LNppfaZuO6zSb0ck1eC9Ga3Gvn2VRsUVRd0/QyWyxC38ZezoPomuZ4eJrMvR21VHZ6Lmj/QHJj8QBggp8/f17+kFxKRzL81CitUpG9vbn67c1V0uK10EzUFt5vxRZl1RqZtctlON4vl73UVHIauYnkzLB0Um4TqSNTw9Fv3765e0PEBnCrFdFclYBZ/RyTWpDZ66vrothEcHLsNhv5QkFuwzxbErFJNNaKyERgUWgit/1220tut+vlZoemMWo7EtuY6HLDUyGVm16bAcQGMMFGZHIpaWqHzpHFYajLSK0WscXeidReX8NwVO4N92fEFqQWxdaK1FYrt9/t3P79fWitNrlHvodZaBjSRM6N3qZWS2cGsQHcY+EgFZuZWwsLA1FqtcpM2p8/zovQtL29hXs7aZrXpmLT1VAV22oVxCVt33X/mqSvdJ1rJSm4bfsm75PvZefb5Nmn5IbYAD5pDls6vxajtRCxyWKBiDOufoqwNCKTKE1k10ofWxiextdDflsiNqfDy7Z1kuEWmkRyVeX23ru99PFYrslr8l6572Ci3X5fjd7SOcKc3B5oAaH5+vXrrF8A4JH5/v37dXLX0vpPnfy3zSTmhuTc3W5oLunDKqrNY5OILX5mF6sPhtQPGXrG6K0V6WmL3ytEb7m6Vfu9LSI0vTYmNsV7N4djmt+/f9/9QwGehYuTBjLbDWmdZxebrfscakbN63I+iMcm5lqxCea1TiWXRGNpCVVYdEjOTw4x9TNzu4vY7xPvncMxzZcvX+7+oQDPwod3qMjtfGGqBKTJs8PzzeqiN3NYXs/reuiHphGTfo59ra6dN70ey1A1HMc8tnAemy4e+FP5a1MJurl/K+/dHI5pfv36dfcPBXgWfvz4cdkDMrtwhGORSNu6Kk7aV9Kapm8vL6H5xaIfliaVBuEpOsFvhqIiKBff5+S9plWSxyYJujFJ12mTe5NV0bPLq86cX5vDMSweAExQyx/7pdiCdyMJ+fMPLQ5Hq65zddsOTc5FfJIlJi1EeBp52VVReS3KyUexVauV69br0Kr12tWrlXOmhXui5Cqby6Y7fuTKqP5TaHOC2AAmeJGo5hbpHnao6b2rbBOheh9aONeITqQlVQmxIH5YFRV02CmiWi5dJ03Etlq5er12TpoIbbUKr4dk3Ri12dKqYYU1LXwXcom4Dyg1AbEBTLBcLq+3Kmon/2NybBCUCE7lJa2qQhRVx6FpHaOrkMAbKw8OxBblI+/V4WUn31ujs/W6F5rktkmLCby2KH5I65iaP5uS2YNUHAwfT60owA3rRXMF8LoLrm4iqWVVsQhei95rrUSQa9rrLh+2VlQenyboLmKSrkRmUoEgQ1ON1HSuzdaKplKbEtlEakfKHHWiAhEbwAku2gU2t8Gkik2kIoKKc2Nhdw8Zbuo8WZz0DzKTiEulprludhddjbji4oOTRYPl8qAFmdkhaLo3W05qTxKhpSA2gFvPsyVyC3lrma3Ag9C0j2Ia9mPT0iuVmt2PTYhJuZrGUcWhZpCaLhTo8DNKbdh00kjt6AdenkRkKYgN4M5iO1gl1SoEjd5keCpC0sjMDFOHonmN1ozYdLVVc9I6La8SQarMTKQ2DD81WhtLxh0TGGIDeG4aEcElTC0k2JVSG73FHDZbZqXHbuQ3D0LTRNvG7LdmFwmSxYKj3zzQZ53iwcXG4gHAvX6pKimtOvqVKvvze5qUa/tUavZ5WhKlQ8sm+Y2DJEo72gp8onLgo8z1C1UCERvALRN107ghNywVuWSGp0eiS388OalokPmxoSSq7vPaRFxDSVW6BfhUPeg5PHDUhtgAblkzmr4vNyyN1QcHhe1aD2qis6Nfgk+kaasaOlNvanfEPbjn1M4cTwxDUYAzueqfSrJtuD+1bZDt0x1DlLRawI/UesYKgtEV0Dn/I7jW5yM2gDuS+3NLJDcquNwcncWKqvpAfScRGwBchak5OO3HZJb7001LoYRzk24LArEBPIvkpo6VqUjMP1eS7SUgNoBnGq7+L/7zyMyC2AAenWv8ifrPITSFdA+AR+eTSekaxJ3jAADKAbEBQHEgNgAoDsQGAMWB2ACgOBAbABQHYgOA4kBsAFAciA0AigOxAUBxIDYAKA7EBgDFgdgAoDgQGwAUB2IDgOJAbABQHIgNAFxp/AX/qdllPni50AAAAABJRU5ErkJggg==""}}]}, {""role"": ""assistant"", ""content"": ""0.707""}, {""role"": ""user"", ""content"": [{""type"": ""text"", ""text"": ""\nYou are given both an image and a text-based representation of the same stimulus. \nIn both, a red dot appears on a horizontal line\nThe left end of the line corresponds to 0.0, and the right end to 1.0.\n\nText representation (the dot is marked as \""\""O\""\""):\n|-------------=---.-------O---.-----~----|\n\n\nEstimate the horizontal position of the **center** of the red dot as a decimal number between 0 and 1.\nDo not explain. Only output the final answer as a number between 0 and 1:\nFinal Answer:\n""}, {""type"": ""image_url"", ""image_url"": {""url"": ""data:image/png;base64,iVBORw0KGgoAAAANSUhEUgAAATYAAABNCAYAAAAsLkgfAAAIlElEQVR4nO2dYVLbSBBGR5LBJlcguf/fnCSXSLgCYGxLW994WmmJkcDYLM7ovaqukWxjvFT8tkc9Paq6rusCAEBB1F/9AQAALg1iA4DiQGwAUByIDQCKA7EBQHEgNgAoDsQGAMWB2ACgOBAbABQHYgOA4kBsAFAciA0AigOxAUBxIDYAKA7EBgDFgdgAoDgQGwAUB2IDgOJAbABQHKuv/gAAV8clbwNSVZd7L3g3iA1gSmg5weUey8nLHnvv6+GiVNylChaN/+efO556fkpUY2nNPTf1GJwNYoNlMicxjRb+fA4TVG7MyW1OgHA2TEVhWcwJrW2HUstFjrHEvMymzvVeczJDdGeB2OCq+ZQJhRNaNRaXyW1q9D8vxsKq69eC84/rx3MC9Jj4PkiFFBEbLExsuemmiWsiKn8+VQxI8uq8xDT6Y/+aXNh7vZXNvUGF2BAbFCy2qaqmi/j+JrDDIQSFzg+H/rxL5/E14ylpVf0VlYlM8tLYNMPzCdFNCs6DrE6C4gFcLS8vL5+aqQ0yMRPZfn881rjf/5WdPe/FaLKxLCyJrPNjileis2MvRPGW4N7J7e1tWDJkbHC1HCSSc5mqePopphdZim63C9VudxSdPabX+QJDEpBNP01k3Wo1eTyQnxPd5LU5QbZ2MogNrpa9pHLpCmgSUzXK0nqxvbxEocVwxya4wbU2E5vLwqLIkszieHNzFFp6PI4Smo2WySlyU1MDuZ0EYoOrZSehXLICqnE89dRoIjOZbbeh1uhDz9k01RURlK1FiUlsJrUks1ajj/Scl1w/VZ3K3gRSOxnEBuWKbaIC2gstSS3sdqGWuLbbo9S229Cl0c71mhh2zS1lbFFsLlszmWlsb29jRKnpWFKzcxNcyt76rC1XVBDI7SQoHsBV8vv37/PfJCc2q36mwoBlacrQosien0Pz/BxqHz6D80UEn7E1zVFmJjSN63U4SGTr9V/JWUhsbpray+2CWduPHz/CUiFjg7IqolOdBRajbE1hUjORdU9PoX56Cs3TU+ien0NQ6HnL2mw6axmbpKZsbbWKIpPADpLZy8tx3O2i5Nr9PrRaPuIiCk2S0/FcMcEgc3sXiA2ukq2mf5e8vmbXxUxqqRjQS01hMktjeHwM4ekpZnESW9BrbTrqMrbWxGZSU0hqu1047PexuiuhtW3bh8QY5SappWt+ryqlc90JMAtig2UUDnwngS3rsGnodhunn41lZ5LZ4+MxdKxI1926jNisaKAMrc/M2jYcum4Yql3oZ0ZhnzEuBFYgtrNBbFDmGrbx7hyjamitjC0VDTpNe11Idm0qHFQ2PVXGlsQWsz0nNqtyKgNru+4YyuSqKhzqOhya5hiSn6SXMrPWt1f5z+ynowK5nczq+/fvp/8UwCfz8+fPy1xjy/SDjlun+ulpmqJ2aTFul6arcZQA/Zo2+z3K2ExyaU1alFx6jzYzDbWpqEbf0vVKYG6tXM8Jgvu+4O/26uHh4as/A8Arzi7Wj3s63U4ecQrod/awKaEdWw+pG2e3MPK9p/bQaBePceN7nMK6iufsf61v3zrh7/Kw4O/26v7+/qs/A8DldqhwmdSr8xR67/j+br1YPE/Tv6ppQpWyLx0HH1a9VIYlfOfAatW/vtKxW8rRH7vX6XfYwtxqrrVq+Id595/ifsHf7dWfP3+++jMAvOLXr1+Xv8aWkBrqVCWtdb1ttQr1zU287qaobm5CdXs7bIS3nT0kFpvGCkkpLdmo1usQ1us4WtTrdVzHFkON6Yq0hm2wjs23V5lk44f9+Dq2Pwv+blM8gKuk0Rf8s5Z7KENLWaFkVXddaBRtG6O2SM/F11kGZ1XRJLaYdSkDS2KLIttsQnd3F+pv30JzdxfCZhOCRi87idTE5ncA8Z0H8RdQNPgIiA2ukhtlNJfeKVcykpwkt5Qh1VU1iCZFPNfzijSVjFmcCgg+Y0vTVT1Xpy4DE1tjQttsQrXZRKHF5SApa/M7fwz2bGOZx9kgNrhK1prWfUbngVvyEYWkaWjT/I26jtmijhs9p0jSiv2kJjZ77yS+OLVMYlNmJqFVXmibzbB3VOGv3Y17RAUdBx+GXlEot190qlfUyy0t1I0dCGlnj8baq/yoNW0mNr+7hzXAu6b31kS22cSWqs5lav0uH2kK2r0ltQ8K7ceC+0QFGRtcLWfvAjsWm3AbTPYN7Skzi9fJdO3LMjTJTNfENEp61rEwytis8lmnrK0vHqRja3yPu3v4KahVRX2FVrCjx9kgNljOdTaN7q5TfeZmUlM2liqiEluUk2VqJrbRfmyD5R5JisrKTGyxQDCXqaUsbdCBgNDOBrFBuWKbud7WZ20aJTZlYSY3CcwKBRKUtVG5pR9GXP+WCgj9JpNJZpLkqx10ndQGd7Q6vtlwhA+D2OBqWUkE55LrEMg1xqcpaczeJDFJTiJTIcC2Dh/f0EVY1uUW5o53yu3F5m7oMim18TF8CIoHsIw7VWVu6tIvAbH1baPe0T5D81uC+5u5CLuRi0lrfE+Dia2/By1WFxba7cLvUCUQG5S7y8fUfUVtzFVL/S4gTnSDmyfn7ivqb6/nRZZbo/aeXTvOkFxzicXN/zhMReGqOeuu5rmfnWiMj7LxO21YP6gXXq4BftR3agIb9H7qPNcQP/UZ4WzI2ODq+ZR/ouk9o9hyi3jHx+MpaKa5PnuH90wngd/V46r+R1AQiA2WxSnT07e2KhJeUm+Ff72BiD4FxAbLZmpJiI254xxjec0t4UBmnw5iAxDjr8FYcrnXeHLiIjv7MhAbwHsl9x5y8kJo/zuIDWCOj349kNmXwnIPgDkQ1D9JWikIAFAOiA0AigOxAUBxIDYAKA7EBgDFgdgAoDgQGwAUB2IDgOJAbABQHIgNAIoDsQFAcSA2ACgOxAYAxYHYAKA4EBsAFAdiA4DiQGwAEErjP5FJi7ZzfsrhAAAAAElFTkSuQmCC""}}]}, {""role"": ""assistant"", ""content"": ""0.556""}, {""role"": ""user"", ""content"": [{""type"": ""text"", ""text"": ""\nYou are given both an image and a text-based representation of the same stimulus. \nIn both, a red dot appears on a horizontal line\nThe left end of the line corresponds to 0.0, and the right end to 1.0.\n\nText representation (the dot is marked as \""\""O\""\""):\n|.---~------~----------=O-----------~----|\n\n\nEstimate the horizontal position of the **center** of the red dot as a decimal number between 0 and 1.\nDo not explain. Only output the final answer as a number between 0 and 1:\nFinal Answer:\n""}, {""type"": ""image_url"", ""image_url"": {""url"": ""data:image/png;base64,iVBORw0KGgoAAAANSUhEUgAAATYAAABNCAYAAAAsLkgfAAAIiklEQVR4nO2df3LaTAxA/YOE3KHt/f/tSXqJtmdoAgF/IyE5QlmgX+yMzfa9Gc0aFxbagVetd7Vuh2EYGgCAiuiW/gAAAHOD2ACgOhAbAFQHYgOA6kBsAFAdiA0AqgOxAUB1IDYAqA7EBgDVgdgAoDoQGwBUB2IDgOpAbABQHYgNAKoDsQFAdSA2AKgOxAYA1YHYAKA6EBsAVMdm6Q8AMAtz3bqjbefpBxYFsUFdMvvbcyWBybn8XER3l7TcpQrujviVvXV87evt0oryKp0rPYZVg9jgPshf0yiuLLHSuRJRYpeOY5tfB6sFscE6uTakzAK7FSWyyK5Ffv6lvmA1IDaYjU/5KqXhZVsS1/H4/jieu3TdrOve5OXH8ZzFcEly+fgDtEjxU2DyANYpttL1siwreRzDzrX5XJRblFPXNYOLrO/fxBbDxSbH/rooOel3gpwQ2+eA2GB5sd0adgax6XuYtFRgh8Pp8eEwPh7Cec3w5HHsOmZpEn1/EpzITcKFV5Dc1WGqg6wWh6EozMJut5uno9J1NMu8VFzy2KUlrUX7+npq4zmXXh6OShbmIhOJSbvZnFqL8TiKLw9Xra+r19/+gsfHx2n/ZvAOMjaYhYNIZCrXJgVihhYEJkKTGPb70zkRnJ/zLM7lJoShpctrEKltNie5ueD8XBRdzuCsvznkBvOC2GAWXkUoc2ZqaULApeby0gxNWhFaDDvngnt3rc2zNRGbSUzbh4e3EKF5GwR3lsXdyt5gURAbzMJeZDKVlKWdTQJEqWWZ7XZNt9uNx1Fy45DVhDmY2DQ8QzOhHR8fT8feWoySs0yuODQVENtqQGywvNhKQ9AgtXHY6bLa708is+heXprB5fby0nTyWeSan113a0pis0ztGKTmoWKz48YfxywuZ25xYkFAbovD5AFM5ufPn9M6yGK7lqlZRiYykxCR9XY8hkvOhqzFjK3vVWrHKLXttjlst82w3Y6P5dgzOJWcDU/fyW3itbZv375N+zeEM8jYYLkZ0bxWLYvNs604/DRpdc/PJ4k9PzeDHD8/q+CGl5emkZDn+LW2gtiOlq0dTGwiNBXb05O2R2n3++ZoExMqN+lLsrgot0tZm0DmthiIDSbzIiKZShRbWJPmEwU6IWDDTheaykzE9uePto2FZHE6FJXMLoptGE5SC2JTuVmmJlI77PcaIjSNw0FbXx8nM60yJB0nFXzZSJ5IgEVBbLD8xEFesxbXqMUhqF9DM6H1f/40jUUrQvNWhqi7nV53G0oZm81wjsNQEZkI7fVVl61oHI8aR5FhjFDhoMciNem/NByFxUBssOwatkvX1+KaNMm8QsY2Djc9Q3t+bo4iNRPb+BwZQvo1Nqs+0DVsvsTDMzIRmElM/iYabauh2Z3JStqxaiF+7jwcFZDbomy+fv267CeAu+f79+/zrl0L1QNx8iBGXO6hmZlFE1ufRQ1i0/Vr9niIWZxlcjpEjSFZnb2nPNbXSsRlHvHvE8/9D7nxO5yXze/fv2fuEv41Jk2sl0qo0k4ePgwcd/bwYWA41sfeushyROLzUx/xvMvWP8N4ra5UHREzudJuvFfgdzgvmy9fvszcJfxrfHiHiiiD2J46HaP194jn4nHXaUi2pOdz6VPuN8xmjq/z49h/etz6ULTweaZuacTvcF42v379mrlL+Nf48ePHx18cMzURQcysvAJhs2k6ycL6vunkOMbDw9t6NS+Etz5HOYXJA5WUrUFrbW1a6/HwoP2dlVbFNWuxrCpGnBn94DU2fofzwuQBTKaXH/Xcs6I5Y7MtiCS647HpJYZB207OeXgGZ+VPXlbl76FZl0jNxKYis4W43Xbb9E9PTSOx3Wq0dl7Wsbn0dLlHrEIoTR7AoiA2mMyD/NDnXscWllH4MFCORVxyeV6jbRtRai/nJTyjkywuVh6k3T1UavJcz8xk8a1IzWQmYmufnppOFulayHl/3tk6tlL1ASwOYoPJbOXH/lmVByYPl5EKKUqs75veMi9tJbOyWtIui83EI69XIcUMTIaiIUNToVnrQpP2rPLAF+hSL7o6qBWF5etFb9WKWuG7SioUvmutqCzUjSVWXnLlz/cqBt+yKNaKhuoDrxc9mMRUakFoKjUX4aWSKuEDWRt1ovNDxgazMGkX2Fu7e4jY7HqZTCSIYHS4aRf9VWSSabn0fI2brYHLGZtf7JdsT/qSPtvQnw5PRWxe+O5F8Hn7IrK11YLYYJ3X2eJ+bCIRryAQAYm0goi0MsFLrjxTC8PQothcbiYrl9vZrGjejy1kanFrcaS2PhAbrENsl6oQPGsToXgVgi3x0OGpiC1vPhnvgZDueeCTEDJzOu6ea20bNp4cJwdim5d45Nv1nd5g2r8DzAJig1nYyI//s+55kO9KFbM3P85C891z07bgOWuTyQgX21hDeuvmLpd2z40tLAqTB7CuO1Vdkdt4K710Q5ezzSjz7fh8wW+qPoi31/MbtcRtiMabt8Q7WV27DR93qFoVZGyw/ELd0v+t8ZZ5LjQ/J+/jWxvlnXZTfehYX+rYzGgsvRoX7UbZle4rWpKa9XkGWdviIDZYvma09Lp8zc1qPsesLQiuKLN8P9GQscWqBr8T/FgnmmtOw3MuCg2RrQ6GojArs36dCgt4VSFRWvE6XBZaztacS0PJPBng8ssym2n77w//RwA3QWywTvLXsrS90aWIf577KmVbpUzsWmbG0HP1IDa4D3L2ltsr+7q9o5Rx3dp6CJndFYgN6srkrj3nlqBuyQuZ3Q2IDe6TSzOpH+WStJDZXYLYoA7m+hojsipguQfUAUKCQLrNDgDA/YPYAKA6EBsAVAdiA4DqQGwAUB2IDQCqA7EBQHUgNgCoDsQGANWB2ACgOhAbAFQHYgOA6kBsAFAdiA0AqgOxAUB1IDYAqA7EBgBNbfwHpukVnIP1gA0AAAAASUVORK5CYII=""}}]}, {""role"": ""assistant"", ""content"": ""0.567""}, {""role"": ""user"", ""content"": [{""type"": ""text"", ""text"": ""\nYou are given both an image and a text-based representation of the same stimulus. \nIn both, a red dot appears on a horizontal line\nThe left end of the line corresponds to 0.0, and the right end to 1.0.\n\nText representation (the dot is marked as \""\""O\""\""):\n|----------~----O-=-- -------.-----------|\n\n\nEstimate the horizontal position of the **center** of the red dot as a decimal number between 0 and 1.\nDo not explain. Only output the final answer as a number between 0 and 1:\nFinal Answer:\n""}, {""type"": ""image_url"", ""image_url"": {""url"": ""data:image/png;base64,iVBORw0KGgoAAAANSUhEUgAAATYAAABNCAYAAAAsLkgfAAAIs0lEQVR4nO2d7XLaPBBGbUMg99D2/v/2SnoTbW8hX3y48yi7yqLYTmMggOacGY0EsQ1vmvfMSqu1277v+wYAoCK6S38BAIBTg9gAoDoQGwBUB2IDgOpAbABQHYgNAKoDsQFAdSA2AKgOxAYA1YHYAKA6EBsAVAdiA4DqQGwAUB2IDQCqA7EBQHUgNgCoDsQGANWB2ACgOhAbAFTH8tJfAGZwisdUtO0pvgnAVYLYblVmU3LTz8bE5e/H85EcVEbLU6puUGbx/bFxKa0or7Hx0GuAG4SI7VaEFqU2NB46rxRbKbkhqZXXQHRwgxCx3UJ0FgW23x++Nya5IamNtfLY8vwxkB5cKYjtCE7+qyummm2UVxSaj8ckV4qn694kNja2lq8wFdUdQYsM4QtgKnotYhuK0KLIXGK73cG4LQXn1yijsq5reokstig369MVhiI5Hx+ZdEBs8BUgtkuJbWwdLbTepSWBudwkNr02wfXq7bgc4TmSmUtrschC631sfT7GJWfnJuZMVZEXXBimojN5eXk5X6QmSbnIXGwmtGa7zeN2u80RXD7erxUjNQnMmo8P3nPJ+fFT63BDYvukyFar1Wl+dwAjELHNZCehnElqWVRRYBKatd76ZrPJ0lPkdhCx+ZpZFNly2fTW0nsal6LTOTF6+0yyYeg1wAVAbDPZSizHUO5Ji+tmMUqTxCSwzeZVbC8v6XVuHrXFtbdSbEFo/d3du94ll6M3X48bWIOb3D5SjgEuBGKbyUayOZYQqaVoy+UUozQXmIRmrXO5ee/T07jOZlJLzUUW2n61envt0ovRW0gyvJPcWPRWjgEuBGK7lNhGMp8xSktyc5E9P6emcf/09Pqe/UzHp1ZEbBJSjNSSzFar1HvTa/18r8itFFyZRS3FFhMMyA2uCJIHM/j9+/dp19bKJEGcakpm1tqnp2YhqZnY0vvqQ9SWIjbhEZvJKstsvX5tq1WzW6/fRBejN5++FtnTyT1w9pkH/QQ/fvw47ncIMAER21dnRCcSBh555bW0ILUks8fH12jt8bFZPD+nsSI6iVByy9cpxCZpucgktdTf3ze7l5csuXdyszW33Ib2vw1FbERucAUgthk8Pz8ff5GhrR1BamkK6kJzmUls1jeS2tNTkl/KjkpuvqctiG1fRGs7E9pus8ktyW27zQJM0ZoEV24TGdvcOyY2gAuB2C6ZOLA1sby1w9fW4pqapp8us4eHpnl8bNqHhzQtbTXWcZtN06t58iFGbJ4skLwkMQlsu03bVXLb71Pba9uINv3qHPU2JT0QW9jvhtjgWkFsX72HbWh9LW6+9WmleiUKFJGpeYT29NTsXWoWzfU2HT3Yy+Ybc/W+EgQSl1rfN1Kfmv4rdm372uy9pEUdo8oHSS1+T13PN/9OiQ25wYVZfv/+/dLf4eb4+fPnvBNjniYWspelUp7ljFs+fHOuZGcRmqarqbfXvuUjIbko0rLXXk2QMqUWge19qupjNROW+pQV1TXLaMzX1vy9GWts/N3BOVn+/fv3rB9QIyerES33sVl9qFo7VDOq6aFeh3EWY2zCZRPEmc+zlq8Zzw3fwb9rHo/dWqnEhTbxe+LvDs7J8tu3b2f9gBqZfYcKn8YV1QFx3Pr1Q0uvLZJqrfk4Twl9mvj2Jd8t9Lehz9fUuEgGpJ+HmtGDzxkrs/pkxMbfHZyT5Z8/f876ATXy69ev06yxeXTlryWdxaLpLBOpvlsum+7uLq27qW+9xUqDKJ9iKtpqnczOaVart/N1zVhapeNi8zKrsW0fY2VWsZ+Avzs4JyQPZrDQ/+DHEBb483aPGLFZplSt2++bxW7XLNTb667vm65tU0sRnL6PZOXVB8KjruXyVWSrVdNpQ+79fWoaL+7vm2a9zi0dY9UIkmgUW976MbXVwz4X4NIgthncKfo5hqFbFPn00qeJJi4t06fWts1CreuaTk2RnJqiMG0P8T1wMWLT9SQ2O66X2ExuSWrW2vU6ic73u0mSfSm2WIHwP9NQgAuC2GawVoRzisRBzIz6lg9NH9VsDS1JLExLFS0qmkqlVRKS9rppmuolVX5NE1vncpKo9L0lLpNZa5FbLrWKhfFWO9pMlVVRcQBXCrWiX10vOlZSVWz3iHf08JpQbcZNQvMyK6sTzbWiavHuHr61I5RVRYmlWtEQqXlBvEvtYPo5Fq3NkBp1onBuiNhmMvsusGPPNijvwWZTSEVaKWkgsdkaWBKaSy9KzSM2x4Vk09acPFCvZkXwqTJBMisSCe/KqD6qNCBSgysBsV3DOpuXVXnkJqmpl4QkLpeRxpp+xptNhjvresIh4zIyUXkWNF3LhBmjtHhn3ZgFzc9EGIrWBEKDKwOxXUJsU1Gb35NNvbKcJrdcID8kNLuLbl5fs+vn/W7lDSctU3ow7Syyn+VzED5MFCA3uCIQ20yWEsExjK21xUypPkPCknx8qhlvbRQf7uLnhDW23ExWSXDlMw8GtnMcTEH/J/uJ1ODKIHlwySdVTURu724VXiYY4pOrPMory55CfeiBtGJiIN4p14/56EEufu0Z8IQq+AqI2L56o+5YvWWUkkdeun58apXLLUxXY3v3XFFJrSiJSpt2bTuJy+zgmQZTUdqUzIja4IpAbF9dMzp0Tik3ycUTCjZ+dzeQeC+3sSfBx7rTkAQoaz9zraiJcHTqibzgRmAqeiQn+/WVj+Mr7vAxmGgYet+vESU09BCWkalmFps4ceZz9s0DAD4JYrsGpqan3o+tx5U/G+Kju3H8b3SGmOBGQGzXxNT9zoZk5/3YeUMR15TEyHZCJSC2Wxfd0HFDjE0ricygQhDbLTD0T3TMPxsyg8pBbLfIKf7JEBlUDNs9bhGkBDBJeNwQAEAdIDYAqA7EBgDVgdgAoDoQGwBUB2IDgOpAbABQHYgNAKoDsQFAdSA2AKgOxAYA1YHYAKA6EBsAVAdiA4DqQGwAUB2IDQCqA7EBQFMb/wCp3rrC7i21WwAAAABJRU5ErkJggg==""}}]}, {""role"": ""assistant"", ""content"": ""0.389""}, {""role"": ""user"", ""content"": [{""type"": ""text"", ""text"": ""\nYou are given both an image and a text-based representation of the same stimulus. \nIn both, a red dot appears on a horizontal line\nThe left end of the line corresponds to 0.0, and the right end to 1.0.\n\nText representation (the dot is marked as \""\""O\""\""):\n|------- ---.-O-=-----------=------------|\n\n\nEstimate the horizontal position of the **center** of the red dot as a decimal number between 0 and 1.\nDo not explain. Only output the final answer as a number between 0 and 1:\nFinal Answer:\n""}, {""type"": ""image_url"", ""image_url"": {""url"": ""data:image/png;base64,iVBORw0KGgoAAAANSUhEUgAAATYAAABNCAYAAAAsLkgfAAAIlUlEQVR4nO2da3LTMBCA5Thtegfg/n85CZcArkDzNrObXXUj5LTk0Tia75vZkeI4jinlY/V0NwzDkAAAGmJ27xsAALg2iA0AmgOxAUBzIDYAaA7EBgDNgdgAoDkQGwA0B2IDgOZAbADQHIgNAJoDsQFAcyA2AGgOxAYAzYHYAKA5EBsANAdiA4DmQGwA0ByIDQCaA7EBQHPM730DcCbXeFRF113jTgAmB2J7ZJF95FhNXn4snovkoCE6nlI1ccq/Hn8dj9eORaK0vF47VtYBHhQytqkyJq6xevmZSCkzKWuCG/scwIOB2B4lM3ORvRc1XGSnws+Ln/lIsxZggtAUvYCr/+iKLK3z1/v9m7hq9XisJqMYs1m9tBhqorui0DrkCJ8AGdtUxHYqQ4sCi7HbHeTnr0u5FUIbXGS1iOeMZXJXkBJig88Asd1LbKeanhaDy8oFttsdYr9PndX1HD/m58fLljLr+zT0fa6rzLwez60JTijFhKhggtAUPZP1en2dC430oWVJeWbmUttuc73bbrPs9FjM2gRvXpZSm88PpUWsZ9GNya0U3Rk8Pz9f+lMDOAkZ25nsRCSXMjYw4NmXS80EJqXEIOVmo5JLfkzej01SwfvMgrwGkdp8fpBbrJeiK5qot2qaAtwCxHYmW5HKtfvUTEoqKM/CTFxabjbHsV4f3hPJhWZqVWxBZMPT0yGsnqzu59Waqx9umgJMAMR2JhuRyaWEZmO16WlSU4EFmc3ktcRq9XbcszrP2uTyNhggkjoS2vNz2od6FF2UXM7gatmb3jRSg2mC2O4ltrIZakJSMVk/mjY3N5s3kYnUVqs0rFZaitjkvSRhWV0qxSZhYtubxKT0ULFZXaUmr0NTNfa9HcntSv1tALeAwYMz+Pnz52UXGJvSEUY7Y5Nz5iJbLlMv9eXyEHZcxWdZm37erq/ZmohNpGZi01gstNwtFmmwuhxzyR01T8fk9tHVCyN8+/btsp8hwAnI2D5zRLQ2xcPD+8d8kCA0O7PElss0vL5q2b++pmG5TGm10pj5YIJfJ4hNpfb0lHYmtt3Li4pMxKaSk9ebzSGDc8GZ3FKUWznv7UK5AdwKxHYGK5HJpYRVBXmSbRj59CaoCy3L7PVVy2TRudzkfB9ECGLbu9hcahLrtUpNBLcToW23B7GJ5KxvT+Um92Fy0+xtbDABYGIgtnsPHPjSKZ9kG7I171PrRWoiMJfZnz+p83K51L62Yb1Og2dtPsHX+9hiM1Riu007id3uKPb7vU46Hmzir07+tZBj1SapgNxgYiC2e8xhq0zxyBmbZF42ECAZmMpKwgYJRGJ762+T0OapSM/EptleyNjyVA/JykReEsOgIX+KHJLdWQhS6l3W1quWzVEBucGEmH/9+vXe9/BwfP/+/TpbEZV9bD5dI85Js6kfGjY510ObjCY+lZrIL85lk2zNXg9hXpuOkvZ92seQrM7qyco8zcPn7MUNKiUumNfG7x3ckvnv379v+gUtcvFAcmUQwXUwWOhrH90s6vr90mQ8tVBekFJE483JUOZ1qNb8jAvpq+/XIm5tVNuV9wT83sEtmX/58uWmX9AiZ+9QUUrg7YI55Np6/bAgvfNO+77Xeuf1uMZTwmXkwvFrWL+YXsdKrdv7+n2heen34Dt95Pv5yNrRD/5s+L2DWzL/9evXTb+gRX78+HHdeWxBDjKQMLNMaSax26XZ05P2u0nZPT+/jZz6vDUfWXVBhaaoCmw+T52MbspnPeSa5aqDGOXi+HK6h4fe9P+PjvJ7B7eEwYMz6OUf+TWIo6IiI8ueNKw5KurohyH1+72GSC+GnmtZWV4Y72tOrT+tM7GpyCReXtJssUj9y0tKHotF6haLfI5L72i6x3sTdQEmAmI7gyf5x35tsfmuHt7EnM3SzKPrNHoLf63vibQkJAuLo6KWwfn1cnZmk3D7xSJLTYXmk3VlaZVM0rVzVWxSLzO3cmkVwIRAbGewECncYrdcHwUVUVmmNRMpSYjE+l6zRZFZL+9ZFiZSisuqYlNUPufNSxWVhcgsCy0sszpaViXnnlpWVRMbkoMJwFrRKawX9dIXwYcVCDqvzXf0sMm6ea1oWC/qWxhFsR1N7ZDF7x6+CsGWTx0tiLc+t+SlbUx5zSVVrBOFW0PGds9dYCuL4X3bIZ+3JoLRQQOLnKVZ1uXCO1oEH0dHLWOTLM8HEXzwoAsyy7t7+B5tIkQXW9yb7dTGkwATAbFNoZ/NRkOPdtAVQYl8RFYutjCaqU1Jz9TCnmx5d49yuoc1YYdCknlUNIyM+vbh/+zHxrZF8CAgtomILdfDonjN3iTLkszNsy0Jl5nIzaQWn4WQsz+fp2brRbVZagKT/rsjmRVTPPJgwVjzk341mDCI7UzmIoJrMLLMKj5WTySUN5+0/i/vf/Mtw6sPdIkTb2101Ded9MysFNo/GRrPPYAHhMGDKTyp6r2twr1pGnbXjc9COJJa+Qg+f1aoP4GqfEqVH4uP43vvMXwXSI0nVMFnQMZ2z4m6tf9T/JhIpZjfptKS0qaExIXyRw9PLh7mEpdMadbmy7Ls2D99aGWG9p7QyNpgYiC2ez7VvPb5ILs8oBCXSZnYjp6REDM1XwDvE3SDnFxgvmY0rw0NEtNz/N7GRj4RGUwcmqIXcrMfn+/4UdtVoxRZ7Fcr76e2eL3Wb+ZiO5WdXSi0i/8jAPggiG1q1J6LEMtSYrWIlLtwXGOnDgQFE4em6NR4TxreVCxFVpa1a45J7JTMkBg8IGRsj0I5LaRWlvVT0kJm0DCIrZWmau28/2lKIjNoCMT2qFz614bIoGHoY3tUEBPAKNYTDQDQDogNAJoDsQFAcyA2AGgOxAYAzYHYAKA5EBsANAdiA4DmQGwA0ByIDQCaA7EBQHMgNgBoDsQGAM2B2ACgORAbADQHYgOA5kBsAJBa4y9D9omm4D6++wAAAABJRU5ErkJggg==""}}]}, {""role"": ""assistant"", ""content"": ""0.331""}, {""role"": ""user"", ""content"": [{""type"": ""text"", ""text"": ""\nYou are given both an image and a text-based representation of the same stimulus. \nIn both, a red dot appears on a horizontal line\nThe left end of the line corresponds to 0.0, and the right end to 1.0.\n\nText representation (the dot is marked as \""\""O\""\""):\n|--.---------O--=--~------------.------- |\n\n\nEstimate the horizontal position of the **center** of the red dot as a decimal number between 0 and 1.\nDo not explain. Only output the final answer as a number between 0 and 1:\nFinal Answer:\n""}, {""type"": ""image_url"", ""image_url"": {""url"": ""data:image/png;base64,iVBORw0KGgoAAAANSUhEUgAAATYAAABNCAYAAAAsLkgfAAAIfElEQVR4nO2da3LbuBJGQephew1J9v83K8kmkqzBlmyJtz4IjbRg0M5IdKwLnFPVBYqWKFnjnOnGi8M0TVMAAGiI8bM/AADA0iA2AGgOxAYAzYHYAKA5EBsANAdiA4DmQGwA0ByIDQCaA7EBQHMgNgBoDsQGAM2B2ACgORAbADQHYgOA5kBsANAciA0AmgOxAUBzIDYAaI71Z38AKHhvp/Zh+FefBOD/FsT2WVx6q4na65AdwBmI7V9SSum9xzW8xOzYvw7JAYSBu1R9MHPy8ud1XD5+T2Zl+9YxQGeQsX0UNVH5tjyuCc/jRVYelxLTY7sOgoMOIWNbitrXOCew96KGl9h74Z9fXgOgA7rP2Bb3eiGyqJLj8XROrc7PtXNyK8U1jn9aO3bnJ9/35kW30O86IEi4cRDbUmKbKzdLgVVi8I/fEts4hslkZrFa/TnW6/WcWhbnJXcliA1uHcS21LSLGaHF65vADofTsdrD4SS0wyFMdt4kV4xyZlE5kU1qXbwSns/kyhLVg6SgQbruY9vv98tcyGdZLusycZnMotgULy+nY2u96CyMJKUoLpOY2vU6t/GcWi++OcHZNa9ku91efQ2Aj6LrjO0goVzD3MCAz75KkaWYnp9jq3P288nLzTCpWZYmoaWIx5vNn+MkuSy/t+SWrg3QIl2L7UVSuZTaPLSy30yiMnGplcxmIgrOlaT5+i77Monldrs9HW82IVQEl8vVvy1LARqha7E9SyhLZWx+EMBKS5OaCWy/zzGqtXMpe4vP1+tcaSupxZCovNC223DU47u7P4JLbZabK0+jHBEbdAJiW0hquTWhqbVszESm2O3CuNuFSed2uyw5K0lz1laKLWVqJrOjxKZ2v89yO+q9fBZn/XC+LEVu0AHdDh78/Plz2b41P0hgmZrP0JLQJLbV01N+HEM/t6zO+tm82NLgQJSZxf19FNvh/j5M6Vhh2dxZeTrX33al2L59+3b5dwjwgXSbsV08Ijo3T82VoGd9aSYvySzFlNqVMrenp5jRxazOsjYTWxo4kNiOSWyHJLDDfh/ldnh5CcciNAhhEctRP2Jq00YEAwnQKN2KbbfbXXeBQmxnUzmsBPVZ2ePjSWaPj1FmaoOk9vQUM7oot+fnMJalqKRmYpPUdruYpUloMY7HOLp7PB5PMU0x4hw6yU2Zm67p57rNrTEFaIRuxbbIwEE5+dbE5krQwbKzx8eTzFIMCklNkfraNAUkZlkKy9jS6GbsX3t+PpWgSWKHaQqasBJjGGKriSJSonoYLOJn9FNAEBs0Trdiu3gOW1mK+jLUjYKObtBgUnboQjI7mtSUyaXBBGVscS5bIbYoJZWYElqS13EYwnEcw2G1OouY3SWB6edn60YVlrUJ5AaNsv769Wvoke/fv1+/hMpKRrd6IK8wcJNv/cRcSS9KSq3kV7Q587O1nSop04TdKDk9T6OdqS8t9qup9ZFEq+NX5ad99gUm6/b6twO3z/r379+hR65eI1oZRLD5Z1YC5vloviQsSsTY1hbMz+zdZs/P16j9PvpZKknzKX+t2n5tF3wfvf7twO2z/vLlS+iR/7xDhRdBTQ4uA9K14/Xd4vXBrePU8ZBKTGtjuNHQ3Lo1ov75gx2njMwf5/ewVQvl53lv992/pNe/Hbh91r9+/Qo98uPHj8te6DOpsrxLctI8tFFTLA6H2ObYbMK43Z7mqlnJquena2X5ecFJULrWZhMGLTy/uwuDxXYbr1curYpRLquqTdIVV/Sx9fq3A7dPt4MHK/1DvxS/k4dlRCYMueI08znHOE1hpdD76nG6oes4DGFM4opTPmxhvBPbkOQ0SGx3d2FME3Knh4cwPjyE1cNDCPf3p0jCM9lJpH5p1Vl/W/ygDBxAm3Qrto2ymqWWU0k8yr6KMlDHUV4W4xhWitUqjArL4jRSWlt5YBmbrm/ZmVYXJLGtJDOJ7eEhDPf3UXq2AiGuOlDY1kauLGU0FFqnW7Hd6R//taOi5ciojm0U1PWDnZWi63VYqd1swkqyckuqRhs5LcQWy1qJOGVilqFJZoMyN8msXFaV1paelaG1VQcIDhqk27WiF68XLUdFiwXw5VZFtoNHlFeaiKulVFloatO8t7OMzd7O7eyR14kmgcUlVcre7LHvb7MtjD5oATzrROGW6TZju2oX2HfWi55tKpk68+OggUIyUz+Y27ooSy1tOFlmbDHjShmfsjYbOLBBhLyNkX4f29rIBg8+YPE7wK3TtdgW62ez9aLlLh9ecBKXRGQZXLnZpCtDz8SmsH6yVMJKYnEwwfrd3F5sOVMrbvSS75sgkBo0DmJbavfcmW3Bh7ny1Ld+k0m/g67NP0t9dZaJWR+axPZqa3BXfr656B25QcN0Lba1RHApb6xAeHVbPS+4UnLFTV1ytuYzNjdJV1NDcqlpZae/ucuc1AQZG3RC14MHi9ypqrb8yd+lyt8HoXLHqupdqvx/En8/0dpdqvy5Wun5ASUod6iCW6frjO3iibq1qR9lW04HKW+M7EXm9mCbu6+ozYuLWVsaKfXLqM62JCp376gJjawNGqZ7sV10V/Paa2bkFoVUkVxVeF6I7r3yOk9XYmbRlSsf7HZ9/nMiMeiM7ktRsdhXUA4qpKVVrwYYajt5lOHxfW3lceXWenkPNnvtZ/+PAOAfg9iWovY1zpWowibh1oQ2J7a58M+x4/L1AB2B2D6Kv+mHs3ZOaJ63BFbrR0Nm0DGI7TMl99Zxjff2UUNmABHEdksl699CdgbwJojtM7nmq0dmALN0P93jU0FOAB9CmvAEANAOiA0AmgOxAUBzIDYAaA7EBgDNgdgAoDkQGwA0B2IDgOZAbADQHIgNAJoDsQFAcyA2AGgOxAYAzYHYAKA5EBsANAdiA4DmQGwAEFrjf2x+Ho4epb+CAAAAAElFTkSuQmCC""}}]}, {""role"": ""assistant"", ""content"": ""0.276""}, {""role"": ""user"", ""content"": [{""type"": ""text"", ""text"": ""\nYou are given both an image and a text-based representation of the same stimulus. \nIn both, a red dot appears on a horizontal line\nThe left end of the line corresponds to 0.0, and the right end to 1.0.\n\nText representation (the dot is marked as \""\""O\""\""):\n|----.-------------- --------O--=----~.--|\n\n\nEstimate the horizontal position of the **center** of the red dot as a decimal number between 0 and 1.\nDo not explain. Only output the final answer as a number between 0 and 1:\nFinal Answer:\n""}, {""type"": ""image_url"", ""image_url"": {""url"": ""data:image/png;base64,iVBORw0KGgoAAAANSUhEUgAAATYAAABNCAYAAAAsLkgfAAAIoElEQVR4nO2dW3LbOBBFAVIvryHJ/n+zkmwiyRbGlmQSUxfqhloI9LBFWUXgnqouUDRFs1LjM41Hgz6EEBwhhFRE9+wHIISQqaHYCCHVQbERQqqDYiOEVAfFRgipDoqNEFIdFBshpDooNkJIdVBshJDqoNgIIdVBsRFCqoNiI4RUB8VGCKkOio0QUh0UGyGkOig2Qkh1UGyEkOqg2Agh1UGxEUKqY/HsByCkKaZ+xYj3096vEig2Qr5aZiW5XRJeSV56Tr9HwZ3g+ZYqQh6E/dPS42vnzqHisgIrnSt9bhBmbIRMTS4s2147zsnlhVYD3ymJLmTnG4QZGyGP6mrm4tIYx3/PXRKbSqrrTsWWR349aFRwzNhIczzs/+VyX1+SlsrsXFuSW0lekJsKzrQhFxrQrG4C/MwESbGR5phcbOcyNCuvLPwwHD/rNfYeQGQVVGB9fxRbFukam9WF6bqkFBshtYvtUtczBBeMrLzKCyIbhoPQhuFwjcgtnsuytlDI0gLEplH4HENl5rMuqjIzQX0WjrGRptjtdtPe0HYhIaksQ1ORuff3w7FprehOuqQAmVoutcUitZBZQCvH8TOuxbHPMje5372sVis3F5ixkaYYIJEpKM1oZhmaSstDZvu9C9JGqeH4/f1wTuVWyNg0KwsqsuUytmG5PIhO2iQ9/O7OjMNNLLe5QLGRpniHVO4lX4uWdTut0KLA9vtj7Hbp2BnJnWRtKjbJ1KLIRGIxVquD0NDiuyK7KDe0XSFzUxqRG8VGmmIPmUw9A6pCKmRpSWa7neuk9dvtqeA0a5P7BBEbupYnUlut3AiZIdZrF5AFyucoN8gO9+lN1/TSeFvFUGykKSYRW2H2M2ZrIjaVVRIZpLbdurDduu7tLYoNP3MamrVZsclMJ6Q2irTG9TpFlBqO5btRcJCaZm19NoMKGuqScvKANMPv37/vv0lp0a2KTcbNNBPrRGgQWf/2FqWWAnKzmZsZZ0vZWt+7UcSGTG3cbKLUhs3GBRxLxOwNoZnbQiYVrNgmGmv78eOHmwPM2Egz3D0jWlqvZicLVGwQGsQmGRoivL7Gtn99jcduu42Ba9JYm2ZsIrYRYlsu3SDZ2rDbRZEN7+9uHIZDjGMMLB9BxqZjbi7P2hpb/kGxkWbYQiJTjq9lyzriZIFmagiRmsoMrfvvP+deX51/ezvKTcUmM7a4e5SaiA3Z2rDfR6FhVncYxxhRaiEcQp4jCm6UNXIym/rPJEKlMrNQbKQZJp04COE4caBja5Kt6Zgaup9RZiI0D6GhRWCsDZkcxt5ysZmJgyg2ZGgisiEEh6sG71OMuF6EiJGloMJVsdmqBECxEVIPk6xhy9at2W5opxkbBvYhK50ckHG2UWSG6JDFIWvb7VyADLOuqC7AhaRQbAV5jdI9HRaLQ8hxHIcTgankTp6vwUmExffv35/9DIR8CT9//rzvBqVaUO2KmrIpW2mg425BQ9avpVYmD9IYG4CcdD0bZATBYfxMYjwTTtpQkpg+87llHzdKbi6+WPz9+/fZz0DIlzDJAoBsF46oA2RZEvpZz9ljrSG152/ZukjPanczP3/yO7Lf6fA78912SzK78d9mLr5YfPv27dnPQMiXcPcOFXa3DHvsfby3zwrX42fJnryEHqfidS2DsvfTn8uyDW9aPcbPfbZWTZ8hyH3S88gzXqxAuPHfZi6+WPz58+fZz0DIl/Dr16/px9gESKaTbmm3WMTxttgilkvnEavVscxKu7AqNBUcgKRUZuu1c+t1bDU6rT7Q0ipTL5omDPozWxyVduT9AHPxBScPSDP0+GOfclYUopDB+ZgtSdcUsoLk+hBcjxay08DP8F1cL5lZHGPTkio5DzlFGUJkugD35cV1m43rX16cQ2w2B+mtVgfZLZdRoiGXXGktW8UTB4BiI82wRGYz9To2rRE1Xc3O+2NAqN7HiJ/xcwSyMc3iUHmgExEmY8PPo7BUbJAaZCah0otVCaZeNORbGVFshNTLGt26R1UeoFuplQfolmbRaytdUwhLF/LG75iMLcpRsy4RG1qVmd9sjkJDa4QWu6Z9YQPKfB1b5RUIrBUlTXF3vaj9c8l3yrVlVaYCIdWKmhKrVEeKbM2MublsV49UJ6oF8KhCkLpQzdTS7h92M8o+G2M7l619QGhzqRMFzNhIU0yyC+y53T1saZWMd8XuphzHLA1dT2RcKjUpgE/bg2tmJZLC95x2WU3oxAHEpzJLYusKEwalyoPKsjQLxUaaYvJxtmyxbhQUxscgKx1HU7mJ1LTsKmVruNZsMpkv94gTAmZmVT+nvdrMLrvFF7z4M6/pqxiKjTTFJGIr7aCLmc6sCiEu2YC47CRBFmlzSrOYNq1307IqM37mz3Q7NUsLpSzNt/fOUYqNNMUCsnngK/dOdvzA79JxNwjVjL+lXXOt2GzJk1nEG2VmXt5ykqVdewUfuHNsbY5w8oA0x6RvqrILdu2OH4Ua0jj2piLTY/tu0ezVealraRbd2nca5Es5wrVup/98N3ROb6gCzNhIc9y9UPfKe0XT+z1VbFpVgDE3Wyxv5WfvIzOjsSRK5JYW7V7K0OS77txY2h3F73ODYiPNcXfNaOn7edaWCU73RzuRmc3UsjfApzpPIzArtfRZniVla/b5fN1r1S7Brihpkof8Z29nSvWznTXNj/OXJGeF9f9MAOTH5trwQKH5GQqRYiNkCq51Ty9tU3RObNreOnaWH+fMUFCfhWIjZGry5SB5WzqXc2ngv9Fxs49AsRHyjCzu3DWWcwKjzK5CsRHyTMndAkX2YSg2Qr6az/7JUWY3w+UehHw1FNTDkXJ/QgipB4qNEFIdFBshpDooNkJIdVBshJDqoNgIIdVBsRFCqoNiI4RUB8VGCKkOio0QUh0UGyGkOig2Qkh1UGyEkOqg2Agh1UGxEUKqg2IjhFQHxUYIcbXxP4NOlatHaI8FAAAAAElFTkSuQmCC""}}]}, {""role"": ""assistant"", ""content"": ""0.331""}, {""role"": ""user"", ""content"": [{""type"": ""text"", ""text"": ""\nYou are given both an image and a text-based representation of the same stimulus. \nIn both, a red dot appears on a horizontal line\nThe left end of the line corresponds to 0.0, and the right end to 1.0.\n\nText representation (the dot is marked as \""\""O\""\""):\n|------. --------.------O ---------------|\n\n\nEstimate the horizontal position of the **center** of the red dot as a decimal number between 0 and 1.\nDo not explain. Only output the final answer as a number between 0 and 1:\nFinal Answer:\n""}, {""type"": ""image_url"", ""image_url"": {""url"": ""data:image/png;base64,iVBORw0KGgoAAAANSUhEUgAAATYAAABNCAYAAAAsLkgfAAAInElEQVR4nO2df1LbPBBAZTsQeoa29/+3J+klaI/QEJI4/mbXWn2LKgMtonHEezMayU5sUoa87uqXu2mapgAA0BD9pT8AAEBtEBsANAdiA4DmQGwA0ByIDQCaA7EBQHMgNgBoDsQGAM2B2ACgORAbADQHYgOA5kBsANAciA0AmgOxAUBzIDYAaA7EBgDNgdgAoDkQGwA0B2IDgObYXPoDAFSj1uM7uq7OfeBiIDZoT2Z/KzgTWn49ors6Op5SBVeL/9O1dulc3s5F5Y+X2s+dg9WB2KAdmUltpfR6SVC5yPLzpfeVjmFVIDa4bqG9puTXl6Tly3PnfO1BdKsCsUFV3vXPaZqC6qMkr/N5Ltb2tV3jycXlS98/OZ7+VHJ/SIcUq8PgAVyH2EpRmheYlHHUurNjez2P3HJpmcikLrSnTHS1BYfY6oPYYJ1iy+8T5aT3jzLrcqFJPY5hisfS7rz87FZ5dNb3s7ysDMPTY19eEpwHYV0MUlGoxuFwqH9TF2l1WdppIlOBnU4hnE7zOWnLOXs9T0l9FCZSG4b/61hSe0l0XowVIrfb29sqvy6YIWKDaowikVoURjZVbD4SiyLrjscwSft4nKV2POr5KdZPUlIXsamsosRUZJvN3N5s5vOxTm0X0f1x9Ab/FMQG1TiJVN6pT82kpkKzaCzKLJXDIdXBJBejt6LYnNREXFpubmaJxeNgx150udy85AzkdlEQG1TjKDJ5rxFQ16cmaacWk9nhEHqpHx/TsUkupacxapOeF4nUUjGhbTbhLBIrlCQ3KxbhmeDylBSpXRzEBqsV22/RmovUei+1x8cwPT6Gfr9XuclxkCKRm0VtJrYYsanUhiGcndTOt7daVGixHex4QXC/9bsJpKQXh8EDqML9/X29m/npGSI0aUepWZ9a76K0Yb9XqfUPDyo1bUv0JkUE6NLRJDaRWhSbl9ooIttu5+PtVgVnxST3RGxebm/sa/v69Wu93+EHh4gN1jUims9Xi5GWCi2moL2JLUpsEqHt92HY7cK034fw8BBClJv2tUmJaayKre/DWcpmE0aR2s2NCk1ENorUDgdtn4/HWW6nUyoiN5WaCM6NohYHEwwit38OYoMqPIpEKtJlfWs+BdUSpSbR2rTbhUFkttup1DppS5H3WDoa+9lEbCo1F62J3ERo4+EwFxHa6TSXcdRi8+N0jpzITdqvidrgIiA2WF//mojNTaw1sVlaKVIbYgqqAhOZ7Xah+/VLpaZtEZ4UGyH1qajrX0tp6OkURinjGMZpSkWm9eo1cfKxxpPxc03yGUVuUiO2VYHYYF1z2HwqaqOg53Po4yCARGAyP00HBqTEvrSz1DJ4EPvaNCWNYusysdlkXB00kIjsfA7nKLGx68LY93PddXN0F4V1trlv+d5tUir1s0EdNl++fKl0K/jIfPv2re7uHT4VtRUEllLadI845WNyRWSX6jhq6iM2vb0ISEZD3SoEFZ2lni4F9amoCFBTUUk9pTaB+Xlyb5jTxnexHpufP39WvB18VKqvEXVLqDQF9EuqbM2oTeGwtNDVxWIL4PP7WIrqP0b+sfy/0SI//3mXju3nvQK+i/XYfP78ueLt4KPy5h0q7MtvInD3k3t3WXqXjqXd9/Ox1EuL1+1n2GTauISqi1M3umHQks77Ec/4WufWjKafv7S06i8iNr6L9dj8+PGj4u3go/L9+/c6N3Lz16wtWuijjPpCETlZkWkYnUzFkDTVdvQQsbiIzaSl79tuQ+dKb3PXYq3TOqzYMis/GlqapPuXfWx8F+vB4AFUYZAveC0k7RRJWB+byCgKTtLRfprCMI5zkQGFcdTBBa3lWrlG7iORlUjI5rHJa3Fyrorw5ib0JrG7O5XacHcXwqdPIUjtZSe1TdA1yXm5laI3uBiIDapwI1/2WmRbFGkaGCOivuv0YbgiMKkHkZw71tdFhFFcaeVBFrHJ631cOqViE6ltt7PQ7u6S0HSirpy399rKg3xrI78gXkBsFwWxQRW28uWv/UwD1/FvfVydpaAiuSi6IbYlauxFWFJub1VMNnqaNpoU8cVRUZOVTri1dDRGbio0Wzvq14s+t5yqtF40b8M/gbWisK71ooUlVaVdPWz1wZO1onEZlda2w4eJzW1ZZLt66ORcm6AbRSYrECY7dlGaSW1x66I3bjrJOtG6ELFBNarsAlt4tkESm6SXIqkYlaWUMqaVEqXp7h4SedkebZnYVDYx2pJrbLChk2tjsUXvZ7ejx5M92V7aLtx+DlwMxAbr72fzE3VFaLK8yo2E6iCAyUn6x2zDybiDrl7nxeame2g/m5ObHduGk2nTyWwU9FUPeIGLgdhgfWJbitokQrMddG3+WYzi0kCBi9TyTSaFNN/N75wbJSb3sOMkM6vdsxFeFaUht4uC2KAaG5FNDRaWV/nH6qmwbNqGtEVslnbasw4sWnNPqEoichNv88gspZ0+Qlua0oHUVgmDB7DeJ1VlzwNND3NZekqV22E3vW7vN7IHuSRpZemmf13fszRPrYLQeEJVfYjYYF0TdZfWXvpF5m5+W3quqERu1nZCSzI04kOSLSXVqC3KLS3H8o/bKz2s5TX9aURtFwWxwbrWjObXZ2lpGlAQ2VjfmQnObXP025Pg3f1tVUKK3GyNqUnMH9vT4kk7rwpSUajOu/xJWed/vl9btoX4k3O+ePI+snwuWva6is2u8/dYw38EUASxwbp5blugksBKQiuJzernSv7eEohplSA2uB5e6n8rtZ9jSWBLMkNiVwNig+uktLb0uXaJUmqJzJoAscF189IOtq+hJC+EdtUgNmiHt/wpI7KmYLoHtANygkjcZwUAoB0QGwA0B2IDgOZAbADQHIgNAJoDsQFAcyA2AGgOxAYAzYHYAKA5EBsANAdiA4DmQGwA0ByIDQCaA7EBQHMgNgBoDsQGAM2B2AAgtMZ/tUFVB4B3SsEAAAAASUVORK5CYII=""}}]}, {""role"": ""assistant"", ""content"": ""0.371""}, {""role"": ""user"", ""content"": [{""type"": ""text"", ""text"": ""\nYou are given both an image and a text-based representation of the same stimulus. \nIn both, a red dot appears on a horizontal line\nThe left end of the line corresponds to 0.0, and the right end to 1.0.\n\nText representation (the dot is marked as \""\""O\""\""):\n|-=-----------=------=----O---.------- --|\n\n\nEstimate the horizontal position of the **center** of the red dot as a decimal number between 0 and 1.\nDo not explain. Only output the final answer as a number between 0 and 1:\nFinal Answer:\n""}, {""type"": ""image_url"", ""image_url"": {""url"": ""data:image/png;base64,iVBORw0KGgoAAAANSUhEUgAAATYAAABNCAYAAAAsLkgfAAAIoElEQVR4nO2dbXKbPBRGBf5K19B2/3+7km6i7Rra2AHeeWRdfC0LJ7HJG6KcM6MRYENIxj65+riiGYZhCAAAFdG+9w0AAMwNYgOA6kBsAFAdiA0AqgOxAUB1IDYAqA7EBgDVgdgAoDoQGwBUB2IDgOpAbABQHYgNAKoDsQFAdSA2AKgOxAYA1YHYAKA6EBsAVAdiA4DqQGwAUB3r974BgMUwx+M/mmaOO4E7QWzweSmJ7B65SWql85Hd/07DU6rgU3FNZv61/H1+PxeV35/avnYMZgexwedgSlS+Lh0rnesF9dI63y7tw2wgNqiPqY/0lMxyqU0dN0ryyos/PnWOB8nNCmKDRTHrx7HUtBwGfejLAuv78vZUxFYqbVs8PrxGcq+kQYoXMHgA9YltQmiTMjOJ2Xbfh8Yf89coRGmDZGZC87WT3FASnl3PX/cGENsliA0+ttheMhiQyWxwMmu67iS0rjsKrevO3+PlJnwEZgJr26O8Vqvz/ew9F5Fdut5ZnW/Dq6EpCothv9/fd4Hn+tAUiVkUloQWxZaKbY/HLHLzzVITjhfXahWGJLRYp3ImOtvPI7tSv9wNbLfb+/52lUHEBouhk0zmaHp6sXkpWURm0ZmJ7OkpliFth1SaFLmN5+QRm5OXhDas18XtUXS2XYrgZpAbnEBssBieJJS5I7W838yElsQV68PhKLesjoLzTVXD9asNTmSxbDbH/c0mBO1LZOm1cT+Xm0q67png4GYQGyyGw+Ewj9hclHbRh2YysyKJ7fexbrVt+/aaRXV2zRStSWyxmNCS1HqJzQRnRVKzOkVyvvk6GbnBzSA2+NhiK02w9SOavi/NCS1IZNqWxPb70O73YUh13Ne9qFjU5prJo9hSpNY7qfXb7VFu220s2g7aTpLz0ZsJ7qLfTSC3u2DwABbBr1+/5ulb8/1qFq25vrMxEpPYTGSPj2Gl7cfHY0nH42t2jhsZjWJLEZek1nupbbehk8h2u3Ff21Fs6uB3ghvlNlPU9v3799f/DSuFiA0+3ohoKT1qol9tjLZ8H1qKyEaJ/fsXhiS1VdoOuh+L3CxqM7GlZmiU2noduiS1Lsks1vt96FWraGBCgtNghPXdmdzyPrdcakRuN4HYYBE8Sia3UhKbm5PmI7XYBLWILJOZ6pBK4+VmcrR5cJKaojWVFK1JZt1+f6wPh9A9PUWh9V03Ft1XlJuT7uRIKdwFYoOPPXBwbRTUR2t+oCCJTSJbSWCS2d+/oZHQrH58jGU4HE5RVt4UtWaompxJZBKapq10fX8swxB6yVDnpQnIg7vX2N+m+0Vss4LY4OPOYXtmeodJLUZvadQzRmySlaIx7auWxNR0TDJTseapXpfYmkxscVRTAwEWlfV9FJgmhXRNE7q2HUufSkj1OLHX/x4lsSG4m1l/+/bt9rMBZuLHjx/z9LF5sRVSpXy/W+OKBGVFwlOkZnVswtq5QnJKgwnxTiyC0/sVxRWaobEpmmo1R2Pz0+7vpeu7PQPf5RPrP3/+uF2A9+GmwfnnEtw1j81dX++OKVV2zF3DmoqjrKauK0xGJjfre8t+j/x3Gn+G/Zyp+35uRd4J+C6fWH/9+tXtArwPr1qhwr7sUyvU+kTzJKGmbWPxuZvjvrZTGY9n7z0TjDvPzs2v4Y+P++keLGsh/pyp5Y/87/NC+C6fWP/+/dvtArwPP3/+fP1JXjYuM6AkCG21KSJq+z5ux1rFN0vVFLVkeYv4TGTWFJUotb/ZhEbTNna70Gy3x7LbhTZNzo1Fr/vi06p8KU33eGUfG9/lEwwewCJY6ct9K9b5nq/kob6sJIsYLbm6bZqgn2hF+8rYjMVHeOv1RR+bzldfWqOy2YRWE3BVHh5C+/AQVg8PIXz5EoJqSU/H9fp2e5Sem6AbR0VLSfFwF4gNFsFGX/Z7KGQejAMGagYqGpM8n55Cu1qdlVXbRrG2bXs6nqIxyyMdc05dxBalZulTDw9RblFqqcTozSbpKuvAMhAs68Cit1LmAdwFYoNFsNvt5kupykdI/Siopm6s11FIsWh7vQ6rtB1rFUuvssT4bFRU8otyslQp3b+iMxehmdB6l1JlCfEXzdAZ+tjgBLmi8LHzRUtrsBXk5heRtMm6Ma0qTdhdmcj+/TulWmlOm6VhObH5lT3GCbpOYso+GOyYCc0nwV/rW7uxf4080XOI2GAx3LUK7JTcsmapDRLEJqmkpQ5/CU79X6np2HipebH50dgkJkV3cRDBBg/SAIJFaHF1D1vKqNT8nGHQAC5BbFBHP9vEKrpnD2XJFpscV+5Q1CaxqZbY3Bpt1gw9E5ufDpKasJJY7JPTvovQLoQ29UwEpDYriA3qFJvVfrJuaSVd1RKSW87Il5hnav10JsskI/XVjavnJpHFY26AIF8ifHzuAf1qbwpig8WwlgRupZRmVZJbqd8tie1sFRC/dLh/oIvwT57SlA+3NLjJbFwSPH+YS+lBLnZNX8NdMHgAdT2p6pnobRSbn+vmF6N09RjV+QfCCHtWqJeWF1npKVVqek5lGNw5xYMnVF1CxAZ1TNSd+v+cPw8hn8Trk9EVfflEeROeydBIzz0YU6/ULE0ia/I+tJc8jepaEjzcBGKDRXHzU82nzitEb5YuNWYrmNic5M6an4UHJo+pVhaJWaaCl501O9MUkbP7pOn5ptAUhcXxJh9Jd83myrSQi7q06kYp2X7qIcgmtjd62vvN/wgqB7FB/ZQ+4i9Y8uhibpxnqp/stSt1IKY3AbHB52NqcMHqa0LzlJqV9J8tAsQGn5drU0Sm3pNTisiQ2buD2ACuSe6lILNFgdgAPPd8HZDZYmC6B4AHOVVBmlwDAFAPiA0AqgOxAUB1IDYAqA7EBgDVgdgAoDoQGwBUB2IDgOpAbABQHYgNAKoDsQFAdSA2AKgOxAYA1YHYAKA6EBsAVAdiA4DqQGwAEGrjP7ZRJYhPBne0AAAAAElFTkSuQmCC""}}]}]",0.449
google/gemini-2.5-flash-lite,sample_001,0.48727,0.48727,0.336,"[{""role"": ""system"", ""content"": ""You are a marker location estimator.""}, {""role"": ""user"", ""content"": [{""type"": ""text"", ""text"": ""\nYou are given both an image and a text-based representation of the same stimulus. \nIn both, a red dot appears on a horizontal line\nThe left end of the line corresponds to 0.0, and the right end to 1.0.\n\nText representation (the dot is marked as \""\""O\""\""):\n|-.----------.--.---O-----.-------------=|\n\n\nEstimate the horizontal position of the **center** of the red dot as a decimal number between 0 and 1.\nDo not explain. Only output the final answer as a number between 0 and 1:\nFinal Answer:\n""}, {""type"": ""image_url"", ""image_url"": {""url"": ""data:image/png;base64,iVBORw0KGgoAAAANSUhEUgAAATYAAABNCAYAAAAsLkgfAAAIfElEQVR4nO2daZLTSBBGtbjbfQfg/n85CZcAzkB71cRXzhTp6pLa2GIal9+LyCjJlmQPeB6ZqkXtMAxDAwBQEd1HfwEAgKVBbABQHYgNAKoDsQFAdSA2AKgOxAYA1YHYAKA6EBsAVAdiA4DqQGwAUB2IDQCqA7EBQHUgNgCoDsQGANWB2ACgOhAbAFQHYgOA6kBsAFAdiA0AqmP10V8A7pilHpfRtstcB8BAbHCbyG6RmwutdA1kBzfQ8pQqeJf8J+L78fWpY0qSivtT21PHA1wAYoPrZKa2tF06N8rpvXZue+41gAClKPy5zKaidE4uL4+5fZ07JzS/NoKDCcjYKmDRv8KCoJI+jsdzicX9/L38++Ti6rpzqRViyM8pXesGWqRYNWRsFbCY2OYyNMnLBebbIdpccJFcWi622GayS2IrhWdzU1ndhSC2ukFsjyy2udIzCG1waR0OTesyOxxOQrN2UGvHJcll5eKZzCzSa6X9XHq53Py63H+DCShF75ztdrvMhUr3zCSpmJlJbBKYRdre73+/5sfnWZsJahRX35+21fb9+WvviW5Kclfw/Py8zJ8d/HOQsd05BwnlFqY6BrzENGElke33o8ja3a4ZtK3XguCGWJaKWH5Goa1WJ6mZ3LQf3y+J7m/IDeoEsd05e4nlWvIhGtn9s5R9eUamdrc7tYrt9tTudqewY5LkSmKzzCwJzaQ2bls0UXba1/G2/0Zu3vpnxBYeHsR25+wkm6Uytlh6ernpWZrLTBJTu902nW+r9WNiSSqsIyCJzGX29DTK7Kht3/dWInPZudhi2TqXuQEgtgcXW16G5vfSPCOT3CQyE1qS2mbTDNbqGL2XMjaFX0dYGRozNJfZ0eP5+SQ122+C5GIWN0apNHUQHNB5cN98//79+pOnhnTkmZqXmptNklcS2WbT9K+vaTuFSS9lcDonz9iC2KLMUrteNwdJTPv2WpKaZCexueAsi5sU25Xl6JcvX67/M4R/FjK2R+wRLY1XiyVoLjUTWucye31tBm2/vja9MrfNJmV0Kavz+2y52CQ1E9vBJJZaiW29PkkthDomkuB0PcvcRrGV5GafddbCw4LY7piNhHILpaEdsQRVmetSc7FJZhLbr1+pbSwkvyS3/b7pXGw2iFbZ2lHh2ZpkJrGp3e1OIbnt96c4HFLou2h8nATnmeRZWRo7EgRCAwOxPXrHQRSbj0dzsfk9NZOaRNb/+tU0Fq1CUlOoRN1uT5mW32fLMrZ0D00Z2W6X5CZ5abjK4Xg8i+MwpGEjg7ehp9Y7FtL3nCpH4eFBbI84hm3u/looQ3XPzDsNBs/IlCXafbajWhObdyY0Pr4tE1vqBJD0lI2ZvHSE4tC2v6PrmqPCMjG9P84bjd/dx7vpc0rlKDw0q8+fP3/0d4Ar+fr167Jj1+Jg3DDDIHYopMG5lpWN2ZlaSVBS817UUIqmoRr2uUlS3plg548lqO7BWRnqpahK2DRdS/JSq/Oj0PW6f84VcuP3Xyernz9/fvR3gI+aI1pYbijNGtCuRRuOS+/4+9r31/NVPuJwDxGnZWXnxf+GeP34HYrvxzYuZ+QT5C+E33+drD59+vTR3wH+zxUqSqtixNcs89G10/VD72Pr5Z+2+z5FE9qxNFQbV+DIxqHF8+K547Z9jj5P4RPo0+dPTYr37x7bC+D3XyerHz9+fPR3gCv59u3bMhlbLgitwXY8Np3dpFfbPT2l3k4N5+ien08lqZesPj9UTon3vvzaEpSNSWs18Vznh9D10rg1G8Om4+IQDx+oe9Eg3T+UPb//OqHz4I7p9T/4kr2iIQuSHmJoQEU/DKew/RRt23QxgyvcY0tZ12rVtBLben0S2ctLiu7lpelfXppGsV6niLKTUEex+SyE0sR4QccBGIjtjnlSZrOk2CQN7yjw0rPrRnl59BZd35+yOcvoUgYWZh/kGZvENmZnJrY+Cs2kl4aCWObmw0SK80UZ6gETILY7Zi0hLNErKrJ119KQD8nIosuil6SenppeWZWE5FOrJsSWylqFpGYic5m1ytyC0Ma5o6UydG4JIwfJPTzMFX3U+aJzy3/7Srm+YofNQvA5oWmuqLZ9ipXPFfWljDKxjXNF4zxRn0ZlU6rezBXNlzIKHRdvFp4UV2RtzBOtFzK2O+fqVWDn5ouG6VVJUioFvdNA8lKWJtEpU/PVPvLli+JwD5eSlax554HCJ74fQ4fBmzXZ8iXDBYtNQgHE9sj32fKyNK5+G1fQdcEp/D6aiW2cehUWnEwRS1Ef8mHSSh0Cuo7dl+tK67H5/bRQfvrg3qLMkBoEENuds6jYJp53MMotW6NtlFlct82PC0NJUm+r9ZqOK+aaxCS34gq6vuLupUuCIzYIILY7ZyUhLCU2byce5jIKTpmWS86fexAe6jKe43jGZnNGo+DGsjM+5yBKzSX23vJEiA0CdB5UwCJPqsqnV1m8KU3jYpT5U6qi1KaeUpWVmXEZojdPqbrkwS08oQoKkLE96kDd0r9npQ6FbB5o8XF8cQJ9/lzR8NyDcUqUTZeSyNLYudLj9q4RGlkbGIjtUeeMls6ZKE2TqHwVjTjZPSwoeZap5WLzqVYxc4uii/v+VCvKTrgBStFKWPSvMRNcXOGjlMW92S6tvBGzr9K9syw7G8vQyEJCu+ofArgrEBv8ZuqnMFeiliKel2daUxHfj8eXQEzwDogN5sl/HjNruZVK0DOmhmnMyQyJwRUgNlhGclPHRKYEhsxgYRAbLNujegn0aMJfBrHBbdzy80Fm8JdguAfcBnKCfxBbIgEAoB4QGwBUB2IDgOpAbABQHYgNAKoDsQFAdSA2AKgOxAYA1YHYAKA6EBsAVAdiA4DqQGwAUB2IDQCqA7EBQHUgNgCoDsQGANWB2ACgqY3/ANGl1gCCZwauAAAAAElFTkSuQmCC""}}]}]",0.336
google/gemini-2.5-flash-lite,sample_002,0.77536,0.77536,0.664,"[{""role"": ""system"", ""content"": ""You are a marker location estimator.""}, {""role"": ""user"", ""content"": [{""type"": ""text"", ""text"": ""\nYou are given both an image and a text-based representation of the same stimulus. \nIn both, a red dot appears on a horizontal line\nThe left end of the line corresponds to 0.0, and the right end to 1.0.\n\nText representation (the dot is marked as \""\""O\""\""):\n|-.----------.--.---O-----.-------------=|\n\n\nEstimate the horizontal position of the **center** of the red dot as a decimal number between 0 and 1.\nDo not explain. Only output the final answer as a number between 0 and 1:\nFinal Answer:\n""}, {""type"": ""image_url"", ""image_url"": {""url"": ""data:image/png;base64,iVBORw0KGgoAAAANSUhEUgAAATYAAABNCAYAAAAsLkgfAAAIfElEQVR4nO2daZLTSBBGtbjbfQfg/n85CZcAzkB71cRXzhTp6pLa2GIal9+LyCjJlmQPeB6ZqkXtMAxDAwBQEd1HfwEAgKVBbABQHYgNAKoDsQFAdSA2AKgOxAYA1YHYAKA6EBsAVAdiA4DqQGwAUB2IDQCqA7EBQHUgNgCoDsQGANWB2ACgOhAbAFQHYgOA6kBsAFAdiA0AqmP10V8A7pilHpfRtstcB8BAbHCbyG6RmwutdA1kBzfQ8pQqeJf8J+L78fWpY0qSivtT21PHA1wAYoPrZKa2tF06N8rpvXZue+41gAClKPy5zKaidE4uL4+5fZ07JzS/NoKDCcjYKmDRv8KCoJI+jsdzicX9/L38++Ti6rpzqRViyM8pXesGWqRYNWRsFbCY2OYyNMnLBebbIdpccJFcWi622GayS2IrhWdzU1ndhSC2ukFsjyy2udIzCG1waR0OTesyOxxOQrN2UGvHJcll5eKZzCzSa6X9XHq53Py63H+DCShF75ztdrvMhUr3zCSpmJlJbBKYRdre73+/5sfnWZsJahRX35+21fb9+WvviW5Kclfw/Py8zJ8d/HOQsd05BwnlFqY6BrzENGElke33o8ja3a4ZtK3XguCGWJaKWH5Goa1WJ6mZ3LQf3y+J7m/IDeoEsd05e4nlWvIhGtn9s5R9eUamdrc7tYrt9tTudqewY5LkSmKzzCwJzaQ2bls0UXba1/G2/0Zu3vpnxBYeHsR25+wkm6Uytlh6ernpWZrLTBJTu902nW+r9WNiSSqsIyCJzGX29DTK7Kht3/dWInPZudhi2TqXuQEgtgcXW16G5vfSPCOT3CQyE1qS2mbTDNbqGL2XMjaFX0dYGRozNJfZ0eP5+SQ122+C5GIWN0apNHUQHNB5cN98//79+pOnhnTkmZqXmptNklcS2WbT9K+vaTuFSS9lcDonz9iC2KLMUrteNwdJTPv2WpKaZCexueAsi5sU25Xl6JcvX67/M4R/FjK2R+wRLY1XiyVoLjUTWucye31tBm2/vja9MrfNJmV0Kavz+2y52CQ1E9vBJJZaiW29PkkthDomkuB0PcvcRrGV5GafddbCw4LY7piNhHILpaEdsQRVmetSc7FJZhLbr1+pbSwkvyS3/b7pXGw2iFbZ2lHh2ZpkJrGp3e1OIbnt96c4HFLou2h8nATnmeRZWRo7EgRCAwOxPXrHQRSbj0dzsfk9NZOaRNb/+tU0Fq1CUlOoRN1uT5mW32fLMrZ0D00Z2W6X5CZ5abjK4Xg8i+MwpGEjg7ehp9Y7FtL3nCpH4eFBbI84hm3u/looQ3XPzDsNBs/IlCXafbajWhObdyY0Pr4tE1vqBJD0lI2ZvHSE4tC2v6PrmqPCMjG9P84bjd/dx7vpc0rlKDw0q8+fP3/0d4Ar+fr167Jj1+Jg3DDDIHYopMG5lpWN2ZlaSVBS817UUIqmoRr2uUlS3plg548lqO7BWRnqpahK2DRdS/JSq/Oj0PW6f84VcuP3Xyernz9/fvR3gI+aI1pYbijNGtCuRRuOS+/4+9r31/NVPuJwDxGnZWXnxf+GeP34HYrvxzYuZ+QT5C+E33+drD59+vTR3wH+zxUqSqtixNcs89G10/VD72Pr5Z+2+z5FE9qxNFQbV+DIxqHF8+K547Z9jj5P4RPo0+dPTYr37x7bC+D3XyerHz9+fPR3gCv59u3bMhlbLgitwXY8Np3dpFfbPT2l3k4N5+ien08lqZesPj9UTon3vvzaEpSNSWs18Vznh9D10rg1G8Om4+IQDx+oe9Eg3T+UPb//OqHz4I7p9T/4kr2iIQuSHmJoQEU/DKew/RRt23QxgyvcY0tZ12rVtBLben0S2ctLiu7lpelfXppGsV6niLKTUEex+SyE0sR4QccBGIjtjnlSZrOk2CQN7yjw0rPrRnl59BZd35+yOcvoUgYWZh/kGZvENmZnJrY+Cs2kl4aCWObmw0SK80UZ6gETILY7Zi0hLNErKrJ119KQD8nIosuil6SenppeWZWE5FOrJsSWylqFpGYic5m1ytyC0Ma5o6UydG4JIwfJPTzMFX3U+aJzy3/7Srm+YofNQvA5oWmuqLZ9ipXPFfWljDKxjXNF4zxRn0ZlU6rezBXNlzIKHRdvFp4UV2RtzBOtFzK2O+fqVWDn5ouG6VVJUioFvdNA8lKWJtEpU/PVPvLli+JwD5eSlax554HCJ74fQ4fBmzXZ8iXDBYtNQgHE9sj32fKyNK5+G1fQdcEp/D6aiW2cehUWnEwRS1Ef8mHSSh0Cuo7dl+tK67H5/bRQfvrg3qLMkBoEENuds6jYJp53MMotW6NtlFlct82PC0NJUm+r9ZqOK+aaxCS34gq6vuLupUuCIzYIILY7ZyUhLCU2byce5jIKTpmWS86fexAe6jKe43jGZnNGo+DGsjM+5yBKzSX23vJEiA0CdB5UwCJPqsqnV1m8KU3jYpT5U6qi1KaeUpWVmXEZojdPqbrkwS08oQoKkLE96kDd0r9npQ6FbB5o8XF8cQJ9/lzR8NyDcUqUTZeSyNLYudLj9q4RGlkbGIjtUeeMls6ZKE2TqHwVjTjZPSwoeZap5WLzqVYxc4uii/v+VCvKTrgBStFKWPSvMRNcXOGjlMW92S6tvBGzr9K9syw7G8vQyEJCu+ofArgrEBv8ZuqnMFeiliKel2daUxHfj8eXQEzwDogN5sl/HjNruZVK0DOmhmnMyQyJwRUgNlhGclPHRKYEhsxgYRAbLNujegn0aMJfBrHBbdzy80Fm8JdguAfcBnKCfxBbIgEAoB4QGwBUB2IDgOpAbABQHYgNAKoDsQFAdSA2AKgOxAYA1YHYAKA6EBsAVAdiA4DqQGwAUB2IDQCqA7EBQHUgNgCoDsQGANWB2ACgqY3/ANGl1gCCZwauAAAAAElFTkSuQmCC""}}]}, {""role"": ""assistant"", ""content"": ""0.336""}, {""role"": ""user"", ""content"": [{""type"": ""text"", ""text"": ""\nYou are given both an image and a text-based representation of the same stimulus. \nIn both, a red dot appears on a horizontal line\nThe left end of the line corresponds to 0.0, and the right end to 1.0.\n\nText representation (the dot is marked as \""\""O\""\""):\n|--------------------=-----=---O------ -.|\n\n\nEstimate the horizontal position of the **center** of the red dot as a decimal number between 0 and 1.\nDo not explain. Only output the final answer as a number between 0 and 1:\nFinal Answer:\n""}, {""type"": ""image_url"", ""image_url"": {""url"": ""data:image/png;base64,iVBORw0KGgoAAAANSUhEUgAAATYAAABNCAYAAAAsLkgfAAAI6UlEQVR4nO2dbY7aMBBA7STLxxna3v9vT9JLtL1Cd4ElqcbxpINxAl0+At73JMtJCAFV2texPWN813WdAwAoiGruLwAAcG0QGwAUB2IDgOJAbABQHIgNAIoDsQFAcSA2ACgOxAYAxYHYAKA4EBsAFAdiA4DiQGwAUByIDQCKA7EBQHEgNgAoDsQGAMWB2ACgOBAbABQHYgOA4mjm/gIAMMG1f5LEe/cZQGwAjy6znNzGhDcmLu8/9r4nxfMrVQAPLDN7PXftlKT8GcfnPOfJQGwAczIlLunHjtP35KTlT/Tp8dS1c157IBAbwCNFZ+mxtLY9PE/fMyYvnzR73d6bHufOx65NXZ8RxAZwBlf/M0nE5K24rMzSPm2WnMx8bFV1JLnuIxHdfwxn/YzCY/EA4N5iy0VlOaElzdvzXMRmWqcik94e23tORXK5Xj4vXYgYERhiAyhZbLmhp16LkgrPV4Ht9/2x9Pt9L7T93nV6Xe6xMrQRmMqrrnt5Sa9yq6peeGn0lhPcmOiuMU93BxiKApxgu91e72GZKG2IxKK4gtje33upJf2B+Oyfro3C6l5mQWp1/U9ucmwkF+6ZGr6eEp/9bNsbFouFmwMiNoAT7EUktxp+JhFaENj7e+ilddLvdr3o5DhGboMMFR1+alTWNEFoQWr22IpO783NwY1FdVOLEXr+ACA2gBO8i1QuIU3PMPNoOszUKE0lJn1o2+2/4yi30Oxcm51XE1k1UWTSv7z0fbymkhuiN+nH5uJycsssQjyi3BAbwAl2IpsrRmwHiwBplKYik367dVXsDwRn596i2EROIqpBaE2U2suLa1VuqeSS6O0ogssJLr02Nfc2I4gN4NZiS4ehKjTpVWjyGbtdL7LNppfaZuO6zSb0ck1eC9Ga3Gvn2VRsUVRd0/QyWyxC38ZezoPomuZ4eJrMvR21VHZ6Lmj/QHJj8QBggp8/f17+kFxKRzL81CitUpG9vbn67c1V0uK10EzUFt5vxRZl1RqZtctlON4vl73UVHIauYnkzLB0Um4TqSNTw9Fv3765e0PEBnCrFdFclYBZ/RyTWpDZ66vrothEcHLsNhv5QkFuwzxbErFJNNaKyERgUWgit/1220tut+vlZoemMWo7EtuY6HLDUyGVm16bAcQGMMFGZHIpaWqHzpHFYajLSK0WscXeidReX8NwVO4N92fEFqQWxdaK1FYrt9/t3P79fWitNrlHvodZaBjSRM6N3qZWS2cGsQHcY+EgFZuZWwsLA1FqtcpM2p8/zovQtL29hXs7aZrXpmLT1VAV22oVxCVt33X/mqSvdJ1rJSm4bfsm75PvZefb5Nmn5IbYAD5pDls6vxajtRCxyWKBiDOufoqwNCKTKE1k10ofWxiextdDflsiNqfDy7Z1kuEWmkRyVeX23ru99PFYrslr8l6572Ci3X5fjd7SOcKc3B5oAaH5+vXrrF8A4JH5/v37dXLX0vpPnfy3zSTmhuTc3W5oLunDKqrNY5OILX5mF6sPhtQPGXrG6K0V6WmL3ytEb7m6Vfu9LSI0vTYmNsV7N4djmt+/f9/9QwGehYuTBjLbDWmdZxebrfscakbN63I+iMcm5lqxCea1TiWXRGNpCVVYdEjOTw4x9TNzu4vY7xPvncMxzZcvX+7+oQDPwod3qMjtfGGqBKTJs8PzzeqiN3NYXs/reuiHphGTfo59ra6dN70ey1A1HMc8tnAemy4e+FP5a1MJurl/K+/dHI5pfv36dfcPBXgWfvz4cdkDMrtwhGORSNu6Kk7aV9Kapm8vL6H5xaIfliaVBuEpOsFvhqIiKBff5+S9plWSxyYJujFJ12mTe5NV0bPLq86cX5vDMSweAExQyx/7pdiCdyMJ+fMPLQ5Hq65zddsOTc5FfJIlJi1EeBp52VVReS3KyUexVauV69br0Kr12tWrlXOmhXui5Cqby6Y7fuTKqP5TaHOC2AAmeJGo5hbpHnao6b2rbBOheh9aONeITqQlVQmxIH5YFRV02CmiWi5dJ03Etlq5er12TpoIbbUKr4dk3Ri12dKqYYU1LXwXcom4Dyg1AbEBTLBcLq+3Kmon/2NybBCUCE7lJa2qQhRVx6FpHaOrkMAbKw8OxBblI+/V4WUn31ujs/W6F5rktkmLCby2KH5I65iaP5uS2YNUHAwfT60owA3rRXMF8LoLrm4iqWVVsQhei95rrUSQa9rrLh+2VlQenyboLmKSrkRmUoEgQ1ON1HSuzdaKplKbEtlEakfKHHWiAhEbwAku2gU2t8Gkik2kIoKKc2Nhdw8Zbuo8WZz0DzKTiEulprludhddjbji4oOTRYPl8qAFmdkhaLo3W05qTxKhpSA2gFvPsyVyC3lrma3Ag9C0j2Ia9mPT0iuVmt2PTYhJuZrGUcWhZpCaLhTo8DNKbdh00kjt6AdenkRkKYgN4M5iO1gl1SoEjd5keCpC0sjMDFOHonmN1ozYdLVVc9I6La8SQarMTKQ2DD81WhtLxh0TGGIDeG4aEcElTC0k2JVSG73FHDZbZqXHbuQ3D0LTRNvG7LdmFwmSxYKj3zzQZ53iwcXG4gHAvX6pKimtOvqVKvvze5qUa/tUavZ5WhKlQ8sm+Y2DJEo72gp8onLgo8z1C1UCERvALRN107ghNywVuWSGp0eiS388OalokPmxoSSq7vPaRFxDSVW6BfhUPeg5PHDUhtgAblkzmr4vNyyN1QcHhe1aD2qis6Nfgk+kaasaOlNvanfEPbjn1M4cTwxDUYAzueqfSrJtuD+1bZDt0x1DlLRawI/UesYKgtEV0Dn/I7jW5yM2gDuS+3NLJDcquNwcncWKqvpAfScRGwBchak5OO3HZJb7001LoYRzk24LArEBPIvkpo6VqUjMP1eS7SUgNoBnGq7+L/7zyMyC2AAenWv8ifrPITSFdA+AR+eTSekaxJ3jAADKAbEBQHEgNgAoDsQGAMWB2ACgOBAbABQHYgOA4kBsAFAciA0AigOxAUBxIDYAKA7EBgDFgdgAoDgQGwAUB2IDgOJAbABQHIgNAFxp/AX/qdllPni50AAAAABJRU5ErkJggg==""}}]}]",0.664
google/gemini-2.5-flash-lite,sample_003,0.666,0.666,0.489,"[{""role"": ""system"", ""content"": ""You are a marker location estimator.""}, {""role"": ""user"", ""content"": [{""type"": ""text"", ""text"": ""\nYou are given both an image and a text-based representation of the same stimulus. \nIn both, a red dot appears on a horizontal line\nThe left end of the line corresponds to 0.0, and the right end to 1.0.\n\nText representation (the dot is marked as \""\""O\""\""):\n|-.----------.--.---O-----.-------------=|\n\n\nEstimate the horizontal position of the **center** of the red dot as a decimal number between 0 and 1.\nDo not explain. Only output the final answer as a number between 0 and 1:\nFinal Answer:\n""}, {""type"": ""image_url"", ""image_url"": {""url"": ""data:image/png;base64,iVBORw0KGgoAAAANSUhEUgAAATYAAABNCAYAAAAsLkgfAAAIfElEQVR4nO2daZLTSBBGtbjbfQfg/n85CZcAzkB71cRXzhTp6pLa2GIal9+LyCjJlmQPeB6ZqkXtMAxDAwBQEd1HfwEAgKVBbABQHYgNAKoDsQFAdSA2AKgOxAYA1YHYAKA6EBsAVAdiA4DqQGwAUB2IDQCqA7EBQHUgNgCoDsQGANWB2ACgOhAbAFQHYgOA6kBsAFAdiA0AqmP10V8A7pilHpfRtstcB8BAbHCbyG6RmwutdA1kBzfQ8pQqeJf8J+L78fWpY0qSivtT21PHA1wAYoPrZKa2tF06N8rpvXZue+41gAClKPy5zKaidE4uL4+5fZ07JzS/NoKDCcjYKmDRv8KCoJI+jsdzicX9/L38++Ti6rpzqRViyM8pXesGWqRYNWRsFbCY2OYyNMnLBebbIdpccJFcWi622GayS2IrhWdzU1ndhSC2ukFsjyy2udIzCG1waR0OTesyOxxOQrN2UGvHJcll5eKZzCzSa6X9XHq53Py63H+DCShF75ztdrvMhUr3zCSpmJlJbBKYRdre73+/5sfnWZsJahRX35+21fb9+WvviW5Kclfw/Py8zJ8d/HOQsd05BwnlFqY6BrzENGElke33o8ja3a4ZtK3XguCGWJaKWH5Goa1WJ6mZ3LQf3y+J7m/IDeoEsd05e4nlWvIhGtn9s5R9eUamdrc7tYrt9tTudqewY5LkSmKzzCwJzaQ2bls0UXba1/G2/0Zu3vpnxBYeHsR25+wkm6Uytlh6ernpWZrLTBJTu902nW+r9WNiSSqsIyCJzGX29DTK7Kht3/dWInPZudhi2TqXuQEgtgcXW16G5vfSPCOT3CQyE1qS2mbTDNbqGL2XMjaFX0dYGRozNJfZ0eP5+SQ122+C5GIWN0apNHUQHNB5cN98//79+pOnhnTkmZqXmptNklcS2WbT9K+vaTuFSS9lcDonz9iC2KLMUrteNwdJTPv2WpKaZCexueAsi5sU25Xl6JcvX67/M4R/FjK2R+wRLY1XiyVoLjUTWucye31tBm2/vja9MrfNJmV0Kavz+2y52CQ1E9vBJJZaiW29PkkthDomkuB0PcvcRrGV5GafddbCw4LY7piNhHILpaEdsQRVmetSc7FJZhLbr1+pbSwkvyS3/b7pXGw2iFbZ2lHh2ZpkJrGp3e1OIbnt96c4HFLou2h8nATnmeRZWRo7EgRCAwOxPXrHQRSbj0dzsfk9NZOaRNb/+tU0Fq1CUlOoRN1uT5mW32fLMrZ0D00Z2W6X5CZ5abjK4Xg8i+MwpGEjg7ehp9Y7FtL3nCpH4eFBbI84hm3u/looQ3XPzDsNBs/IlCXafbajWhObdyY0Pr4tE1vqBJD0lI2ZvHSE4tC2v6PrmqPCMjG9P84bjd/dx7vpc0rlKDw0q8+fP3/0d4Ar+fr167Jj1+Jg3DDDIHYopMG5lpWN2ZlaSVBS817UUIqmoRr2uUlS3plg548lqO7BWRnqpahK2DRdS/JSq/Oj0PW6f84VcuP3Xyernz9/fvR3gI+aI1pYbijNGtCuRRuOS+/4+9r31/NVPuJwDxGnZWXnxf+GeP34HYrvxzYuZ+QT5C+E33+drD59+vTR3wH+zxUqSqtixNcs89G10/VD72Pr5Z+2+z5FE9qxNFQbV+DIxqHF8+K547Z9jj5P4RPo0+dPTYr37x7bC+D3XyerHz9+fPR3gCv59u3bMhlbLgitwXY8Np3dpFfbPT2l3k4N5+ien08lqZesPj9UTon3vvzaEpSNSWs18Vznh9D10rg1G8Om4+IQDx+oe9Eg3T+UPb//OqHz4I7p9T/4kr2iIQuSHmJoQEU/DKew/RRt23QxgyvcY0tZ12rVtBLben0S2ctLiu7lpelfXppGsV6niLKTUEex+SyE0sR4QccBGIjtjnlSZrOk2CQN7yjw0rPrRnl59BZd35+yOcvoUgYWZh/kGZvENmZnJrY+Cs2kl4aCWObmw0SK80UZ6gETILY7Zi0hLNErKrJ119KQD8nIosuil6SenppeWZWE5FOrJsSWylqFpGYic5m1ytyC0Ma5o6UydG4JIwfJPTzMFX3U+aJzy3/7Srm+YofNQvA5oWmuqLZ9ipXPFfWljDKxjXNF4zxRn0ZlU6rezBXNlzIKHRdvFp4UV2RtzBOtFzK2O+fqVWDn5ouG6VVJUioFvdNA8lKWJtEpU/PVPvLli+JwD5eSlax554HCJ74fQ4fBmzXZ8iXDBYtNQgHE9sj32fKyNK5+G1fQdcEp/D6aiW2cehUWnEwRS1Ef8mHSSh0Cuo7dl+tK67H5/bRQfvrg3qLMkBoEENuds6jYJp53MMotW6NtlFlct82PC0NJUm+r9ZqOK+aaxCS34gq6vuLupUuCIzYIILY7ZyUhLCU2byce5jIKTpmWS86fexAe6jKe43jGZnNGo+DGsjM+5yBKzSX23vJEiA0CdB5UwCJPqsqnV1m8KU3jYpT5U6qi1KaeUpWVmXEZojdPqbrkwS08oQoKkLE96kDd0r9npQ6FbB5o8XF8cQJ9/lzR8NyDcUqUTZeSyNLYudLj9q4RGlkbGIjtUeeMls6ZKE2TqHwVjTjZPSwoeZap5WLzqVYxc4uii/v+VCvKTrgBStFKWPSvMRNcXOGjlMW92S6tvBGzr9K9syw7G8vQyEJCu+ofArgrEBv8ZuqnMFeiliKel2daUxHfj8eXQEzwDogN5sl/HjNruZVK0DOmhmnMyQyJwRUgNlhGclPHRKYEhsxgYRAbLNujegn0aMJfBrHBbdzy80Fm8JdguAfcBnKCfxBbIgEAoB4QGwBUB2IDgOpAbABQHYgNAKoDsQFAdSA2AKgOxAYA1YHYAKA6EBsAVAdiA4DqQGwAUB2IDQCqA7EBQHUgNgCoDsQGANWB2ACgqY3/ANGl1gCCZwauAAAAAElFTkSuQmCC""}}]}, {""role"": ""assistant"", ""content"": ""0.336""}, {""role"": ""user"", ""content"": [{""type"": ""text"", ""text"": ""\nYou are given both an image and a text-based representation of the same stimulus. \nIn both, a red dot appears on a horizontal line\nThe left end of the line corresponds to 0.0, and the right end to 1.0.\n\nText representation (the dot is marked as \""\""O\""\""):\n|--------------------=-----=---O------ -.|\n\n\nEstimate the horizontal position of the **center** of the red dot as a decimal number between 0 and 1.\nDo not explain. Only output the final answer as a number between 0 and 1:\nFinal Answer:\n""}, {""type"": ""image_url"", ""image_url"": {""url"": ""data:image/png;base64,iVBORw0KGgoAAAANSUhEUgAAATYAAABNCAYAAAAsLkgfAAAI6UlEQVR4nO2dbY7aMBBA7STLxxna3v9vT9JLtL1Cd4ElqcbxpINxAl0+At73JMtJCAFV2texPWN813WdAwAoiGruLwAAcG0QGwAUB2IDgOJAbABQHIgNAIoDsQFAcSA2ACgOxAYAxYHYAKA4EBsAFAdiA4DiQGwAUByIDQCKA7EBQHEgNgAoDsQGAMWB2ACgOBAbABQHYgOA4mjm/gIAMMG1f5LEe/cZQGwAjy6znNzGhDcmLu8/9r4nxfMrVQAPLDN7PXftlKT8GcfnPOfJQGwAczIlLunHjtP35KTlT/Tp8dS1c157IBAbwCNFZ+mxtLY9PE/fMyYvnzR73d6bHufOx65NXZ8RxAZwBlf/M0nE5K24rMzSPm2WnMx8bFV1JLnuIxHdfwxn/YzCY/EA4N5iy0VlOaElzdvzXMRmWqcik94e23tORXK5Xj4vXYgYERhiAyhZbLmhp16LkgrPV4Ht9/2x9Pt9L7T93nV6Xe6xMrQRmMqrrnt5Sa9yq6peeGn0lhPcmOiuMU93BxiKApxgu91e72GZKG2IxKK4gtje33upJf2B+Oyfro3C6l5mQWp1/U9ucmwkF+6ZGr6eEp/9bNsbFouFmwMiNoAT7EUktxp+JhFaENj7e+ilddLvdr3o5DhGboMMFR1+alTWNEFoQWr22IpO783NwY1FdVOLEXr+ACA2gBO8i1QuIU3PMPNoOszUKE0lJn1o2+2/4yi30Oxcm51XE1k1UWTSv7z0fbymkhuiN+nH5uJycsssQjyi3BAbwAl2IpsrRmwHiwBplKYik367dVXsDwRn596i2EROIqpBaE2U2suLa1VuqeSS6O0ogssJLr02Nfc2I4gN4NZiS4ehKjTpVWjyGbtdL7LNppfaZuO6zSb0ck1eC9Ga3Gvn2VRsUVRd0/QyWyxC38ZezoPomuZ4eJrMvR21VHZ6Lmj/QHJj8QBggp8/f17+kFxKRzL81CitUpG9vbn67c1V0uK10EzUFt5vxRZl1RqZtctlON4vl73UVHIauYnkzLB0Um4TqSNTw9Fv3765e0PEBnCrFdFclYBZ/RyTWpDZ66vrothEcHLsNhv5QkFuwzxbErFJNNaKyERgUWgit/1220tut+vlZoemMWo7EtuY6HLDUyGVm16bAcQGMMFGZHIpaWqHzpHFYajLSK0WscXeidReX8NwVO4N92fEFqQWxdaK1FYrt9/t3P79fWitNrlHvodZaBjSRM6N3qZWS2cGsQHcY+EgFZuZWwsLA1FqtcpM2p8/zovQtL29hXs7aZrXpmLT1VAV22oVxCVt33X/mqSvdJ1rJSm4bfsm75PvZefb5Nmn5IbYAD5pDls6vxajtRCxyWKBiDOufoqwNCKTKE1k10ofWxiextdDflsiNqfDy7Z1kuEWmkRyVeX23ru99PFYrslr8l6572Ci3X5fjd7SOcKc3B5oAaH5+vXrrF8A4JH5/v37dXLX0vpPnfy3zSTmhuTc3W5oLunDKqrNY5OILX5mF6sPhtQPGXrG6K0V6WmL3ytEb7m6Vfu9LSI0vTYmNsV7N4djmt+/f9/9QwGehYuTBjLbDWmdZxebrfscakbN63I+iMcm5lqxCea1TiWXRGNpCVVYdEjOTw4x9TNzu4vY7xPvncMxzZcvX+7+oQDPwod3qMjtfGGqBKTJs8PzzeqiN3NYXs/reuiHphGTfo59ra6dN70ey1A1HMc8tnAemy4e+FP5a1MJurl/K+/dHI5pfv36dfcPBXgWfvz4cdkDMrtwhGORSNu6Kk7aV9Kapm8vL6H5xaIfliaVBuEpOsFvhqIiKBff5+S9plWSxyYJujFJ12mTe5NV0bPLq86cX5vDMSweAExQyx/7pdiCdyMJ+fMPLQ5Hq65zddsOTc5FfJIlJi1EeBp52VVReS3KyUexVauV69br0Kr12tWrlXOmhXui5Cqby6Y7fuTKqP5TaHOC2AAmeJGo5hbpHnao6b2rbBOheh9aONeITqQlVQmxIH5YFRV02CmiWi5dJ03Etlq5er12TpoIbbUKr4dk3Ri12dKqYYU1LXwXcom4Dyg1AbEBTLBcLq+3Kmon/2NybBCUCE7lJa2qQhRVx6FpHaOrkMAbKw8OxBblI+/V4WUn31ujs/W6F5rktkmLCby2KH5I65iaP5uS2YNUHAwfT60owA3rRXMF8LoLrm4iqWVVsQhei95rrUSQa9rrLh+2VlQenyboLmKSrkRmUoEgQ1ON1HSuzdaKplKbEtlEakfKHHWiAhEbwAku2gU2t8Gkik2kIoKKc2Nhdw8Zbuo8WZz0DzKTiEulprludhddjbji4oOTRYPl8qAFmdkhaLo3W05qTxKhpSA2gFvPsyVyC3lrma3Ag9C0j2Ia9mPT0iuVmt2PTYhJuZrGUcWhZpCaLhTo8DNKbdh00kjt6AdenkRkKYgN4M5iO1gl1SoEjd5keCpC0sjMDFOHonmN1ozYdLVVc9I6La8SQarMTKQ2DD81WhtLxh0TGGIDeG4aEcElTC0k2JVSG73FHDZbZqXHbuQ3D0LTRNvG7LdmFwmSxYKj3zzQZ53iwcXG4gHAvX6pKimtOvqVKvvze5qUa/tUavZ5WhKlQ8sm+Y2DJEo72gp8onLgo8z1C1UCERvALRN107ghNywVuWSGp0eiS388OalokPmxoSSq7vPaRFxDSVW6BfhUPeg5PHDUhtgAblkzmr4vNyyN1QcHhe1aD2qis6Nfgk+kaasaOlNvanfEPbjn1M4cTwxDUYAzueqfSrJtuD+1bZDt0x1DlLRawI/UesYKgtEV0Dn/I7jW5yM2gDuS+3NLJDcquNwcncWKqvpAfScRGwBchak5OO3HZJb7001LoYRzk24LArEBPIvkpo6VqUjMP1eS7SUgNoBnGq7+L/7zyMyC2AAenWv8ifrPITSFdA+AR+eTSekaxJ3jAADKAbEBQHEgNgAoDsQGAMWB2ACgOBAbABQHYgOA4kBsAFAciA0AigOxAUBxIDYAKA7EBgDFgdgAoDgQGwAUB2IDgOJAbABQHIgNAFxp/AX/qdllPni50AAAAABJRU5ErkJggg==""}}]}, {""role"": ""assistant"", ""content"": ""0.664""}, {""role"": ""user"", ""content"": [{""type"": ""text"", ""text"": ""\nYou are given both an image and a text-based representation of the same stimulus. \nIn both, a red dot appears on a horizontal line\nThe left end of the line corresponds to 0.0, and the right end to 1.0.\n\nText representation (the dot is marked as \""\""O\""\""):\n|-------------=---.-------O---.-----~----|\n\n\nEstimate the horizontal position of the **center** of the red dot as a decimal number between 0 and 1.\nDo not explain. Only output the final answer as a number between 0 and 1:\nFinal Answer:\n""}, {""type"": ""image_url"", ""image_url"": {""url"": ""data:image/png;base64,iVBORw0KGgoAAAANSUhEUgAAATYAAABNCAYAAAAsLkgfAAAIlElEQVR4nO2dYVLbSBBGR5LBJlcguf/fnCSXSLgCYGxLW994WmmJkcDYLM7ovaqukWxjvFT8tkc9Paq6rusCAEBB1F/9AQAALg1iA4DiQGwAUByIDQCKA7EBQHEgNgAoDsQGAMWB2ACgOBAbABQHYgOA4kBsAFAciA0AigOxAUBxIDYAKA7EBgDFgdgAoDgQGwAUB2IDgOJAbABQHKuv/gAAV8clbwNSVZd7L3g3iA1gSmg5weUey8nLHnvv6+GiVNylChaN/+efO556fkpUY2nNPTf1GJwNYoNlMicxjRb+fA4TVG7MyW1OgHA2TEVhWcwJrW2HUstFjrHEvMymzvVeczJDdGeB2OCq+ZQJhRNaNRaXyW1q9D8vxsKq69eC84/rx3MC9Jj4PkiFFBEbLExsuemmiWsiKn8+VQxI8uq8xDT6Y/+aXNh7vZXNvUGF2BAbFCy2qaqmi/j+JrDDIQSFzg+H/rxL5/E14ylpVf0VlYlM8tLYNMPzCdFNCs6DrE6C4gFcLS8vL5+aqQ0yMRPZfn881rjf/5WdPe/FaLKxLCyJrPNjileis2MvRPGW4N7J7e1tWDJkbHC1HCSSc5mqePopphdZim63C9VudxSdPabX+QJDEpBNP01k3Wo1eTyQnxPd5LU5QbZ2MogNrpa9pHLpCmgSUzXK0nqxvbxEocVwxya4wbU2E5vLwqLIkszieHNzFFp6PI4Smo2WySlyU1MDuZ0EYoOrZSehXLICqnE89dRoIjOZbbeh1uhDz9k01RURlK1FiUlsJrUks1ajj/Scl1w/VZ3K3gRSOxnEBuWKbaIC2gstSS3sdqGWuLbbo9S229Cl0c71mhh2zS1lbFFsLlszmWlsb29jRKnpWFKzcxNcyt76rC1XVBDI7SQoHsBV8vv37/PfJCc2q36mwoBlacrQosien0Pz/BxqHz6D80UEn7E1zVFmJjSN63U4SGTr9V/JWUhsbpray+2CWduPHz/CUiFjg7IqolOdBRajbE1hUjORdU9PoX56Cs3TU+ien0NQ6HnL2mw6axmbpKZsbbWKIpPADpLZy8tx3O2i5Nr9PrRaPuIiCk2S0/FcMcEgc3sXiA2ukq2mf5e8vmbXxUxqqRjQS01hMktjeHwM4ekpZnESW9BrbTrqMrbWxGZSU0hqu1047PexuiuhtW3bh8QY5SappWt+ryqlc90JMAtig2UUDnwngS3rsGnodhunn41lZ5LZ4+MxdKxI1926jNisaKAMrc/M2jYcum4Yql3oZ0ZhnzEuBFYgtrNBbFDmGrbx7hyjamitjC0VDTpNe11Idm0qHFQ2PVXGlsQWsz0nNqtyKgNru+4YyuSqKhzqOhya5hiSn6SXMrPWt1f5z+ynowK5nczq+/fvp/8UwCfz8+fPy1xjy/SDjlun+ulpmqJ2aTFul6arcZQA/Zo2+z3K2ExyaU1alFx6jzYzDbWpqEbf0vVKYG6tXM8Jgvu+4O/26uHh4as/A8Arzi7Wj3s63U4ecQrod/awKaEdWw+pG2e3MPK9p/bQaBePceN7nMK6iufsf61v3zrh7/Kw4O/26v7+/qs/A8DldqhwmdSr8xR67/j+br1YPE/Tv6ppQpWyLx0HH1a9VIYlfOfAatW/vtKxW8rRH7vX6XfYwtxqrrVq+Id595/ifsHf7dWfP3+++jMAvOLXr1+Xv8aWkBrqVCWtdb1ttQr1zU287qaobm5CdXs7bIS3nT0kFpvGCkkpLdmo1usQ1us4WtTrdVzHFkON6Yq0hm2wjs23V5lk44f9+Dq2Pwv+blM8gKuk0Rf8s5Z7KENLWaFkVXddaBRtG6O2SM/F11kGZ1XRJLaYdSkDS2KLIttsQnd3F+pv30JzdxfCZhOCRi87idTE5ncA8Z0H8RdQNPgIiA2ukhtlNJfeKVcykpwkt5Qh1VU1iCZFPNfzijSVjFmcCgg+Y0vTVT1Xpy4DE1tjQttsQrXZRKHF5SApa/M7fwz2bGOZx9kgNrhK1prWfUbngVvyEYWkaWjT/I26jtmijhs9p0jSiv2kJjZ77yS+OLVMYlNmJqFVXmibzbB3VOGv3Y17RAUdBx+GXlEot190qlfUyy0t1I0dCGlnj8baq/yoNW0mNr+7hzXAu6b31kS22cSWqs5lav0uH2kK2r0ltQ8K7ceC+0QFGRtcLWfvAjsWm3AbTPYN7Skzi9fJdO3LMjTJTNfENEp61rEwytis8lmnrK0vHqRja3yPu3v4KahVRX2FVrCjx9kgNljOdTaN7q5TfeZmUlM2liqiEluUk2VqJrbRfmyD5R5JisrKTGyxQDCXqaUsbdCBgNDOBrFBuWKbud7WZ20aJTZlYSY3CcwKBRKUtVG5pR9GXP+WCgj9JpNJZpLkqx10ndQGd7Q6vtlwhA+D2OBqWUkE55LrEMg1xqcpaczeJDFJTiJTIcC2Dh/f0EVY1uUW5o53yu3F5m7oMim18TF8CIoHsIw7VWVu6tIvAbH1baPe0T5D81uC+5u5CLuRi0lrfE+Dia2/By1WFxba7cLvUCUQG5S7y8fUfUVtzFVL/S4gTnSDmyfn7ivqb6/nRZZbo/aeXTvOkFxzicXN/zhMReGqOeuu5rmfnWiMj7LxO21YP6gXXq4BftR3agIb9H7qPNcQP/UZ4WzI2ODq+ZR/ouk9o9hyi3jHx+MpaKa5PnuH90wngd/V46r+R1AQiA2WxSnT07e2KhJeUm+Ff72BiD4FxAbLZmpJiI254xxjec0t4UBmnw5iAxDjr8FYcrnXeHLiIjv7MhAbwHsl9x5y8kJo/zuIDWCOj349kNmXwnIPgDkQ1D9JWikIAFAOiA0AigOxAUBxIDYAKA7EBgDFgdgAoDgQGwAUB2IDgOJAbABQHIgNAIoDsQFAcSA2ACgOxAYAxYHYAKA4EBsAFAdiA4DiQGwAEErjP5FJi7ZzfsrhAAAAAElFTkSuQmCC""}}]}]",0.489
google/gemini-2.5-flash-lite,sample_004,0.59933,0.59933,0.53,"[{""role"": ""system"", ""content"": ""You are a marker location estimator.""}, {""role"": ""user"", ""content"": [{""type"": ""text"", ""text"": ""\nYou are given both an image and a text-based representation of the same stimulus. \nIn both, a red dot appears on a horizontal line\nThe left end of the line corresponds to 0.0, and the right end to 1.0.\n\nText representation (the dot is marked as \""\""O\""\""):\n|-.----------.--.---O-----.-------------=|\n\n\nEstimate the horizontal position of the **center** of the red dot as a decimal number between 0 and 1.\nDo not explain. Only output the final answer as a number between 0 and 1:\nFinal Answer:\n""}, {""type"": ""image_url"", ""image_url"": {""url"": ""data:image/png;base64,iVBORw0KGgoAAAANSUhEUgAAATYAAABNCAYAAAAsLkgfAAAIfElEQVR4nO2daZLTSBBGtbjbfQfg/n85CZcAzkB71cRXzhTp6pLa2GIal9+LyCjJlmQPeB6ZqkXtMAxDAwBQEd1HfwEAgKVBbABQHYgNAKoDsQFAdSA2AKgOxAYA1YHYAKA6EBsAVAdiA4DqQGwAUB2IDQCqA7EBQHUgNgCoDsQGANWB2ACgOhAbAFQHYgOA6kBsAFAdiA0AqmP10V8A7pilHpfRtstcB8BAbHCbyG6RmwutdA1kBzfQ8pQqeJf8J+L78fWpY0qSivtT21PHA1wAYoPrZKa2tF06N8rpvXZue+41gAClKPy5zKaidE4uL4+5fZ07JzS/NoKDCcjYKmDRv8KCoJI+jsdzicX9/L38++Ti6rpzqRViyM8pXesGWqRYNWRsFbCY2OYyNMnLBebbIdpccJFcWi622GayS2IrhWdzU1ndhSC2ukFsjyy2udIzCG1waR0OTesyOxxOQrN2UGvHJcll5eKZzCzSa6X9XHq53Py63H+DCShF75ztdrvMhUr3zCSpmJlJbBKYRdre73+/5sfnWZsJahRX35+21fb9+WvviW5Kclfw/Py8zJ8d/HOQsd05BwnlFqY6BrzENGElke33o8ja3a4ZtK3XguCGWJaKWH5Goa1WJ6mZ3LQf3y+J7m/IDeoEsd05e4nlWvIhGtn9s5R9eUamdrc7tYrt9tTudqewY5LkSmKzzCwJzaQ2bls0UXba1/G2/0Zu3vpnxBYeHsR25+wkm6Uytlh6ernpWZrLTBJTu902nW+r9WNiSSqsIyCJzGX29DTK7Kht3/dWInPZudhi2TqXuQEgtgcXW16G5vfSPCOT3CQyE1qS2mbTDNbqGL2XMjaFX0dYGRozNJfZ0eP5+SQ122+C5GIWN0apNHUQHNB5cN98//79+pOnhnTkmZqXmptNklcS2WbT9K+vaTuFSS9lcDonz9iC2KLMUrteNwdJTPv2WpKaZCexueAsi5sU25Xl6JcvX67/M4R/FjK2R+wRLY1XiyVoLjUTWucye31tBm2/vja9MrfNJmV0Kavz+2y52CQ1E9vBJJZaiW29PkkthDomkuB0PcvcRrGV5GafddbCw4LY7piNhHILpaEdsQRVmetSc7FJZhLbr1+pbSwkvyS3/b7pXGw2iFbZ2lHh2ZpkJrGp3e1OIbnt96c4HFLou2h8nATnmeRZWRo7EgRCAwOxPXrHQRSbj0dzsfk9NZOaRNb/+tU0Fq1CUlOoRN1uT5mW32fLMrZ0D00Z2W6X5CZ5abjK4Xg8i+MwpGEjg7ehp9Y7FtL3nCpH4eFBbI84hm3u/looQ3XPzDsNBs/IlCXafbajWhObdyY0Pr4tE1vqBJD0lI2ZvHSE4tC2v6PrmqPCMjG9P84bjd/dx7vpc0rlKDw0q8+fP3/0d4Ar+fr167Jj1+Jg3DDDIHYopMG5lpWN2ZlaSVBS817UUIqmoRr2uUlS3plg548lqO7BWRnqpahK2DRdS/JSq/Oj0PW6f84VcuP3Xyernz9/fvR3gI+aI1pYbijNGtCuRRuOS+/4+9r31/NVPuJwDxGnZWXnxf+GeP34HYrvxzYuZ+QT5C+E33+drD59+vTR3wH+zxUqSqtixNcs89G10/VD72Pr5Z+2+z5FE9qxNFQbV+DIxqHF8+K547Z9jj5P4RPo0+dPTYr37x7bC+D3XyerHz9+fPR3gCv59u3bMhlbLgitwXY8Np3dpFfbPT2l3k4N5+ien08lqZesPj9UTon3vvzaEpSNSWs18Vznh9D10rg1G8Om4+IQDx+oe9Eg3T+UPb//OqHz4I7p9T/4kr2iIQuSHmJoQEU/DKew/RRt23QxgyvcY0tZ12rVtBLben0S2ctLiu7lpelfXppGsV6niLKTUEex+SyE0sR4QccBGIjtjnlSZrOk2CQN7yjw0rPrRnl59BZd35+yOcvoUgYWZh/kGZvENmZnJrY+Cs2kl4aCWObmw0SK80UZ6gETILY7Zi0hLNErKrJ119KQD8nIosuil6SenppeWZWE5FOrJsSWylqFpGYic5m1ytyC0Ma5o6UydG4JIwfJPTzMFX3U+aJzy3/7Srm+YofNQvA5oWmuqLZ9ipXPFfWljDKxjXNF4zxRn0ZlU6rezBXNlzIKHRdvFp4UV2RtzBOtFzK2O+fqVWDn5ouG6VVJUioFvdNA8lKWJtEpU/PVPvLli+JwD5eSlax554HCJ74fQ4fBmzXZ8iXDBYtNQgHE9sj32fKyNK5+G1fQdcEp/D6aiW2cehUWnEwRS1Ef8mHSSh0Cuo7dl+tK67H5/bRQfvrg3qLMkBoEENuds6jYJp53MMotW6NtlFlct82PC0NJUm+r9ZqOK+aaxCS34gq6vuLupUuCIzYIILY7ZyUhLCU2byce5jIKTpmWS86fexAe6jKe43jGZnNGo+DGsjM+5yBKzSX23vJEiA0CdB5UwCJPqsqnV1m8KU3jYpT5U6qi1KaeUpWVmXEZojdPqbrkwS08oQoKkLE96kDd0r9npQ6FbB5o8XF8cQJ9/lzR8NyDcUqUTZeSyNLYudLj9q4RGlkbGIjtUeeMls6ZKE2TqHwVjTjZPSwoeZap5WLzqVYxc4uii/v+VCvKTrgBStFKWPSvMRNcXOGjlMW92S6tvBGzr9K9syw7G8vQyEJCu+ofArgrEBv8ZuqnMFeiliKel2daUxHfj8eXQEzwDogN5sl/HjNruZVK0DOmhmnMyQyJwRUgNlhGclPHRKYEhsxgYRAbLNujegn0aMJfBrHBbdzy80Fm8JdguAfcBnKCfxBbIgEAoB4QGwBUB2IDgOpAbABQHYgNAKoDsQFAdSA2AKgOxAYA1YHYAKA6EBsAVAdiA4DqQGwAUB2IDQCqA7EBQHUgNgCoDsQGANWB2ACgqY3/ANGl1gCCZwauAAAAAElFTkSuQmCC""}}]}, {""role"": ""assistant"", ""content"": ""0.336""}, {""role"": ""user"", ""content"": [{""type"": ""text"", ""text"": ""\nYou are given both an image and a text-based representation of the same stimulus. \nIn both, a red dot appears on a horizontal line\nThe left end of the line corresponds to 0.0, and the right end to 1.0.\n\nText representation (the dot is marked as \""\""O\""\""):\n|--------------------=-----=---O------ -.|\n\n\nEstimate the horizontal position of the **center** of the red dot as a decimal number between 0 and 1.\nDo not explain. Only output the final answer as a number between 0 and 1:\nFinal Answer:\n""}, {""type"": ""image_url"", ""image_url"": {""url"": ""data:image/png;base64,iVBORw0KGgoAAAANSUhEUgAAATYAAABNCAYAAAAsLkgfAAAI6UlEQVR4nO2dbY7aMBBA7STLxxna3v9vT9JLtL1Cd4ElqcbxpINxAl0+At73JMtJCAFV2texPWN813WdAwAoiGruLwAAcG0QGwAUB2IDgOJAbABQHIgNAIoDsQFAcSA2ACgOxAYAxYHYAKA4EBsAFAdiA4DiQGwAUByIDQCKA7EBQHEgNgAoDsQGAMWB2ACgOBAbABQHYgOA4mjm/gIAMMG1f5LEe/cZQGwAjy6znNzGhDcmLu8/9r4nxfMrVQAPLDN7PXftlKT8GcfnPOfJQGwAczIlLunHjtP35KTlT/Tp8dS1c157IBAbwCNFZ+mxtLY9PE/fMyYvnzR73d6bHufOx65NXZ8RxAZwBlf/M0nE5K24rMzSPm2WnMx8bFV1JLnuIxHdfwxn/YzCY/EA4N5iy0VlOaElzdvzXMRmWqcik94e23tORXK5Xj4vXYgYERhiAyhZbLmhp16LkgrPV4Ht9/2x9Pt9L7T93nV6Xe6xMrQRmMqrrnt5Sa9yq6peeGn0lhPcmOiuMU93BxiKApxgu91e72GZKG2IxKK4gtje33upJf2B+Oyfro3C6l5mQWp1/U9ucmwkF+6ZGr6eEp/9bNsbFouFmwMiNoAT7EUktxp+JhFaENj7e+ilddLvdr3o5DhGboMMFR1+alTWNEFoQWr22IpO783NwY1FdVOLEXr+ACA2gBO8i1QuIU3PMPNoOszUKE0lJn1o2+2/4yi30Oxcm51XE1k1UWTSv7z0fbymkhuiN+nH5uJycsssQjyi3BAbwAl2IpsrRmwHiwBplKYik367dVXsDwRn596i2EROIqpBaE2U2suLa1VuqeSS6O0ogssJLr02Nfc2I4gN4NZiS4ehKjTpVWjyGbtdL7LNppfaZuO6zSb0ck1eC9Ga3Gvn2VRsUVRd0/QyWyxC38ZezoPomuZ4eJrMvR21VHZ6Lmj/QHJj8QBggp8/f17+kFxKRzL81CitUpG9vbn67c1V0uK10EzUFt5vxRZl1RqZtctlON4vl73UVHIauYnkzLB0Um4TqSNTw9Fv3765e0PEBnCrFdFclYBZ/RyTWpDZ66vrothEcHLsNhv5QkFuwzxbErFJNNaKyERgUWgit/1220tut+vlZoemMWo7EtuY6HLDUyGVm16bAcQGMMFGZHIpaWqHzpHFYajLSK0WscXeidReX8NwVO4N92fEFqQWxdaK1FYrt9/t3P79fWitNrlHvodZaBjSRM6N3qZWS2cGsQHcY+EgFZuZWwsLA1FqtcpM2p8/zovQtL29hXs7aZrXpmLT1VAV22oVxCVt33X/mqSvdJ1rJSm4bfsm75PvZefb5Nmn5IbYAD5pDls6vxajtRCxyWKBiDOufoqwNCKTKE1k10ofWxiextdDflsiNqfDy7Z1kuEWmkRyVeX23ru99PFYrslr8l6572Ci3X5fjd7SOcKc3B5oAaH5+vXrrF8A4JH5/v37dXLX0vpPnfy3zSTmhuTc3W5oLunDKqrNY5OILX5mF6sPhtQPGXrG6K0V6WmL3ytEb7m6Vfu9LSI0vTYmNsV7N4djmt+/f9/9QwGehYuTBjLbDWmdZxebrfscakbN63I+iMcm5lqxCea1TiWXRGNpCVVYdEjOTw4x9TNzu4vY7xPvncMxzZcvX+7+oQDPwod3qMjtfGGqBKTJs8PzzeqiN3NYXs/reuiHphGTfo59ra6dN70ey1A1HMc8tnAemy4e+FP5a1MJurl/K+/dHI5pfv36dfcPBXgWfvz4cdkDMrtwhGORSNu6Kk7aV9Kapm8vL6H5xaIfliaVBuEpOsFvhqIiKBff5+S9plWSxyYJujFJ12mTe5NV0bPLq86cX5vDMSweAExQyx/7pdiCdyMJ+fMPLQ5Hq65zddsOTc5FfJIlJi1EeBp52VVReS3KyUexVauV69br0Kr12tWrlXOmhXui5Cqby6Y7fuTKqP5TaHOC2AAmeJGo5hbpHnao6b2rbBOheh9aONeITqQlVQmxIH5YFRV02CmiWi5dJ03Etlq5er12TpoIbbUKr4dk3Ri12dKqYYU1LXwXcom4Dyg1AbEBTLBcLq+3Kmon/2NybBCUCE7lJa2qQhRVx6FpHaOrkMAbKw8OxBblI+/V4WUn31ujs/W6F5rktkmLCby2KH5I65iaP5uS2YNUHAwfT60owA3rRXMF8LoLrm4iqWVVsQhei95rrUSQa9rrLh+2VlQenyboLmKSrkRmUoEgQ1ON1HSuzdaKplKbEtlEakfKHHWiAhEbwAku2gU2t8Gkik2kIoKKc2Nhdw8Zbuo8WZz0DzKTiEulprludhddjbji4oOTRYPl8qAFmdkhaLo3W05qTxKhpSA2gFvPsyVyC3lrma3Ag9C0j2Ia9mPT0iuVmt2PTYhJuZrGUcWhZpCaLhTo8DNKbdh00kjt6AdenkRkKYgN4M5iO1gl1SoEjd5keCpC0sjMDFOHonmN1ozYdLVVc9I6La8SQarMTKQ2DD81WhtLxh0TGGIDeG4aEcElTC0k2JVSG73FHDZbZqXHbuQ3D0LTRNvG7LdmFwmSxYKj3zzQZ53iwcXG4gHAvX6pKimtOvqVKvvze5qUa/tUavZ5WhKlQ8sm+Y2DJEo72gp8onLgo8z1C1UCERvALRN107ghNywVuWSGp0eiS388OalokPmxoSSq7vPaRFxDSVW6BfhUPeg5PHDUhtgAblkzmr4vNyyN1QcHhe1aD2qis6Nfgk+kaasaOlNvanfEPbjn1M4cTwxDUYAzueqfSrJtuD+1bZDt0x1DlLRawI/UesYKgtEV0Dn/I7jW5yM2gDuS+3NLJDcquNwcncWKqvpAfScRGwBchak5OO3HZJb7001LoYRzk24LArEBPIvkpo6VqUjMP1eS7SUgNoBnGq7+L/7zyMyC2AAenWv8ifrPITSFdA+AR+eTSekaxJ3jAADKAbEBQHEgNgAoDsQGAMWB2ACgOBAbABQHYgOA4kBsAFAciA0AigOxAUBxIDYAKA7EBgDFgdgAoDgQGwAUB2IDgOJAbABQHIgNAFxp/AX/qdllPni50AAAAABJRU5ErkJggg==""}}]}, {""role"": ""assistant"", ""content"": ""0.664""}, {""role"": ""user"", ""content"": [{""type"": ""text"", ""text"": ""\nYou are given both an image and a text-based representation of the same stimulus. \nIn both, a red dot appears on a horizontal line\nThe left end of the line corresponds to 0.0, and the right end to 1.0.\n\nText representation (the dot is marked as \""\""O\""\""):\n|-------------=---.-------O---.-----~----|\n\n\nEstimate the horizontal position of the **center** of the red dot as a decimal number between 0 and 1.\nDo not explain. Only output the final answer as a number between 0 and 1:\nFinal Answer:\n""}, {""type"": ""image_url"", ""image_url"": {""url"": ""data:image/png;base64,iVBORw0KGgoAAAANSUhEUgAAATYAAABNCAYAAAAsLkgfAAAIlElEQVR4nO2dYVLbSBBGR5LBJlcguf/fnCSXSLgCYGxLW994WmmJkcDYLM7ovaqukWxjvFT8tkc9Paq6rusCAEBB1F/9AQAALg1iA4DiQGwAUByIDQCKA7EBQHEgNgAoDsQGAMWB2ACgOBAbABQHYgOA4kBsAFAciA0AigOxAUBxIDYAKA7EBgDFgdgAoDgQGwAUB2IDgOJAbABQHKuv/gAAV8clbwNSVZd7L3g3iA1gSmg5weUey8nLHnvv6+GiVNylChaN/+efO556fkpUY2nNPTf1GJwNYoNlMicxjRb+fA4TVG7MyW1OgHA2TEVhWcwJrW2HUstFjrHEvMymzvVeczJDdGeB2OCq+ZQJhRNaNRaXyW1q9D8vxsKq69eC84/rx3MC9Jj4PkiFFBEbLExsuemmiWsiKn8+VQxI8uq8xDT6Y/+aXNh7vZXNvUGF2BAbFCy2qaqmi/j+JrDDIQSFzg+H/rxL5/E14ylpVf0VlYlM8tLYNMPzCdFNCs6DrE6C4gFcLS8vL5+aqQ0yMRPZfn881rjf/5WdPe/FaLKxLCyJrPNjileis2MvRPGW4N7J7e1tWDJkbHC1HCSSc5mqePopphdZim63C9VudxSdPabX+QJDEpBNP01k3Wo1eTyQnxPd5LU5QbZ2MogNrpa9pHLpCmgSUzXK0nqxvbxEocVwxya4wbU2E5vLwqLIkszieHNzFFp6PI4Smo2WySlyU1MDuZ0EYoOrZSehXLICqnE89dRoIjOZbbeh1uhDz9k01RURlK1FiUlsJrUks1ajj/Scl1w/VZ3K3gRSOxnEBuWKbaIC2gstSS3sdqGWuLbbo9S229Cl0c71mhh2zS1lbFFsLlszmWlsb29jRKnpWFKzcxNcyt76rC1XVBDI7SQoHsBV8vv37/PfJCc2q36mwoBlacrQosien0Pz/BxqHz6D80UEn7E1zVFmJjSN63U4SGTr9V/JWUhsbpray+2CWduPHz/CUiFjg7IqolOdBRajbE1hUjORdU9PoX56Cs3TU+ien0NQ6HnL2mw6axmbpKZsbbWKIpPADpLZy8tx3O2i5Nr9PrRaPuIiCk2S0/FcMcEgc3sXiA2ukq2mf5e8vmbXxUxqqRjQS01hMktjeHwM4ekpZnESW9BrbTrqMrbWxGZSU0hqu1047PexuiuhtW3bh8QY5SappWt+ryqlc90JMAtig2UUDnwngS3rsGnodhunn41lZ5LZ4+MxdKxI1926jNisaKAMrc/M2jYcum4Yql3oZ0ZhnzEuBFYgtrNBbFDmGrbx7hyjamitjC0VDTpNe11Idm0qHFQ2PVXGlsQWsz0nNqtyKgNru+4YyuSqKhzqOhya5hiSn6SXMrPWt1f5z+ynowK5nczq+/fvp/8UwCfz8+fPy1xjy/SDjlun+ulpmqJ2aTFul6arcZQA/Zo2+z3K2ExyaU1alFx6jzYzDbWpqEbf0vVKYG6tXM8Jgvu+4O/26uHh4as/A8Arzi7Wj3s63U4ecQrod/awKaEdWw+pG2e3MPK9p/bQaBePceN7nMK6iufsf61v3zrh7/Kw4O/26v7+/qs/A8DldqhwmdSr8xR67/j+br1YPE/Tv6ppQpWyLx0HH1a9VIYlfOfAatW/vtKxW8rRH7vX6XfYwtxqrrVq+Id595/ifsHf7dWfP3+++jMAvOLXr1+Xv8aWkBrqVCWtdb1ttQr1zU287qaobm5CdXs7bIS3nT0kFpvGCkkpLdmo1usQ1us4WtTrdVzHFkON6Yq0hm2wjs23V5lk44f9+Dq2Pwv+blM8gKuk0Rf8s5Z7KENLWaFkVXddaBRtG6O2SM/F11kGZ1XRJLaYdSkDS2KLIttsQnd3F+pv30JzdxfCZhOCRi87idTE5ncA8Z0H8RdQNPgIiA2ukhtlNJfeKVcykpwkt5Qh1VU1iCZFPNfzijSVjFmcCgg+Y0vTVT1Xpy4DE1tjQttsQrXZRKHF5SApa/M7fwz2bGOZx9kgNrhK1prWfUbngVvyEYWkaWjT/I26jtmijhs9p0jSiv2kJjZ77yS+OLVMYlNmJqFVXmibzbB3VOGv3Y17RAUdBx+GXlEot190qlfUyy0t1I0dCGlnj8baq/yoNW0mNr+7hzXAu6b31kS22cSWqs5lav0uH2kK2r0ltQ8K7ceC+0QFGRtcLWfvAjsWm3AbTPYN7Skzi9fJdO3LMjTJTNfENEp61rEwytis8lmnrK0vHqRja3yPu3v4KahVRX2FVrCjx9kgNljOdTaN7q5TfeZmUlM2liqiEluUk2VqJrbRfmyD5R5JisrKTGyxQDCXqaUsbdCBgNDOBrFBuWKbud7WZ20aJTZlYSY3CcwKBRKUtVG5pR9GXP+WCgj9JpNJZpLkqx10ndQGd7Q6vtlwhA+D2OBqWUkE55LrEMg1xqcpaczeJDFJTiJTIcC2Dh/f0EVY1uUW5o53yu3F5m7oMim18TF8CIoHsIw7VWVu6tIvAbH1baPe0T5D81uC+5u5CLuRi0lrfE+Dia2/By1WFxba7cLvUCUQG5S7y8fUfUVtzFVL/S4gTnSDmyfn7ivqb6/nRZZbo/aeXTvOkFxzicXN/zhMReGqOeuu5rmfnWiMj7LxO21YP6gXXq4BftR3agIb9H7qPNcQP/UZ4WzI2ODq+ZR/ouk9o9hyi3jHx+MpaKa5PnuH90wngd/V46r+R1AQiA2WxSnT07e2KhJeUm+Ff72BiD4FxAbLZmpJiI254xxjec0t4UBmnw5iAxDjr8FYcrnXeHLiIjv7MhAbwHsl9x5y8kJo/zuIDWCOj349kNmXwnIPgDkQ1D9JWikIAFAOiA0AigOxAUBxIDYAKA7EBgDFgdgAoDgQGwAUB2IDgOJAbABQHIgNAIoDsQFAcSA2ACgOxAYAxYHYAKA4EBsAFAdiA4DiQGwAEErjP5FJi7ZzfsrhAAAAAElFTkSuQmCC""}}]}, {""role"": ""assistant"", ""content"": ""0.489""}, {""role"": ""user"", ""content"": [{""type"": ""text"", ""text"": ""\nYou are given both an image and a text-based representation of the same stimulus. \nIn both, a red dot appears on a horizontal line\nThe left end of the line corresponds to 0.0, and the right end to 1.0.\n\nText representation (the dot is marked as \""\""O\""\""):\n|.---~------~----------=O-----------~----|\n\n\nEstimate the horizontal position of the **center** of the red dot as a decimal number between 0 and 1.\nDo not explain. Only output the final answer as a number between 0 and 1:\nFinal Answer:\n""}, {""type"": ""image_url"", ""image_url"": {""url"": ""data:image/png;base64,iVBORw0KGgoAAAANSUhEUgAAATYAAABNCAYAAAAsLkgfAAAIiklEQVR4nO2df3LaTAxA/YOE3KHt/f/tSXqJtmdoAgF/IyE5QlmgX+yMzfa9Gc0aFxbagVetd7Vuh2EYGgCAiuiW/gAAAHOD2ACgOhAbAFQHYgOA6kBsAFAdiA0AqgOxAUB1IDYAqA7EBgDVgdgAoDoQGwBUB2IDgOpAbABQHYgNAKoDsQFAdSA2AKgOxAYA1YHYAKA6EBsAVMdm6Q8AMAtz3bqjbefpBxYFsUFdMvvbcyWBybn8XER3l7TcpQrujviVvXV87evt0oryKp0rPYZVg9jgPshf0yiuLLHSuRJRYpeOY5tfB6sFscE6uTakzAK7FSWyyK5Ffv6lvmA1IDaYjU/5KqXhZVsS1/H4/jieu3TdrOve5OXH8ZzFcEly+fgDtEjxU2DyANYpttL1siwreRzDzrX5XJRblFPXNYOLrO/fxBbDxSbH/rooOel3gpwQ2+eA2GB5sd0adgax6XuYtFRgh8Pp8eEwPh7Cec3w5HHsOmZpEn1/EpzITcKFV5Dc1WGqg6wWh6EozMJut5uno9J1NMu8VFzy2KUlrUX7+npq4zmXXh6OShbmIhOJSbvZnFqL8TiKLw9Xra+r19/+gsfHx2n/ZvAOMjaYhYNIZCrXJgVihhYEJkKTGPb70zkRnJ/zLM7lJoShpctrEKltNie5ueD8XBRdzuCsvznkBvOC2GAWXkUoc2ZqaULApeby0gxNWhFaDDvngnt3rc2zNRGbSUzbh4e3EKF5GwR3lsXdyt5gURAbzMJeZDKVlKWdTQJEqWWZ7XZNt9uNx1Fy45DVhDmY2DQ8QzOhHR8fT8feWoySs0yuODQVENtqQGywvNhKQ9AgtXHY6bLa708is+heXprB5fby0nTyWeSan113a0pis0ztGKTmoWKz48YfxywuZ25xYkFAbovD5AFM5ufPn9M6yGK7lqlZRiYykxCR9XY8hkvOhqzFjK3vVWrHKLXttjlst82w3Y6P5dgzOJWcDU/fyW3itbZv375N+zeEM8jYYLkZ0bxWLYvNs604/DRpdc/PJ4k9PzeDHD8/q+CGl5emkZDn+LW2gtiOlq0dTGwiNBXb05O2R2n3++ZoExMqN+lLsrgot0tZm0DmthiIDSbzIiKZShRbWJPmEwU6IWDDTheaykzE9uePto2FZHE6FJXMLoptGE5SC2JTuVmmJlI77PcaIjSNw0FbXx8nM60yJB0nFXzZSJ5IgEVBbLD8xEFesxbXqMUhqF9DM6H1f/40jUUrQvNWhqi7nV53G0oZm81wjsNQEZkI7fVVl61oHI8aR5FhjFDhoMciNem/NByFxUBssOwatkvX1+KaNMm8QsY2Djc9Q3t+bo4iNRPb+BwZQvo1Nqs+0DVsvsTDMzIRmElM/iYabauh2Z3JStqxaiF+7jwcFZDbomy+fv267CeAu+f79+/zrl0L1QNx8iBGXO6hmZlFE1ufRQ1i0/Vr9niIWZxlcjpEjSFZnb2nPNbXSsRlHvHvE8/9D7nxO5yXze/fv2fuEv41Jk2sl0qo0k4ePgwcd/bwYWA41sfeushyROLzUx/xvMvWP8N4ra5UHREzudJuvFfgdzgvmy9fvszcJfxrfHiHiiiD2J46HaP194jn4nHXaUi2pOdz6VPuN8xmjq/z49h/etz6ULTweaZuacTvcF42v379mrlL+Nf48ePHx18cMzURQcysvAJhs2k6ycL6vunkOMbDw9t6NS+Etz5HOYXJA5WUrUFrbW1a6/HwoP2dlVbFNWuxrCpGnBn94DU2fofzwuQBTKaXH/Xcs6I5Y7MtiCS647HpJYZB207OeXgGZ+VPXlbl76FZl0jNxKYis4W43Xbb9E9PTSOx3Wq0dl7Wsbn0dLlHrEIoTR7AoiA2mMyD/NDnXscWllH4MFCORVxyeV6jbRtRai/nJTyjkywuVh6k3T1UavJcz8xk8a1IzWQmYmufnppOFulayHl/3tk6tlL1ASwOYoPJbOXH/lmVByYPl5EKKUqs75veMi9tJbOyWtIui83EI69XIcUMTIaiIUNToVnrQpP2rPLAF+hSL7o6qBWF5etFb9WKWuG7SioUvmutqCzUjSVWXnLlz/cqBt+yKNaKhuoDrxc9mMRUakFoKjUX4aWSKuEDWRt1ovNDxgazMGkX2Fu7e4jY7HqZTCSIYHS4aRf9VWSSabn0fI2brYHLGZtf7JdsT/qSPtvQnw5PRWxe+O5F8Hn7IrK11YLYYJ3X2eJ+bCIRryAQAYm0goi0MsFLrjxTC8PQothcbiYrl9vZrGjejy1kanFrcaS2PhAbrENsl6oQPGsToXgVgi3x0OGpiC1vPhnvgZDueeCTEDJzOu6ea20bNp4cJwdim5d45Nv1nd5g2r8DzAJig1nYyI//s+55kO9KFbM3P85C891z07bgOWuTyQgX21hDeuvmLpd2z40tLAqTB7CuO1Vdkdt4K710Q5ezzSjz7fh8wW+qPoi31/MbtcRtiMabt8Q7WV27DR93qFoVZGyw/ELd0v+t8ZZ5LjQ/J+/jWxvlnXZTfehYX+rYzGgsvRoX7UbZle4rWpKa9XkGWdviIDZYvma09Lp8zc1qPsesLQiuKLN8P9GQscWqBr8T/FgnmmtOw3MuCg2RrQ6GojArs36dCgt4VSFRWvE6XBZaztacS0PJPBng8ssym2n77w//RwA3QWywTvLXsrS90aWIf577KmVbpUzsWmbG0HP1IDa4D3L2ltsr+7q9o5Rx3dp6CJndFYgN6srkrj3nlqBuyQuZ3Q2IDe6TSzOpH+WStJDZXYLYoA7m+hojsipguQfUAUKCQLrNDgDA/YPYAKA6EBsAVAdiA4DqQGwAUB2IDQCqA7EBQHUgNgCoDsQGANWB2ACgOhAbAFQHYgOA6kBsAFAdiA0AqgOxAUB1IDYAqA7EBgBNbfwHpukVnIP1gA0AAAAASUVORK5CYII=""}}]}]",0.530
google/gemini-2.5-flash-lite,sample_005,0.37801,0.37801,0.289,"[{""role"": ""system"", ""content"": ""You are a marker location estimator.""}, {""role"": ""user"", ""content"": [{""type"": ""text"", ""text"": ""\nYou are given both an image and a text-based representation of the same stimulus. \nIn both, a red dot appears on a horizontal line\nThe left end of the line corresponds to 0.0, and the right end to 1.0.\n\nText representation (the dot is marked as \""\""O\""\""):\n|-.----------.--.---O-----.-------------=|\n\n\nEstimate the horizontal position of the **center** of the red dot as a decimal number between 0 and 1.\nDo not explain. Only output the final answer as a number between 0 and 1:\nFinal Answer:\n""}, {""type"": ""image_url"", ""image_url"": {""url"": ""data:image/png;base64,iVBORw0KGgoAAAANSUhEUgAAATYAAABNCAYAAAAsLkgfAAAIfElEQVR4nO2daZLTSBBGtbjbfQfg/n85CZcAzkB71cRXzhTp6pLa2GIal9+LyCjJlmQPeB6ZqkXtMAxDAwBQEd1HfwEAgKVBbABQHYgNAKoDsQFAdSA2AKgOxAYA1YHYAKA6EBsAVAdiA4DqQGwAUB2IDQCqA7EBQHUgNgCoDsQGANWB2ACgOhAbAFQHYgOA6kBsAFAdiA0AqmP10V8A7pilHpfRtstcB8BAbHCbyG6RmwutdA1kBzfQ8pQqeJf8J+L78fWpY0qSivtT21PHA1wAYoPrZKa2tF06N8rpvXZue+41gAClKPy5zKaidE4uL4+5fZ07JzS/NoKDCcjYKmDRv8KCoJI+jsdzicX9/L38++Ti6rpzqRViyM8pXesGWqRYNWRsFbCY2OYyNMnLBebbIdpccJFcWi622GayS2IrhWdzU1ndhSC2ukFsjyy2udIzCG1waR0OTesyOxxOQrN2UGvHJcll5eKZzCzSa6X9XHq53Py63H+DCShF75ztdrvMhUr3zCSpmJlJbBKYRdre73+/5sfnWZsJahRX35+21fb9+WvviW5Kclfw/Py8zJ8d/HOQsd05BwnlFqY6BrzENGElke33o8ja3a4ZtK3XguCGWJaKWH5Goa1WJ6mZ3LQf3y+J7m/IDeoEsd05e4nlWvIhGtn9s5R9eUamdrc7tYrt9tTudqewY5LkSmKzzCwJzaQ2bls0UXba1/G2/0Zu3vpnxBYeHsR25+wkm6Uytlh6ernpWZrLTBJTu902nW+r9WNiSSqsIyCJzGX29DTK7Kht3/dWInPZudhi2TqXuQEgtgcXW16G5vfSPCOT3CQyE1qS2mbTDNbqGL2XMjaFX0dYGRozNJfZ0eP5+SQ122+C5GIWN0apNHUQHNB5cN98//79+pOnhnTkmZqXmptNklcS2WbT9K+vaTuFSS9lcDonz9iC2KLMUrteNwdJTPv2WpKaZCexueAsi5sU25Xl6JcvX67/M4R/FjK2R+wRLY1XiyVoLjUTWucye31tBm2/vja9MrfNJmV0Kavz+2y52CQ1E9vBJJZaiW29PkkthDomkuB0PcvcRrGV5GafddbCw4LY7piNhHILpaEdsQRVmetSc7FJZhLbr1+pbSwkvyS3/b7pXGw2iFbZ2lHh2ZpkJrGp3e1OIbnt96c4HFLou2h8nATnmeRZWRo7EgRCAwOxPXrHQRSbj0dzsfk9NZOaRNb/+tU0Fq1CUlOoRN1uT5mW32fLMrZ0D00Z2W6X5CZ5abjK4Xg8i+MwpGEjg7ehp9Y7FtL3nCpH4eFBbI84hm3u/looQ3XPzDsNBs/IlCXafbajWhObdyY0Pr4tE1vqBJD0lI2ZvHSE4tC2v6PrmqPCMjG9P84bjd/dx7vpc0rlKDw0q8+fP3/0d4Ar+fr167Jj1+Jg3DDDIHYopMG5lpWN2ZlaSVBS817UUIqmoRr2uUlS3plg548lqO7BWRnqpahK2DRdS/JSq/Oj0PW6f84VcuP3Xyernz9/fvR3gI+aI1pYbijNGtCuRRuOS+/4+9r31/NVPuJwDxGnZWXnxf+GeP34HYrvxzYuZ+QT5C+E33+drD59+vTR3wH+zxUqSqtixNcs89G10/VD72Pr5Z+2+z5FE9qxNFQbV+DIxqHF8+K547Z9jj5P4RPo0+dPTYr37x7bC+D3XyerHz9+fPR3gCv59u3bMhlbLgitwXY8Np3dpFfbPT2l3k4N5+ien08lqZesPj9UTon3vvzaEpSNSWs18Vznh9D10rg1G8Om4+IQDx+oe9Eg3T+UPb//OqHz4I7p9T/4kr2iIQuSHmJoQEU/DKew/RRt23QxgyvcY0tZ12rVtBLben0S2ctLiu7lpelfXppGsV6niLKTUEex+SyE0sR4QccBGIjtjnlSZrOk2CQN7yjw0rPrRnl59BZd35+yOcvoUgYWZh/kGZvENmZnJrY+Cs2kl4aCWObmw0SK80UZ6gETILY7Zi0hLNErKrJ119KQD8nIosuil6SenppeWZWE5FOrJsSWylqFpGYic5m1ytyC0Ma5o6UydG4JIwfJPTzMFX3U+aJzy3/7Srm+YofNQvA5oWmuqLZ9ipXPFfWljDKxjXNF4zxRn0ZlU6rezBXNlzIKHRdvFp4UV2RtzBOtFzK2O+fqVWDn5ouG6VVJUioFvdNA8lKWJtEpU/PVPvLli+JwD5eSlax554HCJ74fQ4fBmzXZ8iXDBYtNQgHE9sj32fKyNK5+G1fQdcEp/D6aiW2cehUWnEwRS1Ef8mHSSh0Cuo7dl+tK67H5/bRQfvrg3qLMkBoEENuds6jYJp53MMotW6NtlFlct82PC0NJUm+r9ZqOK+aaxCS34gq6vuLupUuCIzYIILY7ZyUhLCU2byce5jIKTpmWS86fexAe6jKe43jGZnNGo+DGsjM+5yBKzSX23vJEiA0CdB5UwCJPqsqnV1m8KU3jYpT5U6qi1KaeUpWVmXEZojdPqbrkwS08oQoKkLE96kDd0r9npQ6FbB5o8XF8cQJ9/lzR8NyDcUqUTZeSyNLYudLj9q4RGlkbGIjtUeeMls6ZKE2TqHwVjTjZPSwoeZap5WLzqVYxc4uii/v+VCvKTrgBStFKWPSvMRNcXOGjlMW92S6tvBGzr9K9syw7G8vQyEJCu+ofArgrEBv8ZuqnMFeiliKel2daUxHfj8eXQEzwDogN5sl/HjNruZVK0DOmhmnMyQyJwRUgNlhGclPHRKYEhsxgYRAbLNujegn0aMJfBrHBbdzy80Fm8JdguAfcBnKCfxBbIgEAoB4QGwBUB2IDgOpAbABQHYgNAKoDsQFAdSA2AKgOxAYA1YHYAKA6EBsAVAdiA4DqQGwAUB2IDQCqA7EBQHUgNgCoDsQGANWB2ACgqY3/ANGl1gCCZwauAAAAAElFTkSuQmCC""}}]}, {""role"": ""assistant"", ""content"": ""0.336""}, {""role"": ""user"", ""content"": [{""type"": ""text"", ""text"": ""\nYou are given both an image and a text-based representation of the same stimulus. \nIn both, a red dot appears on a horizontal line\nThe left end of the line corresponds to 0.0, and the right end to 1.0.\n\nText representation (the dot is marked as \""\""O\""\""):\n|--------------------=-----=---O------ -.|\n\n\nEstimate the horizontal position of the **center** of the red dot as a decimal number between 0 and 1.\nDo not explain. Only output the final answer as a number between 0 and 1:\nFinal Answer:\n""}, {""type"": ""image_url"", ""image_url"": {""url"": ""data:image/png;base64,iVBORw0KGgoAAAANSUhEUgAAATYAAABNCAYAAAAsLkgfAAAI6UlEQVR4nO2dbY7aMBBA7STLxxna3v9vT9JLtL1Cd4ElqcbxpINxAl0+At73JMtJCAFV2texPWN813WdAwAoiGruLwAAcG0QGwAUB2IDgOJAbABQHIgNAIoDsQFAcSA2ACgOxAYAxYHYAKA4EBsAFAdiA4DiQGwAUByIDQCKA7EBQHEgNgAoDsQGAMWB2ACgOBAbABQHYgOA4mjm/gIAMMG1f5LEe/cZQGwAjy6znNzGhDcmLu8/9r4nxfMrVQAPLDN7PXftlKT8GcfnPOfJQGwAczIlLunHjtP35KTlT/Tp8dS1c157IBAbwCNFZ+mxtLY9PE/fMyYvnzR73d6bHufOx65NXZ8RxAZwBlf/M0nE5K24rMzSPm2WnMx8bFV1JLnuIxHdfwxn/YzCY/EA4N5iy0VlOaElzdvzXMRmWqcik94e23tORXK5Xj4vXYgYERhiAyhZbLmhp16LkgrPV4Ht9/2x9Pt9L7T93nV6Xe6xMrQRmMqrrnt5Sa9yq6peeGn0lhPcmOiuMU93BxiKApxgu91e72GZKG2IxKK4gtje33upJf2B+Oyfro3C6l5mQWp1/U9ucmwkF+6ZGr6eEp/9bNsbFouFmwMiNoAT7EUktxp+JhFaENj7e+ilddLvdr3o5DhGboMMFR1+alTWNEFoQWr22IpO783NwY1FdVOLEXr+ACA2gBO8i1QuIU3PMPNoOszUKE0lJn1o2+2/4yi30Oxcm51XE1k1UWTSv7z0fbymkhuiN+nH5uJycsssQjyi3BAbwAl2IpsrRmwHiwBplKYik367dVXsDwRn596i2EROIqpBaE2U2suLa1VuqeSS6O0ogssJLr02Nfc2I4gN4NZiS4ehKjTpVWjyGbtdL7LNppfaZuO6zSb0ck1eC9Ga3Gvn2VRsUVRd0/QyWyxC38ZezoPomuZ4eJrMvR21VHZ6Lmj/QHJj8QBggp8/f17+kFxKRzL81CitUpG9vbn67c1V0uK10EzUFt5vxRZl1RqZtctlON4vl73UVHIauYnkzLB0Um4TqSNTw9Fv3765e0PEBnCrFdFclYBZ/RyTWpDZ66vrothEcHLsNhv5QkFuwzxbErFJNNaKyERgUWgit/1220tut+vlZoemMWo7EtuY6HLDUyGVm16bAcQGMMFGZHIpaWqHzpHFYajLSK0WscXeidReX8NwVO4N92fEFqQWxdaK1FYrt9/t3P79fWitNrlHvodZaBjSRM6N3qZWS2cGsQHcY+EgFZuZWwsLA1FqtcpM2p8/zovQtL29hXs7aZrXpmLT1VAV22oVxCVt33X/mqSvdJ1rJSm4bfsm75PvZefb5Nmn5IbYAD5pDls6vxajtRCxyWKBiDOufoqwNCKTKE1k10ofWxiextdDflsiNqfDy7Z1kuEWmkRyVeX23ru99PFYrslr8l6572Ci3X5fjd7SOcKc3B5oAaH5+vXrrF8A4JH5/v37dXLX0vpPnfy3zSTmhuTc3W5oLunDKqrNY5OILX5mF6sPhtQPGXrG6K0V6WmL3ytEb7m6Vfu9LSI0vTYmNsV7N4djmt+/f9/9QwGehYuTBjLbDWmdZxebrfscakbN63I+iMcm5lqxCea1TiWXRGNpCVVYdEjOTw4x9TNzu4vY7xPvncMxzZcvX+7+oQDPwod3qMjtfGGqBKTJs8PzzeqiN3NYXs/reuiHphGTfo59ra6dN70ey1A1HMc8tnAemy4e+FP5a1MJurl/K+/dHI5pfv36dfcPBXgWfvz4cdkDMrtwhGORSNu6Kk7aV9Kapm8vL6H5xaIfliaVBuEpOsFvhqIiKBff5+S9plWSxyYJujFJ12mTe5NV0bPLq86cX5vDMSweAExQyx/7pdiCdyMJ+fMPLQ5Hq65zddsOTc5FfJIlJi1EeBp52VVReS3KyUexVauV69br0Kr12tWrlXOmhXui5Cqby6Y7fuTKqP5TaHOC2AAmeJGo5hbpHnao6b2rbBOheh9aONeITqQlVQmxIH5YFRV02CmiWi5dJ03Etlq5er12TpoIbbUKr4dk3Ri12dKqYYU1LXwXcom4Dyg1AbEBTLBcLq+3Kmon/2NybBCUCE7lJa2qQhRVx6FpHaOrkMAbKw8OxBblI+/V4WUn31ujs/W6F5rktkmLCby2KH5I65iaP5uS2YNUHAwfT60owA3rRXMF8LoLrm4iqWVVsQhei95rrUSQa9rrLh+2VlQenyboLmKSrkRmUoEgQ1ON1HSuzdaKplKbEtlEakfKHHWiAhEbwAku2gU2t8Gkik2kIoKKc2Nhdw8Zbuo8WZz0DzKTiEulprludhddjbji4oOTRYPl8qAFmdkhaLo3W05qTxKhpSA2gFvPsyVyC3lrma3Ag9C0j2Ia9mPT0iuVmt2PTYhJuZrGUcWhZpCaLhTo8DNKbdh00kjt6AdenkRkKYgN4M5iO1gl1SoEjd5keCpC0sjMDFOHonmN1ozYdLVVc9I6La8SQarMTKQ2DD81WhtLxh0TGGIDeG4aEcElTC0k2JVSG73FHDZbZqXHbuQ3D0LTRNvG7LdmFwmSxYKj3zzQZ53iwcXG4gHAvX6pKimtOvqVKvvze5qUa/tUavZ5WhKlQ8sm+Y2DJEo72gp8onLgo8z1C1UCERvALRN107ghNywVuWSGp0eiS388OalokPmxoSSq7vPaRFxDSVW6BfhUPeg5PHDUhtgAblkzmr4vNyyN1QcHhe1aD2qis6Nfgk+kaasaOlNvanfEPbjn1M4cTwxDUYAzueqfSrJtuD+1bZDt0x1DlLRawI/UesYKgtEV0Dn/I7jW5yM2gDuS+3NLJDcquNwcncWKqvpAfScRGwBchak5OO3HZJb7001LoYRzk24LArEBPIvkpo6VqUjMP1eS7SUgNoBnGq7+L/7zyMyC2AAenWv8ifrPITSFdA+AR+eTSekaxJ3jAADKAbEBQHEgNgAoDsQGAMWB2ACgOBAbABQHYgOA4kBsAFAciA0AigOxAUBxIDYAKA7EBgDFgdgAoDgQGwAUB2IDgOJAbABQHIgNAFxp/AX/qdllPni50AAAAABJRU5ErkJggg==""}}]}, {""role"": ""assistant"", ""content"": ""0.664""}, {""role"": ""user"", ""content"": [{""type"": ""text"", ""text"": ""\nYou are given both an image and a text-based representation of the same stimulus. \nIn both, a red dot appears on a horizontal line\nThe left end of the line corresponds to 0.0, and the right end to 1.0.\n\nText representation (the dot is marked as \""\""O\""\""):\n|-------------=---.-------O---.-----~----|\n\n\nEstimate the horizontal position of the **center** of the red dot as a decimal number between 0 and 1.\nDo not explain. Only output the final answer as a number between 0 and 1:\nFinal Answer:\n""}, {""type"": ""image_url"", ""image_url"": {""url"": ""data:image/png;base64,iVBORw0KGgoAAAANSUhEUgAAATYAAABNCAYAAAAsLkgfAAAIlElEQVR4nO2dYVLbSBBGR5LBJlcguf/fnCSXSLgCYGxLW994WmmJkcDYLM7ovaqukWxjvFT8tkc9Paq6rusCAEBB1F/9AQAALg1iA4DiQGwAUByIDQCKA7EBQHEgNgAoDsQGAMWB2ACgOBAbABQHYgOA4kBsAFAciA0AigOxAUBxIDYAKA7EBgDFgdgAoDgQGwAUB2IDgOJAbABQHKuv/gAAV8clbwNSVZd7L3g3iA1gSmg5weUey8nLHnvv6+GiVNylChaN/+efO556fkpUY2nNPTf1GJwNYoNlMicxjRb+fA4TVG7MyW1OgHA2TEVhWcwJrW2HUstFjrHEvMymzvVeczJDdGeB2OCq+ZQJhRNaNRaXyW1q9D8vxsKq69eC84/rx3MC9Jj4PkiFFBEbLExsuemmiWsiKn8+VQxI8uq8xDT6Y/+aXNh7vZXNvUGF2BAbFCy2qaqmi/j+JrDDIQSFzg+H/rxL5/E14ylpVf0VlYlM8tLYNMPzCdFNCs6DrE6C4gFcLS8vL5+aqQ0yMRPZfn881rjf/5WdPe/FaLKxLCyJrPNjileis2MvRPGW4N7J7e1tWDJkbHC1HCSSc5mqePopphdZim63C9VudxSdPabX+QJDEpBNP01k3Wo1eTyQnxPd5LU5QbZ2MogNrpa9pHLpCmgSUzXK0nqxvbxEocVwxya4wbU2E5vLwqLIkszieHNzFFp6PI4Smo2WySlyU1MDuZ0EYoOrZSehXLICqnE89dRoIjOZbbeh1uhDz9k01RURlK1FiUlsJrUks1ajj/Scl1w/VZ3K3gRSOxnEBuWKbaIC2gstSS3sdqGWuLbbo9S229Cl0c71mhh2zS1lbFFsLlszmWlsb29jRKnpWFKzcxNcyt76rC1XVBDI7SQoHsBV8vv37/PfJCc2q36mwoBlacrQosien0Pz/BxqHz6D80UEn7E1zVFmJjSN63U4SGTr9V/JWUhsbpray+2CWduPHz/CUiFjg7IqolOdBRajbE1hUjORdU9PoX56Cs3TU+ien0NQ6HnL2mw6axmbpKZsbbWKIpPADpLZy8tx3O2i5Nr9PrRaPuIiCk2S0/FcMcEgc3sXiA2ukq2mf5e8vmbXxUxqqRjQS01hMktjeHwM4ekpZnESW9BrbTrqMrbWxGZSU0hqu1047PexuiuhtW3bh8QY5SappWt+ryqlc90JMAtig2UUDnwngS3rsGnodhunn41lZ5LZ4+MxdKxI1926jNisaKAMrc/M2jYcum4Yql3oZ0ZhnzEuBFYgtrNBbFDmGrbx7hyjamitjC0VDTpNe11Idm0qHFQ2PVXGlsQWsz0nNqtyKgNru+4YyuSqKhzqOhya5hiSn6SXMrPWt1f5z+ynowK5nczq+/fvp/8UwCfz8+fPy1xjy/SDjlun+ulpmqJ2aTFul6arcZQA/Zo2+z3K2ExyaU1alFx6jzYzDbWpqEbf0vVKYG6tXM8Jgvu+4O/26uHh4as/A8Arzi7Wj3s63U4ecQrod/awKaEdWw+pG2e3MPK9p/bQaBePceN7nMK6iufsf61v3zrh7/Kw4O/26v7+/qs/A8DldqhwmdSr8xR67/j+br1YPE/Tv6ppQpWyLx0HH1a9VIYlfOfAatW/vtKxW8rRH7vX6XfYwtxqrrVq+Id595/ifsHf7dWfP3+++jMAvOLXr1+Xv8aWkBrqVCWtdb1ttQr1zU287qaobm5CdXs7bIS3nT0kFpvGCkkpLdmo1usQ1us4WtTrdVzHFkON6Yq0hm2wjs23V5lk44f9+Dq2Pwv+blM8gKuk0Rf8s5Z7KENLWaFkVXddaBRtG6O2SM/F11kGZ1XRJLaYdSkDS2KLIttsQnd3F+pv30JzdxfCZhOCRi87idTE5ncA8Z0H8RdQNPgIiA2ukhtlNJfeKVcykpwkt5Qh1VU1iCZFPNfzijSVjFmcCgg+Y0vTVT1Xpy4DE1tjQttsQrXZRKHF5SApa/M7fwz2bGOZx9kgNrhK1prWfUbngVvyEYWkaWjT/I26jtmijhs9p0jSiv2kJjZ77yS+OLVMYlNmJqFVXmibzbB3VOGv3Y17RAUdBx+GXlEot190qlfUyy0t1I0dCGlnj8baq/yoNW0mNr+7hzXAu6b31kS22cSWqs5lav0uH2kK2r0ltQ8K7ceC+0QFGRtcLWfvAjsWm3AbTPYN7Skzi9fJdO3LMjTJTNfENEp61rEwytis8lmnrK0vHqRja3yPu3v4KahVRX2FVrCjx9kgNljOdTaN7q5TfeZmUlM2liqiEluUk2VqJrbRfmyD5R5JisrKTGyxQDCXqaUsbdCBgNDOBrFBuWKbud7WZ20aJTZlYSY3CcwKBRKUtVG5pR9GXP+WCgj9JpNJZpLkqx10ndQGd7Q6vtlwhA+D2OBqWUkE55LrEMg1xqcpaczeJDFJTiJTIcC2Dh/f0EVY1uUW5o53yu3F5m7oMim18TF8CIoHsIw7VWVu6tIvAbH1baPe0T5D81uC+5u5CLuRi0lrfE+Dia2/By1WFxba7cLvUCUQG5S7y8fUfUVtzFVL/S4gTnSDmyfn7ivqb6/nRZZbo/aeXTvOkFxzicXN/zhMReGqOeuu5rmfnWiMj7LxO21YP6gXXq4BftR3agIb9H7qPNcQP/UZ4WzI2ODq+ZR/ouk9o9hyi3jHx+MpaKa5PnuH90wngd/V46r+R1AQiA2WxSnT07e2KhJeUm+Ff72BiD4FxAbLZmpJiI254xxjec0t4UBmnw5iAxDjr8FYcrnXeHLiIjv7MhAbwHsl9x5y8kJo/zuIDWCOj349kNmXwnIPgDkQ1D9JWikIAFAOiA0AigOxAUBxIDYAKA7EBgDFgdgAoDgQGwAUB2IDgOJAbABQHIgNAIoDsQFAcSA2ACgOxAYAxYHYAKA4EBsAFAdiA4DiQGwAEErjP5FJi7ZzfsrhAAAAAElFTkSuQmCC""}}]}, {""role"": ""assistant"", ""content"": ""0.489""}, {""role"": ""user"", ""content"": [{""type"": ""text"", ""text"": ""\nYou are given both an image and a text-based representation of the same stimulus. \nIn both, a red dot appears on a horizontal line\nThe left end of the line corresponds to 0.0, and the right end to 1.0.\n\nText representation (the dot is marked as \""\""O\""\""):\n|.---~------~----------=O-----------~----|\n\n\nEstimate the horizontal position of the **center** of the red dot as a decimal number between 0 and 1.\nDo not explain. Only output the final answer as a number between 0 and 1:\nFinal Answer:\n""}, {""type"": ""image_url"", ""image_url"": {""url"": ""data:image/png;base64,iVBORw0KGgoAAAANSUhEUgAAATYAAABNCAYAAAAsLkgfAAAIiklEQVR4nO2df3LaTAxA/YOE3KHt/f/tSXqJtmdoAgF/IyE5QlmgX+yMzfa9Gc0aFxbagVetd7Vuh2EYGgCAiuiW/gAAAHOD2ACgOhAbAFQHYgOA6kBsAFAdiA0AqgOxAUB1IDYAqA7EBgDVgdgAoDoQGwBUB2IDgOpAbABQHYgNAKoDsQFAdSA2AKgOxAYA1YHYAKA6EBsAVMdm6Q8AMAtz3bqjbefpBxYFsUFdMvvbcyWBybn8XER3l7TcpQrujviVvXV87evt0oryKp0rPYZVg9jgPshf0yiuLLHSuRJRYpeOY5tfB6sFscE6uTakzAK7FSWyyK5Ffv6lvmA1IDaYjU/5KqXhZVsS1/H4/jieu3TdrOve5OXH8ZzFcEly+fgDtEjxU2DyANYpttL1siwreRzDzrX5XJRblFPXNYOLrO/fxBbDxSbH/rooOel3gpwQ2+eA2GB5sd0adgax6XuYtFRgh8Pp8eEwPh7Cec3w5HHsOmZpEn1/EpzITcKFV5Dc1WGqg6wWh6EozMJut5uno9J1NMu8VFzy2KUlrUX7+npq4zmXXh6OShbmIhOJSbvZnFqL8TiKLw9Xra+r19/+gsfHx2n/ZvAOMjaYhYNIZCrXJgVihhYEJkKTGPb70zkRnJ/zLM7lJoShpctrEKltNie5ueD8XBRdzuCsvznkBvOC2GAWXkUoc2ZqaULApeby0gxNWhFaDDvngnt3rc2zNRGbSUzbh4e3EKF5GwR3lsXdyt5gURAbzMJeZDKVlKWdTQJEqWWZ7XZNt9uNx1Fy45DVhDmY2DQ8QzOhHR8fT8feWoySs0yuODQVENtqQGywvNhKQ9AgtXHY6bLa708is+heXprB5fby0nTyWeSan113a0pis0ztGKTmoWKz48YfxywuZ25xYkFAbovD5AFM5ufPn9M6yGK7lqlZRiYykxCR9XY8hkvOhqzFjK3vVWrHKLXttjlst82w3Y6P5dgzOJWcDU/fyW3itbZv375N+zeEM8jYYLkZ0bxWLYvNs604/DRpdc/PJ4k9PzeDHD8/q+CGl5emkZDn+LW2gtiOlq0dTGwiNBXb05O2R2n3++ZoExMqN+lLsrgot0tZm0DmthiIDSbzIiKZShRbWJPmEwU6IWDDTheaykzE9uePto2FZHE6FJXMLoptGE5SC2JTuVmmJlI77PcaIjSNw0FbXx8nM60yJB0nFXzZSJ5IgEVBbLD8xEFesxbXqMUhqF9DM6H1f/40jUUrQvNWhqi7nV53G0oZm81wjsNQEZkI7fVVl61oHI8aR5FhjFDhoMciNem/NByFxUBssOwatkvX1+KaNMm8QsY2Djc9Q3t+bo4iNRPb+BwZQvo1Nqs+0DVsvsTDMzIRmElM/iYabauh2Z3JStqxaiF+7jwcFZDbomy+fv267CeAu+f79+/zrl0L1QNx8iBGXO6hmZlFE1ufRQ1i0/Vr9niIWZxlcjpEjSFZnb2nPNbXSsRlHvHvE8/9D7nxO5yXze/fv2fuEv41Jk2sl0qo0k4ePgwcd/bwYWA41sfeushyROLzUx/xvMvWP8N4ra5UHREzudJuvFfgdzgvmy9fvszcJfxrfHiHiiiD2J46HaP194jn4nHXaUi2pOdz6VPuN8xmjq/z49h/etz6ULTweaZuacTvcF42v379mrlL+Nf48ePHx18cMzURQcysvAJhs2k6ycL6vunkOMbDw9t6NS+Etz5HOYXJA5WUrUFrbW1a6/HwoP2dlVbFNWuxrCpGnBn94DU2fofzwuQBTKaXH/Xcs6I5Y7MtiCS647HpJYZB207OeXgGZ+VPXlbl76FZl0jNxKYis4W43Xbb9E9PTSOx3Wq0dl7Wsbn0dLlHrEIoTR7AoiA2mMyD/NDnXscWllH4MFCORVxyeV6jbRtRai/nJTyjkywuVh6k3T1UavJcz8xk8a1IzWQmYmufnppOFulayHl/3tk6tlL1ASwOYoPJbOXH/lmVByYPl5EKKUqs75veMi9tJbOyWtIui83EI69XIcUMTIaiIUNToVnrQpP2rPLAF+hSL7o6qBWF5etFb9WKWuG7SioUvmutqCzUjSVWXnLlz/cqBt+yKNaKhuoDrxc9mMRUakFoKjUX4aWSKuEDWRt1ovNDxgazMGkX2Fu7e4jY7HqZTCSIYHS4aRf9VWSSabn0fI2brYHLGZtf7JdsT/qSPtvQnw5PRWxe+O5F8Hn7IrK11YLYYJ3X2eJ+bCIRryAQAYm0goi0MsFLrjxTC8PQothcbiYrl9vZrGjejy1kanFrcaS2PhAbrENsl6oQPGsToXgVgi3x0OGpiC1vPhnvgZDueeCTEDJzOu6ea20bNp4cJwdim5d45Nv1nd5g2r8DzAJig1nYyI//s+55kO9KFbM3P85C891z07bgOWuTyQgX21hDeuvmLpd2z40tLAqTB7CuO1Vdkdt4K710Q5ezzSjz7fh8wW+qPoi31/MbtcRtiMabt8Q7WV27DR93qFoVZGyw/ELd0v+t8ZZ5LjQ/J+/jWxvlnXZTfehYX+rYzGgsvRoX7UbZle4rWpKa9XkGWdviIDZYvma09Lp8zc1qPsesLQiuKLN8P9GQscWqBr8T/FgnmmtOw3MuCg2RrQ6GojArs36dCgt4VSFRWvE6XBZaztacS0PJPBng8ssym2n77w//RwA3QWywTvLXsrS90aWIf577KmVbpUzsWmbG0HP1IDa4D3L2ltsr+7q9o5Rx3dp6CJndFYgN6srkrj3nlqBuyQuZ3Q2IDe6TSzOpH+WStJDZXYLYoA7m+hojsipguQfUAUKCQLrNDgDA/YPYAKA6EBsAVAdiA4DqQGwAUB2IDQCqA7EBQHUgNgCoDsQGANWB2ACgOhAbAFQHYgOA6kBsAFAdiA0AqgOxAUB1IDYAqA7EBgBNbfwHpukVnIP1gA0AAAAASUVORK5CYII=""}}]}, {""role"": ""assistant"", ""content"": ""0.530""}, {""role"": ""user"", ""content"": [{""type"": ""text"", ""text"": ""\nYou are given both an image and a text-based representation of the same stimulus. \nIn both, a red dot appears on a horizontal line\nThe left end of the line corresponds to 0.0, and the right end to 1.0.\n\nText representation (the dot is marked as \""\""O\""\""):\n|----------~----O-=-- -------.-----------|\n\n\nEstimate the horizontal position of the **center** of the red dot as a decimal number between 0 and 1.\nDo not explain. Only output the final answer as a number between 0 and 1:\nFinal Answer:\n""}, {""type"": ""image_url"", ""image_url"": {""url"": ""data:image/png;base64,iVBORw0KGgoAAAANSUhEUgAAATYAAABNCAYAAAAsLkgfAAAIs0lEQVR4nO2d7XLaPBBGbUMg99D2/v/2SnoTbW8hX3y48yi7yqLYTmMggOacGY0EsQ1vmvfMSqu1277v+wYAoCK6S38BAIBTg9gAoDoQGwBUB2IDgOpAbABQHYgNAKoDsQFAdSA2AKgOxAYA1YHYAKA6EBsAVAdiA4DqQGwAUB2IDQCqA7EBQHUgNgCoDsQGANWB2ACgOhAbAFTH8tJfAGZwisdUtO0pvgnAVYLYblVmU3LTz8bE5e/H85EcVEbLU6puUGbx/bFxKa0or7Hx0GuAG4SI7VaEFqU2NB46rxRbKbkhqZXXQHRwgxCx3UJ0FgW23x++Nya5IamNtfLY8vwxkB5cKYjtCE7+qyummm2UVxSaj8ckV4qn694kNja2lq8wFdUdQYsM4QtgKnotYhuK0KLIXGK73cG4LQXn1yijsq5reokstig369MVhiI5Hx+ZdEBs8BUgtkuJbWwdLbTepSWBudwkNr02wfXq7bgc4TmSmUtrschC631sfT7GJWfnJuZMVZEXXBimojN5eXk5X6QmSbnIXGwmtGa7zeN2u80RXD7erxUjNQnMmo8P3nPJ+fFT63BDYvukyFar1Wl+dwAjELHNZCehnElqWVRRYBKatd76ZrPJ0lPkdhCx+ZpZFNly2fTW0nsal6LTOTF6+0yyYeg1wAVAbDPZSizHUO5Ji+tmMUqTxCSwzeZVbC8v6XVuHrXFtbdSbEFo/d3du94ll6M3X48bWIOb3D5SjgEuBGKbyUayOZYQqaVoy+UUozQXmIRmrXO5ee/T07jOZlJLzUUW2n61envt0ovRW0gyvJPcWPRWjgEuBGK7lNhGMp8xSktyc5E9P6emcf/09Pqe/UzHp1ZEbBJSjNSSzFar1HvTa/18r8itFFyZRS3FFhMMyA2uCJIHM/j9+/dp19bKJEGcakpm1tqnp2YhqZnY0vvqQ9SWIjbhEZvJKstsvX5tq1WzW6/fRBejN5++FtnTyT1w9pkH/QQ/fvw47ncIMAER21dnRCcSBh555bW0ILUks8fH12jt8bFZPD+nsSI6iVByy9cpxCZpucgktdTf3ze7l5csuXdyszW33Ib2vw1FbERucAUgthk8Pz8ff5GhrR1BamkK6kJzmUls1jeS2tNTkl/KjkpuvqctiG1fRGs7E9pus8ktyW27zQJM0ZoEV24TGdvcOyY2gAuB2C6ZOLA1sby1w9fW4pqapp8us4eHpnl8bNqHhzQtbTXWcZtN06t58iFGbJ4skLwkMQlsu03bVXLb71Pba9uINv3qHPU2JT0QW9jvhtjgWkFsX72HbWh9LW6+9WmleiUKFJGpeYT29NTsXWoWzfU2HT3Yy+Ybc/W+EgQSl1rfN1Kfmv4rdm372uy9pEUdo8oHSS1+T13PN/9OiQ25wYVZfv/+/dLf4eb4+fPnvBNjniYWspelUp7ljFs+fHOuZGcRmqarqbfXvuUjIbko0rLXXk2QMqUWge19qupjNROW+pQV1TXLaMzX1vy9GWts/N3BOVn+/fv3rB9QIyerES33sVl9qFo7VDOq6aFeh3EWY2zCZRPEmc+zlq8Zzw3fwb9rHo/dWqnEhTbxe+LvDs7J8tu3b2f9gBqZfYcKn8YV1QFx3Pr1Q0uvLZJqrfk4Twl9mvj2Jd8t9Lehz9fUuEgGpJ+HmtGDzxkrs/pkxMbfHZyT5Z8/f876ATXy69ev06yxeXTlryWdxaLpLBOpvlsum+7uLq27qW+9xUqDKJ9iKtpqnczOaVart/N1zVhapeNi8zKrsW0fY2VWsZ+Avzs4JyQPZrDQ/+DHEBb483aPGLFZplSt2++bxW7XLNTb667vm65tU0sRnL6PZOXVB8KjruXyVWSrVdNpQ+79fWoaL+7vm2a9zi0dY9UIkmgUW976MbXVwz4X4NIgthncKfo5hqFbFPn00qeJJi4t06fWts1CreuaTk2RnJqiMG0P8T1wMWLT9SQ2O66X2ExuSWrW2vU6ic73u0mSfSm2WIHwP9NQgAuC2GawVoRzisRBzIz6lg9NH9VsDS1JLExLFS0qmkqlVRKS9rppmuolVX5NE1vncpKo9L0lLpNZa5FbLrWKhfFWO9pMlVVRcQBXCrWiX10vOlZSVWz3iHf08JpQbcZNQvMyK6sTzbWiavHuHr61I5RVRYmlWtEQqXlBvEvtYPo5Fq3NkBp1onBuiNhmMvsusGPPNijvwWZTSEVaKWkgsdkaWBKaSy9KzSM2x4Vk09acPFCvZkXwqTJBMisSCe/KqD6qNCBSgysBsV3DOpuXVXnkJqmpl4QkLpeRxpp+xptNhjvresIh4zIyUXkWNF3LhBmjtHhn3ZgFzc9EGIrWBEKDKwOxXUJsU1Gb35NNvbKcJrdcID8kNLuLbl5fs+vn/W7lDSctU3ow7Syyn+VzED5MFCA3uCIQ20yWEsExjK21xUypPkPCknx8qhlvbRQf7uLnhDW23ExWSXDlMw8GtnMcTEH/J/uJ1ODKIHlwySdVTURu724VXiYY4pOrPMory55CfeiBtGJiIN4p14/56EEufu0Z8IQq+AqI2L56o+5YvWWUkkdeun58apXLLUxXY3v3XFFJrSiJSpt2bTuJy+zgmQZTUdqUzIja4IpAbF9dMzp0Tik3ycUTCjZ+dzeQeC+3sSfBx7rTkAQoaz9zraiJcHTqibzgRmAqeiQn+/WVj+Mr7vAxmGgYet+vESU09BCWkalmFps4ceZz9s0DAD4JYrsGpqan3o+tx5U/G+Kju3H8b3SGmOBGQGzXxNT9zoZk5/3YeUMR15TEyHZCJSC2Wxfd0HFDjE0ricygQhDbLTD0T3TMPxsyg8pBbLfIKf7JEBlUDNs9bhGkBDBJeNwQAEAdIDYAqA7EBgDVgdgAoDoQGwBUB2IDgOpAbABQHYgNAKoDsQFAdSA2AKgOxAYA1YHYAKA6EBsAVAdiA4DqQGwAUB2IDQCqA7EBQFMb/wCp3rrC7i21WwAAAABJRU5ErkJggg==""}}]}]",0.289
google/gemini-2.5-flash-lite,sample_006,0.378,0.378,0.296,"[{""role"": ""system"", ""content"": ""You are a marker location estimator.""}, {""role"": ""user"", ""content"": [{""type"": ""text"", ""text"": ""\nYou are given both an image and a text-based representation of the same stimulus. \nIn both, a red dot appears on a horizontal line\nThe left end of the line corresponds to 0.0, and the right end to 1.0.\n\nText representation (the dot is marked as \""\""O\""\""):\n|-.----------.--.---O-----.-------------=|\n\n\nEstimate the horizontal position of the **center** of the red dot as a decimal number between 0 and 1.\nDo not explain. Only output the final answer as a number between 0 and 1:\nFinal Answer:\n""}, {""type"": ""image_url"", ""image_url"": {""url"": ""data:image/png;base64,iVBORw0KGgoAAAANSUhEUgAAATYAAABNCAYAAAAsLkgfAAAIfElEQVR4nO2daZLTSBBGtbjbfQfg/n85CZcAzkB71cRXzhTp6pLa2GIal9+LyCjJlmQPeB6ZqkXtMAxDAwBQEd1HfwEAgKVBbABQHYgNAKoDsQFAdSA2AKgOxAYA1YHYAKA6EBsAVAdiA4DqQGwAUB2IDQCqA7EBQHUgNgCoDsQGANWB2ACgOhAbAFQHYgOA6kBsAFAdiA0AqmP10V8A7pilHpfRtstcB8BAbHCbyG6RmwutdA1kBzfQ8pQqeJf8J+L78fWpY0qSivtT21PHA1wAYoPrZKa2tF06N8rpvXZue+41gAClKPy5zKaidE4uL4+5fZ07JzS/NoKDCcjYKmDRv8KCoJI+jsdzicX9/L38++Ti6rpzqRViyM8pXesGWqRYNWRsFbCY2OYyNMnLBebbIdpccJFcWi622GayS2IrhWdzU1ndhSC2ukFsjyy2udIzCG1waR0OTesyOxxOQrN2UGvHJcll5eKZzCzSa6X9XHq53Py63H+DCShF75ztdrvMhUr3zCSpmJlJbBKYRdre73+/5sfnWZsJahRX35+21fb9+WvviW5Kclfw/Py8zJ8d/HOQsd05BwnlFqY6BrzENGElke33o8ja3a4ZtK3XguCGWJaKWH5Goa1WJ6mZ3LQf3y+J7m/IDeoEsd05e4nlWvIhGtn9s5R9eUamdrc7tYrt9tTudqewY5LkSmKzzCwJzaQ2bls0UXba1/G2/0Zu3vpnxBYeHsR25+wkm6Uytlh6ernpWZrLTBJTu902nW+r9WNiSSqsIyCJzGX29DTK7Kht3/dWInPZudhi2TqXuQEgtgcXW16G5vfSPCOT3CQyE1qS2mbTDNbqGL2XMjaFX0dYGRozNJfZ0eP5+SQ122+C5GIWN0apNHUQHNB5cN98//79+pOnhnTkmZqXmptNklcS2WbT9K+vaTuFSS9lcDonz9iC2KLMUrteNwdJTPv2WpKaZCexueAsi5sU25Xl6JcvX67/M4R/FjK2R+wRLY1XiyVoLjUTWucye31tBm2/vja9MrfNJmV0Kavz+2y52CQ1E9vBJJZaiW29PkkthDomkuB0PcvcRrGV5GafddbCw4LY7piNhHILpaEdsQRVmetSc7FJZhLbr1+pbSwkvyS3/b7pXGw2iFbZ2lHh2ZpkJrGp3e1OIbnt96c4HFLou2h8nATnmeRZWRo7EgRCAwOxPXrHQRSbj0dzsfk9NZOaRNb/+tU0Fq1CUlOoRN1uT5mW32fLMrZ0D00Z2W6X5CZ5abjK4Xg8i+MwpGEjg7ehp9Y7FtL3nCpH4eFBbI84hm3u/looQ3XPzDsNBs/IlCXafbajWhObdyY0Pr4tE1vqBJD0lI2ZvHSE4tC2v6PrmqPCMjG9P84bjd/dx7vpc0rlKDw0q8+fP3/0d4Ar+fr167Jj1+Jg3DDDIHYopMG5lpWN2ZlaSVBS817UUIqmoRr2uUlS3plg548lqO7BWRnqpahK2DRdS/JSq/Oj0PW6f84VcuP3Xyernz9/fvR3gI+aI1pYbijNGtCuRRuOS+/4+9r31/NVPuJwDxGnZWXnxf+GeP34HYrvxzYuZ+QT5C+E33+drD59+vTR3wH+zxUqSqtixNcs89G10/VD72Pr5Z+2+z5FE9qxNFQbV+DIxqHF8+K547Z9jj5P4RPo0+dPTYr37x7bC+D3XyerHz9+fPR3gCv59u3bMhlbLgitwXY8Np3dpFfbPT2l3k4N5+ien08lqZesPj9UTon3vvzaEpSNSWs18Vznh9D10rg1G8Om4+IQDx+oe9Eg3T+UPb//OqHz4I7p9T/4kr2iIQuSHmJoQEU/DKew/RRt23QxgyvcY0tZ12rVtBLben0S2ctLiu7lpelfXppGsV6niLKTUEex+SyE0sR4QccBGIjtjnlSZrOk2CQN7yjw0rPrRnl59BZd35+yOcvoUgYWZh/kGZvENmZnJrY+Cs2kl4aCWObmw0SK80UZ6gETILY7Zi0hLNErKrJ119KQD8nIosuil6SenppeWZWE5FOrJsSWylqFpGYic5m1ytyC0Ma5o6UydG4JIwfJPTzMFX3U+aJzy3/7Srm+YofNQvA5oWmuqLZ9ipXPFfWljDKxjXNF4zxRn0ZlU6rezBXNlzIKHRdvFp4UV2RtzBOtFzK2O+fqVWDn5ouG6VVJUioFvdNA8lKWJtEpU/PVPvLli+JwD5eSlax554HCJ74fQ4fBmzXZ8iXDBYtNQgHE9sj32fKyNK5+G1fQdcEp/D6aiW2cehUWnEwRS1Ef8mHSSh0Cuo7dl+tK67H5/bRQfvrg3qLMkBoEENuds6jYJp53MMotW6NtlFlct82PC0NJUm+r9ZqOK+aaxCS34gq6vuLupUuCIzYIILY7ZyUhLCU2byce5jIKTpmWS86fexAe6jKe43jGZnNGo+DGsjM+5yBKzSX23vJEiA0CdB5UwCJPqsqnV1m8KU3jYpT5U6qi1KaeUpWVmXEZojdPqbrkwS08oQoKkLE96kDd0r9npQ6FbB5o8XF8cQJ9/lzR8NyDcUqUTZeSyNLYudLj9q4RGlkbGIjtUeeMls6ZKE2TqHwVjTjZPSwoeZap5WLzqVYxc4uii/v+VCvKTrgBStFKWPSvMRNcXOGjlMW92S6tvBGzr9K9syw7G8vQyEJCu+ofArgrEBv8ZuqnMFeiliKel2daUxHfj8eXQEzwDogN5sl/HjNruZVK0DOmhmnMyQyJwRUgNlhGclPHRKYEhsxgYRAbLNujegn0aMJfBrHBbdzy80Fm8JdguAfcBnKCfxBbIgEAoB4QGwBUB2IDgOpAbABQHYgNAKoDsQFAdSA2AKgOxAYA1YHYAKA6EBsAVAdiA4DqQGwAUB2IDQCqA7EBQHUgNgCoDsQGANWB2ACgqY3/ANGl1gCCZwauAAAAAElFTkSuQmCC""}}]}, {""role"": ""assistant"", ""content"": ""0.336""}, {""role"": ""user"", ""content"": [{""type"": ""text"", ""text"": ""\nYou are given both an image and a text-based representation of the same stimulus. \nIn both, a red dot appears on a horizontal line\nThe left end of the line corresponds to 0.0, and the right end to 1.0.\n\nText representation (the dot is marked as \""\""O\""\""):\n|--------------------=-----=---O------ -.|\n\n\nEstimate the horizontal position of the **center** of the red dot as a decimal number between 0 and 1.\nDo not explain. Only output the final answer as a number between 0 and 1:\nFinal Answer:\n""}, {""type"": ""image_url"", ""image_url"": {""url"": ""data:image/png;base64,iVBORw0KGgoAAAANSUhEUgAAATYAAABNCAYAAAAsLkgfAAAI6UlEQVR4nO2dbY7aMBBA7STLxxna3v9vT9JLtL1Cd4ElqcbxpINxAl0+At73JMtJCAFV2texPWN813WdAwAoiGruLwAAcG0QGwAUB2IDgOJAbABQHIgNAIoDsQFAcSA2ACgOxAYAxYHYAKA4EBsAFAdiA4DiQGwAUByIDQCKA7EBQHEgNgAoDsQGAMWB2ACgOBAbABQHYgOA4mjm/gIAMMG1f5LEe/cZQGwAjy6znNzGhDcmLu8/9r4nxfMrVQAPLDN7PXftlKT8GcfnPOfJQGwAczIlLunHjtP35KTlT/Tp8dS1c157IBAbwCNFZ+mxtLY9PE/fMyYvnzR73d6bHufOx65NXZ8RxAZwBlf/M0nE5K24rMzSPm2WnMx8bFV1JLnuIxHdfwxn/YzCY/EA4N5iy0VlOaElzdvzXMRmWqcik94e23tORXK5Xj4vXYgYERhiAyhZbLmhp16LkgrPV4Ht9/2x9Pt9L7T93nV6Xe6xMrQRmMqrrnt5Sa9yq6peeGn0lhPcmOiuMU93BxiKApxgu91e72GZKG2IxKK4gtje33upJf2B+Oyfro3C6l5mQWp1/U9ucmwkF+6ZGr6eEp/9bNsbFouFmwMiNoAT7EUktxp+JhFaENj7e+ilddLvdr3o5DhGboMMFR1+alTWNEFoQWr22IpO783NwY1FdVOLEXr+ACA2gBO8i1QuIU3PMPNoOszUKE0lJn1o2+2/4yi30Oxcm51XE1k1UWTSv7z0fbymkhuiN+nH5uJycsssQjyi3BAbwAl2IpsrRmwHiwBplKYik367dVXsDwRn596i2EROIqpBaE2U2suLa1VuqeSS6O0ogssJLr02Nfc2I4gN4NZiS4ehKjTpVWjyGbtdL7LNppfaZuO6zSb0ck1eC9Ga3Gvn2VRsUVRd0/QyWyxC38ZezoPomuZ4eJrMvR21VHZ6Lmj/QHJj8QBggp8/f17+kFxKRzL81CitUpG9vbn67c1V0uK10EzUFt5vxRZl1RqZtctlON4vl73UVHIauYnkzLB0Um4TqSNTw9Fv3765e0PEBnCrFdFclYBZ/RyTWpDZ66vrothEcHLsNhv5QkFuwzxbErFJNNaKyERgUWgit/1220tut+vlZoemMWo7EtuY6HLDUyGVm16bAcQGMMFGZHIpaWqHzpHFYajLSK0WscXeidReX8NwVO4N92fEFqQWxdaK1FYrt9/t3P79fWitNrlHvodZaBjSRM6N3qZWS2cGsQHcY+EgFZuZWwsLA1FqtcpM2p8/zovQtL29hXs7aZrXpmLT1VAV22oVxCVt33X/mqSvdJ1rJSm4bfsm75PvZefb5Nmn5IbYAD5pDls6vxajtRCxyWKBiDOufoqwNCKTKE1k10ofWxiextdDflsiNqfDy7Z1kuEWmkRyVeX23ru99PFYrslr8l6572Ci3X5fjd7SOcKc3B5oAaH5+vXrrF8A4JH5/v37dXLX0vpPnfy3zSTmhuTc3W5oLunDKqrNY5OILX5mF6sPhtQPGXrG6K0V6WmL3ytEb7m6Vfu9LSI0vTYmNsV7N4djmt+/f9/9QwGehYuTBjLbDWmdZxebrfscakbN63I+iMcm5lqxCea1TiWXRGNpCVVYdEjOTw4x9TNzu4vY7xPvncMxzZcvX+7+oQDPwod3qMjtfGGqBKTJs8PzzeqiN3NYXs/reuiHphGTfo59ra6dN70ey1A1HMc8tnAemy4e+FP5a1MJurl/K+/dHI5pfv36dfcPBXgWfvz4cdkDMrtwhGORSNu6Kk7aV9Kapm8vL6H5xaIfliaVBuEpOsFvhqIiKBff5+S9plWSxyYJujFJ12mTe5NV0bPLq86cX5vDMSweAExQyx/7pdiCdyMJ+fMPLQ5Hq65zddsOTc5FfJIlJi1EeBp52VVReS3KyUexVauV69br0Kr12tWrlXOmhXui5Cqby6Y7fuTKqP5TaHOC2AAmeJGo5hbpHnao6b2rbBOheh9aONeITqQlVQmxIH5YFRV02CmiWi5dJ03Etlq5er12TpoIbbUKr4dk3Ri12dKqYYU1LXwXcom4Dyg1AbEBTLBcLq+3Kmon/2NybBCUCE7lJa2qQhRVx6FpHaOrkMAbKw8OxBblI+/V4WUn31ujs/W6F5rktkmLCby2KH5I65iaP5uS2YNUHAwfT60owA3rRXMF8LoLrm4iqWVVsQhei95rrUSQa9rrLh+2VlQenyboLmKSrkRmUoEgQ1ON1HSuzdaKplKbEtlEakfKHHWiAhEbwAku2gU2t8Gkik2kIoKKc2Nhdw8Zbuo8WZz0DzKTiEulprludhddjbji4oOTRYPl8qAFmdkhaLo3W05qTxKhpSA2gFvPsyVyC3lrma3Ag9C0j2Ia9mPT0iuVmt2PTYhJuZrGUcWhZpCaLhTo8DNKbdh00kjt6AdenkRkKYgN4M5iO1gl1SoEjd5keCpC0sjMDFOHonmN1ozYdLVVc9I6La8SQarMTKQ2DD81WhtLxh0TGGIDeG4aEcElTC0k2JVSG73FHDZbZqXHbuQ3D0LTRNvG7LdmFwmSxYKj3zzQZ53iwcXG4gHAvX6pKimtOvqVKvvze5qUa/tUavZ5WhKlQ8sm+Y2DJEo72gp8onLgo8z1C1UCERvALRN107ghNywVuWSGp0eiS388OalokPmxoSSq7vPaRFxDSVW6BfhUPeg5PHDUhtgAblkzmr4vNyyN1QcHhe1aD2qis6Nfgk+kaasaOlNvanfEPbjn1M4cTwxDUYAzueqfSrJtuD+1bZDt0x1DlLRawI/UesYKgtEV0Dn/I7jW5yM2gDuS+3NLJDcquNwcncWKqvpAfScRGwBchak5OO3HZJb7001LoYRzk24LArEBPIvkpo6VqUjMP1eS7SUgNoBnGq7+L/7zyMyC2AAenWv8ifrPITSFdA+AR+eTSekaxJ3jAADKAbEBQHEgNgAoDsQGAMWB2ACgOBAbABQHYgOA4kBsAFAciA0AigOxAUBxIDYAKA7EBgDFgdgAoDgQGwAUB2IDgOJAbABQHIgNAFxp/AX/qdllPni50AAAAABJRU5ErkJggg==""}}]}, {""role"": ""assistant"", ""content"": ""0.664""}, {""role"": ""user"", ""content"": [{""type"": ""text"", ""text"": ""\nYou are given both an image and a text-based representation of the same stimulus. \nIn both, a red dot appears on a horizontal line\nThe left end of the line corresponds to 0.0, and the right end to 1.0.\n\nText representation (the dot is marked as \""\""O\""\""):\n|-------------=---.-------O---.-----~----|\n\n\nEstimate the horizontal position of the **center** of the red dot as a decimal number between 0 and 1.\nDo not explain. Only output the final answer as a number between 0 and 1:\nFinal Answer:\n""}, {""type"": ""image_url"", ""image_url"": {""url"": ""data:image/png;base64,iVBORw0KGgoAAAANSUhEUgAAATYAAABNCAYAAAAsLkgfAAAIlElEQVR4nO2dYVLbSBBGR5LBJlcguf/fnCSXSLgCYGxLW994WmmJkcDYLM7ovaqukWxjvFT8tkc9Paq6rusCAEBB1F/9AQAALg1iA4DiQGwAUByIDQCKA7EBQHEgNgAoDsQGAMWB2ACgOBAbABQHYgOA4kBsAFAciA0AigOxAUBxIDYAKA7EBgDFgdgAoDgQGwAUB2IDgOJAbABQHKuv/gAAV8clbwNSVZd7L3g3iA1gSmg5weUey8nLHnvv6+GiVNylChaN/+efO556fkpUY2nNPTf1GJwNYoNlMicxjRb+fA4TVG7MyW1OgHA2TEVhWcwJrW2HUstFjrHEvMymzvVeczJDdGeB2OCq+ZQJhRNaNRaXyW1q9D8vxsKq69eC84/rx3MC9Jj4PkiFFBEbLExsuemmiWsiKn8+VQxI8uq8xDT6Y/+aXNh7vZXNvUGF2BAbFCy2qaqmi/j+JrDDIQSFzg+H/rxL5/E14ylpVf0VlYlM8tLYNMPzCdFNCs6DrE6C4gFcLS8vL5+aqQ0yMRPZfn881rjf/5WdPe/FaLKxLCyJrPNjileis2MvRPGW4N7J7e1tWDJkbHC1HCSSc5mqePopphdZim63C9VudxSdPabX+QJDEpBNP01k3Wo1eTyQnxPd5LU5QbZ2MogNrpa9pHLpCmgSUzXK0nqxvbxEocVwxya4wbU2E5vLwqLIkszieHNzFFp6PI4Smo2WySlyU1MDuZ0EYoOrZSehXLICqnE89dRoIjOZbbeh1uhDz9k01RURlK1FiUlsJrUks1ajj/Scl1w/VZ3K3gRSOxnEBuWKbaIC2gstSS3sdqGWuLbbo9S229Cl0c71mhh2zS1lbFFsLlszmWlsb29jRKnpWFKzcxNcyt76rC1XVBDI7SQoHsBV8vv37/PfJCc2q36mwoBlacrQosien0Pz/BxqHz6D80UEn7E1zVFmJjSN63U4SGTr9V/JWUhsbpray+2CWduPHz/CUiFjg7IqolOdBRajbE1hUjORdU9PoX56Cs3TU+ien0NQ6HnL2mw6axmbpKZsbbWKIpPADpLZy8tx3O2i5Nr9PrRaPuIiCk2S0/FcMcEgc3sXiA2ukq2mf5e8vmbXxUxqqRjQS01hMktjeHwM4ekpZnESW9BrbTrqMrbWxGZSU0hqu1047PexuiuhtW3bh8QY5SappWt+ryqlc90JMAtig2UUDnwngS3rsGnodhunn41lZ5LZ4+MxdKxI1926jNisaKAMrc/M2jYcum4Yql3oZ0ZhnzEuBFYgtrNBbFDmGrbx7hyjamitjC0VDTpNe11Idm0qHFQ2PVXGlsQWsz0nNqtyKgNru+4YyuSqKhzqOhya5hiSn6SXMrPWt1f5z+ynowK5nczq+/fvp/8UwCfz8+fPy1xjy/SDjlun+ulpmqJ2aTFul6arcZQA/Zo2+z3K2ExyaU1alFx6jzYzDbWpqEbf0vVKYG6tXM8Jgvu+4O/26uHh4as/A8Arzi7Wj3s63U4ecQrod/awKaEdWw+pG2e3MPK9p/bQaBePceN7nMK6iufsf61v3zrh7/Kw4O/26v7+/qs/A8DldqhwmdSr8xR67/j+br1YPE/Tv6ppQpWyLx0HH1a9VIYlfOfAatW/vtKxW8rRH7vX6XfYwtxqrrVq+Id595/ifsHf7dWfP3+++jMAvOLXr1+Xv8aWkBrqVCWtdb1ttQr1zU287qaobm5CdXs7bIS3nT0kFpvGCkkpLdmo1usQ1us4WtTrdVzHFkON6Yq0hm2wjs23V5lk44f9+Dq2Pwv+blM8gKuk0Rf8s5Z7KENLWaFkVXddaBRtG6O2SM/F11kGZ1XRJLaYdSkDS2KLIttsQnd3F+pv30JzdxfCZhOCRi87idTE5ncA8Z0H8RdQNPgIiA2ukhtlNJfeKVcykpwkt5Qh1VU1iCZFPNfzijSVjFmcCgg+Y0vTVT1Xpy4DE1tjQttsQrXZRKHF5SApa/M7fwz2bGOZx9kgNrhK1prWfUbngVvyEYWkaWjT/I26jtmijhs9p0jSiv2kJjZ77yS+OLVMYlNmJqFVXmibzbB3VOGv3Y17RAUdBx+GXlEot190qlfUyy0t1I0dCGlnj8baq/yoNW0mNr+7hzXAu6b31kS22cSWqs5lav0uH2kK2r0ltQ8K7ceC+0QFGRtcLWfvAjsWm3AbTPYN7Skzi9fJdO3LMjTJTNfENEp61rEwytis8lmnrK0vHqRja3yPu3v4KahVRX2FVrCjx9kgNljOdTaN7q5TfeZmUlM2liqiEluUk2VqJrbRfmyD5R5JisrKTGyxQDCXqaUsbdCBgNDOBrFBuWKbud7WZ20aJTZlYSY3CcwKBRKUtVG5pR9GXP+WCgj9JpNJZpLkqx10ndQGd7Q6vtlwhA+D2OBqWUkE55LrEMg1xqcpaczeJDFJTiJTIcC2Dh/f0EVY1uUW5o53yu3F5m7oMim18TF8CIoHsIw7VWVu6tIvAbH1baPe0T5D81uC+5u5CLuRi0lrfE+Dia2/By1WFxba7cLvUCUQG5S7y8fUfUVtzFVL/S4gTnSDmyfn7ivqb6/nRZZbo/aeXTvOkFxzicXN/zhMReGqOeuu5rmfnWiMj7LxO21YP6gXXq4BftR3agIb9H7qPNcQP/UZ4WzI2ODq+ZR/ouk9o9hyi3jHx+MpaKa5PnuH90wngd/V46r+R1AQiA2WxSnT07e2KhJeUm+Ff72BiD4FxAbLZmpJiI254xxjec0t4UBmnw5iAxDjr8FYcrnXeHLiIjv7MhAbwHsl9x5y8kJo/zuIDWCOj349kNmXwnIPgDkQ1D9JWikIAFAOiA0AigOxAUBxIDYAKA7EBgDFgdgAoDgQGwAUB2IDgOJAbABQHIgNAIoDsQFAcSA2ACgOxAYAxYHYAKA4EBsAFAdiA4DiQGwAEErjP5FJi7ZzfsrhAAAAAElFTkSuQmCC""}}]}, {""role"": ""assistant"", ""content"": ""0.489""}, {""role"": ""user"", ""content"": [{""type"": ""text"", ""text"": ""\nYou are given both an image and a text-based representation of the same stimulus. \nIn both, a red dot appears on a horizontal line\nThe left end of the line corresponds to 0.0, and the right end to 1.0.\n\nText representation (the dot is marked as \""\""O\""\""):\n|.---~------~----------=O-----------~----|\n\n\nEstimate the horizontal position of the **center** of the red dot as a decimal number between 0 and 1.\nDo not explain. Only output the final answer as a number between 0 and 1:\nFinal Answer:\n""}, {""type"": ""image_url"", ""image_url"": {""url"": ""data:image/png;base64,iVBORw0KGgoAAAANSUhEUgAAATYAAABNCAYAAAAsLkgfAAAIiklEQVR4nO2df3LaTAxA/YOE3KHt/f/tSXqJtmdoAgF/IyE5QlmgX+yMzfa9Gc0aFxbagVetd7Vuh2EYGgCAiuiW/gAAAHOD2ACgOhAbAFQHYgOA6kBsAFAdiA0AqgOxAUB1IDYAqA7EBgDVgdgAoDoQGwBUB2IDgOpAbABQHYgNAKoDsQFAdSA2AKgOxAYA1YHYAKA6EBsAVMdm6Q8AMAtz3bqjbefpBxYFsUFdMvvbcyWBybn8XER3l7TcpQrujviVvXV87evt0oryKp0rPYZVg9jgPshf0yiuLLHSuRJRYpeOY5tfB6sFscE6uTakzAK7FSWyyK5Ffv6lvmA1IDaYjU/5KqXhZVsS1/H4/jieu3TdrOve5OXH8ZzFcEly+fgDtEjxU2DyANYpttL1siwreRzDzrX5XJRblFPXNYOLrO/fxBbDxSbH/rooOel3gpwQ2+eA2GB5sd0adgax6XuYtFRgh8Pp8eEwPh7Cec3w5HHsOmZpEn1/EpzITcKFV5Dc1WGqg6wWh6EozMJut5uno9J1NMu8VFzy2KUlrUX7+npq4zmXXh6OShbmIhOJSbvZnFqL8TiKLw9Xra+r19/+gsfHx2n/ZvAOMjaYhYNIZCrXJgVihhYEJkKTGPb70zkRnJ/zLM7lJoShpctrEKltNie5ueD8XBRdzuCsvznkBvOC2GAWXkUoc2ZqaULApeby0gxNWhFaDDvngnt3rc2zNRGbSUzbh4e3EKF5GwR3lsXdyt5gURAbzMJeZDKVlKWdTQJEqWWZ7XZNt9uNx1Fy45DVhDmY2DQ8QzOhHR8fT8feWoySs0yuODQVENtqQGywvNhKQ9AgtXHY6bLa708is+heXprB5fby0nTyWeSan113a0pis0ztGKTmoWKz48YfxywuZ25xYkFAbovD5AFM5ufPn9M6yGK7lqlZRiYykxCR9XY8hkvOhqzFjK3vVWrHKLXttjlst82w3Y6P5dgzOJWcDU/fyW3itbZv375N+zeEM8jYYLkZ0bxWLYvNs604/DRpdc/PJ4k9PzeDHD8/q+CGl5emkZDn+LW2gtiOlq0dTGwiNBXb05O2R2n3++ZoExMqN+lLsrgot0tZm0DmthiIDSbzIiKZShRbWJPmEwU6IWDDTheaykzE9uePto2FZHE6FJXMLoptGE5SC2JTuVmmJlI77PcaIjSNw0FbXx8nM60yJB0nFXzZSJ5IgEVBbLD8xEFesxbXqMUhqF9DM6H1f/40jUUrQvNWhqi7nV53G0oZm81wjsNQEZkI7fVVl61oHI8aR5FhjFDhoMciNem/NByFxUBssOwatkvX1+KaNMm8QsY2Djc9Q3t+bo4iNRPb+BwZQvo1Nqs+0DVsvsTDMzIRmElM/iYabauh2Z3JStqxaiF+7jwcFZDbomy+fv267CeAu+f79+/zrl0L1QNx8iBGXO6hmZlFE1ufRQ1i0/Vr9niIWZxlcjpEjSFZnb2nPNbXSsRlHvHvE8/9D7nxO5yXze/fv2fuEv41Jk2sl0qo0k4ePgwcd/bwYWA41sfeushyROLzUx/xvMvWP8N4ra5UHREzudJuvFfgdzgvmy9fvszcJfxrfHiHiiiD2J46HaP194jn4nHXaUi2pOdz6VPuN8xmjq/z49h/etz6ULTweaZuacTvcF42v379mrlL+Nf48ePHx18cMzURQcysvAJhs2k6ycL6vunkOMbDw9t6NS+Etz5HOYXJA5WUrUFrbW1a6/HwoP2dlVbFNWuxrCpGnBn94DU2fofzwuQBTKaXH/Xcs6I5Y7MtiCS647HpJYZB207OeXgGZ+VPXlbl76FZl0jNxKYis4W43Xbb9E9PTSOx3Wq0dl7Wsbn0dLlHrEIoTR7AoiA2mMyD/NDnXscWllH4MFCORVxyeV6jbRtRai/nJTyjkywuVh6k3T1UavJcz8xk8a1IzWQmYmufnppOFulayHl/3tk6tlL1ASwOYoPJbOXH/lmVByYPl5EKKUqs75veMi9tJbOyWtIui83EI69XIcUMTIaiIUNToVnrQpP2rPLAF+hSL7o6qBWF5etFb9WKWuG7SioUvmutqCzUjSVWXnLlz/cqBt+yKNaKhuoDrxc9mMRUakFoKjUX4aWSKuEDWRt1ovNDxgazMGkX2Fu7e4jY7HqZTCSIYHS4aRf9VWSSabn0fI2brYHLGZtf7JdsT/qSPtvQnw5PRWxe+O5F8Hn7IrK11YLYYJ3X2eJ+bCIRryAQAYm0goi0MsFLrjxTC8PQothcbiYrl9vZrGjejy1kanFrcaS2PhAbrENsl6oQPGsToXgVgi3x0OGpiC1vPhnvgZDueeCTEDJzOu6ea20bNp4cJwdim5d45Nv1nd5g2r8DzAJig1nYyI//s+55kO9KFbM3P85C891z07bgOWuTyQgX21hDeuvmLpd2z40tLAqTB7CuO1Vdkdt4K710Q5ezzSjz7fh8wW+qPoi31/MbtcRtiMabt8Q7WV27DR93qFoVZGyw/ELd0v+t8ZZ5LjQ/J+/jWxvlnXZTfehYX+rYzGgsvRoX7UbZle4rWpKa9XkGWdviIDZYvma09Lp8zc1qPsesLQiuKLN8P9GQscWqBr8T/FgnmmtOw3MuCg2RrQ6GojArs36dCgt4VSFRWvE6XBZaztacS0PJPBng8ssym2n77w//RwA3QWywTvLXsrS90aWIf577KmVbpUzsWmbG0HP1IDa4D3L2ltsr+7q9o5Rx3dp6CJndFYgN6srkrj3nlqBuyQuZ3Q2IDe6TSzOpH+WStJDZXYLYoA7m+hojsipguQfUAUKCQLrNDgDA/YPYAKA6EBsAVAdiA4DqQGwAUB2IDQCqA7EBQHUgNgCoDsQGANWB2ACgOhAbAFQHYgOA6kBsAFAdiA0AqgOxAUB1IDYAqA7EBgBNbfwHpukVnIP1gA0AAAAASUVORK5CYII=""}}]}, {""role"": ""assistant"", ""content"": ""0.530""}, {""role"": ""user"", ""content"": [{""type"": ""text"", ""text"": ""\nYou are given both an image and a text-based representation of the same stimulus. \nIn both, a red dot appears on a horizontal line\nThe left end of the line corresponds to 0.0, and the right end to 1.0.\n\nText representation (the dot is marked as \""\""O\""\""):\n|----------~----O-=-- -------.-----------|\n\n\nEstimate the horizontal position of the **center** of the red dot as a decimal number between 0 and 1.\nDo not explain. Only output the final answer as a number between 0 and 1:\nFinal Answer:\n""}, {""type"": ""image_url"", ""image_url"": {""url"": ""data:image/png;base64,iVBORw0KGgoAAAANSUhEUgAAATYAAABNCAYAAAAsLkgfAAAIs0lEQVR4nO2d7XLaPBBGbUMg99D2/v/2SnoTbW8hX3y48yi7yqLYTmMggOacGY0EsQ1vmvfMSqu1277v+wYAoCK6S38BAIBTg9gAoDoQGwBUB2IDgOpAbABQHYgNAKoDsQFAdSA2AKgOxAYA1YHYAKA6EBsAVAdiA4DqQGwAUB2IDQCqA7EBQHUgNgCoDsQGANWB2ACgOhAbAFTH8tJfAGZwisdUtO0pvgnAVYLYblVmU3LTz8bE5e/H85EcVEbLU6puUGbx/bFxKa0or7Hx0GuAG4SI7VaEFqU2NB46rxRbKbkhqZXXQHRwgxCx3UJ0FgW23x++Nya5IamNtfLY8vwxkB5cKYjtCE7+qyummm2UVxSaj8ckV4qn694kNja2lq8wFdUdQYsM4QtgKnotYhuK0KLIXGK73cG4LQXn1yijsq5reokstig369MVhiI5Hx+ZdEBs8BUgtkuJbWwdLbTepSWBudwkNr02wfXq7bgc4TmSmUtrschC631sfT7GJWfnJuZMVZEXXBimojN5eXk5X6QmSbnIXGwmtGa7zeN2u80RXD7erxUjNQnMmo8P3nPJ+fFT63BDYvukyFar1Wl+dwAjELHNZCehnElqWVRRYBKatd76ZrPJ0lPkdhCx+ZpZFNly2fTW0nsal6LTOTF6+0yyYeg1wAVAbDPZSizHUO5Ji+tmMUqTxCSwzeZVbC8v6XVuHrXFtbdSbEFo/d3du94ll6M3X48bWIOb3D5SjgEuBGKbyUayOZYQqaVoy+UUozQXmIRmrXO5ee/T07jOZlJLzUUW2n61envt0ovRW0gyvJPcWPRWjgEuBGK7lNhGMp8xSktyc5E9P6emcf/09Pqe/UzHp1ZEbBJSjNSSzFar1HvTa/18r8itFFyZRS3FFhMMyA2uCJIHM/j9+/dp19bKJEGcakpm1tqnp2YhqZnY0vvqQ9SWIjbhEZvJKstsvX5tq1WzW6/fRBejN5++FtnTyT1w9pkH/QQ/fvw47ncIMAER21dnRCcSBh555bW0ILUks8fH12jt8bFZPD+nsSI6iVByy9cpxCZpucgktdTf3ze7l5csuXdyszW33Ib2vw1FbERucAUgthk8Pz8ff5GhrR1BamkK6kJzmUls1jeS2tNTkl/KjkpuvqctiG1fRGs7E9pus8ktyW27zQJM0ZoEV24TGdvcOyY2gAuB2C6ZOLA1sby1w9fW4pqapp8us4eHpnl8bNqHhzQtbTXWcZtN06t58iFGbJ4skLwkMQlsu03bVXLb71Pba9uINv3qHPU2JT0QW9jvhtjgWkFsX72HbWh9LW6+9WmleiUKFJGpeYT29NTsXWoWzfU2HT3Yy+Ybc/W+EgQSl1rfN1Kfmv4rdm372uy9pEUdo8oHSS1+T13PN/9OiQ25wYVZfv/+/dLf4eb4+fPnvBNjniYWspelUp7ljFs+fHOuZGcRmqarqbfXvuUjIbko0rLXXk2QMqUWge19qupjNROW+pQV1TXLaMzX1vy9GWts/N3BOVn+/fv3rB9QIyerES33sVl9qFo7VDOq6aFeh3EWY2zCZRPEmc+zlq8Zzw3fwb9rHo/dWqnEhTbxe+LvDs7J8tu3b2f9gBqZfYcKn8YV1QFx3Pr1Q0uvLZJqrfk4Twl9mvj2Jd8t9Lehz9fUuEgGpJ+HmtGDzxkrs/pkxMbfHZyT5Z8/f876ATXy69ev06yxeXTlryWdxaLpLBOpvlsum+7uLq27qW+9xUqDKJ9iKtpqnczOaVart/N1zVhapeNi8zKrsW0fY2VWsZ+Avzs4JyQPZrDQ/+DHEBb483aPGLFZplSt2++bxW7XLNTb667vm65tU0sRnL6PZOXVB8KjruXyVWSrVdNpQ+79fWoaL+7vm2a9zi0dY9UIkmgUW976MbXVwz4X4NIgthncKfo5hqFbFPn00qeJJi4t06fWts1CreuaTk2RnJqiMG0P8T1wMWLT9SQ2O66X2ExuSWrW2vU6ic73u0mSfSm2WIHwP9NQgAuC2GawVoRzisRBzIz6lg9NH9VsDS1JLExLFS0qmkqlVRKS9rppmuolVX5NE1vncpKo9L0lLpNZa5FbLrWKhfFWO9pMlVVRcQBXCrWiX10vOlZSVWz3iHf08JpQbcZNQvMyK6sTzbWiavHuHr61I5RVRYmlWtEQqXlBvEvtYPo5Fq3NkBp1onBuiNhmMvsusGPPNijvwWZTSEVaKWkgsdkaWBKaSy9KzSM2x4Vk09acPFCvZkXwqTJBMisSCe/KqD6qNCBSgysBsV3DOpuXVXnkJqmpl4QkLpeRxpp+xptNhjvresIh4zIyUXkWNF3LhBmjtHhn3ZgFzc9EGIrWBEKDKwOxXUJsU1Gb35NNvbKcJrdcID8kNLuLbl5fs+vn/W7lDSctU3ow7Syyn+VzED5MFCA3uCIQ20yWEsExjK21xUypPkPCknx8qhlvbRQf7uLnhDW23ExWSXDlMw8GtnMcTEH/J/uJ1ODKIHlwySdVTURu724VXiYY4pOrPMory55CfeiBtGJiIN4p14/56EEufu0Z8IQq+AqI2L56o+5YvWWUkkdeun58apXLLUxXY3v3XFFJrSiJSpt2bTuJy+zgmQZTUdqUzIja4IpAbF9dMzp0Tik3ycUTCjZ+dzeQeC+3sSfBx7rTkAQoaz9zraiJcHTqibzgRmAqeiQn+/WVj+Mr7vAxmGgYet+vESU09BCWkalmFps4ceZz9s0DAD4JYrsGpqan3o+tx5U/G+Kju3H8b3SGmOBGQGzXxNT9zoZk5/3YeUMR15TEyHZCJSC2Wxfd0HFDjE0ricygQhDbLTD0T3TMPxsyg8pBbLfIKf7JEBlUDNs9bhGkBDBJeNwQAEAdIDYAqA7EBgDVgdgAoDoQGwBUB2IDgOpAbABQHYgNAKoDsQFAdSA2AKgOxAYA1YHYAKA6EBsAVAdiA4DqQGwAUB2IDQCqA7EBQFMb/wCp3rrC7i21WwAAAABJRU5ErkJggg==""}}]}, {""role"": ""assistant"", ""content"": ""0.289""}, {""role"": ""user"", ""content"": [{""type"": ""text"", ""text"": ""\nYou are given both an image and a text-based representation of the same stimulus. \nIn both, a red dot appears on a horizontal line\nThe left end of the line corresponds to 0.0, and the right end to 1.0.\n\nText representation (the dot is marked as \""\""O\""\""):\n|------- ---.-O-=-----------=------------|\n\n\nEstimate the horizontal position of the **center** of the red dot as a decimal number between 0 and 1.\nDo not explain. Only output the final answer as a number between 0 and 1:\nFinal Answer:\n""}, {""type"": ""image_url"", ""image_url"": {""url"": ""data:image/png;base64,iVBORw0KGgoAAAANSUhEUgAAATYAAABNCAYAAAAsLkgfAAAIlUlEQVR4nO2da3LTMBCA5Thtegfg/n85CZcArkDzNrObXXUj5LTk0Tia75vZkeI4jinlY/V0NwzDkAAAGmJ27xsAALg2iA0AmgOxAUBzIDYAaA7EBgDNgdgAoDkQGwA0B2IDgOZAbADQHIgNAJoDsQFAcyA2AGgOxAYAzYHYAKA5EBsANAdiA4DmQGwA0ByIDQCaA7EBQHPM730DcCbXeFRF113jTgAmB2J7ZJF95FhNXn4snovkoCE6nlI1ccq/Hn8dj9eORaK0vF47VtYBHhQytqkyJq6xevmZSCkzKWuCG/scwIOB2B4lM3ORvRc1XGSnws+Ln/lIsxZggtAUvYCr/+iKLK3z1/v9m7hq9XisJqMYs1m9tBhqorui0DrkCJ8AGdtUxHYqQ4sCi7HbHeTnr0u5FUIbXGS1iOeMZXJXkBJig88Asd1LbKeanhaDy8oFttsdYr9PndX1HD/m58fLljLr+zT0fa6rzLwez60JTijFhKhggtAUPZP1en2dC430oWVJeWbmUttuc73bbrPs9FjM2gRvXpZSm88PpUWsZ9GNya0U3Rk8Pz9f+lMDOAkZ25nsRCSXMjYw4NmXS80EJqXEIOVmo5JLfkzej01SwfvMgrwGkdp8fpBbrJeiK5qot2qaAtwCxHYmW5HKtfvUTEoqKM/CTFxabjbHsV4f3hPJhWZqVWxBZMPT0yGsnqzu59Waqx9umgJMAMR2JhuRyaWEZmO16WlSU4EFmc3ktcRq9XbcszrP2uTyNhggkjoS2vNz2od6FF2UXM7gatmb3jRSg2mC2O4ltrIZakJSMVk/mjY3N5s3kYnUVqs0rFZaitjkvSRhWV0qxSZhYtubxKT0ULFZXaUmr0NTNfa9HcntSv1tALeAwYMz+Pnz52UXGJvSEUY7Y5Nz5iJbLlMv9eXyEHZcxWdZm37erq/ZmohNpGZi01gstNwtFmmwuhxzyR01T8fk9tHVCyN8+/btsp8hwAnI2D5zRLQ2xcPD+8d8kCA0O7PElss0vL5q2b++pmG5TGm10pj5YIJfJ4hNpfb0lHYmtt3Li4pMxKaSk9ebzSGDc8GZ3FKUWznv7UK5AdwKxHYGK5HJpYRVBXmSbRj59CaoCy3L7PVVy2TRudzkfB9ECGLbu9hcahLrtUpNBLcToW23B7GJ5KxvT+Um92Fy0+xtbDABYGIgtnsPHPjSKZ9kG7I171PrRWoiMJfZnz+p83K51L62Yb1Og2dtPsHX+9hiM1Riu007id3uKPb7vU46Hmzir07+tZBj1SapgNxgYiC2e8xhq0zxyBmbZF42ECAZmMpKwgYJRGJ762+T0OapSM/EptleyNjyVA/JykReEsOgIX+KHJLdWQhS6l3W1quWzVEBucGEmH/9+vXe9/BwfP/+/TpbEZV9bD5dI85Js6kfGjY510ObjCY+lZrIL85lk2zNXg9hXpuOkvZ92seQrM7qyco8zcPn7MUNKiUumNfG7x3ckvnv379v+gUtcvFAcmUQwXUwWOhrH90s6vr90mQ8tVBekFJE483JUOZ1qNb8jAvpq+/XIm5tVNuV9wT83sEtmX/58uWmX9AiZ+9QUUrg7YI55Np6/bAgvfNO+77Xeuf1uMZTwmXkwvFrWL+YXsdKrdv7+n2heen34Dt95Pv5yNrRD/5s+L2DWzL/9evXTb+gRX78+HHdeWxBDjKQMLNMaSax26XZ05P2u0nZPT+/jZz6vDUfWXVBhaaoCmw+T52MbspnPeSa5aqDGOXi+HK6h4fe9P+PjvJ7B7eEwYMz6OUf+TWIo6IiI8ueNKw5KurohyH1+72GSC+GnmtZWV4Y72tOrT+tM7GpyCReXtJssUj9y0tKHotF6haLfI5L72i6x3sTdQEmAmI7gyf5x35tsfmuHt7EnM3SzKPrNHoLf63vibQkJAuLo6KWwfn1cnZmk3D7xSJLTYXmk3VlaZVM0rVzVWxSLzO3cmkVwIRAbGewECncYrdcHwUVUVmmNRMpSYjE+l6zRZFZL+9ZFiZSisuqYlNUPufNSxWVhcgsCy0sszpaViXnnlpWVRMbkoMJwFrRKawX9dIXwYcVCDqvzXf0sMm6ea1oWC/qWxhFsR1N7ZDF7x6+CsGWTx0tiLc+t+SlbUx5zSVVrBOFW0PGds9dYCuL4X3bIZ+3JoLRQQOLnKVZ1uXCO1oEH0dHLWOTLM8HEXzwoAsyy7t7+B5tIkQXW9yb7dTGkwATAbFNoZ/NRkOPdtAVQYl8RFYutjCaqU1Jz9TCnmx5d49yuoc1YYdCknlUNIyM+vbh/+zHxrZF8CAgtomILdfDonjN3iTLkszNsy0Jl5nIzaQWn4WQsz+fp2brRbVZagKT/rsjmRVTPPJgwVjzk341mDCI7UzmIoJrMLLMKj5WTySUN5+0/i/vf/Mtw6sPdIkTb2101Ded9MysFNo/GRrPPYAHhMGDKTyp6r2twr1pGnbXjc9COJJa+Qg+f1aoP4GqfEqVH4uP43vvMXwXSI0nVMFnQMZ2z4m6tf9T/JhIpZjfptKS0qaExIXyRw9PLh7mEpdMadbmy7Ls2D99aGWG9p7QyNpgYiC2ez7VvPb5ILs8oBCXSZnYjp6REDM1XwDvE3SDnFxgvmY0rw0NEtNz/N7GRj4RGUwcmqIXcrMfn+/4UdtVoxRZ7Fcr76e2eL3Wb+ZiO5WdXSi0i/8jAPggiG1q1J6LEMtSYrWIlLtwXGOnDgQFE4em6NR4TxreVCxFVpa1a45J7JTMkBg8IGRsj0I5LaRWlvVT0kJm0DCIrZWmau28/2lKIjNoCMT2qFz614bIoGHoY3tUEBPAKNYTDQDQDogNAJoDsQFAcyA2AGgOxAYAzYHYAKA5EBsANAdiA4DmQGwA0ByIDQCaA7EBQHMgNgBoDsQGAM2B2ACgORAbADQHYgOA5kBsAJBa4y9D9omm4D6++wAAAABJRU5ErkJggg==""}}]}]",0.296
google/gemini-2.5-flash-lite,sample_007,0.32904,0.32904,0.235,"[{""role"": ""system"", ""content"": ""You are a marker location estimator.""}, {""role"": ""user"", ""content"": [{""type"": ""text"", ""text"": ""\nYou are given both an image and a text-based representation of the same stimulus. \nIn both, a red dot appears on a horizontal line\nThe left end of the line corresponds to 0.0, and the right end to 1.0.\n\nText representation (the dot is marked as \""\""O\""\""):\n|-.----------.--.---O-----.-------------=|\n\n\nEstimate the horizontal position of the **center** of the red dot as a decimal number between 0 and 1.\nDo not explain. Only output the final answer as a number between 0 and 1:\nFinal Answer:\n""}, {""type"": ""image_url"", ""image_url"": {""url"": ""data:image/png;base64,iVBORw0KGgoAAAANSUhEUgAAATYAAABNCAYAAAAsLkgfAAAIfElEQVR4nO2daZLTSBBGtbjbfQfg/n85CZcAzkB71cRXzhTp6pLa2GIal9+LyCjJlmQPeB6ZqkXtMAxDAwBQEd1HfwEAgKVBbABQHYgNAKoDsQFAdSA2AKgOxAYA1YHYAKA6EBsAVAdiA4DqQGwAUB2IDQCqA7EBQHUgNgCoDsQGANWB2ACgOhAbAFQHYgOA6kBsAFAdiA0AqmP10V8A7pilHpfRtstcB8BAbHCbyG6RmwutdA1kBzfQ8pQqeJf8J+L78fWpY0qSivtT21PHA1wAYoPrZKa2tF06N8rpvXZue+41gAClKPy5zKaidE4uL4+5fZ07JzS/NoKDCcjYKmDRv8KCoJI+jsdzicX9/L38++Ti6rpzqRViyM8pXesGWqRYNWRsFbCY2OYyNMnLBebbIdpccJFcWi622GayS2IrhWdzU1ndhSC2ukFsjyy2udIzCG1waR0OTesyOxxOQrN2UGvHJcll5eKZzCzSa6X9XHq53Py63H+DCShF75ztdrvMhUr3zCSpmJlJbBKYRdre73+/5sfnWZsJahRX35+21fb9+WvviW5Kclfw/Py8zJ8d/HOQsd05BwnlFqY6BrzENGElke33o8ja3a4ZtK3XguCGWJaKWH5Goa1WJ6mZ3LQf3y+J7m/IDeoEsd05e4nlWvIhGtn9s5R9eUamdrc7tYrt9tTudqewY5LkSmKzzCwJzaQ2bls0UXba1/G2/0Zu3vpnxBYeHsR25+wkm6Uytlh6ernpWZrLTBJTu902nW+r9WNiSSqsIyCJzGX29DTK7Kht3/dWInPZudhi2TqXuQEgtgcXW16G5vfSPCOT3CQyE1qS2mbTDNbqGL2XMjaFX0dYGRozNJfZ0eP5+SQ122+C5GIWN0apNHUQHNB5cN98//79+pOnhnTkmZqXmptNklcS2WbT9K+vaTuFSS9lcDonz9iC2KLMUrteNwdJTPv2WpKaZCexueAsi5sU25Xl6JcvX67/M4R/FjK2R+wRLY1XiyVoLjUTWucye31tBm2/vja9MrfNJmV0Kavz+2y52CQ1E9vBJJZaiW29PkkthDomkuB0PcvcRrGV5GafddbCw4LY7piNhHILpaEdsQRVmetSc7FJZhLbr1+pbSwkvyS3/b7pXGw2iFbZ2lHh2ZpkJrGp3e1OIbnt96c4HFLou2h8nATnmeRZWRo7EgRCAwOxPXrHQRSbj0dzsfk9NZOaRNb/+tU0Fq1CUlOoRN1uT5mW32fLMrZ0D00Z2W6X5CZ5abjK4Xg8i+MwpGEjg7ehp9Y7FtL3nCpH4eFBbI84hm3u/looQ3XPzDsNBs/IlCXafbajWhObdyY0Pr4tE1vqBJD0lI2ZvHSE4tC2v6PrmqPCMjG9P84bjd/dx7vpc0rlKDw0q8+fP3/0d4Ar+fr167Jj1+Jg3DDDIHYopMG5lpWN2ZlaSVBS817UUIqmoRr2uUlS3plg548lqO7BWRnqpahK2DRdS/JSq/Oj0PW6f84VcuP3Xyernz9/fvR3gI+aI1pYbijNGtCuRRuOS+/4+9r31/NVPuJwDxGnZWXnxf+GeP34HYrvxzYuZ+QT5C+E33+drD59+vTR3wH+zxUqSqtixNcs89G10/VD72Pr5Z+2+z5FE9qxNFQbV+DIxqHF8+K547Z9jj5P4RPo0+dPTYr37x7bC+D3XyerHz9+fPR3gCv59u3bMhlbLgitwXY8Np3dpFfbPT2l3k4N5+ien08lqZesPj9UTon3vvzaEpSNSWs18Vznh9D10rg1G8Om4+IQDx+oe9Eg3T+UPb//OqHz4I7p9T/4kr2iIQuSHmJoQEU/DKew/RRt23QxgyvcY0tZ12rVtBLben0S2ctLiu7lpelfXppGsV6niLKTUEex+SyE0sR4QccBGIjtjnlSZrOk2CQN7yjw0rPrRnl59BZd35+yOcvoUgYWZh/kGZvENmZnJrY+Cs2kl4aCWObmw0SK80UZ6gETILY7Zi0hLNErKrJ119KQD8nIosuil6SenppeWZWE5FOrJsSWylqFpGYic5m1ytyC0Ma5o6UydG4JIwfJPTzMFX3U+aJzy3/7Srm+YofNQvA5oWmuqLZ9ipXPFfWljDKxjXNF4zxRn0ZlU6rezBXNlzIKHRdvFp4UV2RtzBOtFzK2O+fqVWDn5ouG6VVJUioFvdNA8lKWJtEpU/PVPvLli+JwD5eSlax554HCJ74fQ4fBmzXZ8iXDBYtNQgHE9sj32fKyNK5+G1fQdcEp/D6aiW2cehUWnEwRS1Ef8mHSSh0Cuo7dl+tK67H5/bRQfvrg3qLMkBoEENuds6jYJp53MMotW6NtlFlct82PC0NJUm+r9ZqOK+aaxCS34gq6vuLupUuCIzYIILY7ZyUhLCU2byce5jIKTpmWS86fexAe6jKe43jGZnNGo+DGsjM+5yBKzSX23vJEiA0CdB5UwCJPqsqnV1m8KU3jYpT5U6qi1KaeUpWVmXEZojdPqbrkwS08oQoKkLE96kDd0r9npQ6FbB5o8XF8cQJ9/lzR8NyDcUqUTZeSyNLYudLj9q4RGlkbGIjtUeeMls6ZKE2TqHwVjTjZPSwoeZap5WLzqVYxc4uii/v+VCvKTrgBStFKWPSvMRNcXOGjlMW92S6tvBGzr9K9syw7G8vQyEJCu+ofArgrEBv8ZuqnMFeiliKel2daUxHfj8eXQEzwDogN5sl/HjNruZVK0DOmhmnMyQyJwRUgNlhGclPHRKYEhsxgYRAbLNujegn0aMJfBrHBbdzy80Fm8JdguAfcBnKCfxBbIgEAoB4QGwBUB2IDgOpAbABQHYgNAKoDsQFAdSA2AKgOxAYA1YHYAKA6EBsAVAdiA4DqQGwAUB2IDQCqA7EBQHUgNgCoDsQGANWB2ACgqY3/ANGl1gCCZwauAAAAAElFTkSuQmCC""}}]}, {""role"": ""assistant"", ""content"": ""0.336""}, {""role"": ""user"", ""content"": [{""type"": ""text"", ""text"": ""\nYou are given both an image and a text-based representation of the same stimulus. \nIn both, a red dot appears on a horizontal line\nThe left end of the line corresponds to 0.0, and the right end to 1.0.\n\nText representation (the dot is marked as \""\""O\""\""):\n|--------------------=-----=---O------ -.|\n\n\nEstimate the horizontal position of the **center** of the red dot as a decimal number between 0 and 1.\nDo not explain. Only output the final answer as a number between 0 and 1:\nFinal Answer:\n""}, {""type"": ""image_url"", ""image_url"": {""url"": ""data:image/png;base64,iVBORw0KGgoAAAANSUhEUgAAATYAAABNCAYAAAAsLkgfAAAI6UlEQVR4nO2dbY7aMBBA7STLxxna3v9vT9JLtL1Cd4ElqcbxpINxAl0+At73JMtJCAFV2texPWN813WdAwAoiGruLwAAcG0QGwAUB2IDgOJAbABQHIgNAIoDsQFAcSA2ACgOxAYAxYHYAKA4EBsAFAdiA4DiQGwAUByIDQCKA7EBQHEgNgAoDsQGAMWB2ACgOBAbABQHYgOA4mjm/gIAMMG1f5LEe/cZQGwAjy6znNzGhDcmLu8/9r4nxfMrVQAPLDN7PXftlKT8GcfnPOfJQGwAczIlLunHjtP35KTlT/Tp8dS1c157IBAbwCNFZ+mxtLY9PE/fMyYvnzR73d6bHufOx65NXZ8RxAZwBlf/M0nE5K24rMzSPm2WnMx8bFV1JLnuIxHdfwxn/YzCY/EA4N5iy0VlOaElzdvzXMRmWqcik94e23tORXK5Xj4vXYgYERhiAyhZbLmhp16LkgrPV4Ht9/2x9Pt9L7T93nV6Xe6xMrQRmMqrrnt5Sa9yq6peeGn0lhPcmOiuMU93BxiKApxgu91e72GZKG2IxKK4gtje33upJf2B+Oyfro3C6l5mQWp1/U9ucmwkF+6ZGr6eEp/9bNsbFouFmwMiNoAT7EUktxp+JhFaENj7e+ilddLvdr3o5DhGboMMFR1+alTWNEFoQWr22IpO783NwY1FdVOLEXr+ACA2gBO8i1QuIU3PMPNoOszUKE0lJn1o2+2/4yi30Oxcm51XE1k1UWTSv7z0fbymkhuiN+nH5uJycsssQjyi3BAbwAl2IpsrRmwHiwBplKYik367dVXsDwRn596i2EROIqpBaE2U2suLa1VuqeSS6O0ogssJLr02Nfc2I4gN4NZiS4ehKjTpVWjyGbtdL7LNppfaZuO6zSb0ck1eC9Ga3Gvn2VRsUVRd0/QyWyxC38ZezoPomuZ4eJrMvR21VHZ6Lmj/QHJj8QBggp8/f17+kFxKRzL81CitUpG9vbn67c1V0uK10EzUFt5vxRZl1RqZtctlON4vl73UVHIauYnkzLB0Um4TqSNTw9Fv3765e0PEBnCrFdFclYBZ/RyTWpDZ66vrothEcHLsNhv5QkFuwzxbErFJNNaKyERgUWgit/1220tut+vlZoemMWo7EtuY6HLDUyGVm16bAcQGMMFGZHIpaWqHzpHFYajLSK0WscXeidReX8NwVO4N92fEFqQWxdaK1FYrt9/t3P79fWitNrlHvodZaBjSRM6N3qZWS2cGsQHcY+EgFZuZWwsLA1FqtcpM2p8/zovQtL29hXs7aZrXpmLT1VAV22oVxCVt33X/mqSvdJ1rJSm4bfsm75PvZefb5Nmn5IbYAD5pDls6vxajtRCxyWKBiDOufoqwNCKTKE1k10ofWxiextdDflsiNqfDy7Z1kuEWmkRyVeX23ru99PFYrslr8l6572Ci3X5fjd7SOcKc3B5oAaH5+vXrrF8A4JH5/v37dXLX0vpPnfy3zSTmhuTc3W5oLunDKqrNY5OILX5mF6sPhtQPGXrG6K0V6WmL3ytEb7m6Vfu9LSI0vTYmNsV7N4djmt+/f9/9QwGehYuTBjLbDWmdZxebrfscakbN63I+iMcm5lqxCea1TiWXRGNpCVVYdEjOTw4x9TNzu4vY7xPvncMxzZcvX+7+oQDPwod3qMjtfGGqBKTJs8PzzeqiN3NYXs/reuiHphGTfo59ra6dN70ey1A1HMc8tnAemy4e+FP5a1MJurl/K+/dHI5pfv36dfcPBXgWfvz4cdkDMrtwhGORSNu6Kk7aV9Kapm8vL6H5xaIfliaVBuEpOsFvhqIiKBff5+S9plWSxyYJujFJ12mTe5NV0bPLq86cX5vDMSweAExQyx/7pdiCdyMJ+fMPLQ5Hq65zddsOTc5FfJIlJi1EeBp52VVReS3KyUexVauV69br0Kr12tWrlXOmhXui5Cqby6Y7fuTKqP5TaHOC2AAmeJGo5hbpHnao6b2rbBOheh9aONeITqQlVQmxIH5YFRV02CmiWi5dJ03Etlq5er12TpoIbbUKr4dk3Ri12dKqYYU1LXwXcom4Dyg1AbEBTLBcLq+3Kmon/2NybBCUCE7lJa2qQhRVx6FpHaOrkMAbKw8OxBblI+/V4WUn31ujs/W6F5rktkmLCby2KH5I65iaP5uS2YNUHAwfT60owA3rRXMF8LoLrm4iqWVVsQhei95rrUSQa9rrLh+2VlQenyboLmKSrkRmUoEgQ1ON1HSuzdaKplKbEtlEakfKHHWiAhEbwAku2gU2t8Gkik2kIoKKc2Nhdw8Zbuo8WZz0DzKTiEulprludhddjbji4oOTRYPl8qAFmdkhaLo3W05qTxKhpSA2gFvPsyVyC3lrma3Ag9C0j2Ia9mPT0iuVmt2PTYhJuZrGUcWhZpCaLhTo8DNKbdh00kjt6AdenkRkKYgN4M5iO1gl1SoEjd5keCpC0sjMDFOHonmN1ozYdLVVc9I6La8SQarMTKQ2DD81WhtLxh0TGGIDeG4aEcElTC0k2JVSG73FHDZbZqXHbuQ3D0LTRNvG7LdmFwmSxYKj3zzQZ53iwcXG4gHAvX6pKimtOvqVKvvze5qUa/tUavZ5WhKlQ8sm+Y2DJEo72gp8onLgo8z1C1UCERvALRN107ghNywVuWSGp0eiS388OalokPmxoSSq7vPaRFxDSVW6BfhUPeg5PHDUhtgAblkzmr4vNyyN1QcHhe1aD2qis6Nfgk+kaasaOlNvanfEPbjn1M4cTwxDUYAzueqfSrJtuD+1bZDt0x1DlLRawI/UesYKgtEV0Dn/I7jW5yM2gDuS+3NLJDcquNwcncWKqvpAfScRGwBchak5OO3HZJb7001LoYRzk24LArEBPIvkpo6VqUjMP1eS7SUgNoBnGq7+L/7zyMyC2AAenWv8ifrPITSFdA+AR+eTSekaxJ3jAADKAbEBQHEgNgAoDsQGAMWB2ACgOBAbABQHYgOA4kBsAFAciA0AigOxAUBxIDYAKA7EBgDFgdgAoDgQGwAUB2IDgOJAbABQHIgNAFxp/AX/qdllPni50AAAAABJRU5ErkJggg==""}}]}, {""role"": ""assistant"", ""content"": ""0.664""}, {""role"": ""user"", ""content"": [{""type"": ""text"", ""text"": ""\nYou are given both an image and a text-based representation of the same stimulus. \nIn both, a red dot appears on a horizontal line\nThe left end of the line corresponds to 0.0, and the right end to 1.0.\n\nText representation (the dot is marked as \""\""O\""\""):\n|-------------=---.-------O---.-----~----|\n\n\nEstimate the horizontal position of the **center** of the red dot as a decimal number between 0 and 1.\nDo not explain. Only output the final answer as a number between 0 and 1:\nFinal Answer:\n""}, {""type"": ""image_url"", ""image_url"": {""url"": ""data:image/png;base64,iVBORw0KGgoAAAANSUhEUgAAATYAAABNCAYAAAAsLkgfAAAIlElEQVR4nO2dYVLbSBBGR5LBJlcguf/fnCSXSLgCYGxLW994WmmJkcDYLM7ovaqukWxjvFT8tkc9Paq6rusCAEBB1F/9AQAALg1iA4DiQGwAUByIDQCKA7EBQHEgNgAoDsQGAMWB2ACgOBAbABQHYgOA4kBsAFAciA0AigOxAUBxIDYAKA7EBgDFgdgAoDgQGwAUB2IDgOJAbABQHKuv/gAAV8clbwNSVZd7L3g3iA1gSmg5weUey8nLHnvv6+GiVNylChaN/+efO556fkpUY2nNPTf1GJwNYoNlMicxjRb+fA4TVG7MyW1OgHA2TEVhWcwJrW2HUstFjrHEvMymzvVeczJDdGeB2OCq+ZQJhRNaNRaXyW1q9D8vxsKq69eC84/rx3MC9Jj4PkiFFBEbLExsuemmiWsiKn8+VQxI8uq8xDT6Y/+aXNh7vZXNvUGF2BAbFCy2qaqmi/j+JrDDIQSFzg+H/rxL5/E14ylpVf0VlYlM8tLYNMPzCdFNCs6DrE6C4gFcLS8vL5+aqQ0yMRPZfn881rjf/5WdPe/FaLKxLCyJrPNjileis2MvRPGW4N7J7e1tWDJkbHC1HCSSc5mqePopphdZim63C9VudxSdPabX+QJDEpBNP01k3Wo1eTyQnxPd5LU5QbZ2MogNrpa9pHLpCmgSUzXK0nqxvbxEocVwxya4wbU2E5vLwqLIkszieHNzFFp6PI4Smo2WySlyU1MDuZ0EYoOrZSehXLICqnE89dRoIjOZbbeh1uhDz9k01RURlK1FiUlsJrUks1ajj/Scl1w/VZ3K3gRSOxnEBuWKbaIC2gstSS3sdqGWuLbbo9S229Cl0c71mhh2zS1lbFFsLlszmWlsb29jRKnpWFKzcxNcyt76rC1XVBDI7SQoHsBV8vv37/PfJCc2q36mwoBlacrQosien0Pz/BxqHz6D80UEn7E1zVFmJjSN63U4SGTr9V/JWUhsbpray+2CWduPHz/CUiFjg7IqolOdBRajbE1hUjORdU9PoX56Cs3TU+ien0NQ6HnL2mw6axmbpKZsbbWKIpPADpLZy8tx3O2i5Nr9PrRaPuIiCk2S0/FcMcEgc3sXiA2ukq2mf5e8vmbXxUxqqRjQS01hMktjeHwM4ekpZnESW9BrbTrqMrbWxGZSU0hqu1047PexuiuhtW3bh8QY5SappWt+ryqlc90JMAtig2UUDnwngS3rsGnodhunn41lZ5LZ4+MxdKxI1926jNisaKAMrc/M2jYcum4Yql3oZ0ZhnzEuBFYgtrNBbFDmGrbx7hyjamitjC0VDTpNe11Idm0qHFQ2PVXGlsQWsz0nNqtyKgNru+4YyuSqKhzqOhya5hiSn6SXMrPWt1f5z+ynowK5nczq+/fvp/8UwCfz8+fPy1xjy/SDjlun+ulpmqJ2aTFul6arcZQA/Zo2+z3K2ExyaU1alFx6jzYzDbWpqEbf0vVKYG6tXM8Jgvu+4O/26uHh4as/A8Arzi7Wj3s63U4ecQrod/awKaEdWw+pG2e3MPK9p/bQaBePceN7nMK6iufsf61v3zrh7/Kw4O/26v7+/qs/A8DldqhwmdSr8xR67/j+br1YPE/Tv6ppQpWyLx0HH1a9VIYlfOfAatW/vtKxW8rRH7vX6XfYwtxqrrVq+Id595/ifsHf7dWfP3+++jMAvOLXr1+Xv8aWkBrqVCWtdb1ttQr1zU287qaobm5CdXs7bIS3nT0kFpvGCkkpLdmo1usQ1us4WtTrdVzHFkON6Yq0hm2wjs23V5lk44f9+Dq2Pwv+blM8gKuk0Rf8s5Z7KENLWaFkVXddaBRtG6O2SM/F11kGZ1XRJLaYdSkDS2KLIttsQnd3F+pv30JzdxfCZhOCRi87idTE5ncA8Z0H8RdQNPgIiA2ukhtlNJfeKVcykpwkt5Qh1VU1iCZFPNfzijSVjFmcCgg+Y0vTVT1Xpy4DE1tjQttsQrXZRKHF5SApa/M7fwz2bGOZx9kgNrhK1prWfUbngVvyEYWkaWjT/I26jtmijhs9p0jSiv2kJjZ77yS+OLVMYlNmJqFVXmibzbB3VOGv3Y17RAUdBx+GXlEot190qlfUyy0t1I0dCGlnj8baq/yoNW0mNr+7hzXAu6b31kS22cSWqs5lav0uH2kK2r0ltQ8K7ceC+0QFGRtcLWfvAjsWm3AbTPYN7Skzi9fJdO3LMjTJTNfENEp61rEwytis8lmnrK0vHqRja3yPu3v4KahVRX2FVrCjx9kgNljOdTaN7q5TfeZmUlM2liqiEluUk2VqJrbRfmyD5R5JisrKTGyxQDCXqaUsbdCBgNDOBrFBuWKbud7WZ20aJTZlYSY3CcwKBRKUtVG5pR9GXP+WCgj9JpNJZpLkqx10ndQGd7Q6vtlwhA+D2OBqWUkE55LrEMg1xqcpaczeJDFJTiJTIcC2Dh/f0EVY1uUW5o53yu3F5m7oMim18TF8CIoHsIw7VWVu6tIvAbH1baPe0T5D81uC+5u5CLuRi0lrfE+Dia2/By1WFxba7cLvUCUQG5S7y8fUfUVtzFVL/S4gTnSDmyfn7ivqb6/nRZZbo/aeXTvOkFxzicXN/zhMReGqOeuu5rmfnWiMj7LxO21YP6gXXq4BftR3agIb9H7qPNcQP/UZ4WzI2ODq+ZR/ouk9o9hyi3jHx+MpaKa5PnuH90wngd/V46r+R1AQiA2WxSnT07e2KhJeUm+Ff72BiD4FxAbLZmpJiI254xxjec0t4UBmnw5iAxDjr8FYcrnXeHLiIjv7MhAbwHsl9x5y8kJo/zuIDWCOj349kNmXwnIPgDkQ1D9JWikIAFAOiA0AigOxAUBxIDYAKA7EBgDFgdgAoDgQGwAUB2IDgOJAbABQHIgNAIoDsQFAcSA2ACgOxAYAxYHYAKA4EBsAFAdiA4DiQGwAEErjP5FJi7ZzfsrhAAAAAElFTkSuQmCC""}}]}, {""role"": ""assistant"", ""content"": ""0.489""}, {""role"": ""user"", ""content"": [{""type"": ""text"", ""text"": ""\nYou are given both an image and a text-based representation of the same stimulus. \nIn both, a red dot appears on a horizontal line\nThe left end of the line corresponds to 0.0, and the right end to 1.0.\n\nText representation (the dot is marked as \""\""O\""\""):\n|.---~------~----------=O-----------~----|\n\n\nEstimate the horizontal position of the **center** of the red dot as a decimal number between 0 and 1.\nDo not explain. Only output the final answer as a number between 0 and 1:\nFinal Answer:\n""}, {""type"": ""image_url"", ""image_url"": {""url"": ""data:image/png;base64,iVBORw0KGgoAAAANSUhEUgAAATYAAABNCAYAAAAsLkgfAAAIiklEQVR4nO2df3LaTAxA/YOE3KHt/f/tSXqJtmdoAgF/IyE5QlmgX+yMzfa9Gc0aFxbagVetd7Vuh2EYGgCAiuiW/gAAAHOD2ACgOhAbAFQHYgOA6kBsAFAdiA0AqgOxAUB1IDYAqA7EBgDVgdgAoDoQGwBUB2IDgOpAbABQHYgNAKoDsQFAdSA2AKgOxAYA1YHYAKA6EBsAVMdm6Q8AMAtz3bqjbefpBxYFsUFdMvvbcyWBybn8XER3l7TcpQrujviVvXV87evt0oryKp0rPYZVg9jgPshf0yiuLLHSuRJRYpeOY5tfB6sFscE6uTakzAK7FSWyyK5Ffv6lvmA1IDaYjU/5KqXhZVsS1/H4/jieu3TdrOve5OXH8ZzFcEly+fgDtEjxU2DyANYpttL1siwreRzDzrX5XJRblFPXNYOLrO/fxBbDxSbH/rooOel3gpwQ2+eA2GB5sd0adgax6XuYtFRgh8Pp8eEwPh7Cec3w5HHsOmZpEn1/EpzITcKFV5Dc1WGqg6wWh6EozMJut5uno9J1NMu8VFzy2KUlrUX7+npq4zmXXh6OShbmIhOJSbvZnFqL8TiKLw9Xra+r19/+gsfHx2n/ZvAOMjaYhYNIZCrXJgVihhYEJkKTGPb70zkRnJ/zLM7lJoShpctrEKltNie5ueD8XBRdzuCsvznkBvOC2GAWXkUoc2ZqaULApeby0gxNWhFaDDvngnt3rc2zNRGbSUzbh4e3EKF5GwR3lsXdyt5gURAbzMJeZDKVlKWdTQJEqWWZ7XZNt9uNx1Fy45DVhDmY2DQ8QzOhHR8fT8feWoySs0yuODQVENtqQGywvNhKQ9AgtXHY6bLa708is+heXprB5fby0nTyWeSan113a0pis0ztGKTmoWKz48YfxywuZ25xYkFAbovD5AFM5ufPn9M6yGK7lqlZRiYykxCR9XY8hkvOhqzFjK3vVWrHKLXttjlst82w3Y6P5dgzOJWcDU/fyW3itbZv375N+zeEM8jYYLkZ0bxWLYvNs604/DRpdc/PJ4k9PzeDHD8/q+CGl5emkZDn+LW2gtiOlq0dTGwiNBXb05O2R2n3++ZoExMqN+lLsrgot0tZm0DmthiIDSbzIiKZShRbWJPmEwU6IWDDTheaykzE9uePto2FZHE6FJXMLoptGE5SC2JTuVmmJlI77PcaIjSNw0FbXx8nM60yJB0nFXzZSJ5IgEVBbLD8xEFesxbXqMUhqF9DM6H1f/40jUUrQvNWhqi7nV53G0oZm81wjsNQEZkI7fVVl61oHI8aR5FhjFDhoMciNem/NByFxUBssOwatkvX1+KaNMm8QsY2Djc9Q3t+bo4iNRPb+BwZQvo1Nqs+0DVsvsTDMzIRmElM/iYabauh2Z3JStqxaiF+7jwcFZDbomy+fv267CeAu+f79+/zrl0L1QNx8iBGXO6hmZlFE1ufRQ1i0/Vr9niIWZxlcjpEjSFZnb2nPNbXSsRlHvHvE8/9D7nxO5yXze/fv2fuEv41Jk2sl0qo0k4ePgwcd/bwYWA41sfeushyROLzUx/xvMvWP8N4ra5UHREzudJuvFfgdzgvmy9fvszcJfxrfHiHiiiD2J46HaP194jn4nHXaUi2pOdz6VPuN8xmjq/z49h/etz6ULTweaZuacTvcF42v379mrlL+Nf48ePHx18cMzURQcysvAJhs2k6ycL6vunkOMbDw9t6NS+Etz5HOYXJA5WUrUFrbW1a6/HwoP2dlVbFNWuxrCpGnBn94DU2fofzwuQBTKaXH/Xcs6I5Y7MtiCS647HpJYZB207OeXgGZ+VPXlbl76FZl0jNxKYis4W43Xbb9E9PTSOx3Wq0dl7Wsbn0dLlHrEIoTR7AoiA2mMyD/NDnXscWllH4MFCORVxyeV6jbRtRai/nJTyjkywuVh6k3T1UavJcz8xk8a1IzWQmYmufnppOFulayHl/3tk6tlL1ASwOYoPJbOXH/lmVByYPl5EKKUqs75veMi9tJbOyWtIui83EI69XIcUMTIaiIUNToVnrQpP2rPLAF+hSL7o6qBWF5etFb9WKWuG7SioUvmutqCzUjSVWXnLlz/cqBt+yKNaKhuoDrxc9mMRUakFoKjUX4aWSKuEDWRt1ovNDxgazMGkX2Fu7e4jY7HqZTCSIYHS4aRf9VWSSabn0fI2brYHLGZtf7JdsT/qSPtvQnw5PRWxe+O5F8Hn7IrK11YLYYJ3X2eJ+bCIRryAQAYm0goi0MsFLrjxTC8PQothcbiYrl9vZrGjejy1kanFrcaS2PhAbrENsl6oQPGsToXgVgi3x0OGpiC1vPhnvgZDueeCTEDJzOu6ea20bNp4cJwdim5d45Nv1nd5g2r8DzAJig1nYyI//s+55kO9KFbM3P85C891z07bgOWuTyQgX21hDeuvmLpd2z40tLAqTB7CuO1Vdkdt4K710Q5ezzSjz7fh8wW+qPoi31/MbtcRtiMabt8Q7WV27DR93qFoVZGyw/ELd0v+t8ZZ5LjQ/J+/jWxvlnXZTfehYX+rYzGgsvRoX7UbZle4rWpKa9XkGWdviIDZYvma09Lp8zc1qPsesLQiuKLN8P9GQscWqBr8T/FgnmmtOw3MuCg2RrQ6GojArs36dCgt4VSFRWvE6XBZaztacS0PJPBng8ssym2n77w//RwA3QWywTvLXsrS90aWIf577KmVbpUzsWmbG0HP1IDa4D3L2ltsr+7q9o5Rx3dp6CJndFYgN6srkrj3nlqBuyQuZ3Q2IDe6TSzOpH+WStJDZXYLYoA7m+hojsipguQfUAUKCQLrNDgDA/YPYAKA6EBsAVAdiA4DqQGwAUB2IDQCqA7EBQHUgNgCoDsQGANWB2ACgOhAbAFQHYgOA6kBsAFAdiA0AqgOxAUB1IDYAqA7EBgBNbfwHpukVnIP1gA0AAAAASUVORK5CYII=""}}]}, {""role"": ""assistant"", ""content"": ""0.530""}, {""role"": ""user"", ""content"": [{""type"": ""text"", ""text"": ""\nYou are given both an image and a text-based representation of the same stimulus. \nIn both, a red dot appears on a horizontal line\nThe left end of the line corresponds to 0.0, and the right end to 1.0.\n\nText representation (the dot is marked as \""\""O\""\""):\n|----------~----O-=-- -------.-----------|\n\n\nEstimate the horizontal position of the **center** of the red dot as a decimal number between 0 and 1.\nDo not explain. Only output the final answer as a number between 0 and 1:\nFinal Answer:\n""}, {""type"": ""image_url"", ""image_url"": {""url"": ""data:image/png;base64,iVBORw0KGgoAAAANSUhEUgAAATYAAABNCAYAAAAsLkgfAAAIs0lEQVR4nO2d7XLaPBBGbUMg99D2/v/2SnoTbW8hX3y48yi7yqLYTmMggOacGY0EsQ1vmvfMSqu1277v+wYAoCK6S38BAIBTg9gAoDoQGwBUB2IDgOpAbABQHYgNAKoDsQFAdSA2AKgOxAYA1YHYAKA6EBsAVAdiA4DqQGwAUB2IDQCqA7EBQHUgNgCoDsQGANWB2ACgOhAbAFTH8tJfAGZwisdUtO0pvgnAVYLYblVmU3LTz8bE5e/H85EcVEbLU6puUGbx/bFxKa0or7Hx0GuAG4SI7VaEFqU2NB46rxRbKbkhqZXXQHRwgxCx3UJ0FgW23x++Nya5IamNtfLY8vwxkB5cKYjtCE7+qyummm2UVxSaj8ckV4qn694kNja2lq8wFdUdQYsM4QtgKnotYhuK0KLIXGK73cG4LQXn1yijsq5reokstig369MVhiI5Hx+ZdEBs8BUgtkuJbWwdLbTepSWBudwkNr02wfXq7bgc4TmSmUtrschC631sfT7GJWfnJuZMVZEXXBimojN5eXk5X6QmSbnIXGwmtGa7zeN2u80RXD7erxUjNQnMmo8P3nPJ+fFT63BDYvukyFar1Wl+dwAjELHNZCehnElqWVRRYBKatd76ZrPJ0lPkdhCx+ZpZFNly2fTW0nsal6LTOTF6+0yyYeg1wAVAbDPZSizHUO5Ji+tmMUqTxCSwzeZVbC8v6XVuHrXFtbdSbEFo/d3du94ll6M3X48bWIOb3D5SjgEuBGKbyUayOZYQqaVoy+UUozQXmIRmrXO5ee/T07jOZlJLzUUW2n61envt0ovRW0gyvJPcWPRWjgEuBGK7lNhGMp8xSktyc5E9P6emcf/09Pqe/UzHp1ZEbBJSjNSSzFar1HvTa/18r8itFFyZRS3FFhMMyA2uCJIHM/j9+/dp19bKJEGcakpm1tqnp2YhqZnY0vvqQ9SWIjbhEZvJKstsvX5tq1WzW6/fRBejN5++FtnTyT1w9pkH/QQ/fvw47ncIMAER21dnRCcSBh555bW0ILUks8fH12jt8bFZPD+nsSI6iVByy9cpxCZpucgktdTf3ze7l5csuXdyszW33Ib2vw1FbERucAUgthk8Pz8ff5GhrR1BamkK6kJzmUls1jeS2tNTkl/KjkpuvqctiG1fRGs7E9pus8ktyW27zQJM0ZoEV24TGdvcOyY2gAuB2C6ZOLA1sby1w9fW4pqapp8us4eHpnl8bNqHhzQtbTXWcZtN06t58iFGbJ4skLwkMQlsu03bVXLb71Pba9uINv3qHPU2JT0QW9jvhtjgWkFsX72HbWh9LW6+9WmleiUKFJGpeYT29NTsXWoWzfU2HT3Yy+Ybc/W+EgQSl1rfN1Kfmv4rdm372uy9pEUdo8oHSS1+T13PN/9OiQ25wYVZfv/+/dLf4eb4+fPnvBNjniYWspelUp7ljFs+fHOuZGcRmqarqbfXvuUjIbko0rLXXk2QMqUWge19qupjNROW+pQV1TXLaMzX1vy9GWts/N3BOVn+/fv3rB9QIyerES33sVl9qFo7VDOq6aFeh3EWY2zCZRPEmc+zlq8Zzw3fwb9rHo/dWqnEhTbxe+LvDs7J8tu3b2f9gBqZfYcKn8YV1QFx3Pr1Q0uvLZJqrfk4Twl9mvj2Jd8t9Lehz9fUuEgGpJ+HmtGDzxkrs/pkxMbfHZyT5Z8/f876ATXy69ev06yxeXTlryWdxaLpLBOpvlsum+7uLq27qW+9xUqDKJ9iKtpqnczOaVart/N1zVhapeNi8zKrsW0fY2VWsZ+Avzs4JyQPZrDQ/+DHEBb483aPGLFZplSt2++bxW7XLNTb667vm65tU0sRnL6PZOXVB8KjruXyVWSrVdNpQ+79fWoaL+7vm2a9zi0dY9UIkmgUW976MbXVwz4X4NIgthncKfo5hqFbFPn00qeJJi4t06fWts1CreuaTk2RnJqiMG0P8T1wMWLT9SQ2O66X2ExuSWrW2vU6ic73u0mSfSm2WIHwP9NQgAuC2GawVoRzisRBzIz6lg9NH9VsDS1JLExLFS0qmkqlVRKS9rppmuolVX5NE1vncpKo9L0lLpNZa5FbLrWKhfFWO9pMlVVRcQBXCrWiX10vOlZSVWz3iHf08JpQbcZNQvMyK6sTzbWiavHuHr61I5RVRYmlWtEQqXlBvEvtYPo5Fq3NkBp1onBuiNhmMvsusGPPNijvwWZTSEVaKWkgsdkaWBKaSy9KzSM2x4Vk09acPFCvZkXwqTJBMisSCe/KqD6qNCBSgysBsV3DOpuXVXnkJqmpl4QkLpeRxpp+xptNhjvresIh4zIyUXkWNF3LhBmjtHhn3ZgFzc9EGIrWBEKDKwOxXUJsU1Gb35NNvbKcJrdcID8kNLuLbl5fs+vn/W7lDSctU3ow7Syyn+VzED5MFCA3uCIQ20yWEsExjK21xUypPkPCknx8qhlvbRQf7uLnhDW23ExWSXDlMw8GtnMcTEH/J/uJ1ODKIHlwySdVTURu724VXiYY4pOrPMory55CfeiBtGJiIN4p14/56EEufu0Z8IQq+AqI2L56o+5YvWWUkkdeun58apXLLUxXY3v3XFFJrSiJSpt2bTuJy+zgmQZTUdqUzIja4IpAbF9dMzp0Tik3ycUTCjZ+dzeQeC+3sSfBx7rTkAQoaz9zraiJcHTqibzgRmAqeiQn+/WVj+Mr7vAxmGgYet+vESU09BCWkalmFps4ceZz9s0DAD4JYrsGpqan3o+tx5U/G+Kju3H8b3SGmOBGQGzXxNT9zoZk5/3YeUMR15TEyHZCJSC2Wxfd0HFDjE0ricygQhDbLTD0T3TMPxsyg8pBbLfIKf7JEBlUDNs9bhGkBDBJeNwQAEAdIDYAqA7EBgDVgdgAoDoQGwBUB2IDgOpAbABQHYgNAKoDsQFAdSA2AKgOxAYA1YHYAKA6EBsAVAdiA4DqQGwAUB2IDQCqA7EBQFMb/wCp3rrC7i21WwAAAABJRU5ErkJggg==""}}]}, {""role"": ""assistant"", ""content"": ""0.289""}, {""role"": ""user"", ""content"": [{""type"": ""text"", ""text"": ""\nYou are given both an image and a text-based representation of the same stimulus. \nIn both, a red dot appears on a horizontal line\nThe left end of the line corresponds to 0.0, and the right end to 1.0.\n\nText representation (the dot is marked as \""\""O\""\""):\n|------- ---.-O-=-----------=------------|\n\n\nEstimate the horizontal position of the **center** of the red dot as a decimal number between 0 and 1.\nDo not explain. Only output the final answer as a number between 0 and 1:\nFinal Answer:\n""}, {""type"": ""image_url"", ""image_url"": {""url"": ""data:image/png;base64,iVBORw0KGgoAAAANSUhEUgAAATYAAABNCAYAAAAsLkgfAAAIlUlEQVR4nO2da3LTMBCA5Thtegfg/n85CZcArkDzNrObXXUj5LTk0Tia75vZkeI4jinlY/V0NwzDkAAAGmJ27xsAALg2iA0AmgOxAUBzIDYAaA7EBgDNgdgAoDkQGwA0B2IDgOZAbADQHIgNAJoDsQFAcyA2AGgOxAYAzYHYAKA5EBsANAdiA4DmQGwA0ByIDQCaA7EBQHPM730DcCbXeFRF113jTgAmB2J7ZJF95FhNXn4snovkoCE6nlI1ccq/Hn8dj9eORaK0vF47VtYBHhQytqkyJq6xevmZSCkzKWuCG/scwIOB2B4lM3ORvRc1XGSnws+Ln/lIsxZggtAUvYCr/+iKLK3z1/v9m7hq9XisJqMYs1m9tBhqorui0DrkCJ8AGdtUxHYqQ4sCi7HbHeTnr0u5FUIbXGS1iOeMZXJXkBJig88Asd1LbKeanhaDy8oFttsdYr9PndX1HD/m58fLljLr+zT0fa6rzLwez60JTijFhKhggtAUPZP1en2dC430oWVJeWbmUttuc73bbrPs9FjM2gRvXpZSm88PpUWsZ9GNya0U3Rk8Pz9f+lMDOAkZ25nsRCSXMjYw4NmXS80EJqXEIOVmo5JLfkzej01SwfvMgrwGkdp8fpBbrJeiK5qot2qaAtwCxHYmW5HKtfvUTEoqKM/CTFxabjbHsV4f3hPJhWZqVWxBZMPT0yGsnqzu59Waqx9umgJMAMR2JhuRyaWEZmO16WlSU4EFmc3ktcRq9XbcszrP2uTyNhggkjoS2vNz2od6FF2UXM7gatmb3jRSg2mC2O4ltrIZakJSMVk/mjY3N5s3kYnUVqs0rFZaitjkvSRhWV0qxSZhYtubxKT0ULFZXaUmr0NTNfa9HcntSv1tALeAwYMz+Pnz52UXGJvSEUY7Y5Nz5iJbLlMv9eXyEHZcxWdZm37erq/ZmohNpGZi01gstNwtFmmwuhxzyR01T8fk9tHVCyN8+/btsp8hwAnI2D5zRLQ2xcPD+8d8kCA0O7PElss0vL5q2b++pmG5TGm10pj5YIJfJ4hNpfb0lHYmtt3Li4pMxKaSk9ebzSGDc8GZ3FKUWznv7UK5AdwKxHYGK5HJpYRVBXmSbRj59CaoCy3L7PVVy2TRudzkfB9ECGLbu9hcahLrtUpNBLcToW23B7GJ5KxvT+Um92Fy0+xtbDABYGIgtnsPHPjSKZ9kG7I171PrRWoiMJfZnz+p83K51L62Yb1Og2dtPsHX+9hiM1Riu007id3uKPb7vU46Hmzir07+tZBj1SapgNxgYiC2e8xhq0zxyBmbZF42ECAZmMpKwgYJRGJ762+T0OapSM/EptleyNjyVA/JykReEsOgIX+KHJLdWQhS6l3W1quWzVEBucGEmH/9+vXe9/BwfP/+/TpbEZV9bD5dI85Js6kfGjY510ObjCY+lZrIL85lk2zNXg9hXpuOkvZ92seQrM7qyco8zcPn7MUNKiUumNfG7x3ckvnv379v+gUtcvFAcmUQwXUwWOhrH90s6vr90mQ8tVBekFJE483JUOZ1qNb8jAvpq+/XIm5tVNuV9wT83sEtmX/58uWmX9AiZ+9QUUrg7YI55Np6/bAgvfNO+77Xeuf1uMZTwmXkwvFrWL+YXsdKrdv7+n2heen34Dt95Pv5yNrRD/5s+L2DWzL/9evXTb+gRX78+HHdeWxBDjKQMLNMaSax26XZ05P2u0nZPT+/jZz6vDUfWXVBhaaoCmw+T52MbspnPeSa5aqDGOXi+HK6h4fe9P+PjvJ7B7eEwYMz6OUf+TWIo6IiI8ueNKw5KurohyH1+72GSC+GnmtZWV4Y72tOrT+tM7GpyCReXtJssUj9y0tKHotF6haLfI5L72i6x3sTdQEmAmI7gyf5x35tsfmuHt7EnM3SzKPrNHoLf63vibQkJAuLo6KWwfn1cnZmk3D7xSJLTYXmk3VlaZVM0rVzVWxSLzO3cmkVwIRAbGewECncYrdcHwUVUVmmNRMpSYjE+l6zRZFZL+9ZFiZSisuqYlNUPufNSxWVhcgsCy0sszpaViXnnlpWVRMbkoMJwFrRKawX9dIXwYcVCDqvzXf0sMm6ea1oWC/qWxhFsR1N7ZDF7x6+CsGWTx0tiLc+t+SlbUx5zSVVrBOFW0PGds9dYCuL4X3bIZ+3JoLRQQOLnKVZ1uXCO1oEH0dHLWOTLM8HEXzwoAsyy7t7+B5tIkQXW9yb7dTGkwATAbFNoZ/NRkOPdtAVQYl8RFYutjCaqU1Jz9TCnmx5d49yuoc1YYdCknlUNIyM+vbh/+zHxrZF8CAgtomILdfDonjN3iTLkszNsy0Jl5nIzaQWn4WQsz+fp2brRbVZagKT/rsjmRVTPPJgwVjzk341mDCI7UzmIoJrMLLMKj5WTySUN5+0/i/vf/Mtw6sPdIkTb2101Ded9MysFNo/GRrPPYAHhMGDKTyp6r2twr1pGnbXjc9COJJa+Qg+f1aoP4GqfEqVH4uP43vvMXwXSI0nVMFnQMZ2z4m6tf9T/JhIpZjfptKS0qaExIXyRw9PLh7mEpdMadbmy7Ls2D99aGWG9p7QyNpgYiC2ez7VvPb5ILs8oBCXSZnYjp6REDM1XwDvE3SDnFxgvmY0rw0NEtNz/N7GRj4RGUwcmqIXcrMfn+/4UdtVoxRZ7Fcr76e2eL3Wb+ZiO5WdXSi0i/8jAPggiG1q1J6LEMtSYrWIlLtwXGOnDgQFE4em6NR4TxreVCxFVpa1a45J7JTMkBg8IGRsj0I5LaRWlvVT0kJm0DCIrZWmau28/2lKIjNoCMT2qFz614bIoGHoY3tUEBPAKNYTDQDQDogNAJoDsQFAcyA2AGgOxAYAzYHYAKA5EBsANAdiA4DmQGwA0ByIDQCaA7EBQHMgNgBoDsQGAM2B2ACgORAbADQHYgOA5kBsAJBa4y9D9omm4D6++wAAAABJRU5ErkJggg==""}}]}, {""role"": ""assistant"", ""content"": ""0.296""}, {""role"": ""user"", ""content"": [{""type"": ""text"", ""text"": ""\nYou are given both an image and a text-based representation of the same stimulus. \nIn both, a red dot appears on a horizontal line\nThe left end of the line corresponds to 0.0, and the right end to 1.0.\n\nText representation (the dot is marked as \""\""O\""\""):\n|--.---------O--=--~------------.------- |\n\n\nEstimate the horizontal position of the **center** of the red dot as a decimal number between 0 and 1.\nDo not explain. Only output the final answer as a number between 0 and 1:\nFinal Answer:\n""}, {""type"": ""image_url"", ""image_url"": {""url"": ""data:image/png;base64,iVBORw0KGgoAAAANSUhEUgAAATYAAABNCAYAAAAsLkgfAAAIfElEQVR4nO2da3LbuBJGQephew1J9v83K8kmkqzBlmyJtz4IjbRg0M5IdKwLnFPVBYqWKFnjnOnGi8M0TVMAAGiI8bM/AADA0iA2AGgOxAYAzYHYAKA5EBsANAdiA4DmQGwA0ByIDQCaA7EBQHMgNgBoDsQGAM2B2ACgORAbADQHYgOA5kBsANAciA0AmgOxAUBzIDYAaI71Z38AKHhvp/Zh+FefBOD/FsT2WVx6q4na65AdwBmI7V9SSum9xzW8xOzYvw7JAYSBu1R9MHPy8ud1XD5+T2Zl+9YxQGeQsX0UNVH5tjyuCc/jRVYelxLTY7sOgoMOIWNbitrXOCew96KGl9h74Z9fXgOgA7rP2Bb3eiGyqJLj8XROrc7PtXNyK8U1jn9aO3bnJ9/35kW30O86IEi4cRDbUmKbKzdLgVVi8I/fEts4hslkZrFa/TnW6/WcWhbnJXcliA1uHcS21LSLGaHF65vADofTsdrD4SS0wyFMdt4kV4xyZlE5kU1qXbwSns/kyhLVg6SgQbruY9vv98tcyGdZLusycZnMotgULy+nY2u96CyMJKUoLpOY2vU6t/GcWi++OcHZNa9ku91efQ2Aj6LrjO0goVzD3MCAz75KkaWYnp9jq3P288nLzTCpWZYmoaWIx5vNn+MkuSy/t+SWrg3QIl2L7UVSuZTaPLSy30yiMnGplcxmIgrOlaT5+i77Monldrs9HW82IVQEl8vVvy1LARqha7E9SyhLZWx+EMBKS5OaCWy/zzGqtXMpe4vP1+tcaSupxZCovNC223DU47u7P4JLbZabK0+jHBEbdAJiW0hquTWhqbVszESm2O3CuNuFSed2uyw5K0lz1laKLWVqJrOjxKZ2v89yO+q9fBZn/XC+LEVu0AHdDh78/Plz2b41P0hgmZrP0JLQJLbV01N+HEM/t6zO+tm82NLgQJSZxf19FNvh/j5M6Vhh2dxZeTrX33al2L59+3b5dwjwgXSbsV08Ijo3T82VoGd9aSYvySzFlNqVMrenp5jRxazOsjYTWxo4kNiOSWyHJLDDfh/ldnh5CcciNAhhEctRP2Jq00YEAwnQKN2KbbfbXXeBQmxnUzmsBPVZ2ePjSWaPj1FmaoOk9vQUM7oot+fnMJalqKRmYpPUdruYpUloMY7HOLp7PB5PMU0x4hw6yU2Zm67p57rNrTEFaIRuxbbIwEE5+dbE5krQwbKzx8eTzFIMCklNkfraNAUkZlkKy9jS6GbsX3t+PpWgSWKHaQqasBJjGGKriSJSonoYLOJn9FNAEBs0Trdiu3gOW1mK+jLUjYKObtBgUnboQjI7mtSUyaXBBGVscS5bIbYoJZWYElqS13EYwnEcw2G1OouY3SWB6edn60YVlrUJ5AaNsv769Wvoke/fv1+/hMpKRrd6IK8wcJNv/cRcSS9KSq3kV7Q587O1nSop04TdKDk9T6OdqS8t9qup9ZFEq+NX5ad99gUm6/b6twO3z/r379+hR65eI1oZRLD5Z1YC5vloviQsSsTY1hbMz+zdZs/P16j9PvpZKknzKX+t2n5tF3wfvf7twO2z/vLlS+iR/7xDhRdBTQ4uA9K14/Xd4vXBrePU8ZBKTGtjuNHQ3Lo1ov75gx2njMwf5/ewVQvl53lv992/pNe/Hbh91r9+/Qo98uPHj8te6DOpsrxLctI8tFFTLA6H2ObYbMK43Z7mqlnJquena2X5ecFJULrWZhMGLTy/uwuDxXYbr1curYpRLquqTdIVV/Sx9fq3A7dPt4MHK/1DvxS/k4dlRCYMueI08znHOE1hpdD76nG6oes4DGFM4opTPmxhvBPbkOQ0SGx3d2FME3Knh4cwPjyE1cNDCPf3p0jCM9lJpH5p1Vl/W/ygDBxAm3Qrto2ymqWWU0k8yr6KMlDHUV4W4xhWitUqjArL4jRSWlt5YBmbrm/ZmVYXJLGtJDOJ7eEhDPf3UXq2AiGuOlDY1kauLGU0FFqnW7Hd6R//taOi5ciojm0U1PWDnZWi63VYqd1swkqyckuqRhs5LcQWy1qJOGVilqFJZoMyN8msXFaV1paelaG1VQcIDhqk27WiF68XLUdFiwXw5VZFtoNHlFeaiKulVFloatO8t7OMzd7O7eyR14kmgcUlVcre7LHvb7MtjD5oATzrROGW6TZju2oX2HfWi55tKpk68+OggUIyUz+Y27ooSy1tOFlmbDHjShmfsjYbOLBBhLyNkX4f29rIBg8+YPE7wK3TtdgW62ez9aLlLh9ecBKXRGQZXLnZpCtDz8SmsH6yVMJKYnEwwfrd3F5sOVMrbvSS75sgkBo0DmJbavfcmW3Bh7ny1Ld+k0m/g67NP0t9dZaJWR+axPZqa3BXfr656B25QcN0Lba1RHApb6xAeHVbPS+4UnLFTV1ytuYzNjdJV1NDcqlpZae/ucuc1AQZG3RC14MHi9ypqrb8yd+lyt8HoXLHqupdqvx/En8/0dpdqvy5Wun5ASUod6iCW6frjO3iibq1qR9lW04HKW+M7EXm9mCbu6+ozYuLWVsaKfXLqM62JCp376gJjawNGqZ7sV10V/Paa2bkFoVUkVxVeF6I7r3yOk9XYmbRlSsf7HZ9/nMiMeiM7ktRsdhXUA4qpKVVrwYYajt5lOHxfW3lceXWenkPNnvtZ/+PAOAfg9iWovY1zpWowibh1oQ2J7a58M+x4/L1AB2B2D6Kv+mHs3ZOaJ63BFbrR0Nm0DGI7TMl99Zxjff2UUNmABHEdksl699CdgbwJojtM7nmq0dmALN0P93jU0FOAB9CmvAEANAOiA0AmgOxAUBzIDYAaA7EBgDNgdgAoDkQGwA0B2IDgOZAbADQHIgNAJoDsQFAcyA2AGgOxAYAzYHYAKA5EBsANAdiA4DmQGwAEFrjf2x+Ho4epb+CAAAAAElFTkSuQmCC""}}]}]",0.235
google/gemini-2.5-flash-lite,sample_008,0.73309,0.73309,0.266,"[{""role"": ""system"", ""content"": ""You are a marker location estimator.""}, {""role"": ""user"", ""content"": [{""type"": ""text"", ""text"": ""\nYou are given both an image and a text-based representation of the same stimulus. \nIn both, a red dot appears on a horizontal line\nThe left end of the line corresponds to 0.0, and the right end to 1.0.\n\nText representation (the dot is marked as \""\""O\""\""):\n|-.----------.--.---O-----.-------------=|\n\n\nEstimate the horizontal position of the **center** of the red dot as a decimal number between 0 and 1.\nDo not explain. Only output the final answer as a number between 0 and 1:\nFinal Answer:\n""}, {""type"": ""image_url"", ""image_url"": {""url"": ""data:image/png;base64,iVBORw0KGgoAAAANSUhEUgAAATYAAABNCAYAAAAsLkgfAAAIfElEQVR4nO2daZLTSBBGtbjbfQfg/n85CZcAzkB71cRXzhTp6pLa2GIal9+LyCjJlmQPeB6ZqkXtMAxDAwBQEd1HfwEAgKVBbABQHYgNAKoDsQFAdSA2AKgOxAYA1YHYAKA6EBsAVAdiA4DqQGwAUB2IDQCqA7EBQHUgNgCoDsQGANWB2ACgOhAbAFQHYgOA6kBsAFAdiA0AqmP10V8A7pilHpfRtstcB8BAbHCbyG6RmwutdA1kBzfQ8pQqeJf8J+L78fWpY0qSivtT21PHA1wAYoPrZKa2tF06N8rpvXZue+41gAClKPy5zKaidE4uL4+5fZ07JzS/NoKDCcjYKmDRv8KCoJI+jsdzicX9/L38++Ti6rpzqRViyM8pXesGWqRYNWRsFbCY2OYyNMnLBebbIdpccJFcWi622GayS2IrhWdzU1ndhSC2ukFsjyy2udIzCG1waR0OTesyOxxOQrN2UGvHJcll5eKZzCzSa6X9XHq53Py63H+DCShF75ztdrvMhUr3zCSpmJlJbBKYRdre73+/5sfnWZsJahRX35+21fb9+WvviW5Kclfw/Py8zJ8d/HOQsd05BwnlFqY6BrzENGElke33o8ja3a4ZtK3XguCGWJaKWH5Goa1WJ6mZ3LQf3y+J7m/IDeoEsd05e4nlWvIhGtn9s5R9eUamdrc7tYrt9tTudqewY5LkSmKzzCwJzaQ2bls0UXba1/G2/0Zu3vpnxBYeHsR25+wkm6Uytlh6ernpWZrLTBJTu902nW+r9WNiSSqsIyCJzGX29DTK7Kht3/dWInPZudhi2TqXuQEgtgcXW16G5vfSPCOT3CQyE1qS2mbTDNbqGL2XMjaFX0dYGRozNJfZ0eP5+SQ122+C5GIWN0apNHUQHNB5cN98//79+pOnhnTkmZqXmptNklcS2WbT9K+vaTuFSS9lcDonz9iC2KLMUrteNwdJTPv2WpKaZCexueAsi5sU25Xl6JcvX67/M4R/FjK2R+wRLY1XiyVoLjUTWucye31tBm2/vja9MrfNJmV0Kavz+2y52CQ1E9vBJJZaiW29PkkthDomkuB0PcvcRrGV5GafddbCw4LY7piNhHILpaEdsQRVmetSc7FJZhLbr1+pbSwkvyS3/b7pXGw2iFbZ2lHh2ZpkJrGp3e1OIbnt96c4HFLou2h8nATnmeRZWRo7EgRCAwOxPXrHQRSbj0dzsfk9NZOaRNb/+tU0Fq1CUlOoRN1uT5mW32fLMrZ0D00Z2W6X5CZ5abjK4Xg8i+MwpGEjg7ehp9Y7FtL3nCpH4eFBbI84hm3u/looQ3XPzDsNBs/IlCXafbajWhObdyY0Pr4tE1vqBJD0lI2ZvHSE4tC2v6PrmqPCMjG9P84bjd/dx7vpc0rlKDw0q8+fP3/0d4Ar+fr167Jj1+Jg3DDDIHYopMG5lpWN2ZlaSVBS817UUIqmoRr2uUlS3plg548lqO7BWRnqpahK2DRdS/JSq/Oj0PW6f84VcuP3Xyernz9/fvR3gI+aI1pYbijNGtCuRRuOS+/4+9r31/NVPuJwDxGnZWXnxf+GeP34HYrvxzYuZ+QT5C+E33+drD59+vTR3wH+zxUqSqtixNcs89G10/VD72Pr5Z+2+z5FE9qxNFQbV+DIxqHF8+K547Z9jj5P4RPo0+dPTYr37x7bC+D3XyerHz9+fPR3gCv59u3bMhlbLgitwXY8Np3dpFfbPT2l3k4N5+ien08lqZesPj9UTon3vvzaEpSNSWs18Vznh9D10rg1G8Om4+IQDx+oe9Eg3T+UPb//OqHz4I7p9T/4kr2iIQuSHmJoQEU/DKew/RRt23QxgyvcY0tZ12rVtBLben0S2ctLiu7lpelfXppGsV6niLKTUEex+SyE0sR4QccBGIjtjnlSZrOk2CQN7yjw0rPrRnl59BZd35+yOcvoUgYWZh/kGZvENmZnJrY+Cs2kl4aCWObmw0SK80UZ6gETILY7Zi0hLNErKrJ119KQD8nIosuil6SenppeWZWE5FOrJsSWylqFpGYic5m1ytyC0Ma5o6UydG4JIwfJPTzMFX3U+aJzy3/7Srm+YofNQvA5oWmuqLZ9ipXPFfWljDKxjXNF4zxRn0ZlU6rezBXNlzIKHRdvFp4UV2RtzBOtFzK2O+fqVWDn5ouG6VVJUioFvdNA8lKWJtEpU/PVPvLli+JwD5eSlax554HCJ74fQ4fBmzXZ8iXDBYtNQgHE9sj32fKyNK5+G1fQdcEp/D6aiW2cehUWnEwRS1Ef8mHSSh0Cuo7dl+tK67H5/bRQfvrg3qLMkBoEENuds6jYJp53MMotW6NtlFlct82PC0NJUm+r9ZqOK+aaxCS34gq6vuLupUuCIzYIILY7ZyUhLCU2byce5jIKTpmWS86fexAe6jKe43jGZnNGo+DGsjM+5yBKzSX23vJEiA0CdB5UwCJPqsqnV1m8KU3jYpT5U6qi1KaeUpWVmXEZojdPqbrkwS08oQoKkLE96kDd0r9npQ6FbB5o8XF8cQJ9/lzR8NyDcUqUTZeSyNLYudLj9q4RGlkbGIjtUeeMls6ZKE2TqHwVjTjZPSwoeZap5WLzqVYxc4uii/v+VCvKTrgBStFKWPSvMRNcXOGjlMW92S6tvBGzr9K9syw7G8vQyEJCu+ofArgrEBv8ZuqnMFeiliKel2daUxHfj8eXQEzwDogN5sl/HjNruZVK0DOmhmnMyQyJwRUgNlhGclPHRKYEhsxgYRAbLNujegn0aMJfBrHBbdzy80Fm8JdguAfcBnKCfxBbIgEAoB4QGwBUB2IDgOpAbABQHYgNAKoDsQFAdSA2AKgOxAYA1YHYAKA6EBsAVAdiA4DqQGwAUB2IDQCqA7EBQHUgNgCoDsQGANWB2ACgqY3/ANGl1gCCZwauAAAAAElFTkSuQmCC""}}]}, {""role"": ""assistant"", ""content"": ""0.336""}, {""role"": ""user"", ""content"": [{""type"": ""text"", ""text"": ""\nYou are given both an image and a text-based representation of the same stimulus. \nIn both, a red dot appears on a horizontal line\nThe left end of the line corresponds to 0.0, and the right end to 1.0.\n\nText representation (the dot is marked as \""\""O\""\""):\n|--------------------=-----=---O------ -.|\n\n\nEstimate the horizontal position of the **center** of the red dot as a decimal number between 0 and 1.\nDo not explain. Only output the final answer as a number between 0 and 1:\nFinal Answer:\n""}, {""type"": ""image_url"", ""image_url"": {""url"": ""data:image/png;base64,iVBORw0KGgoAAAANSUhEUgAAATYAAABNCAYAAAAsLkgfAAAI6UlEQVR4nO2dbY7aMBBA7STLxxna3v9vT9JLtL1Cd4ElqcbxpINxAl0+At73JMtJCAFV2texPWN813WdAwAoiGruLwAAcG0QGwAUB2IDgOJAbABQHIgNAIoDsQFAcSA2ACgOxAYAxYHYAKA4EBsAFAdiA4DiQGwAUByIDQCKA7EBQHEgNgAoDsQGAMWB2ACgOBAbABQHYgOA4mjm/gIAMMG1f5LEe/cZQGwAjy6znNzGhDcmLu8/9r4nxfMrVQAPLDN7PXftlKT8GcfnPOfJQGwAczIlLunHjtP35KTlT/Tp8dS1c157IBAbwCNFZ+mxtLY9PE/fMyYvnzR73d6bHufOx65NXZ8RxAZwBlf/M0nE5K24rMzSPm2WnMx8bFV1JLnuIxHdfwxn/YzCY/EA4N5iy0VlOaElzdvzXMRmWqcik94e23tORXK5Xj4vXYgYERhiAyhZbLmhp16LkgrPV4Ht9/2x9Pt9L7T93nV6Xe6xMrQRmMqrrnt5Sa9yq6peeGn0lhPcmOiuMU93BxiKApxgu91e72GZKG2IxKK4gtje33upJf2B+Oyfro3C6l5mQWp1/U9ucmwkF+6ZGr6eEp/9bNsbFouFmwMiNoAT7EUktxp+JhFaENj7e+ilddLvdr3o5DhGboMMFR1+alTWNEFoQWr22IpO783NwY1FdVOLEXr+ACA2gBO8i1QuIU3PMPNoOszUKE0lJn1o2+2/4yi30Oxcm51XE1k1UWTSv7z0fbymkhuiN+nH5uJycsssQjyi3BAbwAl2IpsrRmwHiwBplKYik367dVXsDwRn596i2EROIqpBaE2U2suLa1VuqeSS6O0ogssJLr02Nfc2I4gN4NZiS4ehKjTpVWjyGbtdL7LNppfaZuO6zSb0ck1eC9Ga3Gvn2VRsUVRd0/QyWyxC38ZezoPomuZ4eJrMvR21VHZ6Lmj/QHJj8QBggp8/f17+kFxKRzL81CitUpG9vbn67c1V0uK10EzUFt5vxRZl1RqZtctlON4vl73UVHIauYnkzLB0Um4TqSNTw9Fv3765e0PEBnCrFdFclYBZ/RyTWpDZ66vrothEcHLsNhv5QkFuwzxbErFJNNaKyERgUWgit/1220tut+vlZoemMWo7EtuY6HLDUyGVm16bAcQGMMFGZHIpaWqHzpHFYajLSK0WscXeidReX8NwVO4N92fEFqQWxdaK1FYrt9/t3P79fWitNrlHvodZaBjSRM6N3qZWS2cGsQHcY+EgFZuZWwsLA1FqtcpM2p8/zovQtL29hXs7aZrXpmLT1VAV22oVxCVt33X/mqSvdJ1rJSm4bfsm75PvZefb5Nmn5IbYAD5pDls6vxajtRCxyWKBiDOufoqwNCKTKE1k10ofWxiextdDflsiNqfDy7Z1kuEWmkRyVeX23ru99PFYrslr8l6572Ci3X5fjd7SOcKc3B5oAaH5+vXrrF8A4JH5/v37dXLX0vpPnfy3zSTmhuTc3W5oLunDKqrNY5OILX5mF6sPhtQPGXrG6K0V6WmL3ytEb7m6Vfu9LSI0vTYmNsV7N4djmt+/f9/9QwGehYuTBjLbDWmdZxebrfscakbN63I+iMcm5lqxCea1TiWXRGNpCVVYdEjOTw4x9TNzu4vY7xPvncMxzZcvX+7+oQDPwod3qMjtfGGqBKTJs8PzzeqiN3NYXs/reuiHphGTfo59ra6dN70ey1A1HMc8tnAemy4e+FP5a1MJurl/K+/dHI5pfv36dfcPBXgWfvz4cdkDMrtwhGORSNu6Kk7aV9Kapm8vL6H5xaIfliaVBuEpOsFvhqIiKBff5+S9plWSxyYJujFJ12mTe5NV0bPLq86cX5vDMSweAExQyx/7pdiCdyMJ+fMPLQ5Hq65zddsOTc5FfJIlJi1EeBp52VVReS3KyUexVauV69br0Kr12tWrlXOmhXui5Cqby6Y7fuTKqP5TaHOC2AAmeJGo5hbpHnao6b2rbBOheh9aONeITqQlVQmxIH5YFRV02CmiWi5dJ03Etlq5er12TpoIbbUKr4dk3Ri12dKqYYU1LXwXcom4Dyg1AbEBTLBcLq+3Kmon/2NybBCUCE7lJa2qQhRVx6FpHaOrkMAbKw8OxBblI+/V4WUn31ujs/W6F5rktkmLCby2KH5I65iaP5uS2YNUHAwfT60owA3rRXMF8LoLrm4iqWVVsQhei95rrUSQa9rrLh+2VlQenyboLmKSrkRmUoEgQ1ON1HSuzdaKplKbEtlEakfKHHWiAhEbwAku2gU2t8Gkik2kIoKKc2Nhdw8Zbuo8WZz0DzKTiEulprludhddjbji4oOTRYPl8qAFmdkhaLo3W05qTxKhpSA2gFvPsyVyC3lrma3Ag9C0j2Ia9mPT0iuVmt2PTYhJuZrGUcWhZpCaLhTo8DNKbdh00kjt6AdenkRkKYgN4M5iO1gl1SoEjd5keCpC0sjMDFOHonmN1ozYdLVVc9I6La8SQarMTKQ2DD81WhtLxh0TGGIDeG4aEcElTC0k2JVSG73FHDZbZqXHbuQ3D0LTRNvG7LdmFwmSxYKj3zzQZ53iwcXG4gHAvX6pKimtOvqVKvvze5qUa/tUavZ5WhKlQ8sm+Y2DJEo72gp8onLgo8z1C1UCERvALRN107ghNywVuWSGp0eiS388OalokPmxoSSq7vPaRFxDSVW6BfhUPeg5PHDUhtgAblkzmr4vNyyN1QcHhe1aD2qis6Nfgk+kaasaOlNvanfEPbjn1M4cTwxDUYAzueqfSrJtuD+1bZDt0x1DlLRawI/UesYKgtEV0Dn/I7jW5yM2gDuS+3NLJDcquNwcncWKqvpAfScRGwBchak5OO3HZJb7001LoYRzk24LArEBPIvkpo6VqUjMP1eS7SUgNoBnGq7+L/7zyMyC2AAenWv8ifrPITSFdA+AR+eTSekaxJ3jAADKAbEBQHEgNgAoDsQGAMWB2ACgOBAbABQHYgOA4kBsAFAciA0AigOxAUBxIDYAKA7EBgDFgdgAoDgQGwAUB2IDgOJAbABQHIgNAFxp/AX/qdllPni50AAAAABJRU5ErkJggg==""}}]}, {""role"": ""assistant"", ""content"": ""0.664""}, {""role"": ""user"", ""content"": [{""type"": ""text"", ""text"": ""\nYou are given both an image and a text-based representation of the same stimulus. \nIn both, a red dot appears on a horizontal line\nThe left end of the line corresponds to 0.0, and the right end to 1.0.\n\nText representation (the dot is marked as \""\""O\""\""):\n|-------------=---.-------O---.-----~----|\n\n\nEstimate the horizontal position of the **center** of the red dot as a decimal number between 0 and 1.\nDo not explain. Only output the final answer as a number between 0 and 1:\nFinal Answer:\n""}, {""type"": ""image_url"", ""image_url"": {""url"": ""data:image/png;base64,iVBORw0KGgoAAAANSUhEUgAAATYAAABNCAYAAAAsLkgfAAAIlElEQVR4nO2dYVLbSBBGR5LBJlcguf/fnCSXSLgCYGxLW994WmmJkcDYLM7ovaqukWxjvFT8tkc9Paq6rusCAEBB1F/9AQAALg1iA4DiQGwAUByIDQCKA7EBQHEgNgAoDsQGAMWB2ACgOBAbABQHYgOA4kBsAFAciA0AigOxAUBxIDYAKA7EBgDFgdgAoDgQGwAUB2IDgOJAbABQHKuv/gAAV8clbwNSVZd7L3g3iA1gSmg5weUey8nLHnvv6+GiVNylChaN/+efO556fkpUY2nNPTf1GJwNYoNlMicxjRb+fA4TVG7MyW1OgHA2TEVhWcwJrW2HUstFjrHEvMymzvVeczJDdGeB2OCq+ZQJhRNaNRaXyW1q9D8vxsKq69eC84/rx3MC9Jj4PkiFFBEbLExsuemmiWsiKn8+VQxI8uq8xDT6Y/+aXNh7vZXNvUGF2BAbFCy2qaqmi/j+JrDDIQSFzg+H/rxL5/E14ylpVf0VlYlM8tLYNMPzCdFNCs6DrE6C4gFcLS8vL5+aqQ0yMRPZfn881rjf/5WdPe/FaLKxLCyJrPNjileis2MvRPGW4N7J7e1tWDJkbHC1HCSSc5mqePopphdZim63C9VudxSdPabX+QJDEpBNP01k3Wo1eTyQnxPd5LU5QbZ2MogNrpa9pHLpCmgSUzXK0nqxvbxEocVwxya4wbU2E5vLwqLIkszieHNzFFp6PI4Smo2WySlyU1MDuZ0EYoOrZSehXLICqnE89dRoIjOZbbeh1uhDz9k01RURlK1FiUlsJrUks1ajj/Scl1w/VZ3K3gRSOxnEBuWKbaIC2gstSS3sdqGWuLbbo9S229Cl0c71mhh2zS1lbFFsLlszmWlsb29jRKnpWFKzcxNcyt76rC1XVBDI7SQoHsBV8vv37/PfJCc2q36mwoBlacrQosien0Pz/BxqHz6D80UEn7E1zVFmJjSN63U4SGTr9V/JWUhsbpray+2CWduPHz/CUiFjg7IqolOdBRajbE1hUjORdU9PoX56Cs3TU+ien0NQ6HnL2mw6axmbpKZsbbWKIpPADpLZy8tx3O2i5Nr9PrRaPuIiCk2S0/FcMcEgc3sXiA2ukq2mf5e8vmbXxUxqqRjQS01hMktjeHwM4ekpZnESW9BrbTrqMrbWxGZSU0hqu1047PexuiuhtW3bh8QY5SappWt+ryqlc90JMAtig2UUDnwngS3rsGnodhunn41lZ5LZ4+MxdKxI1926jNisaKAMrc/M2jYcum4Yql3oZ0ZhnzEuBFYgtrNBbFDmGrbx7hyjamitjC0VDTpNe11Idm0qHFQ2PVXGlsQWsz0nNqtyKgNru+4YyuSqKhzqOhya5hiSn6SXMrPWt1f5z+ynowK5nczq+/fvp/8UwCfz8+fPy1xjy/SDjlun+ulpmqJ2aTFul6arcZQA/Zo2+z3K2ExyaU1alFx6jzYzDbWpqEbf0vVKYG6tXM8Jgvu+4O/26uHh4as/A8Arzi7Wj3s63U4ecQrod/awKaEdWw+pG2e3MPK9p/bQaBePceN7nMK6iufsf61v3zrh7/Kw4O/26v7+/qs/A8DldqhwmdSr8xR67/j+br1YPE/Tv6ppQpWyLx0HH1a9VIYlfOfAatW/vtKxW8rRH7vX6XfYwtxqrrVq+Id595/ifsHf7dWfP3+++jMAvOLXr1+Xv8aWkBrqVCWtdb1ttQr1zU287qaobm5CdXs7bIS3nT0kFpvGCkkpLdmo1usQ1us4WtTrdVzHFkON6Yq0hm2wjs23V5lk44f9+Dq2Pwv+blM8gKuk0Rf8s5Z7KENLWaFkVXddaBRtG6O2SM/F11kGZ1XRJLaYdSkDS2KLIttsQnd3F+pv30JzdxfCZhOCRi87idTE5ncA8Z0H8RdQNPgIiA2ukhtlNJfeKVcykpwkt5Qh1VU1iCZFPNfzijSVjFmcCgg+Y0vTVT1Xpy4DE1tjQttsQrXZRKHF5SApa/M7fwz2bGOZx9kgNrhK1prWfUbngVvyEYWkaWjT/I26jtmijhs9p0jSiv2kJjZ77yS+OLVMYlNmJqFVXmibzbB3VOGv3Y17RAUdBx+GXlEot190qlfUyy0t1I0dCGlnj8baq/yoNW0mNr+7hzXAu6b31kS22cSWqs5lav0uH2kK2r0ltQ8K7ceC+0QFGRtcLWfvAjsWm3AbTPYN7Skzi9fJdO3LMjTJTNfENEp61rEwytis8lmnrK0vHqRja3yPu3v4KahVRX2FVrCjx9kgNljOdTaN7q5TfeZmUlM2liqiEluUk2VqJrbRfmyD5R5JisrKTGyxQDCXqaUsbdCBgNDOBrFBuWKbud7WZ20aJTZlYSY3CcwKBRKUtVG5pR9GXP+WCgj9JpNJZpLkqx10ndQGd7Q6vtlwhA+D2OBqWUkE55LrEMg1xqcpaczeJDFJTiJTIcC2Dh/f0EVY1uUW5o53yu3F5m7oMim18TF8CIoHsIw7VWVu6tIvAbH1baPe0T5D81uC+5u5CLuRi0lrfE+Dia2/By1WFxba7cLvUCUQG5S7y8fUfUVtzFVL/S4gTnSDmyfn7ivqb6/nRZZbo/aeXTvOkFxzicXN/zhMReGqOeuu5rmfnWiMj7LxO21YP6gXXq4BftR3agIb9H7qPNcQP/UZ4WzI2ODq+ZR/ouk9o9hyi3jHx+MpaKa5PnuH90wngd/V46r+R1AQiA2WxSnT07e2KhJeUm+Ff72BiD4FxAbLZmpJiI254xxjec0t4UBmnw5iAxDjr8FYcrnXeHLiIjv7MhAbwHsl9x5y8kJo/zuIDWCOj349kNmXwnIPgDkQ1D9JWikIAFAOiA0AigOxAUBxIDYAKA7EBgDFgdgAoDgQGwAUB2IDgOJAbABQHIgNAIoDsQFAcSA2ACgOxAYAxYHYAKA4EBsAFAdiA4DiQGwAEErjP5FJi7ZzfsrhAAAAAElFTkSuQmCC""}}]}, {""role"": ""assistant"", ""content"": ""0.489""}, {""role"": ""user"", ""content"": [{""type"": ""text"", ""text"": ""\nYou are given both an image and a text-based representation of the same stimulus. \nIn both, a red dot appears on a horizontal line\nThe left end of the line corresponds to 0.0, and the right end to 1.0.\n\nText representation (the dot is marked as \""\""O\""\""):\n|.---~------~----------=O-----------~----|\n\n\nEstimate the horizontal position of the **center** of the red dot as a decimal number between 0 and 1.\nDo not explain. Only output the final answer as a number between 0 and 1:\nFinal Answer:\n""}, {""type"": ""image_url"", ""image_url"": {""url"": ""data:image/png;base64,iVBORw0KGgoAAAANSUhEUgAAATYAAABNCAYAAAAsLkgfAAAIiklEQVR4nO2df3LaTAxA/YOE3KHt/f/tSXqJtmdoAgF/IyE5QlmgX+yMzfa9Gc0aFxbagVetd7Vuh2EYGgCAiuiW/gAAAHOD2ACgOhAbAFQHYgOA6kBsAFAdiA0AqgOxAUB1IDYAqA7EBgDVgdgAoDoQGwBUB2IDgOpAbABQHYgNAKoDsQFAdSA2AKgOxAYA1YHYAKA6EBsAVMdm6Q8AMAtz3bqjbefpBxYFsUFdMvvbcyWBybn8XER3l7TcpQrujviVvXV87evt0oryKp0rPYZVg9jgPshf0yiuLLHSuRJRYpeOY5tfB6sFscE6uTakzAK7FSWyyK5Ffv6lvmA1IDaYjU/5KqXhZVsS1/H4/jieu3TdrOve5OXH8ZzFcEly+fgDtEjxU2DyANYpttL1siwreRzDzrX5XJRblFPXNYOLrO/fxBbDxSbH/rooOel3gpwQ2+eA2GB5sd0adgax6XuYtFRgh8Pp8eEwPh7Cec3w5HHsOmZpEn1/EpzITcKFV5Dc1WGqg6wWh6EozMJut5uno9J1NMu8VFzy2KUlrUX7+npq4zmXXh6OShbmIhOJSbvZnFqL8TiKLw9Xra+r19/+gsfHx2n/ZvAOMjaYhYNIZCrXJgVihhYEJkKTGPb70zkRnJ/zLM7lJoShpctrEKltNie5ueD8XBRdzuCsvznkBvOC2GAWXkUoc2ZqaULApeby0gxNWhFaDDvngnt3rc2zNRGbSUzbh4e3EKF5GwR3lsXdyt5gURAbzMJeZDKVlKWdTQJEqWWZ7XZNt9uNx1Fy45DVhDmY2DQ8QzOhHR8fT8feWoySs0yuODQVENtqQGywvNhKQ9AgtXHY6bLa708is+heXprB5fby0nTyWeSan113a0pis0ztGKTmoWKz48YfxywuZ25xYkFAbovD5AFM5ufPn9M6yGK7lqlZRiYykxCR9XY8hkvOhqzFjK3vVWrHKLXttjlst82w3Y6P5dgzOJWcDU/fyW3itbZv375N+zeEM8jYYLkZ0bxWLYvNs604/DRpdc/PJ4k9PzeDHD8/q+CGl5emkZDn+LW2gtiOlq0dTGwiNBXb05O2R2n3++ZoExMqN+lLsrgot0tZm0DmthiIDSbzIiKZShRbWJPmEwU6IWDDTheaykzE9uePto2FZHE6FJXMLoptGE5SC2JTuVmmJlI77PcaIjSNw0FbXx8nM60yJB0nFXzZSJ5IgEVBbLD8xEFesxbXqMUhqF9DM6H1f/40jUUrQvNWhqi7nV53G0oZm81wjsNQEZkI7fVVl61oHI8aR5FhjFDhoMciNem/NByFxUBssOwatkvX1+KaNMm8QsY2Djc9Q3t+bo4iNRPb+BwZQvo1Nqs+0DVsvsTDMzIRmElM/iYabauh2Z3JStqxaiF+7jwcFZDbomy+fv267CeAu+f79+/zrl0L1QNx8iBGXO6hmZlFE1ufRQ1i0/Vr9niIWZxlcjpEjSFZnb2nPNbXSsRlHvHvE8/9D7nxO5yXze/fv2fuEv41Jk2sl0qo0k4ePgwcd/bwYWA41sfeushyROLzUx/xvMvWP8N4ra5UHREzudJuvFfgdzgvmy9fvszcJfxrfHiHiiiD2J46HaP194jn4nHXaUi2pOdz6VPuN8xmjq/z49h/etz6ULTweaZuacTvcF42v379mrlL+Nf48ePHx18cMzURQcysvAJhs2k6ycL6vunkOMbDw9t6NS+Etz5HOYXJA5WUrUFrbW1a6/HwoP2dlVbFNWuxrCpGnBn94DU2fofzwuQBTKaXH/Xcs6I5Y7MtiCS647HpJYZB207OeXgGZ+VPXlbl76FZl0jNxKYis4W43Xbb9E9PTSOx3Wq0dl7Wsbn0dLlHrEIoTR7AoiA2mMyD/NDnXscWllH4MFCORVxyeV6jbRtRai/nJTyjkywuVh6k3T1UavJcz8xk8a1IzWQmYmufnppOFulayHl/3tk6tlL1ASwOYoPJbOXH/lmVByYPl5EKKUqs75veMi9tJbOyWtIui83EI69XIcUMTIaiIUNToVnrQpP2rPLAF+hSL7o6qBWF5etFb9WKWuG7SioUvmutqCzUjSVWXnLlz/cqBt+yKNaKhuoDrxc9mMRUakFoKjUX4aWSKuEDWRt1ovNDxgazMGkX2Fu7e4jY7HqZTCSIYHS4aRf9VWSSabn0fI2brYHLGZtf7JdsT/qSPtvQnw5PRWxe+O5F8Hn7IrK11YLYYJ3X2eJ+bCIRryAQAYm0goi0MsFLrjxTC8PQothcbiYrl9vZrGjejy1kanFrcaS2PhAbrENsl6oQPGsToXgVgi3x0OGpiC1vPhnvgZDueeCTEDJzOu6ea20bNp4cJwdim5d45Nv1nd5g2r8DzAJig1nYyI//s+55kO9KFbM3P85C891z07bgOWuTyQgX21hDeuvmLpd2z40tLAqTB7CuO1Vdkdt4K710Q5ezzSjz7fh8wW+qPoi31/MbtcRtiMabt8Q7WV27DR93qFoVZGyw/ELd0v+t8ZZ5LjQ/J+/jWxvlnXZTfehYX+rYzGgsvRoX7UbZle4rWpKa9XkGWdviIDZYvma09Lp8zc1qPsesLQiuKLN8P9GQscWqBr8T/FgnmmtOw3MuCg2RrQ6GojArs36dCgt4VSFRWvE6XBZaztacS0PJPBng8ssym2n77w//RwA3QWywTvLXsrS90aWIf577KmVbpUzsWmbG0HP1IDa4D3L2ltsr+7q9o5Rx3dp6CJndFYgN6srkrj3nlqBuyQuZ3Q2IDe6TSzOpH+WStJDZXYLYoA7m+hojsipguQfUAUKCQLrNDgDA/YPYAKA6EBsAVAdiA4DqQGwAUB2IDQCqA7EBQHUgNgCoDsQGANWB2ACgOhAbAFQHYgOA6kBsAFAdiA0AqgOxAUB1IDYAqA7EBgBNbfwHpukVnIP1gA0AAAAASUVORK5CYII=""}}]}, {""role"": ""assistant"", ""content"": ""0.530""}, {""role"": ""user"", ""content"": [{""type"": ""text"", ""text"": ""\nYou are given both an image and a text-based representation of the same stimulus. \nIn both, a red dot appears on a horizontal line\nThe left end of the line corresponds to 0.0, and the right end to 1.0.\n\nText representation (the dot is marked as \""\""O\""\""):\n|----------~----O-=-- -------.-----------|\n\n\nEstimate the horizontal position of the **center** of the red dot as a decimal number between 0 and 1.\nDo not explain. Only output the final answer as a number between 0 and 1:\nFinal Answer:\n""}, {""type"": ""image_url"", ""image_url"": {""url"": ""data:image/png;base64,iVBORw0KGgoAAAANSUhEUgAAATYAAABNCAYAAAAsLkgfAAAIs0lEQVR4nO2d7XLaPBBGbUMg99D2/v/2SnoTbW8hX3y48yi7yqLYTmMggOacGY0EsQ1vmvfMSqu1277v+wYAoCK6S38BAIBTg9gAoDoQGwBUB2IDgOpAbABQHYgNAKoDsQFAdSA2AKgOxAYA1YHYAKA6EBsAVAdiA4DqQGwAUB2IDQCqA7EBQHUgNgCoDsQGANWB2ACgOhAbAFTH8tJfAGZwisdUtO0pvgnAVYLYblVmU3LTz8bE5e/H85EcVEbLU6puUGbx/bFxKa0or7Hx0GuAG4SI7VaEFqU2NB46rxRbKbkhqZXXQHRwgxCx3UJ0FgW23x++Nya5IamNtfLY8vwxkB5cKYjtCE7+qyummm2UVxSaj8ckV4qn694kNja2lq8wFdUdQYsM4QtgKnotYhuK0KLIXGK73cG4LQXn1yijsq5reokstig369MVhiI5Hx+ZdEBs8BUgtkuJbWwdLbTepSWBudwkNr02wfXq7bgc4TmSmUtrschC631sfT7GJWfnJuZMVZEXXBimojN5eXk5X6QmSbnIXGwmtGa7zeN2u80RXD7erxUjNQnMmo8P3nPJ+fFT63BDYvukyFar1Wl+dwAjELHNZCehnElqWVRRYBKatd76ZrPJ0lPkdhCx+ZpZFNly2fTW0nsal6LTOTF6+0yyYeg1wAVAbDPZSizHUO5Ji+tmMUqTxCSwzeZVbC8v6XVuHrXFtbdSbEFo/d3du94ll6M3X48bWIOb3D5SjgEuBGKbyUayOZYQqaVoy+UUozQXmIRmrXO5ee/T07jOZlJLzUUW2n61envt0ovRW0gyvJPcWPRWjgEuBGK7lNhGMp8xSktyc5E9P6emcf/09Pqe/UzHp1ZEbBJSjNSSzFar1HvTa/18r8itFFyZRS3FFhMMyA2uCJIHM/j9+/dp19bKJEGcakpm1tqnp2YhqZnY0vvqQ9SWIjbhEZvJKstsvX5tq1WzW6/fRBejN5++FtnTyT1w9pkH/QQ/fvw47ncIMAER21dnRCcSBh555bW0ILUks8fH12jt8bFZPD+nsSI6iVByy9cpxCZpucgktdTf3ze7l5csuXdyszW33Ib2vw1FbERucAUgthk8Pz8ff5GhrR1BamkK6kJzmUls1jeS2tNTkl/KjkpuvqctiG1fRGs7E9pus8ktyW27zQJM0ZoEV24TGdvcOyY2gAuB2C6ZOLA1sby1w9fW4pqapp8us4eHpnl8bNqHhzQtbTXWcZtN06t58iFGbJ4skLwkMQlsu03bVXLb71Pba9uINv3qHPU2JT0QW9jvhtjgWkFsX72HbWh9LW6+9WmleiUKFJGpeYT29NTsXWoWzfU2HT3Yy+Ybc/W+EgQSl1rfN1Kfmv4rdm372uy9pEUdo8oHSS1+T13PN/9OiQ25wYVZfv/+/dLf4eb4+fPnvBNjniYWspelUp7ljFs+fHOuZGcRmqarqbfXvuUjIbko0rLXXk2QMqUWge19qupjNROW+pQV1TXLaMzX1vy9GWts/N3BOVn+/fv3rB9QIyerES33sVl9qFo7VDOq6aFeh3EWY2zCZRPEmc+zlq8Zzw3fwb9rHo/dWqnEhTbxe+LvDs7J8tu3b2f9gBqZfYcKn8YV1QFx3Pr1Q0uvLZJqrfk4Twl9mvj2Jd8t9Lehz9fUuEgGpJ+HmtGDzxkrs/pkxMbfHZyT5Z8/f876ATXy69ev06yxeXTlryWdxaLpLBOpvlsum+7uLq27qW+9xUqDKJ9iKtpqnczOaVart/N1zVhapeNi8zKrsW0fY2VWsZ+Avzs4JyQPZrDQ/+DHEBb483aPGLFZplSt2++bxW7XLNTb667vm65tU0sRnL6PZOXVB8KjruXyVWSrVdNpQ+79fWoaL+7vm2a9zi0dY9UIkmgUW976MbXVwz4X4NIgthncKfo5hqFbFPn00qeJJi4t06fWts1CreuaTk2RnJqiMG0P8T1wMWLT9SQ2O66X2ExuSWrW2vU6ic73u0mSfSm2WIHwP9NQgAuC2GawVoRzisRBzIz6lg9NH9VsDS1JLExLFS0qmkqlVRKS9rppmuolVX5NE1vncpKo9L0lLpNZa5FbLrWKhfFWO9pMlVVRcQBXCrWiX10vOlZSVWz3iHf08JpQbcZNQvMyK6sTzbWiavHuHr61I5RVRYmlWtEQqXlBvEvtYPo5Fq3NkBp1onBuiNhmMvsusGPPNijvwWZTSEVaKWkgsdkaWBKaSy9KzSM2x4Vk09acPFCvZkXwqTJBMisSCe/KqD6qNCBSgysBsV3DOpuXVXnkJqmpl4QkLpeRxpp+xptNhjvresIh4zIyUXkWNF3LhBmjtHhn3ZgFzc9EGIrWBEKDKwOxXUJsU1Gb35NNvbKcJrdcID8kNLuLbl5fs+vn/W7lDSctU3ow7Syyn+VzED5MFCA3uCIQ20yWEsExjK21xUypPkPCknx8qhlvbRQf7uLnhDW23ExWSXDlMw8GtnMcTEH/J/uJ1ODKIHlwySdVTURu724VXiYY4pOrPMory55CfeiBtGJiIN4p14/56EEufu0Z8IQq+AqI2L56o+5YvWWUkkdeun58apXLLUxXY3v3XFFJrSiJSpt2bTuJy+zgmQZTUdqUzIja4IpAbF9dMzp0Tik3ycUTCjZ+dzeQeC+3sSfBx7rTkAQoaz9zraiJcHTqibzgRmAqeiQn+/WVj+Mr7vAxmGgYet+vESU09BCWkalmFps4ceZz9s0DAD4JYrsGpqan3o+tx5U/G+Kju3H8b3SGmOBGQGzXxNT9zoZk5/3YeUMR15TEyHZCJSC2Wxfd0HFDjE0ricygQhDbLTD0T3TMPxsyg8pBbLfIKf7JEBlUDNs9bhGkBDBJeNwQAEAdIDYAqA7EBgDVgdgAoDoQGwBUB2IDgOpAbABQHYgNAKoDsQFAdSA2AKgOxAYA1YHYAKA6EBsAVAdiA4DqQGwAUB2IDQCqA7EBQFMb/wCp3rrC7i21WwAAAABJRU5ErkJggg==""}}]}, {""role"": ""assistant"", ""content"": ""0.289""}, {""role"": ""user"", ""content"": [{""type"": ""text"", ""text"": ""\nYou are given both an image and a text-based representation of the same stimulus. \nIn both, a red dot appears on a horizontal line\nThe left end of the line corresponds to 0.0, and the right end to 1.0.\n\nText representation (the dot is marked as \""\""O\""\""):\n|------- ---.-O-=-----------=------------|\n\n\nEstimate the horizontal position of the **center** of the red dot as a decimal number between 0 and 1.\nDo not explain. Only output the final answer as a number between 0 and 1:\nFinal Answer:\n""}, {""type"": ""image_url"", ""image_url"": {""url"": ""data:image/png;base64,iVBORw0KGgoAAAANSUhEUgAAATYAAABNCAYAAAAsLkgfAAAIlUlEQVR4nO2da3LTMBCA5Thtegfg/n85CZcArkDzNrObXXUj5LTk0Tia75vZkeI4jinlY/V0NwzDkAAAGmJ27xsAALg2iA0AmgOxAUBzIDYAaA7EBgDNgdgAoDkQGwA0B2IDgOZAbADQHIgNAJoDsQFAcyA2AGgOxAYAzYHYAKA5EBsANAdiA4DmQGwA0ByIDQCaA7EBQHPM730DcCbXeFRF113jTgAmB2J7ZJF95FhNXn4snovkoCE6nlI1ccq/Hn8dj9eORaK0vF47VtYBHhQytqkyJq6xevmZSCkzKWuCG/scwIOB2B4lM3ORvRc1XGSnws+Ln/lIsxZggtAUvYCr/+iKLK3z1/v9m7hq9XisJqMYs1m9tBhqorui0DrkCJ8AGdtUxHYqQ4sCi7HbHeTnr0u5FUIbXGS1iOeMZXJXkBJig88Asd1LbKeanhaDy8oFttsdYr9PndX1HD/m58fLljLr+zT0fa6rzLwez60JTijFhKhggtAUPZP1en2dC430oWVJeWbmUttuc73bbrPs9FjM2gRvXpZSm88PpUWsZ9GNya0U3Rk8Pz9f+lMDOAkZ25nsRCSXMjYw4NmXS80EJqXEIOVmo5JLfkzej01SwfvMgrwGkdp8fpBbrJeiK5qot2qaAtwCxHYmW5HKtfvUTEoqKM/CTFxabjbHsV4f3hPJhWZqVWxBZMPT0yGsnqzu59Waqx9umgJMAMR2JhuRyaWEZmO16WlSU4EFmc3ktcRq9XbcszrP2uTyNhggkjoS2vNz2od6FF2UXM7gatmb3jRSg2mC2O4ltrIZakJSMVk/mjY3N5s3kYnUVqs0rFZaitjkvSRhWV0qxSZhYtubxKT0ULFZXaUmr0NTNfa9HcntSv1tALeAwYMz+Pnz52UXGJvSEUY7Y5Nz5iJbLlMv9eXyEHZcxWdZm37erq/ZmohNpGZi01gstNwtFmmwuhxzyR01T8fk9tHVCyN8+/btsp8hwAnI2D5zRLQ2xcPD+8d8kCA0O7PElss0vL5q2b++pmG5TGm10pj5YIJfJ4hNpfb0lHYmtt3Li4pMxKaSk9ebzSGDc8GZ3FKUWznv7UK5AdwKxHYGK5HJpYRVBXmSbRj59CaoCy3L7PVVy2TRudzkfB9ECGLbu9hcahLrtUpNBLcToW23B7GJ5KxvT+Um92Fy0+xtbDABYGIgtnsPHPjSKZ9kG7I171PrRWoiMJfZnz+p83K51L62Yb1Og2dtPsHX+9hiM1Riu007id3uKPb7vU46Hmzir07+tZBj1SapgNxgYiC2e8xhq0zxyBmbZF42ECAZmMpKwgYJRGJ762+T0OapSM/EptleyNjyVA/JykReEsOgIX+KHJLdWQhS6l3W1quWzVEBucGEmH/9+vXe9/BwfP/+/TpbEZV9bD5dI85Js6kfGjY510ObjCY+lZrIL85lk2zNXg9hXpuOkvZ92seQrM7qyco8zcPn7MUNKiUumNfG7x3ckvnv379v+gUtcvFAcmUQwXUwWOhrH90s6vr90mQ8tVBekFJE483JUOZ1qNb8jAvpq+/XIm5tVNuV9wT83sEtmX/58uWmX9AiZ+9QUUrg7YI55Np6/bAgvfNO+77Xeuf1uMZTwmXkwvFrWL+YXsdKrdv7+n2heen34Dt95Pv5yNrRD/5s+L2DWzL/9evXTb+gRX78+HHdeWxBDjKQMLNMaSax26XZ05P2u0nZPT+/jZz6vDUfWXVBhaaoCmw+T52MbspnPeSa5aqDGOXi+HK6h4fe9P+PjvJ7B7eEwYMz6OUf+TWIo6IiI8ueNKw5KurohyH1+72GSC+GnmtZWV4Y72tOrT+tM7GpyCReXtJssUj9y0tKHotF6haLfI5L72i6x3sTdQEmAmI7gyf5x35tsfmuHt7EnM3SzKPrNHoLf63vibQkJAuLo6KWwfn1cnZmk3D7xSJLTYXmk3VlaZVM0rVzVWxSLzO3cmkVwIRAbGewECncYrdcHwUVUVmmNRMpSYjE+l6zRZFZL+9ZFiZSisuqYlNUPufNSxWVhcgsCy0sszpaViXnnlpWVRMbkoMJwFrRKawX9dIXwYcVCDqvzXf0sMm6ea1oWC/qWxhFsR1N7ZDF7x6+CsGWTx0tiLc+t+SlbUx5zSVVrBOFW0PGds9dYCuL4X3bIZ+3JoLRQQOLnKVZ1uXCO1oEH0dHLWOTLM8HEXzwoAsyy7t7+B5tIkQXW9yb7dTGkwATAbFNoZ/NRkOPdtAVQYl8RFYutjCaqU1Jz9TCnmx5d49yuoc1YYdCknlUNIyM+vbh/+zHxrZF8CAgtomILdfDonjN3iTLkszNsy0Jl5nIzaQWn4WQsz+fp2brRbVZagKT/rsjmRVTPPJgwVjzk341mDCI7UzmIoJrMLLMKj5WTySUN5+0/i/vf/Mtw6sPdIkTb2101Ded9MysFNo/GRrPPYAHhMGDKTyp6r2twr1pGnbXjc9COJJa+Qg+f1aoP4GqfEqVH4uP43vvMXwXSI0nVMFnQMZ2z4m6tf9T/JhIpZjfptKS0qaExIXyRw9PLh7mEpdMadbmy7Ls2D99aGWG9p7QyNpgYiC2ez7VvPb5ILs8oBCXSZnYjp6REDM1XwDvE3SDnFxgvmY0rw0NEtNz/N7GRj4RGUwcmqIXcrMfn+/4UdtVoxRZ7Fcr76e2eL3Wb+ZiO5WdXSi0i/8jAPggiG1q1J6LEMtSYrWIlLtwXGOnDgQFE4em6NR4TxreVCxFVpa1a45J7JTMkBg8IGRsj0I5LaRWlvVT0kJm0DCIrZWmau28/2lKIjNoCMT2qFz614bIoGHoY3tUEBPAKNYTDQDQDogNAJoDsQFAcyA2AGgOxAYAzYHYAKA5EBsANAdiA4DmQGwA0ByIDQCaA7EBQHMgNgBoDsQGAM2B2ACgORAbADQHYgOA5kBsAJBa4y9D9omm4D6++wAAAABJRU5ErkJggg==""}}]}, {""role"": ""assistant"", ""content"": ""0.296""}, {""role"": ""user"", ""content"": [{""type"": ""text"", ""text"": ""\nYou are given both an image and a text-based representation of the same stimulus. \nIn both, a red dot appears on a horizontal line\nThe left end of the line corresponds to 0.0, and the right end to 1.0.\n\nText representation (the dot is marked as \""\""O\""\""):\n|--.---------O--=--~------------.------- |\n\n\nEstimate the horizontal position of the **center** of the red dot as a decimal number between 0 and 1.\nDo not explain. Only output the final answer as a number between 0 and 1:\nFinal Answer:\n""}, {""type"": ""image_url"", ""image_url"": {""url"": ""data:image/png;base64,iVBORw0KGgoAAAANSUhEUgAAATYAAABNCAYAAAAsLkgfAAAIfElEQVR4nO2da3LbuBJGQephew1J9v83K8kmkqzBlmyJtz4IjbRg0M5IdKwLnFPVBYqWKFnjnOnGi8M0TVMAAGiI8bM/AADA0iA2AGgOxAYAzYHYAKA5EBsANAdiA4DmQGwA0ByIDQCaA7EBQHMgNgBoDsQGAM2B2ACgORAbADQHYgOA5kBsANAciA0AmgOxAUBzIDYAaI71Z38AKHhvp/Zh+FefBOD/FsT2WVx6q4na65AdwBmI7V9SSum9xzW8xOzYvw7JAYSBu1R9MHPy8ud1XD5+T2Zl+9YxQGeQsX0UNVH5tjyuCc/jRVYelxLTY7sOgoMOIWNbitrXOCew96KGl9h74Z9fXgOgA7rP2Bb3eiGyqJLj8XROrc7PtXNyK8U1jn9aO3bnJ9/35kW30O86IEi4cRDbUmKbKzdLgVVi8I/fEts4hslkZrFa/TnW6/WcWhbnJXcliA1uHcS21LSLGaHF65vADofTsdrD4SS0wyFMdt4kV4xyZlE5kU1qXbwSns/kyhLVg6SgQbruY9vv98tcyGdZLusycZnMotgULy+nY2u96CyMJKUoLpOY2vU6t/GcWi++OcHZNa9ku91efQ2Aj6LrjO0goVzD3MCAz75KkaWYnp9jq3P288nLzTCpWZYmoaWIx5vNn+MkuSy/t+SWrg3QIl2L7UVSuZTaPLSy30yiMnGplcxmIgrOlaT5+i77Monldrs9HW82IVQEl8vVvy1LARqha7E9SyhLZWx+EMBKS5OaCWy/zzGqtXMpe4vP1+tcaSupxZCovNC223DU47u7P4JLbZabK0+jHBEbdAJiW0hquTWhqbVszESm2O3CuNuFSed2uyw5K0lz1laKLWVqJrOjxKZ2v89yO+q9fBZn/XC+LEVu0AHdDh78/Plz2b41P0hgmZrP0JLQJLbV01N+HEM/t6zO+tm82NLgQJSZxf19FNvh/j5M6Vhh2dxZeTrX33al2L59+3b5dwjwgXSbsV08Ijo3T82VoGd9aSYvySzFlNqVMrenp5jRxazOsjYTWxo4kNiOSWyHJLDDfh/ldnh5CcciNAhhEctRP2Jq00YEAwnQKN2KbbfbXXeBQmxnUzmsBPVZ2ePjSWaPj1FmaoOk9vQUM7oot+fnMJalqKRmYpPUdruYpUloMY7HOLp7PB5PMU0x4hw6yU2Zm67p57rNrTEFaIRuxbbIwEE5+dbE5krQwbKzx8eTzFIMCklNkfraNAUkZlkKy9jS6GbsX3t+PpWgSWKHaQqasBJjGGKriSJSonoYLOJn9FNAEBs0Trdiu3gOW1mK+jLUjYKObtBgUnboQjI7mtSUyaXBBGVscS5bIbYoJZWYElqS13EYwnEcw2G1OouY3SWB6edn60YVlrUJ5AaNsv769Wvoke/fv1+/hMpKRrd6IK8wcJNv/cRcSS9KSq3kV7Q587O1nSop04TdKDk9T6OdqS8t9qup9ZFEq+NX5ad99gUm6/b6twO3z/r379+hR65eI1oZRLD5Z1YC5vloviQsSsTY1hbMz+zdZs/P16j9PvpZKknzKX+t2n5tF3wfvf7twO2z/vLlS+iR/7xDhRdBTQ4uA9K14/Xd4vXBrePU8ZBKTGtjuNHQ3Lo1ov75gx2njMwf5/ewVQvl53lv992/pNe/Hbh91r9+/Qo98uPHj8te6DOpsrxLctI8tFFTLA6H2ObYbMK43Z7mqlnJquena2X5ecFJULrWZhMGLTy/uwuDxXYbr1curYpRLquqTdIVV/Sx9fq3A7dPt4MHK/1DvxS/k4dlRCYMueI08znHOE1hpdD76nG6oes4DGFM4opTPmxhvBPbkOQ0SGx3d2FME3Knh4cwPjyE1cNDCPf3p0jCM9lJpH5p1Vl/W/ygDBxAm3Qrto2ymqWWU0k8yr6KMlDHUV4W4xhWitUqjArL4jRSWlt5YBmbrm/ZmVYXJLGtJDOJ7eEhDPf3UXq2AiGuOlDY1kauLGU0FFqnW7Hd6R//taOi5ciojm0U1PWDnZWi63VYqd1swkqyckuqRhs5LcQWy1qJOGVilqFJZoMyN8msXFaV1paelaG1VQcIDhqk27WiF68XLUdFiwXw5VZFtoNHlFeaiKulVFloatO8t7OMzd7O7eyR14kmgcUlVcre7LHvb7MtjD5oATzrROGW6TZju2oX2HfWi55tKpk68+OggUIyUz+Y27ooSy1tOFlmbDHjShmfsjYbOLBBhLyNkX4f29rIBg8+YPE7wK3TtdgW62ez9aLlLh9ecBKXRGQZXLnZpCtDz8SmsH6yVMJKYnEwwfrd3F5sOVMrbvSS75sgkBo0DmJbavfcmW3Bh7ny1Ld+k0m/g67NP0t9dZaJWR+axPZqa3BXfr656B25QcN0Lba1RHApb6xAeHVbPS+4UnLFTV1ytuYzNjdJV1NDcqlpZae/ucuc1AQZG3RC14MHi9ypqrb8yd+lyt8HoXLHqupdqvx/En8/0dpdqvy5Wun5ASUod6iCW6frjO3iibq1qR9lW04HKW+M7EXm9mCbu6+ozYuLWVsaKfXLqM62JCp376gJjawNGqZ7sV10V/Paa2bkFoVUkVxVeF6I7r3yOk9XYmbRlSsf7HZ9/nMiMeiM7ktRsdhXUA4qpKVVrwYYajt5lOHxfW3lceXWenkPNnvtZ/+PAOAfg9iWovY1zpWowibh1oQ2J7a58M+x4/L1AB2B2D6Kv+mHs3ZOaJ63BFbrR0Nm0DGI7TMl99Zxjff2UUNmABHEdksl699CdgbwJojtM7nmq0dmALN0P93jU0FOAB9CmvAEANAOiA0AmgOxAUBzIDYAaA7EBgDNgdgAoDkQGwA0B2IDgOZAbADQHIgNAJoDsQFAcyA2AGgOxAYAzYHYAKA5EBsANAdiA4DmQGwAEFrjf2x+Ho4epb+CAAAAAElFTkSuQmCC""}}]}, {""role"": ""assistant"", ""content"": ""0.235""}, {""role"": ""user"", ""content"": [{""type"": ""text"", ""text"": ""\nYou are given both an image and a text-based representation of the same stimulus. \nIn both, a red dot appears on a horizontal line\nThe left end of the line corresponds to 0.0, and the right end to 1.0.\n\nText representation (the dot is marked as \""\""O\""\""):\n|----.-------------- --------O--=----~.--|\n\n\nEstimate the horizontal position of the **center** of the red dot as a decimal number between 0 and 1.\nDo not explain. Only output the final answer as a number between 0 and 1:\nFinal Answer:\n""}, {""type"": ""image_url"", ""image_url"": {""url"": ""data:image/png;base64,iVBORw0KGgoAAAANSUhEUgAAATYAAABNCAYAAAAsLkgfAAAIoElEQVR4nO2dW3LbOBBFAVIvryHJ/n+zkmwiyRbGlmQSUxfqhloI9LBFWUXgnqouUDRFs1LjM41Hgz6EEBwhhFRE9+wHIISQqaHYCCHVQbERQqqDYiOEVAfFRgipDoqNEFIdFBshpDooNkJIdVBshJDqoNgIIdVBsRFCqoNiI4RUB8VGCKkOio0QUh0UGyGkOig2Qkh1UGyEkOqg2Agh1UGxEUKqY/HsByCkKaZ+xYj3096vEig2Qr5aZiW5XRJeSV56Tr9HwZ3g+ZYqQh6E/dPS42vnzqHisgIrnSt9bhBmbIRMTS4s2147zsnlhVYD3ymJLmTnG4QZGyGP6mrm4tIYx3/PXRKbSqrrTsWWR349aFRwzNhIczzs/+VyX1+SlsrsXFuSW0lekJsKzrQhFxrQrG4C/MwESbGR5phcbOcyNCuvLPwwHD/rNfYeQGQVVGB9fxRbFukam9WF6bqkFBshtYvtUtczBBeMrLzKCyIbhoPQhuFwjcgtnsuytlDI0gLEplH4HENl5rMuqjIzQX0WjrGRptjtdtPe0HYhIaksQ1ORuff3w7FprehOuqQAmVoutcUitZBZQCvH8TOuxbHPMje5372sVis3F5ixkaYYIJEpKM1oZhmaSstDZvu9C9JGqeH4/f1wTuVWyNg0KwsqsuUytmG5PIhO2iQ9/O7OjMNNLLe5QLGRpniHVO4lX4uWdTut0KLA9vtj7Hbp2BnJnWRtKjbJ1KLIRGIxVquD0NDiuyK7KDe0XSFzUxqRG8VGmmIPmUw9A6pCKmRpSWa7neuk9dvtqeA0a5P7BBEbupYnUlut3AiZIdZrF5AFyucoN8gO9+lN1/TSeFvFUGykKSYRW2H2M2ZrIjaVVRIZpLbdurDduu7tLYoNP3MamrVZsclMJ6Q2irTG9TpFlBqO5btRcJCaZm19NoMKGuqScvKANMPv37/vv0lp0a2KTcbNNBPrRGgQWf/2FqWWAnKzmZsZZ0vZWt+7UcSGTG3cbKLUhs3GBRxLxOwNoZnbQiYVrNgmGmv78eOHmwPM2Egz3D0jWlqvZicLVGwQGsQmGRoivL7Gtn99jcduu42Ba9JYm2ZsIrYRYlsu3SDZ2rDbRZEN7+9uHIZDjGMMLB9BxqZjbi7P2hpb/kGxkWbYQiJTjq9lyzriZIFmagiRmsoMrfvvP+deX51/ezvKTcUmM7a4e5SaiA3Z2rDfR6FhVncYxxhRaiEcQp4jCm6UNXIym/rPJEKlMrNQbKQZJp04COE4caBja5Kt6Zgaup9RZiI0D6GhRWCsDZkcxt5ysZmJgyg2ZGgisiEEh6sG71OMuF6EiJGloMJVsdmqBECxEVIPk6xhy9at2W5opxkbBvYhK50ckHG2UWSG6JDFIWvb7VyADLOuqC7AhaRQbAV5jdI9HRaLQ8hxHIcTgankTp6vwUmExffv35/9DIR8CT9//rzvBqVaUO2KmrIpW2mg425BQ9avpVYmD9IYG4CcdD0bZATBYfxMYjwTTtpQkpg+87llHzdKbi6+WPz9+/fZz0DIlzDJAoBsF46oA2RZEvpZz9ljrSG152/ZukjPanczP3/yO7Lf6fA78912SzK78d9mLr5YfPv27dnPQMiXcPcOFXa3DHvsfby3zwrX42fJnryEHqfidS2DsvfTn8uyDW9aPcbPfbZWTZ8hyH3S88gzXqxAuPHfZi6+WPz58+fZz0DIl/Dr16/px9gESKaTbmm3WMTxttgilkvnEavVscxKu7AqNBUcgKRUZuu1c+t1bDU6rT7Q0ipTL5omDPozWxyVduT9AHPxBScPSDP0+GOfclYUopDB+ZgtSdcUsoLk+hBcjxay08DP8F1cL5lZHGPTkio5DzlFGUJkugD35cV1m43rX16cQ2w2B+mtVgfZLZdRoiGXXGktW8UTB4BiI82wRGYz9To2rRE1Xc3O+2NAqN7HiJ/xcwSyMc3iUHmgExEmY8PPo7BUbJAaZCah0otVCaZeNORbGVFshNTLGt26R1UeoFuplQfolmbRaytdUwhLF/LG75iMLcpRsy4RG1qVmd9sjkJDa4QWu6Z9YQPKfB1b5RUIrBUlTXF3vaj9c8l3yrVlVaYCIdWKmhKrVEeKbM2MublsV49UJ6oF8KhCkLpQzdTS7h92M8o+G2M7l619QGhzqRMFzNhIU0yyC+y53T1saZWMd8XuphzHLA1dT2RcKjUpgE/bg2tmJZLC95x2WU3oxAHEpzJLYusKEwalyoPKsjQLxUaaYvJxtmyxbhQUxscgKx1HU7mJ1LTsKmVruNZsMpkv94gTAmZmVT+nvdrMLrvFF7z4M6/pqxiKjTTFJGIr7aCLmc6sCiEu2YC47CRBFmlzSrOYNq1307IqM37mz3Q7NUsLpSzNt/fOUYqNNMUCsnngK/dOdvzA79JxNwjVjL+lXXOt2GzJk1nEG2VmXt5ykqVdewUfuHNsbY5w8oA0x6RvqrILdu2OH4Ua0jj2piLTY/tu0ezVealraRbd2nca5Es5wrVup/98N3ROb6gCzNhIc9y9UPfKe0XT+z1VbFpVgDE3Wyxv5WfvIzOjsSRK5JYW7V7K0OS77txY2h3F73ODYiPNcXfNaOn7edaWCU73RzuRmc3UsjfApzpPIzArtfRZniVla/b5fN1r1S7Brihpkof8Z29nSvWznTXNj/OXJGeF9f9MAOTH5trwQKH5GQqRYiNkCq51Ty9tU3RObNreOnaWH+fMUFCfhWIjZGry5SB5WzqXc2ngv9Fxs49AsRHyjCzu3DWWcwKjzK5CsRHyTMndAkX2YSg2Qr6az/7JUWY3w+UehHw1FNTDkXJ/QgipB4qNEFIdFBshpDooNkJIdVBshJDqoNgIIdVBsRFCqoNiI4RUB8VGCKkOio0QUh0UGyGkOig2Qkh1UGyEkOqg2Agh1UGxEUKqg2IjhFQHxUYIcbXxP4NOlatHaI8FAAAAAElFTkSuQmCC""}}]}]",0.266
google/gemini-2.5-flash-lite,sample_009,0.60056,0.60056,0.481,"[{""role"": ""system"", ""content"": ""You are a marker location estimator.""}, {""role"": ""user"", ""content"": [{""type"": ""text"", ""text"": ""\nYou are given both an image and a text-based representation of the same stimulus. \nIn both, a red dot appears on a horizontal line\nThe left end of the line corresponds to 0.0, and the right end to 1.0.\n\nText representation (the dot is marked as \""\""O\""\""):\n|-.----------.--.---O-----.-------------=|\n\n\nEstimate the horizontal position of the **center** of the red dot as a decimal number between 0 and 1.\nDo not explain. Only output the final answer as a number between 0 and 1:\nFinal Answer:\n""}, {""type"": ""image_url"", ""image_url"": {""url"": ""data:image/png;base64,iVBORw0KGgoAAAANSUhEUgAAATYAAABNCAYAAAAsLkgfAAAIfElEQVR4nO2daZLTSBBGtbjbfQfg/n85CZcAzkB71cRXzhTp6pLa2GIal9+LyCjJlmQPeB6ZqkXtMAxDAwBQEd1HfwEAgKVBbABQHYgNAKoDsQFAdSA2AKgOxAYA1YHYAKA6EBsAVAdiA4DqQGwAUB2IDQCqA7EBQHUgNgCoDsQGANWB2ACgOhAbAFQHYgOA6kBsAFAdiA0AqmP10V8A7pilHpfRtstcB8BAbHCbyG6RmwutdA1kBzfQ8pQqeJf8J+L78fWpY0qSivtT21PHA1wAYoPrZKa2tF06N8rpvXZue+41gAClKPy5zKaidE4uL4+5fZ07JzS/NoKDCcjYKmDRv8KCoJI+jsdzicX9/L38++Ti6rpzqRViyM8pXesGWqRYNWRsFbCY2OYyNMnLBebbIdpccJFcWi622GayS2IrhWdzU1ndhSC2ukFsjyy2udIzCG1waR0OTesyOxxOQrN2UGvHJcll5eKZzCzSa6X9XHq53Py63H+DCShF75ztdrvMhUr3zCSpmJlJbBKYRdre73+/5sfnWZsJahRX35+21fb9+WvviW5Kclfw/Py8zJ8d/HOQsd05BwnlFqY6BrzENGElke33o8ja3a4ZtK3XguCGWJaKWH5Goa1WJ6mZ3LQf3y+J7m/IDeoEsd05e4nlWvIhGtn9s5R9eUamdrc7tYrt9tTudqewY5LkSmKzzCwJzaQ2bls0UXba1/G2/0Zu3vpnxBYeHsR25+wkm6Uytlh6ernpWZrLTBJTu902nW+r9WNiSSqsIyCJzGX29DTK7Kht3/dWInPZudhi2TqXuQEgtgcXW16G5vfSPCOT3CQyE1qS2mbTDNbqGL2XMjaFX0dYGRozNJfZ0eP5+SQ122+C5GIWN0apNHUQHNB5cN98//79+pOnhnTkmZqXmptNklcS2WbT9K+vaTuFSS9lcDonz9iC2KLMUrteNwdJTPv2WpKaZCexueAsi5sU25Xl6JcvX67/M4R/FjK2R+wRLY1XiyVoLjUTWucye31tBm2/vja9MrfNJmV0Kavz+2y52CQ1E9vBJJZaiW29PkkthDomkuB0PcvcRrGV5GafddbCw4LY7piNhHILpaEdsQRVmetSc7FJZhLbr1+pbSwkvyS3/b7pXGw2iFbZ2lHh2ZpkJrGp3e1OIbnt96c4HFLou2h8nATnmeRZWRo7EgRCAwOxPXrHQRSbj0dzsfk9NZOaRNb/+tU0Fq1CUlOoRN1uT5mW32fLMrZ0D00Z2W6X5CZ5abjK4Xg8i+MwpGEjg7ehp9Y7FtL3nCpH4eFBbI84hm3u/looQ3XPzDsNBs/IlCXafbajWhObdyY0Pr4tE1vqBJD0lI2ZvHSE4tC2v6PrmqPCMjG9P84bjd/dx7vpc0rlKDw0q8+fP3/0d4Ar+fr167Jj1+Jg3DDDIHYopMG5lpWN2ZlaSVBS817UUIqmoRr2uUlS3plg548lqO7BWRnqpahK2DRdS/JSq/Oj0PW6f84VcuP3Xyernz9/fvR3gI+aI1pYbijNGtCuRRuOS+/4+9r31/NVPuJwDxGnZWXnxf+GeP34HYrvxzYuZ+QT5C+E33+drD59+vTR3wH+zxUqSqtixNcs89G10/VD72Pr5Z+2+z5FE9qxNFQbV+DIxqHF8+K547Z9jj5P4RPo0+dPTYr37x7bC+D3XyerHz9+fPR3gCv59u3bMhlbLgitwXY8Np3dpFfbPT2l3k4N5+ien08lqZesPj9UTon3vvzaEpSNSWs18Vznh9D10rg1G8Om4+IQDx+oe9Eg3T+UPb//OqHz4I7p9T/4kr2iIQuSHmJoQEU/DKew/RRt23QxgyvcY0tZ12rVtBLben0S2ctLiu7lpelfXppGsV6niLKTUEex+SyE0sR4QccBGIjtjnlSZrOk2CQN7yjw0rPrRnl59BZd35+yOcvoUgYWZh/kGZvENmZnJrY+Cs2kl4aCWObmw0SK80UZ6gETILY7Zi0hLNErKrJ119KQD8nIosuil6SenppeWZWE5FOrJsSWylqFpGYic5m1ytyC0Ma5o6UydG4JIwfJPTzMFX3U+aJzy3/7Srm+YofNQvA5oWmuqLZ9ipXPFfWljDKxjXNF4zxRn0ZlU6rezBXNlzIKHRdvFp4UV2RtzBOtFzK2O+fqVWDn5ouG6VVJUioFvdNA8lKWJtEpU/PVPvLli+JwD5eSlax554HCJ74fQ4fBmzXZ8iXDBYtNQgHE9sj32fKyNK5+G1fQdcEp/D6aiW2cehUWnEwRS1Ef8mHSSh0Cuo7dl+tK67H5/bRQfvrg3qLMkBoEENuds6jYJp53MMotW6NtlFlct82PC0NJUm+r9ZqOK+aaxCS34gq6vuLupUuCIzYIILY7ZyUhLCU2byce5jIKTpmWS86fexAe6jKe43jGZnNGo+DGsjM+5yBKzSX23vJEiA0CdB5UwCJPqsqnV1m8KU3jYpT5U6qi1KaeUpWVmXEZojdPqbrkwS08oQoKkLE96kDd0r9npQ6FbB5o8XF8cQJ9/lzR8NyDcUqUTZeSyNLYudLj9q4RGlkbGIjtUeeMls6ZKE2TqHwVjTjZPSwoeZap5WLzqVYxc4uii/v+VCvKTrgBStFKWPSvMRNcXOGjlMW92S6tvBGzr9K9syw7G8vQyEJCu+ofArgrEBv8ZuqnMFeiliKel2daUxHfj8eXQEzwDogN5sl/HjNruZVK0DOmhmnMyQyJwRUgNlhGclPHRKYEhsxgYRAbLNujegn0aMJfBrHBbdzy80Fm8JdguAfcBnKCfxBbIgEAoB4QGwBUB2IDgOpAbABQHYgNAKoDsQFAdSA2AKgOxAYA1YHYAKA6EBsAVAdiA4DqQGwAUB2IDQCqA7EBQHUgNgCoDsQGANWB2ACgqY3/ANGl1gCCZwauAAAAAElFTkSuQmCC""}}]}, {""role"": ""assistant"", ""content"": ""0.336""}, {""role"": ""user"", ""content"": [{""type"": ""text"", ""text"": ""\nYou are given both an image and a text-based representation of the same stimulus. \nIn both, a red dot appears on a horizontal line\nThe left end of the line corresponds to 0.0, and the right end to 1.0.\n\nText representation (the dot is marked as \""\""O\""\""):\n|--------------------=-----=---O------ -.|\n\n\nEstimate the horizontal position of the **center** of the red dot as a decimal number between 0 and 1.\nDo not explain. Only output the final answer as a number between 0 and 1:\nFinal Answer:\n""}, {""type"": ""image_url"", ""image_url"": {""url"": ""data:image/png;base64,iVBORw0KGgoAAAANSUhEUgAAATYAAABNCAYAAAAsLkgfAAAI6UlEQVR4nO2dbY7aMBBA7STLxxna3v9vT9JLtL1Cd4ElqcbxpINxAl0+At73JMtJCAFV2texPWN813WdAwAoiGruLwAAcG0QGwAUB2IDgOJAbABQHIgNAIoDsQFAcSA2ACgOxAYAxYHYAKA4EBsAFAdiA4DiQGwAUByIDQCKA7EBQHEgNgAoDsQGAMWB2ACgOBAbABQHYgOA4mjm/gIAMMG1f5LEe/cZQGwAjy6znNzGhDcmLu8/9r4nxfMrVQAPLDN7PXftlKT8GcfnPOfJQGwAczIlLunHjtP35KTlT/Tp8dS1c157IBAbwCNFZ+mxtLY9PE/fMyYvnzR73d6bHufOx65NXZ8RxAZwBlf/M0nE5K24rMzSPm2WnMx8bFV1JLnuIxHdfwxn/YzCY/EA4N5iy0VlOaElzdvzXMRmWqcik94e23tORXK5Xj4vXYgYERhiAyhZbLmhp16LkgrPV4Ht9/2x9Pt9L7T93nV6Xe6xMrQRmMqrrnt5Sa9yq6peeGn0lhPcmOiuMU93BxiKApxgu91e72GZKG2IxKK4gtje33upJf2B+Oyfro3C6l5mQWp1/U9ucmwkF+6ZGr6eEp/9bNsbFouFmwMiNoAT7EUktxp+JhFaENj7e+ilddLvdr3o5DhGboMMFR1+alTWNEFoQWr22IpO783NwY1FdVOLEXr+ACA2gBO8i1QuIU3PMPNoOszUKE0lJn1o2+2/4yi30Oxcm51XE1k1UWTSv7z0fbymkhuiN+nH5uJycsssQjyi3BAbwAl2IpsrRmwHiwBplKYik367dVXsDwRn596i2EROIqpBaE2U2suLa1VuqeSS6O0ogssJLr02Nfc2I4gN4NZiS4ehKjTpVWjyGbtdL7LNppfaZuO6zSb0ck1eC9Ga3Gvn2VRsUVRd0/QyWyxC38ZezoPomuZ4eJrMvR21VHZ6Lmj/QHJj8QBggp8/f17+kFxKRzL81CitUpG9vbn67c1V0uK10EzUFt5vxRZl1RqZtctlON4vl73UVHIauYnkzLB0Um4TqSNTw9Fv3765e0PEBnCrFdFclYBZ/RyTWpDZ66vrothEcHLsNhv5QkFuwzxbErFJNNaKyERgUWgit/1220tut+vlZoemMWo7EtuY6HLDUyGVm16bAcQGMMFGZHIpaWqHzpHFYajLSK0WscXeidReX8NwVO4N92fEFqQWxdaK1FYrt9/t3P79fWitNrlHvodZaBjSRM6N3qZWS2cGsQHcY+EgFZuZWwsLA1FqtcpM2p8/zovQtL29hXs7aZrXpmLT1VAV22oVxCVt33X/mqSvdJ1rJSm4bfsm75PvZefb5Nmn5IbYAD5pDls6vxajtRCxyWKBiDOufoqwNCKTKE1k10ofWxiextdDflsiNqfDy7Z1kuEWmkRyVeX23ru99PFYrslr8l6572Ci3X5fjd7SOcKc3B5oAaH5+vXrrF8A4JH5/v37dXLX0vpPnfy3zSTmhuTc3W5oLunDKqrNY5OILX5mF6sPhtQPGXrG6K0V6WmL3ytEb7m6Vfu9LSI0vTYmNsV7N4djmt+/f9/9QwGehYuTBjLbDWmdZxebrfscakbN63I+iMcm5lqxCea1TiWXRGNpCVVYdEjOTw4x9TNzu4vY7xPvncMxzZcvX+7+oQDPwod3qMjtfGGqBKTJs8PzzeqiN3NYXs/reuiHphGTfo59ra6dN70ey1A1HMc8tnAemy4e+FP5a1MJurl/K+/dHI5pfv36dfcPBXgWfvz4cdkDMrtwhGORSNu6Kk7aV9Kapm8vL6H5xaIfliaVBuEpOsFvhqIiKBff5+S9plWSxyYJujFJ12mTe5NV0bPLq86cX5vDMSweAExQyx/7pdiCdyMJ+fMPLQ5Hq65zddsOTc5FfJIlJi1EeBp52VVReS3KyUexVauV69br0Kr12tWrlXOmhXui5Cqby6Y7fuTKqP5TaHOC2AAmeJGo5hbpHnao6b2rbBOheh9aONeITqQlVQmxIH5YFRV02CmiWi5dJ03Etlq5er12TpoIbbUKr4dk3Ri12dKqYYU1LXwXcom4Dyg1AbEBTLBcLq+3Kmon/2NybBCUCE7lJa2qQhRVx6FpHaOrkMAbKw8OxBblI+/V4WUn31ujs/W6F5rktkmLCby2KH5I65iaP5uS2YNUHAwfT60owA3rRXMF8LoLrm4iqWVVsQhei95rrUSQa9rrLh+2VlQenyboLmKSrkRmUoEgQ1ON1HSuzdaKplKbEtlEakfKHHWiAhEbwAku2gU2t8Gkik2kIoKKc2Nhdw8Zbuo8WZz0DzKTiEulprludhddjbji4oOTRYPl8qAFmdkhaLo3W05qTxKhpSA2gFvPsyVyC3lrma3Ag9C0j2Ia9mPT0iuVmt2PTYhJuZrGUcWhZpCaLhTo8DNKbdh00kjt6AdenkRkKYgN4M5iO1gl1SoEjd5keCpC0sjMDFOHonmN1ozYdLVVc9I6La8SQarMTKQ2DD81WhtLxh0TGGIDeG4aEcElTC0k2JVSG73FHDZbZqXHbuQ3D0LTRNvG7LdmFwmSxYKj3zzQZ53iwcXG4gHAvX6pKimtOvqVKvvze5qUa/tUavZ5WhKlQ8sm+Y2DJEo72gp8onLgo8z1C1UCERvALRN107ghNywVuWSGp0eiS388OalokPmxoSSq7vPaRFxDSVW6BfhUPeg5PHDUhtgAblkzmr4vNyyN1QcHhe1aD2qis6Nfgk+kaasaOlNvanfEPbjn1M4cTwxDUYAzueqfSrJtuD+1bZDt0x1DlLRawI/UesYKgtEV0Dn/I7jW5yM2gDuS+3NLJDcquNwcncWKqvpAfScRGwBchak5OO3HZJb7001LoYRzk24LArEBPIvkpo6VqUjMP1eS7SUgNoBnGq7+L/7zyMyC2AAenWv8ifrPITSFdA+AR+eTSekaxJ3jAADKAbEBQHEgNgAoDsQGAMWB2ACgOBAbABQHYgOA4kBsAFAciA0AigOxAUBxIDYAKA7EBgDFgdgAoDgQGwAUB2IDgOJAbABQHIgNAFxp/AX/qdllPni50AAAAABJRU5ErkJggg==""}}]}, {""role"": ""assistant"", ""content"": ""0.664""}, {""role"": ""user"", ""content"": [{""type"": ""text"", ""text"": ""\nYou are given both an image and a text-based representation of the same stimulus. \nIn both, a red dot appears on a horizontal line\nThe left end of the line corresponds to 0.0, and the right end to 1.0.\n\nText representation (the dot is marked as \""\""O\""\""):\n|-------------=---.-------O---.-----~----|\n\n\nEstimate the horizontal position of the **center** of the red dot as a decimal number between 0 and 1.\nDo not explain. Only output the final answer as a number between 0 and 1:\nFinal Answer:\n""}, {""type"": ""image_url"", ""image_url"": {""url"": ""data:image/png;base64,iVBORw0KGgoAAAANSUhEUgAAATYAAABNCAYAAAAsLkgfAAAIlElEQVR4nO2dYVLbSBBGR5LBJlcguf/fnCSXSLgCYGxLW994WmmJkcDYLM7ovaqukWxjvFT8tkc9Paq6rusCAEBB1F/9AQAALg1iA4DiQGwAUByIDQCKA7EBQHEgNgAoDsQGAMWB2ACgOBAbABQHYgOA4kBsAFAciA0AigOxAUBxIDYAKA7EBgDFgdgAoDgQGwAUB2IDgOJAbABQHKuv/gAAV8clbwNSVZd7L3g3iA1gSmg5weUey8nLHnvv6+GiVNylChaN/+efO556fkpUY2nNPTf1GJwNYoNlMicxjRb+fA4TVG7MyW1OgHA2TEVhWcwJrW2HUstFjrHEvMymzvVeczJDdGeB2OCq+ZQJhRNaNRaXyW1q9D8vxsKq69eC84/rx3MC9Jj4PkiFFBEbLExsuemmiWsiKn8+VQxI8uq8xDT6Y/+aXNh7vZXNvUGF2BAbFCy2qaqmi/j+JrDDIQSFzg+H/rxL5/E14ylpVf0VlYlM8tLYNMPzCdFNCs6DrE6C4gFcLS8vL5+aqQ0yMRPZfn881rjf/5WdPe/FaLKxLCyJrPNjileis2MvRPGW4N7J7e1tWDJkbHC1HCSSc5mqePopphdZim63C9VudxSdPabX+QJDEpBNP01k3Wo1eTyQnxPd5LU5QbZ2MogNrpa9pHLpCmgSUzXK0nqxvbxEocVwxya4wbU2E5vLwqLIkszieHNzFFp6PI4Smo2WySlyU1MDuZ0EYoOrZSehXLICqnE89dRoIjOZbbeh1uhDz9k01RURlK1FiUlsJrUks1ajj/Scl1w/VZ3K3gRSOxnEBuWKbaIC2gstSS3sdqGWuLbbo9S229Cl0c71mhh2zS1lbFFsLlszmWlsb29jRKnpWFKzcxNcyt76rC1XVBDI7SQoHsBV8vv37/PfJCc2q36mwoBlacrQosien0Pz/BxqHz6D80UEn7E1zVFmJjSN63U4SGTr9V/JWUhsbpray+2CWduPHz/CUiFjg7IqolOdBRajbE1hUjORdU9PoX56Cs3TU+ien0NQ6HnL2mw6axmbpKZsbbWKIpPADpLZy8tx3O2i5Nr9PrRaPuIiCk2S0/FcMcEgc3sXiA2ukq2mf5e8vmbXxUxqqRjQS01hMktjeHwM4ekpZnESW9BrbTrqMrbWxGZSU0hqu1047PexuiuhtW3bh8QY5SappWt+ryqlc90JMAtig2UUDnwngS3rsGnodhunn41lZ5LZ4+MxdKxI1926jNisaKAMrc/M2jYcum4Yql3oZ0ZhnzEuBFYgtrNBbFDmGrbx7hyjamitjC0VDTpNe11Idm0qHFQ2PVXGlsQWsz0nNqtyKgNru+4YyuSqKhzqOhya5hiSn6SXMrPWt1f5z+ynowK5nczq+/fvp/8UwCfz8+fPy1xjy/SDjlun+ulpmqJ2aTFul6arcZQA/Zo2+z3K2ExyaU1alFx6jzYzDbWpqEbf0vVKYG6tXM8Jgvu+4O/26uHh4as/A8Arzi7Wj3s63U4ecQrod/awKaEdWw+pG2e3MPK9p/bQaBePceN7nMK6iufsf61v3zrh7/Kw4O/26v7+/qs/A8DldqhwmdSr8xR67/j+br1YPE/Tv6ppQpWyLx0HH1a9VIYlfOfAatW/vtKxW8rRH7vX6XfYwtxqrrVq+Id595/ifsHf7dWfP3+++jMAvOLXr1+Xv8aWkBrqVCWtdb1ttQr1zU287qaobm5CdXs7bIS3nT0kFpvGCkkpLdmo1usQ1us4WtTrdVzHFkON6Yq0hm2wjs23V5lk44f9+Dq2Pwv+blM8gKuk0Rf8s5Z7KENLWaFkVXddaBRtG6O2SM/F11kGZ1XRJLaYdSkDS2KLIttsQnd3F+pv30JzdxfCZhOCRi87idTE5ncA8Z0H8RdQNPgIiA2ukhtlNJfeKVcykpwkt5Qh1VU1iCZFPNfzijSVjFmcCgg+Y0vTVT1Xpy4DE1tjQttsQrXZRKHF5SApa/M7fwz2bGOZx9kgNrhK1prWfUbngVvyEYWkaWjT/I26jtmijhs9p0jSiv2kJjZ77yS+OLVMYlNmJqFVXmibzbB3VOGv3Y17RAUdBx+GXlEot190qlfUyy0t1I0dCGlnj8baq/yoNW0mNr+7hzXAu6b31kS22cSWqs5lav0uH2kK2r0ltQ8K7ceC+0QFGRtcLWfvAjsWm3AbTPYN7Skzi9fJdO3LMjTJTNfENEp61rEwytis8lmnrK0vHqRja3yPu3v4KahVRX2FVrCjx9kgNljOdTaN7q5TfeZmUlM2liqiEluUk2VqJrbRfmyD5R5JisrKTGyxQDCXqaUsbdCBgNDOBrFBuWKbud7WZ20aJTZlYSY3CcwKBRKUtVG5pR9GXP+WCgj9JpNJZpLkqx10ndQGd7Q6vtlwhA+D2OBqWUkE55LrEMg1xqcpaczeJDFJTiJTIcC2Dh/f0EVY1uUW5o53yu3F5m7oMim18TF8CIoHsIw7VWVu6tIvAbH1baPe0T5D81uC+5u5CLuRi0lrfE+Dia2/By1WFxba7cLvUCUQG5S7y8fUfUVtzFVL/S4gTnSDmyfn7ivqb6/nRZZbo/aeXTvOkFxzicXN/zhMReGqOeuu5rmfnWiMj7LxO21YP6gXXq4BftR3agIb9H7qPNcQP/UZ4WzI2ODq+ZR/ouk9o9hyi3jHx+MpaKa5PnuH90wngd/V46r+R1AQiA2WxSnT07e2KhJeUm+Ff72BiD4FxAbLZmpJiI254xxjec0t4UBmnw5iAxDjr8FYcrnXeHLiIjv7MhAbwHsl9x5y8kJo/zuIDWCOj349kNmXwnIPgDkQ1D9JWikIAFAOiA0AigOxAUBxIDYAKA7EBgDFgdgAoDgQGwAUB2IDgOJAbABQHIgNAIoDsQFAcSA2ACgOxAYAxYHYAKA4EBsAFAdiA4DiQGwAEErjP5FJi7ZzfsrhAAAAAElFTkSuQmCC""}}]}, {""role"": ""assistant"", ""content"": ""0.489""}, {""role"": ""user"", ""content"": [{""type"": ""text"", ""text"": ""\nYou are given both an image and a text-based representation of the same stimulus. \nIn both, a red dot appears on a horizontal line\nThe left end of the line corresponds to 0.0, and the right end to 1.0.\n\nText representation (the dot is marked as \""\""O\""\""):\n|.---~------~----------=O-----------~----|\n\n\nEstimate the horizontal position of the **center** of the red dot as a decimal number between 0 and 1.\nDo not explain. Only output the final answer as a number between 0 and 1:\nFinal Answer:\n""}, {""type"": ""image_url"", ""image_url"": {""url"": ""data:image/png;base64,iVBORw0KGgoAAAANSUhEUgAAATYAAABNCAYAAAAsLkgfAAAIiklEQVR4nO2df3LaTAxA/YOE3KHt/f/tSXqJtmdoAgF/IyE5QlmgX+yMzfa9Gc0aFxbagVetd7Vuh2EYGgCAiuiW/gAAAHOD2ACgOhAbAFQHYgOA6kBsAFAdiA0AqgOxAUB1IDYAqA7EBgDVgdgAoDoQGwBUB2IDgOpAbABQHYgNAKoDsQFAdSA2AKgOxAYA1YHYAKA6EBsAVMdm6Q8AMAtz3bqjbefpBxYFsUFdMvvbcyWBybn8XER3l7TcpQrujviVvXV87evt0oryKp0rPYZVg9jgPshf0yiuLLHSuRJRYpeOY5tfB6sFscE6uTakzAK7FSWyyK5Ffv6lvmA1IDaYjU/5KqXhZVsS1/H4/jieu3TdrOve5OXH8ZzFcEly+fgDtEjxU2DyANYpttL1siwreRzDzrX5XJRblFPXNYOLrO/fxBbDxSbH/rooOel3gpwQ2+eA2GB5sd0adgax6XuYtFRgh8Pp8eEwPh7Cec3w5HHsOmZpEn1/EpzITcKFV5Dc1WGqg6wWh6EozMJut5uno9J1NMu8VFzy2KUlrUX7+npq4zmXXh6OShbmIhOJSbvZnFqL8TiKLw9Xra+r19/+gsfHx2n/ZvAOMjaYhYNIZCrXJgVihhYEJkKTGPb70zkRnJ/zLM7lJoShpctrEKltNie5ueD8XBRdzuCsvznkBvOC2GAWXkUoc2ZqaULApeby0gxNWhFaDDvngnt3rc2zNRGbSUzbh4e3EKF5GwR3lsXdyt5gURAbzMJeZDKVlKWdTQJEqWWZ7XZNt9uNx1Fy45DVhDmY2DQ8QzOhHR8fT8feWoySs0yuODQVENtqQGywvNhKQ9AgtXHY6bLa708is+heXprB5fby0nTyWeSan113a0pis0ztGKTmoWKz48YfxywuZ25xYkFAbovD5AFM5ufPn9M6yGK7lqlZRiYykxCR9XY8hkvOhqzFjK3vVWrHKLXttjlst82w3Y6P5dgzOJWcDU/fyW3itbZv375N+zeEM8jYYLkZ0bxWLYvNs604/DRpdc/PJ4k9PzeDHD8/q+CGl5emkZDn+LW2gtiOlq0dTGwiNBXb05O2R2n3++ZoExMqN+lLsrgot0tZm0DmthiIDSbzIiKZShRbWJPmEwU6IWDDTheaykzE9uePto2FZHE6FJXMLoptGE5SC2JTuVmmJlI77PcaIjSNw0FbXx8nM60yJB0nFXzZSJ5IgEVBbLD8xEFesxbXqMUhqF9DM6H1f/40jUUrQvNWhqi7nV53G0oZm81wjsNQEZkI7fVVl61oHI8aR5FhjFDhoMciNem/NByFxUBssOwatkvX1+KaNMm8QsY2Djc9Q3t+bo4iNRPb+BwZQvo1Nqs+0DVsvsTDMzIRmElM/iYabauh2Z3JStqxaiF+7jwcFZDbomy+fv267CeAu+f79+/zrl0L1QNx8iBGXO6hmZlFE1ufRQ1i0/Vr9niIWZxlcjpEjSFZnb2nPNbXSsRlHvHvE8/9D7nxO5yXze/fv2fuEv41Jk2sl0qo0k4ePgwcd/bwYWA41sfeushyROLzUx/xvMvWP8N4ra5UHREzudJuvFfgdzgvmy9fvszcJfxrfHiHiiiD2J46HaP194jn4nHXaUi2pOdz6VPuN8xmjq/z49h/etz6ULTweaZuacTvcF42v379mrlL+Nf48ePHx18cMzURQcysvAJhs2k6ycL6vunkOMbDw9t6NS+Etz5HOYXJA5WUrUFrbW1a6/HwoP2dlVbFNWuxrCpGnBn94DU2fofzwuQBTKaXH/Xcs6I5Y7MtiCS647HpJYZB207OeXgGZ+VPXlbl76FZl0jNxKYis4W43Xbb9E9PTSOx3Wq0dl7Wsbn0dLlHrEIoTR7AoiA2mMyD/NDnXscWllH4MFCORVxyeV6jbRtRai/nJTyjkywuVh6k3T1UavJcz8xk8a1IzWQmYmufnppOFulayHl/3tk6tlL1ASwOYoPJbOXH/lmVByYPl5EKKUqs75veMi9tJbOyWtIui83EI69XIcUMTIaiIUNToVnrQpP2rPLAF+hSL7o6qBWF5etFb9WKWuG7SioUvmutqCzUjSVWXnLlz/cqBt+yKNaKhuoDrxc9mMRUakFoKjUX4aWSKuEDWRt1ovNDxgazMGkX2Fu7e4jY7HqZTCSIYHS4aRf9VWSSabn0fI2brYHLGZtf7JdsT/qSPtvQnw5PRWxe+O5F8Hn7IrK11YLYYJ3X2eJ+bCIRryAQAYm0goi0MsFLrjxTC8PQothcbiYrl9vZrGjejy1kanFrcaS2PhAbrENsl6oQPGsToXgVgi3x0OGpiC1vPhnvgZDueeCTEDJzOu6ea20bNp4cJwdim5d45Nv1nd5g2r8DzAJig1nYyI//s+55kO9KFbM3P85C891z07bgOWuTyQgX21hDeuvmLpd2z40tLAqTB7CuO1Vdkdt4K710Q5ezzSjz7fh8wW+qPoi31/MbtcRtiMabt8Q7WV27DR93qFoVZGyw/ELd0v+t8ZZ5LjQ/J+/jWxvlnXZTfehYX+rYzGgsvRoX7UbZle4rWpKa9XkGWdviIDZYvma09Lp8zc1qPsesLQiuKLN8P9GQscWqBr8T/FgnmmtOw3MuCg2RrQ6GojArs36dCgt4VSFRWvE6XBZaztacS0PJPBng8ssym2n77w//RwA3QWywTvLXsrS90aWIf577KmVbpUzsWmbG0HP1IDa4D3L2ltsr+7q9o5Rx3dp6CJndFYgN6srkrj3nlqBuyQuZ3Q2IDe6TSzOpH+WStJDZXYLYoA7m+hojsipguQfUAUKCQLrNDgDA/YPYAKA6EBsAVAdiA4DqQGwAUB2IDQCqA7EBQHUgNgCoDsQGANWB2ACgOhAbAFQHYgOA6kBsAFAdiA0AqgOxAUB1IDYAqA7EBgBNbfwHpukVnIP1gA0AAAAASUVORK5CYII=""}}]}, {""role"": ""assistant"", ""content"": ""0.530""}, {""role"": ""user"", ""content"": [{""type"": ""text"", ""text"": ""\nYou are given both an image and a text-based representation of the same stimulus. \nIn both, a red dot appears on a horizontal line\nThe left end of the line corresponds to 0.0, and the right end to 1.0.\n\nText representation (the dot is marked as \""\""O\""\""):\n|----------~----O-=-- -------.-----------|\n\n\nEstimate the horizontal position of the **center** of the red dot as a decimal number between 0 and 1.\nDo not explain. Only output the final answer as a number between 0 and 1:\nFinal Answer:\n""}, {""type"": ""image_url"", ""image_url"": {""url"": ""data:image/png;base64,iVBORw0KGgoAAAANSUhEUgAAATYAAABNCAYAAAAsLkgfAAAIs0lEQVR4nO2d7XLaPBBGbUMg99D2/v/2SnoTbW8hX3y48yi7yqLYTmMggOacGY0EsQ1vmvfMSqu1277v+wYAoCK6S38BAIBTg9gAoDoQGwBUB2IDgOpAbABQHYgNAKoDsQFAdSA2AKgOxAYA1YHYAKA6EBsAVAdiA4DqQGwAUB2IDQCqA7EBQHUgNgCoDsQGANWB2ACgOhAbAFTH8tJfAGZwisdUtO0pvgnAVYLYblVmU3LTz8bE5e/H85EcVEbLU6puUGbx/bFxKa0or7Hx0GuAG4SI7VaEFqU2NB46rxRbKbkhqZXXQHRwgxCx3UJ0FgW23x++Nya5IamNtfLY8vwxkB5cKYjtCE7+qyummm2UVxSaj8ckV4qn694kNja2lq8wFdUdQYsM4QtgKnotYhuK0KLIXGK73cG4LQXn1yijsq5reokstig369MVhiI5Hx+ZdEBs8BUgtkuJbWwdLbTepSWBudwkNr02wfXq7bgc4TmSmUtrschC631sfT7GJWfnJuZMVZEXXBimojN5eXk5X6QmSbnIXGwmtGa7zeN2u80RXD7erxUjNQnMmo8P3nPJ+fFT63BDYvukyFar1Wl+dwAjELHNZCehnElqWVRRYBKatd76ZrPJ0lPkdhCx+ZpZFNly2fTW0nsal6LTOTF6+0yyYeg1wAVAbDPZSizHUO5Ji+tmMUqTxCSwzeZVbC8v6XVuHrXFtbdSbEFo/d3du94ll6M3X48bWIOb3D5SjgEuBGKbyUayOZYQqaVoy+UUozQXmIRmrXO5ee/T07jOZlJLzUUW2n61envt0ovRW0gyvJPcWPRWjgEuBGK7lNhGMp8xSktyc5E9P6emcf/09Pqe/UzHp1ZEbBJSjNSSzFar1HvTa/18r8itFFyZRS3FFhMMyA2uCJIHM/j9+/dp19bKJEGcakpm1tqnp2YhqZnY0vvqQ9SWIjbhEZvJKstsvX5tq1WzW6/fRBejN5++FtnTyT1w9pkH/QQ/fvw47ncIMAER21dnRCcSBh555bW0ILUks8fH12jt8bFZPD+nsSI6iVByy9cpxCZpucgktdTf3ze7l5csuXdyszW33Ib2vw1FbERucAUgthk8Pz8ff5GhrR1BamkK6kJzmUls1jeS2tNTkl/KjkpuvqctiG1fRGs7E9pus8ktyW27zQJM0ZoEV24TGdvcOyY2gAuB2C6ZOLA1sby1w9fW4pqapp8us4eHpnl8bNqHhzQtbTXWcZtN06t58iFGbJ4skLwkMQlsu03bVXLb71Pba9uINv3qHPU2JT0QW9jvhtjgWkFsX72HbWh9LW6+9WmleiUKFJGpeYT29NTsXWoWzfU2HT3Yy+Ybc/W+EgQSl1rfN1Kfmv4rdm372uy9pEUdo8oHSS1+T13PN/9OiQ25wYVZfv/+/dLf4eb4+fPnvBNjniYWspelUp7ljFs+fHOuZGcRmqarqbfXvuUjIbko0rLXXk2QMqUWge19qupjNROW+pQV1TXLaMzX1vy9GWts/N3BOVn+/fv3rB9QIyerES33sVl9qFo7VDOq6aFeh3EWY2zCZRPEmc+zlq8Zzw3fwb9rHo/dWqnEhTbxe+LvDs7J8tu3b2f9gBqZfYcKn8YV1QFx3Pr1Q0uvLZJqrfk4Twl9mvj2Jd8t9Lehz9fUuEgGpJ+HmtGDzxkrs/pkxMbfHZyT5Z8/f876ATXy69ev06yxeXTlryWdxaLpLBOpvlsum+7uLq27qW+9xUqDKJ9iKtpqnczOaVart/N1zVhapeNi8zKrsW0fY2VWsZ+Avzs4JyQPZrDQ/+DHEBb483aPGLFZplSt2++bxW7XLNTb667vm65tU0sRnL6PZOXVB8KjruXyVWSrVdNpQ+79fWoaL+7vm2a9zi0dY9UIkmgUW976MbXVwz4X4NIgthncKfo5hqFbFPn00qeJJi4t06fWts1CreuaTk2RnJqiMG0P8T1wMWLT9SQ2O66X2ExuSWrW2vU6ic73u0mSfSm2WIHwP9NQgAuC2GawVoRzisRBzIz6lg9NH9VsDS1JLExLFS0qmkqlVRKS9rppmuolVX5NE1vncpKo9L0lLpNZa5FbLrWKhfFWO9pMlVVRcQBXCrWiX10vOlZSVWz3iHf08JpQbcZNQvMyK6sTzbWiavHuHr61I5RVRYmlWtEQqXlBvEvtYPo5Fq3NkBp1onBuiNhmMvsusGPPNijvwWZTSEVaKWkgsdkaWBKaSy9KzSM2x4Vk09acPFCvZkXwqTJBMisSCe/KqD6qNCBSgysBsV3DOpuXVXnkJqmpl4QkLpeRxpp+xptNhjvresIh4zIyUXkWNF3LhBmjtHhn3ZgFzc9EGIrWBEKDKwOxXUJsU1Gb35NNvbKcJrdcID8kNLuLbl5fs+vn/W7lDSctU3ow7Syyn+VzED5MFCA3uCIQ20yWEsExjK21xUypPkPCknx8qhlvbRQf7uLnhDW23ExWSXDlMw8GtnMcTEH/J/uJ1ODKIHlwySdVTURu724VXiYY4pOrPMory55CfeiBtGJiIN4p14/56EEufu0Z8IQq+AqI2L56o+5YvWWUkkdeun58apXLLUxXY3v3XFFJrSiJSpt2bTuJy+zgmQZTUdqUzIja4IpAbF9dMzp0Tik3ycUTCjZ+dzeQeC+3sSfBx7rTkAQoaz9zraiJcHTqibzgRmAqeiQn+/WVj+Mr7vAxmGgYet+vESU09BCWkalmFps4ceZz9s0DAD4JYrsGpqan3o+tx5U/G+Kju3H8b3SGmOBGQGzXxNT9zoZk5/3YeUMR15TEyHZCJSC2Wxfd0HFDjE0ricygQhDbLTD0T3TMPxsyg8pBbLfIKf7JEBlUDNs9bhGkBDBJeNwQAEAdIDYAqA7EBgDVgdgAoDoQGwBUB2IDgOpAbABQHYgNAKoDsQFAdSA2AKgOxAYA1YHYAKA6EBsAVAdiA4DqQGwAUB2IDQCqA7EBQFMb/wCp3rrC7i21WwAAAABJRU5ErkJggg==""}}]}, {""role"": ""assistant"", ""content"": ""0.289""}, {""role"": ""user"", ""content"": [{""type"": ""text"", ""text"": ""\nYou are given both an image and a text-based representation of the same stimulus. \nIn both, a red dot appears on a horizontal line\nThe left end of the line corresponds to 0.0, and the right end to 1.0.\n\nText representation (the dot is marked as \""\""O\""\""):\n|------- ---.-O-=-----------=------------|\n\n\nEstimate the horizontal position of the **center** of the red dot as a decimal number between 0 and 1.\nDo not explain. Only output the final answer as a number between 0 and 1:\nFinal Answer:\n""}, {""type"": ""image_url"", ""image_url"": {""url"": ""data:image/png;base64,iVBORw0KGgoAAAANSUhEUgAAATYAAABNCAYAAAAsLkgfAAAIlUlEQVR4nO2da3LTMBCA5Thtegfg/n85CZcArkDzNrObXXUj5LTk0Tia75vZkeI4jinlY/V0NwzDkAAAGmJ27xsAALg2iA0AmgOxAUBzIDYAaA7EBgDNgdgAoDkQGwA0B2IDgOZAbADQHIgNAJoDsQFAcyA2AGgOxAYAzYHYAKA5EBsANAdiA4DmQGwA0ByIDQCaA7EBQHPM730DcCbXeFRF113jTgAmB2J7ZJF95FhNXn4snovkoCE6nlI1ccq/Hn8dj9eORaK0vF47VtYBHhQytqkyJq6xevmZSCkzKWuCG/scwIOB2B4lM3ORvRc1XGSnws+Ln/lIsxZggtAUvYCr/+iKLK3z1/v9m7hq9XisJqMYs1m9tBhqorui0DrkCJ8AGdtUxHYqQ4sCi7HbHeTnr0u5FUIbXGS1iOeMZXJXkBJig88Asd1LbKeanhaDy8oFttsdYr9PndX1HD/m58fLljLr+zT0fa6rzLwez60JTijFhKhggtAUPZP1en2dC430oWVJeWbmUttuc73bbrPs9FjM2gRvXpZSm88PpUWsZ9GNya0U3Rk8Pz9f+lMDOAkZ25nsRCSXMjYw4NmXS80EJqXEIOVmo5JLfkzej01SwfvMgrwGkdp8fpBbrJeiK5qot2qaAtwCxHYmW5HKtfvUTEoqKM/CTFxabjbHsV4f3hPJhWZqVWxBZMPT0yGsnqzu59Waqx9umgJMAMR2JhuRyaWEZmO16WlSU4EFmc3ktcRq9XbcszrP2uTyNhggkjoS2vNz2od6FF2UXM7gatmb3jRSg2mC2O4ltrIZakJSMVk/mjY3N5s3kYnUVqs0rFZaitjkvSRhWV0qxSZhYtubxKT0ULFZXaUmr0NTNfa9HcntSv1tALeAwYMz+Pnz52UXGJvSEUY7Y5Nz5iJbLlMv9eXyEHZcxWdZm37erq/ZmohNpGZi01gstNwtFmmwuhxzyR01T8fk9tHVCyN8+/btsp8hwAnI2D5zRLQ2xcPD+8d8kCA0O7PElss0vL5q2b++pmG5TGm10pj5YIJfJ4hNpfb0lHYmtt3Li4pMxKaSk9ebzSGDc8GZ3FKUWznv7UK5AdwKxHYGK5HJpYRVBXmSbRj59CaoCy3L7PVVy2TRudzkfB9ECGLbu9hcahLrtUpNBLcToW23B7GJ5KxvT+Um92Fy0+xtbDABYGIgtnsPHPjSKZ9kG7I171PrRWoiMJfZnz+p83K51L62Yb1Og2dtPsHX+9hiM1Riu007id3uKPb7vU46Hmzir07+tZBj1SapgNxgYiC2e8xhq0zxyBmbZF42ECAZmMpKwgYJRGJ762+T0OapSM/EptleyNjyVA/JykReEsOgIX+KHJLdWQhS6l3W1quWzVEBucGEmH/9+vXe9/BwfP/+/TpbEZV9bD5dI85Js6kfGjY510ObjCY+lZrIL85lk2zNXg9hXpuOkvZ92seQrM7qyco8zcPn7MUNKiUumNfG7x3ckvnv379v+gUtcvFAcmUQwXUwWOhrH90s6vr90mQ8tVBekFJE483JUOZ1qNb8jAvpq+/XIm5tVNuV9wT83sEtmX/58uWmX9AiZ+9QUUrg7YI55Np6/bAgvfNO+77Xeuf1uMZTwmXkwvFrWL+YXsdKrdv7+n2heen34Dt95Pv5yNrRD/5s+L2DWzL/9evXTb+gRX78+HHdeWxBDjKQMLNMaSax26XZ05P2u0nZPT+/jZz6vDUfWXVBhaaoCmw+T52MbspnPeSa5aqDGOXi+HK6h4fe9P+PjvJ7B7eEwYMz6OUf+TWIo6IiI8ueNKw5KurohyH1+72GSC+GnmtZWV4Y72tOrT+tM7GpyCReXtJssUj9y0tKHotF6haLfI5L72i6x3sTdQEmAmI7gyf5x35tsfmuHt7EnM3SzKPrNHoLf63vibQkJAuLo6KWwfn1cnZmk3D7xSJLTYXmk3VlaZVM0rVzVWxSLzO3cmkVwIRAbGewECncYrdcHwUVUVmmNRMpSYjE+l6zRZFZL+9ZFiZSisuqYlNUPufNSxWVhcgsCy0sszpaViXnnlpWVRMbkoMJwFrRKawX9dIXwYcVCDqvzXf0sMm6ea1oWC/qWxhFsR1N7ZDF7x6+CsGWTx0tiLc+t+SlbUx5zSVVrBOFW0PGds9dYCuL4X3bIZ+3JoLRQQOLnKVZ1uXCO1oEH0dHLWOTLM8HEXzwoAsyy7t7+B5tIkQXW9yb7dTGkwATAbFNoZ/NRkOPdtAVQYl8RFYutjCaqU1Jz9TCnmx5d49yuoc1YYdCknlUNIyM+vbh/+zHxrZF8CAgtomILdfDonjN3iTLkszNsy0Jl5nIzaQWn4WQsz+fp2brRbVZagKT/rsjmRVTPPJgwVjzk341mDCI7UzmIoJrMLLMKj5WTySUN5+0/i/vf/Mtw6sPdIkTb2101Ded9MysFNo/GRrPPYAHhMGDKTyp6r2twr1pGnbXjc9COJJa+Qg+f1aoP4GqfEqVH4uP43vvMXwXSI0nVMFnQMZ2z4m6tf9T/JhIpZjfptKS0qaExIXyRw9PLh7mEpdMadbmy7Ls2D99aGWG9p7QyNpgYiC2ez7VvPb5ILs8oBCXSZnYjp6REDM1XwDvE3SDnFxgvmY0rw0NEtNz/N7GRj4RGUwcmqIXcrMfn+/4UdtVoxRZ7Fcr76e2eL3Wb+ZiO5WdXSi0i/8jAPggiG1q1J6LEMtSYrWIlLtwXGOnDgQFE4em6NR4TxreVCxFVpa1a45J7JTMkBg8IGRsj0I5LaRWlvVT0kJm0DCIrZWmau28/2lKIjNoCMT2qFz614bIoGHoY3tUEBPAKNYTDQDQDogNAJoDsQFAcyA2AGgOxAYAzYHYAKA5EBsANAdiA4DmQGwA0ByIDQCaA7EBQHMgNgBoDsQGAM2B2ACgORAbADQHYgOA5kBsAJBa4y9D9omm4D6++wAAAABJRU5ErkJggg==""}}]}, {""role"": ""assistant"", ""content"": ""0.296""}, {""role"": ""user"", ""content"": [{""type"": ""text"", ""text"": ""\nYou are given both an image and a text-based representation of the same stimulus. \nIn both, a red dot appears on a horizontal line\nThe left end of the line corresponds to 0.0, and the right end to 1.0.\n\nText representation (the dot is marked as \""\""O\""\""):\n|--.---------O--=--~------------.------- |\n\n\nEstimate the horizontal position of the **center** of the red dot as a decimal number between 0 and 1.\nDo not explain. Only output the final answer as a number between 0 and 1:\nFinal Answer:\n""}, {""type"": ""image_url"", ""image_url"": {""url"": ""data:image/png;base64,iVBORw0KGgoAAAANSUhEUgAAATYAAABNCAYAAAAsLkgfAAAIfElEQVR4nO2da3LbuBJGQephew1J9v83K8kmkqzBlmyJtz4IjbRg0M5IdKwLnFPVBYqWKFnjnOnGi8M0TVMAAGiI8bM/AADA0iA2AGgOxAYAzYHYAKA5EBsANAdiA4DmQGwA0ByIDQCaA7EBQHMgNgBoDsQGAM2B2ACgORAbADQHYgOA5kBsANAciA0AmgOxAUBzIDYAaI71Z38AKHhvp/Zh+FefBOD/FsT2WVx6q4na65AdwBmI7V9SSum9xzW8xOzYvw7JAYSBu1R9MHPy8ud1XD5+T2Zl+9YxQGeQsX0UNVH5tjyuCc/jRVYelxLTY7sOgoMOIWNbitrXOCew96KGl9h74Z9fXgOgA7rP2Bb3eiGyqJLj8XROrc7PtXNyK8U1jn9aO3bnJ9/35kW30O86IEi4cRDbUmKbKzdLgVVi8I/fEts4hslkZrFa/TnW6/WcWhbnJXcliA1uHcS21LSLGaHF65vADofTsdrD4SS0wyFMdt4kV4xyZlE5kU1qXbwSns/kyhLVg6SgQbruY9vv98tcyGdZLusycZnMotgULy+nY2u96CyMJKUoLpOY2vU6t/GcWi++OcHZNa9ku91efQ2Aj6LrjO0goVzD3MCAz75KkaWYnp9jq3P288nLzTCpWZYmoaWIx5vNn+MkuSy/t+SWrg3QIl2L7UVSuZTaPLSy30yiMnGplcxmIgrOlaT5+i77Monldrs9HW82IVQEl8vVvy1LARqha7E9SyhLZWx+EMBKS5OaCWy/zzGqtXMpe4vP1+tcaSupxZCovNC223DU47u7P4JLbZabK0+jHBEbdAJiW0hquTWhqbVszESm2O3CuNuFSed2uyw5K0lz1laKLWVqJrOjxKZ2v89yO+q9fBZn/XC+LEVu0AHdDh78/Plz2b41P0hgmZrP0JLQJLbV01N+HEM/t6zO+tm82NLgQJSZxf19FNvh/j5M6Vhh2dxZeTrX33al2L59+3b5dwjwgXSbsV08Ijo3T82VoGd9aSYvySzFlNqVMrenp5jRxazOsjYTWxo4kNiOSWyHJLDDfh/ldnh5CcciNAhhEctRP2Jq00YEAwnQKN2KbbfbXXeBQmxnUzmsBPVZ2ePjSWaPj1FmaoOk9vQUM7oot+fnMJalqKRmYpPUdruYpUloMY7HOLp7PB5PMU0x4hw6yU2Zm67p57rNrTEFaIRuxbbIwEE5+dbE5krQwbKzx8eTzFIMCklNkfraNAUkZlkKy9jS6GbsX3t+PpWgSWKHaQqasBJjGGKriSJSonoYLOJn9FNAEBs0Trdiu3gOW1mK+jLUjYKObtBgUnboQjI7mtSUyaXBBGVscS5bIbYoJZWYElqS13EYwnEcw2G1OouY3SWB6edn60YVlrUJ5AaNsv769Wvoke/fv1+/hMpKRrd6IK8wcJNv/cRcSS9KSq3kV7Q587O1nSop04TdKDk9T6OdqS8t9qup9ZFEq+NX5ad99gUm6/b6twO3z/r379+hR65eI1oZRLD5Z1YC5vloviQsSsTY1hbMz+zdZs/P16j9PvpZKknzKX+t2n5tF3wfvf7twO2z/vLlS+iR/7xDhRdBTQ4uA9K14/Xd4vXBrePU8ZBKTGtjuNHQ3Lo1ov75gx2njMwf5/ewVQvl53lv992/pNe/Hbh91r9+/Qo98uPHj8te6DOpsrxLctI8tFFTLA6H2ObYbMK43Z7mqlnJquena2X5ecFJULrWZhMGLTy/uwuDxXYbr1curYpRLquqTdIVV/Sx9fq3A7dPt4MHK/1DvxS/k4dlRCYMueI08znHOE1hpdD76nG6oes4DGFM4opTPmxhvBPbkOQ0SGx3d2FME3Knh4cwPjyE1cNDCPf3p0jCM9lJpH5p1Vl/W/ygDBxAm3Qrto2ymqWWU0k8yr6KMlDHUV4W4xhWitUqjArL4jRSWlt5YBmbrm/ZmVYXJLGtJDOJ7eEhDPf3UXq2AiGuOlDY1kauLGU0FFqnW7Hd6R//taOi5ciojm0U1PWDnZWi63VYqd1swkqyckuqRhs5LcQWy1qJOGVilqFJZoMyN8msXFaV1paelaG1VQcIDhqk27WiF68XLUdFiwXw5VZFtoNHlFeaiKulVFloatO8t7OMzd7O7eyR14kmgcUlVcre7LHvb7MtjD5oATzrROGW6TZju2oX2HfWi55tKpk68+OggUIyUz+Y27ooSy1tOFlmbDHjShmfsjYbOLBBhLyNkX4f29rIBg8+YPE7wK3TtdgW62ez9aLlLh9ecBKXRGQZXLnZpCtDz8SmsH6yVMJKYnEwwfrd3F5sOVMrbvSS75sgkBo0DmJbavfcmW3Bh7ny1Ld+k0m/g67NP0t9dZaJWR+axPZqa3BXfr656B25QcN0Lba1RHApb6xAeHVbPS+4UnLFTV1ytuYzNjdJV1NDcqlpZae/ucuc1AQZG3RC14MHi9ypqrb8yd+lyt8HoXLHqupdqvx/En8/0dpdqvy5Wun5ASUod6iCW6frjO3iibq1qR9lW04HKW+M7EXm9mCbu6+ozYuLWVsaKfXLqM62JCp376gJjawNGqZ7sV10V/Paa2bkFoVUkVxVeF6I7r3yOk9XYmbRlSsf7HZ9/nMiMeiM7ktRsdhXUA4qpKVVrwYYajt5lOHxfW3lceXWenkPNnvtZ/+PAOAfg9iWovY1zpWowibh1oQ2J7a58M+x4/L1AB2B2D6Kv+mHs3ZOaJ63BFbrR0Nm0DGI7TMl99Zxjff2UUNmABHEdksl699CdgbwJojtM7nmq0dmALN0P93jU0FOAB9CmvAEANAOiA0AmgOxAUBzIDYAaA7EBgDNgdgAoDkQGwA0B2IDgOZAbADQHIgNAJoDsQFAcyA2AGgOxAYAzYHYAKA5EBsANAdiA4DmQGwAEFrjf2x+Ho4epb+CAAAAAElFTkSuQmCC""}}]}, {""role"": ""assistant"", ""content"": ""0.235""}, {""role"": ""user"", ""content"": [{""type"": ""text"", ""text"": ""\nYou are given both an image and a text-based representation of the same stimulus. \nIn both, a red dot appears on a horizontal line\nThe left end of the line corresponds to 0.0, and the right end to 1.0.\n\nText representation (the dot is marked as \""\""O\""\""):\n|----.-------------- --------O--=----~.--|\n\n\nEstimate the horizontal position of the **center** of the red dot as a decimal number between 0 and 1.\nDo not explain. Only output the final answer as a number between 0 and 1:\nFinal Answer:\n""}, {""type"": ""image_url"", ""image_url"": {""url"": ""data:image/png;base64,iVBORw0KGgoAAAANSUhEUgAAATYAAABNCAYAAAAsLkgfAAAIoElEQVR4nO2dW3LbOBBFAVIvryHJ/n+zkmwiyRbGlmQSUxfqhloI9LBFWUXgnqouUDRFs1LjM41Hgz6EEBwhhFRE9+wHIISQqaHYCCHVQbERQqqDYiOEVAfFRgipDoqNEFIdFBshpDooNkJIdVBshJDqoNgIIdVBsRFCqoNiI4RUB8VGCKkOio0QUh0UGyGkOig2Qkh1UGyEkOqg2Agh1UGxEUKqY/HsByCkKaZ+xYj3096vEig2Qr5aZiW5XRJeSV56Tr9HwZ3g+ZYqQh6E/dPS42vnzqHisgIrnSt9bhBmbIRMTS4s2147zsnlhVYD3ymJLmTnG4QZGyGP6mrm4tIYx3/PXRKbSqrrTsWWR349aFRwzNhIczzs/+VyX1+SlsrsXFuSW0lekJsKzrQhFxrQrG4C/MwESbGR5phcbOcyNCuvLPwwHD/rNfYeQGQVVGB9fxRbFukam9WF6bqkFBshtYvtUtczBBeMrLzKCyIbhoPQhuFwjcgtnsuytlDI0gLEplH4HENl5rMuqjIzQX0WjrGRptjtdtPe0HYhIaksQ1ORuff3w7FprehOuqQAmVoutcUitZBZQCvH8TOuxbHPMje5372sVis3F5ixkaYYIJEpKM1oZhmaSstDZvu9C9JGqeH4/f1wTuVWyNg0KwsqsuUytmG5PIhO2iQ9/O7OjMNNLLe5QLGRpniHVO4lX4uWdTut0KLA9vtj7Hbp2BnJnWRtKjbJ1KLIRGIxVquD0NDiuyK7KDe0XSFzUxqRG8VGmmIPmUw9A6pCKmRpSWa7neuk9dvtqeA0a5P7BBEbupYnUlut3AiZIdZrF5AFyucoN8gO9+lN1/TSeFvFUGykKSYRW2H2M2ZrIjaVVRIZpLbdurDduu7tLYoNP3MamrVZsclMJ6Q2irTG9TpFlBqO5btRcJCaZm19NoMKGuqScvKANMPv37/vv0lp0a2KTcbNNBPrRGgQWf/2FqWWAnKzmZsZZ0vZWt+7UcSGTG3cbKLUhs3GBRxLxOwNoZnbQiYVrNgmGmv78eOHmwPM2Egz3D0jWlqvZicLVGwQGsQmGRoivL7Gtn99jcduu42Ba9JYm2ZsIrYRYlsu3SDZ2rDbRZEN7+9uHIZDjGMMLB9BxqZjbi7P2hpb/kGxkWbYQiJTjq9lyzriZIFmagiRmsoMrfvvP+deX51/ezvKTcUmM7a4e5SaiA3Z2rDfR6FhVncYxxhRaiEcQp4jCm6UNXIym/rPJEKlMrNQbKQZJp04COE4caBja5Kt6Zgaup9RZiI0D6GhRWCsDZkcxt5ysZmJgyg2ZGgisiEEh6sG71OMuF6EiJGloMJVsdmqBECxEVIPk6xhy9at2W5opxkbBvYhK50ckHG2UWSG6JDFIWvb7VyADLOuqC7AhaRQbAV5jdI9HRaLQ8hxHIcTgankTp6vwUmExffv35/9DIR8CT9//rzvBqVaUO2KmrIpW2mg425BQ9avpVYmD9IYG4CcdD0bZATBYfxMYjwTTtpQkpg+87llHzdKbi6+WPz9+/fZz0DIlzDJAoBsF46oA2RZEvpZz9ljrSG152/ZukjPanczP3/yO7Lf6fA78912SzK78d9mLr5YfPv27dnPQMiXcPcOFXa3DHvsfby3zwrX42fJnryEHqfidS2DsvfTn8uyDW9aPcbPfbZWTZ8hyH3S88gzXqxAuPHfZi6+WPz58+fZz0DIl/Dr16/px9gESKaTbmm3WMTxttgilkvnEavVscxKu7AqNBUcgKRUZuu1c+t1bDU6rT7Q0ipTL5omDPozWxyVduT9AHPxBScPSDP0+GOfclYUopDB+ZgtSdcUsoLk+hBcjxay08DP8F1cL5lZHGPTkio5DzlFGUJkugD35cV1m43rX16cQ2w2B+mtVgfZLZdRoiGXXGktW8UTB4BiI82wRGYz9To2rRE1Xc3O+2NAqN7HiJ/xcwSyMc3iUHmgExEmY8PPo7BUbJAaZCah0otVCaZeNORbGVFshNTLGt26R1UeoFuplQfolmbRaytdUwhLF/LG75iMLcpRsy4RG1qVmd9sjkJDa4QWu6Z9YQPKfB1b5RUIrBUlTXF3vaj9c8l3yrVlVaYCIdWKmhKrVEeKbM2MublsV49UJ6oF8KhCkLpQzdTS7h92M8o+G2M7l619QGhzqRMFzNhIU0yyC+y53T1saZWMd8XuphzHLA1dT2RcKjUpgE/bg2tmJZLC95x2WU3oxAHEpzJLYusKEwalyoPKsjQLxUaaYvJxtmyxbhQUxscgKx1HU7mJ1LTsKmVruNZsMpkv94gTAmZmVT+nvdrMLrvFF7z4M6/pqxiKjTTFJGIr7aCLmc6sCiEu2YC47CRBFmlzSrOYNq1307IqM37mz3Q7NUsLpSzNt/fOUYqNNMUCsnngK/dOdvzA79JxNwjVjL+lXXOt2GzJk1nEG2VmXt5ykqVdewUfuHNsbY5w8oA0x6RvqrILdu2OH4Ua0jj2piLTY/tu0ezVealraRbd2nca5Es5wrVup/98N3ROb6gCzNhIc9y9UPfKe0XT+z1VbFpVgDE3Wyxv5WfvIzOjsSRK5JYW7V7K0OS77txY2h3F73ODYiPNcXfNaOn7edaWCU73RzuRmc3UsjfApzpPIzArtfRZniVla/b5fN1r1S7Brihpkof8Z29nSvWznTXNj/OXJGeF9f9MAOTH5trwQKH5GQqRYiNkCq51Ty9tU3RObNreOnaWH+fMUFCfhWIjZGry5SB5WzqXc2ngv9Fxs49AsRHyjCzu3DWWcwKjzK5CsRHyTMndAkX2YSg2Qr6az/7JUWY3w+UehHw1FNTDkXJ/QgipB4qNEFIdFBshpDooNkJIdVBshJDqoNgIIdVBsRFCqoNiI4RUB8VGCKkOio0QUh0UGyGkOig2Qkh1UGyEkOqg2Agh1UGxEUKqg2IjhFQHxUYIcbXxP4NOlatHaI8FAAAAAElFTkSuQmCC""}}]}, {""role"": ""assistant"", ""content"": ""0.266""}, {""role"": ""user"", ""content"": [{""type"": ""text"", ""text"": ""\nYou are given both an image and a text-based representation of the same stimulus. \nIn both, a red dot appears on a horizontal line\nThe left end of the line corresponds to 0.0, and the right end to 1.0.\n\nText representation (the dot is marked as \""\""O\""\""):\n|------. --------.------O ---------------|\n\n\nEstimate the horizontal position of the **center** of the red dot as a decimal number between 0 and 1.\nDo not explain. Only output the final answer as a number between 0 and 1:\nFinal Answer:\n""}, {""type"": ""image_url"", ""image_url"": {""url"": ""data:image/png;base64,iVBORw0KGgoAAAANSUhEUgAAATYAAABNCAYAAAAsLkgfAAAInElEQVR4nO2df1LbPBBAZTsQeoa29/+3J+klaI/QEJI4/mbXWn2LKgMtonHEezMayU5sUoa87uqXu2mapgAA0BD9pT8AAEBtEBsANAdiA4DmQGwA0ByIDQCaA7EBQHMgNgBoDsQGAM2B2ACgORAbADQHYgOA5kBsANAciA0AmgOxAUBzIDYAaA7EBgDNgdgAoDkQGwA0B2IDgObYXPoDAFSj1uM7uq7OfeBiIDZoT2Z/KzgTWn49ors6Op5SBVeL/9O1dulc3s5F5Y+X2s+dg9WB2KAdmUltpfR6SVC5yPLzpfeVjmFVIDa4bqG9puTXl6Tly3PnfO1BdKsCsUFV3vXPaZqC6qMkr/N5Ltb2tV3jycXlS98/OZ7+VHJ/SIcUq8PgAVyH2EpRmheYlHHUurNjez2P3HJpmcikLrSnTHS1BYfY6oPYYJ1iy+8T5aT3jzLrcqFJPY5hisfS7rz87FZ5dNb3s7ysDMPTY19eEpwHYV0MUlGoxuFwqH9TF2l1WdppIlOBnU4hnE7zOWnLOXs9T0l9FCZSG4b/61hSe0l0XowVIrfb29sqvy6YIWKDaowikVoURjZVbD4SiyLrjscwSft4nKV2POr5KdZPUlIXsamsosRUZJvN3N5s5vOxTm0X0f1x9Ab/FMQG1TiJVN6pT82kpkKzaCzKLJXDIdXBJBejt6LYnNREXFpubmaJxeNgx150udy85AzkdlEQG1TjKDJ5rxFQ16cmaacWk9nhEHqpHx/TsUkupacxapOeF4nUUjGhbTbhLBIrlCQ3KxbhmeDylBSpXRzEBqsV22/RmovUei+1x8cwPT6Gfr9XuclxkCKRm0VtJrYYsanUhiGcndTOt7daVGixHex4QXC/9bsJpKQXh8EDqML9/X29m/npGSI0aUepWZ9a76K0Yb9XqfUPDyo1bUv0JkUE6NLRJDaRWhSbl9ooIttu5+PtVgVnxST3RGxebm/sa/v69Wu93+EHh4gN1jUims9Xi5GWCi2moL2JLUpsEqHt92HY7cK034fw8BBClJv2tUmJaayKre/DWcpmE0aR2s2NCk1ENorUDgdtn4/HWW6nUyoiN5WaCM6NohYHEwwit38OYoMqPIpEKtJlfWs+BdUSpSbR2rTbhUFkttup1DppS5H3WDoa+9lEbCo1F62J3ERo4+EwFxHa6TSXcdRi8+N0jpzITdqvidrgIiA2WF//mojNTaw1sVlaKVIbYgqqAhOZ7Xah+/VLpaZtEZ4UGyH1qajrX0tp6OkURinjGMZpSkWm9eo1cfKxxpPxc03yGUVuUiO2VYHYYF1z2HwqaqOg53Po4yCARGAyP00HBqTEvrSz1DJ4EPvaNCWNYusysdlkXB00kIjsfA7nKLGx68LY93PddXN0F4V1trlv+d5tUir1s0EdNl++fKl0K/jIfPv2re7uHT4VtRUEllLadI845WNyRWSX6jhq6iM2vb0ISEZD3SoEFZ2lni4F9amoCFBTUUk9pTaB+Xlyb5jTxnexHpufP39WvB18VKqvEXVLqDQF9EuqbM2oTeGwtNDVxWIL4PP7WIrqP0b+sfy/0SI//3mXju3nvQK+i/XYfP78ueLt4KPy5h0q7MtvInD3k3t3WXqXjqXd9/Ox1EuL1+1n2GTauISqi1M3umHQks77Ec/4WufWjKafv7S06i8iNr6L9dj8+PGj4u3go/L9+/c6N3Lz16wtWuijjPpCETlZkWkYnUzFkDTVdvQQsbiIzaSl79tuQ+dKb3PXYq3TOqzYMis/GlqapPuXfWx8F+vB4AFUYZAveC0k7RRJWB+byCgKTtLRfprCMI5zkQGFcdTBBa3lWrlG7iORlUjI5rHJa3Fyrorw5ib0JrG7O5XacHcXwqdPIUjtZSe1TdA1yXm5laI3uBiIDapwI1/2WmRbFGkaGCOivuv0YbgiMKkHkZw71tdFhFFcaeVBFrHJ631cOqViE6ltt7PQ7u6S0HSirpy399rKg3xrI78gXkBsFwWxQRW28uWv/UwD1/FvfVydpaAiuSi6IbYlauxFWFJub1VMNnqaNpoU8cVRUZOVTri1dDRGbio0Wzvq14s+t5yqtF40b8M/gbWisK71ooUlVaVdPWz1wZO1onEZlda2w4eJzW1ZZLt66ORcm6AbRSYrECY7dlGaSW1x66I3bjrJOtG6ELFBNarsAlt4tkESm6SXIqkYlaWUMqaVEqXp7h4SedkebZnYVDYx2pJrbLChk2tjsUXvZ7ejx5M92V7aLtx+DlwMxAbr72fzE3VFaLK8yo2E6iCAyUn6x2zDybiDrl7nxeame2g/m5ObHduGk2nTyWwU9FUPeIGLgdhgfWJbitokQrMddG3+WYzi0kCBi9TyTSaFNN/N75wbJSb3sOMkM6vdsxFeFaUht4uC2KAaG5FNDRaWV/nH6qmwbNqGtEVslnbasw4sWnNPqEoichNv88gspZ0+Qlua0oHUVgmDB7DeJ1VlzwNND3NZekqV22E3vW7vN7IHuSRpZemmf13fszRPrYLQeEJVfYjYYF0TdZfWXvpF5m5+W3quqERu1nZCSzI04kOSLSXVqC3KLS3H8o/bKz2s5TX9aURtFwWxwbrWjObXZ2lpGlAQ2VjfmQnObXP025Pg3f1tVUKK3GyNqUnMH9vT4kk7rwpSUajOu/xJWed/vl9btoX4k3O+ePI+snwuWva6is2u8/dYw38EUASxwbp5blugksBKQiuJzernSv7eEohplSA2uB5e6n8rtZ9jSWBLMkNiVwNig+uktLb0uXaJUmqJzJoAscF189IOtq+hJC+EdtUgNmiHt/wpI7KmYLoHtANygkjcZwUAoB0QGwA0B2IDgOZAbADQHIgNAJoDsQFAcyA2AGgOxAYAzYHYAKA5EBsANAdiA4DmQGwA0ByIDQCaA7EBQHMgNgBoDsQGAM2B2AAgtMZ/tUFVB4B3SsEAAAAASUVORK5CYII=""}}]}]",0.481
google/gemini-2.5-flash-lite,sample_010,0.65404,0.65404,0.489,"[{""role"": ""system"", ""content"": ""You are a marker location estimator.""}, {""role"": ""user"", ""content"": [{""type"": ""text"", ""text"": ""\nYou are given both an image and a text-based representation of the same stimulus. \nIn both, a red dot appears on a horizontal line\nThe left end of the line corresponds to 0.0, and the right end to 1.0.\n\nText representation (the dot is marked as \""\""O\""\""):\n|-.----------.--.---O-----.-------------=|\n\n\nEstimate the horizontal position of the **center** of the red dot as a decimal number between 0 and 1.\nDo not explain. Only output the final answer as a number between 0 and 1:\nFinal Answer:\n""}, {""type"": ""image_url"", ""image_url"": {""url"": ""data:image/png;base64,iVBORw0KGgoAAAANSUhEUgAAATYAAABNCAYAAAAsLkgfAAAIfElEQVR4nO2daZLTSBBGtbjbfQfg/n85CZcAzkB71cRXzhTp6pLa2GIal9+LyCjJlmQPeB6ZqkXtMAxDAwBQEd1HfwEAgKVBbABQHYgNAKoDsQFAdSA2AKgOxAYA1YHYAKA6EBsAVAdiA4DqQGwAUB2IDQCqA7EBQHUgNgCoDsQGANWB2ACgOhAbAFQHYgOA6kBsAFAdiA0AqmP10V8A7pilHpfRtstcB8BAbHCbyG6RmwutdA1kBzfQ8pQqeJf8J+L78fWpY0qSivtT21PHA1wAYoPrZKa2tF06N8rpvXZue+41gAClKPy5zKaidE4uL4+5fZ07JzS/NoKDCcjYKmDRv8KCoJI+jsdzicX9/L38++Ti6rpzqRViyM8pXesGWqRYNWRsFbCY2OYyNMnLBebbIdpccJFcWi622GayS2IrhWdzU1ndhSC2ukFsjyy2udIzCG1waR0OTesyOxxOQrN2UGvHJcll5eKZzCzSa6X9XHq53Py63H+DCShF75ztdrvMhUr3zCSpmJlJbBKYRdre73+/5sfnWZsJahRX35+21fb9+WvviW5Kclfw/Py8zJ8d/HOQsd05BwnlFqY6BrzENGElke33o8ja3a4ZtK3XguCGWJaKWH5Goa1WJ6mZ3LQf3y+J7m/IDeoEsd05e4nlWvIhGtn9s5R9eUamdrc7tYrt9tTudqewY5LkSmKzzCwJzaQ2bls0UXba1/G2/0Zu3vpnxBYeHsR25+wkm6Uytlh6ernpWZrLTBJTu902nW+r9WNiSSqsIyCJzGX29DTK7Kht3/dWInPZudhi2TqXuQEgtgcXW16G5vfSPCOT3CQyE1qS2mbTDNbqGL2XMjaFX0dYGRozNJfZ0eP5+SQ122+C5GIWN0apNHUQHNB5cN98//79+pOnhnTkmZqXmptNklcS2WbT9K+vaTuFSS9lcDonz9iC2KLMUrteNwdJTPv2WpKaZCexueAsi5sU25Xl6JcvX67/M4R/FjK2R+wRLY1XiyVoLjUTWucye31tBm2/vja9MrfNJmV0Kavz+2y52CQ1E9vBJJZaiW29PkkthDomkuB0PcvcRrGV5GafddbCw4LY7piNhHILpaEdsQRVmetSc7FJZhLbr1+pbSwkvyS3/b7pXGw2iFbZ2lHh2ZpkJrGp3e1OIbnt96c4HFLou2h8nATnmeRZWRo7EgRCAwOxPXrHQRSbj0dzsfk9NZOaRNb/+tU0Fq1CUlOoRN1uT5mW32fLMrZ0D00Z2W6X5CZ5abjK4Xg8i+MwpGEjg7ehp9Y7FtL3nCpH4eFBbI84hm3u/looQ3XPzDsNBs/IlCXafbajWhObdyY0Pr4tE1vqBJD0lI2ZvHSE4tC2v6PrmqPCMjG9P84bjd/dx7vpc0rlKDw0q8+fP3/0d4Ar+fr167Jj1+Jg3DDDIHYopMG5lpWN2ZlaSVBS817UUIqmoRr2uUlS3plg548lqO7BWRnqpahK2DRdS/JSq/Oj0PW6f84VcuP3Xyernz9/fvR3gI+aI1pYbijNGtCuRRuOS+/4+9r31/NVPuJwDxGnZWXnxf+GeP34HYrvxzYuZ+QT5C+E33+drD59+vTR3wH+zxUqSqtixNcs89G10/VD72Pr5Z+2+z5FE9qxNFQbV+DIxqHF8+K547Z9jj5P4RPo0+dPTYr37x7bC+D3XyerHz9+fPR3gCv59u3bMhlbLgitwXY8Np3dpFfbPT2l3k4N5+ien08lqZesPj9UTon3vvzaEpSNSWs18Vznh9D10rg1G8Om4+IQDx+oe9Eg3T+UPb//OqHz4I7p9T/4kr2iIQuSHmJoQEU/DKew/RRt23QxgyvcY0tZ12rVtBLben0S2ctLiu7lpelfXppGsV6niLKTUEex+SyE0sR4QccBGIjtjnlSZrOk2CQN7yjw0rPrRnl59BZd35+yOcvoUgYWZh/kGZvENmZnJrY+Cs2kl4aCWObmw0SK80UZ6gETILY7Zi0hLNErKrJ119KQD8nIosuil6SenppeWZWE5FOrJsSWylqFpGYic5m1ytyC0Ma5o6UydG4JIwfJPTzMFX3U+aJzy3/7Srm+YofNQvA5oWmuqLZ9ipXPFfWljDKxjXNF4zxRn0ZlU6rezBXNlzIKHRdvFp4UV2RtzBOtFzK2O+fqVWDn5ouG6VVJUioFvdNA8lKWJtEpU/PVPvLli+JwD5eSlax554HCJ74fQ4fBmzXZ8iXDBYtNQgHE9sj32fKyNK5+G1fQdcEp/D6aiW2cehUWnEwRS1Ef8mHSSh0Cuo7dl+tK67H5/bRQfvrg3qLMkBoEENuds6jYJp53MMotW6NtlFlct82PC0NJUm+r9ZqOK+aaxCS34gq6vuLupUuCIzYIILY7ZyUhLCU2byce5jIKTpmWS86fexAe6jKe43jGZnNGo+DGsjM+5yBKzSX23vJEiA0CdB5UwCJPqsqnV1m8KU3jYpT5U6qi1KaeUpWVmXEZojdPqbrkwS08oQoKkLE96kDd0r9npQ6FbB5o8XF8cQJ9/lzR8NyDcUqUTZeSyNLYudLj9q4RGlkbGIjtUeeMls6ZKE2TqHwVjTjZPSwoeZap5WLzqVYxc4uii/v+VCvKTrgBStFKWPSvMRNcXOGjlMW92S6tvBGzr9K9syw7G8vQyEJCu+ofArgrEBv8ZuqnMFeiliKel2daUxHfj8eXQEzwDogN5sl/HjNruZVK0DOmhmnMyQyJwRUgNlhGclPHRKYEhsxgYRAbLNujegn0aMJfBrHBbdzy80Fm8JdguAfcBnKCfxBbIgEAoB4QGwBUB2IDgOpAbABQHYgNAKoDsQFAdSA2AKgOxAYA1YHYAKA6EBsAVAdiA4DqQGwAUB2IDQCqA7EBQHUgNgCoDsQGANWB2ACgqY3/ANGl1gCCZwauAAAAAElFTkSuQmCC""}}]}, {""role"": ""assistant"", ""content"": ""0.336""}, {""role"": ""user"", ""content"": [{""type"": ""text"", ""text"": ""\nYou are given both an image and a text-based representation of the same stimulus. \nIn both, a red dot appears on a horizontal line\nThe left end of the line corresponds to 0.0, and the right end to 1.0.\n\nText representation (the dot is marked as \""\""O\""\""):\n|--------------------=-----=---O------ -.|\n\n\nEstimate the horizontal position of the **center** of the red dot as a decimal number between 0 and 1.\nDo not explain. Only output the final answer as a number between 0 and 1:\nFinal Answer:\n""}, {""type"": ""image_url"", ""image_url"": {""url"": ""data:image/png;base64,iVBORw0KGgoAAAANSUhEUgAAATYAAABNCAYAAAAsLkgfAAAI6UlEQVR4nO2dbY7aMBBA7STLxxna3v9vT9JLtL1Cd4ElqcbxpINxAl0+At73JMtJCAFV2texPWN813WdAwAoiGruLwAAcG0QGwAUB2IDgOJAbABQHIgNAIoDsQFAcSA2ACgOxAYAxYHYAKA4EBsAFAdiA4DiQGwAUByIDQCKA7EBQHEgNgAoDsQGAMWB2ACgOBAbABQHYgOA4mjm/gIAMMG1f5LEe/cZQGwAjy6znNzGhDcmLu8/9r4nxfMrVQAPLDN7PXftlKT8GcfnPOfJQGwAczIlLunHjtP35KTlT/Tp8dS1c157IBAbwCNFZ+mxtLY9PE/fMyYvnzR73d6bHufOx65NXZ8RxAZwBlf/M0nE5K24rMzSPm2WnMx8bFV1JLnuIxHdfwxn/YzCY/EA4N5iy0VlOaElzdvzXMRmWqcik94e23tORXK5Xj4vXYgYERhiAyhZbLmhp16LkgrPV4Ht9/2x9Pt9L7T93nV6Xe6xMrQRmMqrrnt5Sa9yq6peeGn0lhPcmOiuMU93BxiKApxgu91e72GZKG2IxKK4gtje33upJf2B+Oyfro3C6l5mQWp1/U9ucmwkF+6ZGr6eEp/9bNsbFouFmwMiNoAT7EUktxp+JhFaENj7e+ilddLvdr3o5DhGboMMFR1+alTWNEFoQWr22IpO783NwY1FdVOLEXr+ACA2gBO8i1QuIU3PMPNoOszUKE0lJn1o2+2/4yi30Oxcm51XE1k1UWTSv7z0fbymkhuiN+nH5uJycsssQjyi3BAbwAl2IpsrRmwHiwBplKYik367dVXsDwRn596i2EROIqpBaE2U2suLa1VuqeSS6O0ogssJLr02Nfc2I4gN4NZiS4ehKjTpVWjyGbtdL7LNppfaZuO6zSb0ck1eC9Ga3Gvn2VRsUVRd0/QyWyxC38ZezoPomuZ4eJrMvR21VHZ6Lmj/QHJj8QBggp8/f17+kFxKRzL81CitUpG9vbn67c1V0uK10EzUFt5vxRZl1RqZtctlON4vl73UVHIauYnkzLB0Um4TqSNTw9Fv3765e0PEBnCrFdFclYBZ/RyTWpDZ66vrothEcHLsNhv5QkFuwzxbErFJNNaKyERgUWgit/1220tut+vlZoemMWo7EtuY6HLDUyGVm16bAcQGMMFGZHIpaWqHzpHFYajLSK0WscXeidReX8NwVO4N92fEFqQWxdaK1FYrt9/t3P79fWitNrlHvodZaBjSRM6N3qZWS2cGsQHcY+EgFZuZWwsLA1FqtcpM2p8/zovQtL29hXs7aZrXpmLT1VAV22oVxCVt33X/mqSvdJ1rJSm4bfsm75PvZefb5Nmn5IbYAD5pDls6vxajtRCxyWKBiDOufoqwNCKTKE1k10ofWxiextdDflsiNqfDy7Z1kuEWmkRyVeX23ru99PFYrslr8l6572Ci3X5fjd7SOcKc3B5oAaH5+vXrrF8A4JH5/v37dXLX0vpPnfy3zSTmhuTc3W5oLunDKqrNY5OILX5mF6sPhtQPGXrG6K0V6WmL3ytEb7m6Vfu9LSI0vTYmNsV7N4djmt+/f9/9QwGehYuTBjLbDWmdZxebrfscakbN63I+iMcm5lqxCea1TiWXRGNpCVVYdEjOTw4x9TNzu4vY7xPvncMxzZcvX+7+oQDPwod3qMjtfGGqBKTJs8PzzeqiN3NYXs/reuiHphGTfo59ra6dN70ey1A1HMc8tnAemy4e+FP5a1MJurl/K+/dHI5pfv36dfcPBXgWfvz4cdkDMrtwhGORSNu6Kk7aV9Kapm8vL6H5xaIfliaVBuEpOsFvhqIiKBff5+S9plWSxyYJujFJ12mTe5NV0bPLq86cX5vDMSweAExQyx/7pdiCdyMJ+fMPLQ5Hq65zddsOTc5FfJIlJi1EeBp52VVReS3KyUexVauV69br0Kr12tWrlXOmhXui5Cqby6Y7fuTKqP5TaHOC2AAmeJGo5hbpHnao6b2rbBOheh9aONeITqQlVQmxIH5YFRV02CmiWi5dJ03Etlq5er12TpoIbbUKr4dk3Ri12dKqYYU1LXwXcom4Dyg1AbEBTLBcLq+3Kmon/2NybBCUCE7lJa2qQhRVx6FpHaOrkMAbKw8OxBblI+/V4WUn31ujs/W6F5rktkmLCby2KH5I65iaP5uS2YNUHAwfT60owA3rRXMF8LoLrm4iqWVVsQhei95rrUSQa9rrLh+2VlQenyboLmKSrkRmUoEgQ1ON1HSuzdaKplKbEtlEakfKHHWiAhEbwAku2gU2t8Gkik2kIoKKc2Nhdw8Zbuo8WZz0DzKTiEulprludhddjbji4oOTRYPl8qAFmdkhaLo3W05qTxKhpSA2gFvPsyVyC3lrma3Ag9C0j2Ia9mPT0iuVmt2PTYhJuZrGUcWhZpCaLhTo8DNKbdh00kjt6AdenkRkKYgN4M5iO1gl1SoEjd5keCpC0sjMDFOHonmN1ozYdLVVc9I6La8SQarMTKQ2DD81WhtLxh0TGGIDeG4aEcElTC0k2JVSG73FHDZbZqXHbuQ3D0LTRNvG7LdmFwmSxYKj3zzQZ53iwcXG4gHAvX6pKimtOvqVKvvze5qUa/tUavZ5WhKlQ8sm+Y2DJEo72gp8onLgo8z1C1UCERvALRN107ghNywVuWSGp0eiS388OalokPmxoSSq7vPaRFxDSVW6BfhUPeg5PHDUhtgAblkzmr4vNyyN1QcHhe1aD2qis6Nfgk+kaasaOlNvanfEPbjn1M4cTwxDUYAzueqfSrJtuD+1bZDt0x1DlLRawI/UesYKgtEV0Dn/I7jW5yM2gDuS+3NLJDcquNwcncWKqvpAfScRGwBchak5OO3HZJb7001LoYRzk24LArEBPIvkpo6VqUjMP1eS7SUgNoBnGq7+L/7zyMyC2AAenWv8ifrPITSFdA+AR+eTSekaxJ3jAADKAbEBQHEgNgAoDsQGAMWB2ACgOBAbABQHYgOA4kBsAFAciA0AigOxAUBxIDYAKA7EBgDFgdgAoDgQGwAUB2IDgOJAbABQHIgNAFxp/AX/qdllPni50AAAAABJRU5ErkJggg==""}}]}, {""role"": ""assistant"", ""content"": ""0.664""}, {""role"": ""user"", ""content"": [{""type"": ""text"", ""text"": ""\nYou are given both an image and a text-based representation of the same stimulus. \nIn both, a red dot appears on a horizontal line\nThe left end of the line corresponds to 0.0, and the right end to 1.0.\n\nText representation (the dot is marked as \""\""O\""\""):\n|-------------=---.-------O---.-----~----|\n\n\nEstimate the horizontal position of the **center** of the red dot as a decimal number between 0 and 1.\nDo not explain. Only output the final answer as a number between 0 and 1:\nFinal Answer:\n""}, {""type"": ""image_url"", ""image_url"": {""url"": ""data:image/png;base64,iVBORw0KGgoAAAANSUhEUgAAATYAAABNCAYAAAAsLkgfAAAIlElEQVR4nO2dYVLbSBBGR5LBJlcguf/fnCSXSLgCYGxLW994WmmJkcDYLM7ovaqukWxjvFT8tkc9Paq6rusCAEBB1F/9AQAALg1iA4DiQGwAUByIDQCKA7EBQHEgNgAoDsQGAMWB2ACgOBAbABQHYgOA4kBsAFAciA0AigOxAUBxIDYAKA7EBgDFgdgAoDgQGwAUB2IDgOJAbABQHKuv/gAAV8clbwNSVZd7L3g3iA1gSmg5weUey8nLHnvv6+GiVNylChaN/+efO556fkpUY2nNPTf1GJwNYoNlMicxjRb+fA4TVG7MyW1OgHA2TEVhWcwJrW2HUstFjrHEvMymzvVeczJDdGeB2OCq+ZQJhRNaNRaXyW1q9D8vxsKq69eC84/rx3MC9Jj4PkiFFBEbLExsuemmiWsiKn8+VQxI8uq8xDT6Y/+aXNh7vZXNvUGF2BAbFCy2qaqmi/j+JrDDIQSFzg+H/rxL5/E14ylpVf0VlYlM8tLYNMPzCdFNCs6DrE6C4gFcLS8vL5+aqQ0yMRPZfn881rjf/5WdPe/FaLKxLCyJrPNjileis2MvRPGW4N7J7e1tWDJkbHC1HCSSc5mqePopphdZim63C9VudxSdPabX+QJDEpBNP01k3Wo1eTyQnxPd5LU5QbZ2MogNrpa9pHLpCmgSUzXK0nqxvbxEocVwxya4wbU2E5vLwqLIkszieHNzFFp6PI4Smo2WySlyU1MDuZ0EYoOrZSehXLICqnE89dRoIjOZbbeh1uhDz9k01RURlK1FiUlsJrUks1ajj/Scl1w/VZ3K3gRSOxnEBuWKbaIC2gstSS3sdqGWuLbbo9S229Cl0c71mhh2zS1lbFFsLlszmWlsb29jRKnpWFKzcxNcyt76rC1XVBDI7SQoHsBV8vv37/PfJCc2q36mwoBlacrQosien0Pz/BxqHz6D80UEn7E1zVFmJjSN63U4SGTr9V/JWUhsbpray+2CWduPHz/CUiFjg7IqolOdBRajbE1hUjORdU9PoX56Cs3TU+ien0NQ6HnL2mw6axmbpKZsbbWKIpPADpLZy8tx3O2i5Nr9PrRaPuIiCk2S0/FcMcEgc3sXiA2ukq2mf5e8vmbXxUxqqRjQS01hMktjeHwM4ekpZnESW9BrbTrqMrbWxGZSU0hqu1047PexuiuhtW3bh8QY5SappWt+ryqlc90JMAtig2UUDnwngS3rsGnodhunn41lZ5LZ4+MxdKxI1926jNisaKAMrc/M2jYcum4Yql3oZ0ZhnzEuBFYgtrNBbFDmGrbx7hyjamitjC0VDTpNe11Idm0qHFQ2PVXGlsQWsz0nNqtyKgNru+4YyuSqKhzqOhya5hiSn6SXMrPWt1f5z+ynowK5nczq+/fvp/8UwCfz8+fPy1xjy/SDjlun+ulpmqJ2aTFul6arcZQA/Zo2+z3K2ExyaU1alFx6jzYzDbWpqEbf0vVKYG6tXM8Jgvu+4O/26uHh4as/A8Arzi7Wj3s63U4ecQrod/awKaEdWw+pG2e3MPK9p/bQaBePceN7nMK6iufsf61v3zrh7/Kw4O/26v7+/qs/A8DldqhwmdSr8xR67/j+br1YPE/Tv6ppQpWyLx0HH1a9VIYlfOfAatW/vtKxW8rRH7vX6XfYwtxqrrVq+Id595/ifsHf7dWfP3+++jMAvOLXr1+Xv8aWkBrqVCWtdb1ttQr1zU287qaobm5CdXs7bIS3nT0kFpvGCkkpLdmo1usQ1us4WtTrdVzHFkON6Yq0hm2wjs23V5lk44f9+Dq2Pwv+blM8gKuk0Rf8s5Z7KENLWaFkVXddaBRtG6O2SM/F11kGZ1XRJLaYdSkDS2KLIttsQnd3F+pv30JzdxfCZhOCRi87idTE5ncA8Z0H8RdQNPgIiA2ukhtlNJfeKVcykpwkt5Qh1VU1iCZFPNfzijSVjFmcCgg+Y0vTVT1Xpy4DE1tjQttsQrXZRKHF5SApa/M7fwz2bGOZx9kgNrhK1prWfUbngVvyEYWkaWjT/I26jtmijhs9p0jSiv2kJjZ77yS+OLVMYlNmJqFVXmibzbB3VOGv3Y17RAUdBx+GXlEot190qlfUyy0t1I0dCGlnj8baq/yoNW0mNr+7hzXAu6b31kS22cSWqs5lav0uH2kK2r0ltQ8K7ceC+0QFGRtcLWfvAjsWm3AbTPYN7Skzi9fJdO3LMjTJTNfENEp61rEwytis8lmnrK0vHqRja3yPu3v4KahVRX2FVrCjx9kgNljOdTaN7q5TfeZmUlM2liqiEluUk2VqJrbRfmyD5R5JisrKTGyxQDCXqaUsbdCBgNDOBrFBuWKbud7WZ20aJTZlYSY3CcwKBRKUtVG5pR9GXP+WCgj9JpNJZpLkqx10ndQGd7Q6vtlwhA+D2OBqWUkE55LrEMg1xqcpaczeJDFJTiJTIcC2Dh/f0EVY1uUW5o53yu3F5m7oMim18TF8CIoHsIw7VWVu6tIvAbH1baPe0T5D81uC+5u5CLuRi0lrfE+Dia2/By1WFxba7cLvUCUQG5S7y8fUfUVtzFVL/S4gTnSDmyfn7ivqb6/nRZZbo/aeXTvOkFxzicXN/zhMReGqOeuu5rmfnWiMj7LxO21YP6gXXq4BftR3agIb9H7qPNcQP/UZ4WzI2ODq+ZR/ouk9o9hyi3jHx+MpaKa5PnuH90wngd/V46r+R1AQiA2WxSnT07e2KhJeUm+Ff72BiD4FxAbLZmpJiI254xxjec0t4UBmnw5iAxDjr8FYcrnXeHLiIjv7MhAbwHsl9x5y8kJo/zuIDWCOj349kNmXwnIPgDkQ1D9JWikIAFAOiA0AigOxAUBxIDYAKA7EBgDFgdgAoDgQGwAUB2IDgOJAbABQHIgNAIoDsQFAcSA2ACgOxAYAxYHYAKA4EBsAFAdiA4DiQGwAEErjP5FJi7ZzfsrhAAAAAElFTkSuQmCC""}}]}, {""role"": ""assistant"", ""content"": ""0.489""}, {""role"": ""user"", ""content"": [{""type"": ""text"", ""text"": ""\nYou are given both an image and a text-based representation of the same stimulus. \nIn both, a red dot appears on a horizontal line\nThe left end of the line corresponds to 0.0, and the right end to 1.0.\n\nText representation (the dot is marked as \""\""O\""\""):\n|.---~------~----------=O-----------~----|\n\n\nEstimate the horizontal position of the **center** of the red dot as a decimal number between 0 and 1.\nDo not explain. Only output the final answer as a number between 0 and 1:\nFinal Answer:\n""}, {""type"": ""image_url"", ""image_url"": {""url"": ""data:image/png;base64,iVBORw0KGgoAAAANSUhEUgAAATYAAABNCAYAAAAsLkgfAAAIiklEQVR4nO2df3LaTAxA/YOE3KHt/f/tSXqJtmdoAgF/IyE5QlmgX+yMzfa9Gc0aFxbagVetd7Vuh2EYGgCAiuiW/gAAAHOD2ACgOhAbAFQHYgOA6kBsAFAdiA0AqgOxAUB1IDYAqA7EBgDVgdgAoDoQGwBUB2IDgOpAbABQHYgNAKoDsQFAdSA2AKgOxAYA1YHYAKA6EBsAVMdm6Q8AMAtz3bqjbefpBxYFsUFdMvvbcyWBybn8XER3l7TcpQrujviVvXV87evt0oryKp0rPYZVg9jgPshf0yiuLLHSuRJRYpeOY5tfB6sFscE6uTakzAK7FSWyyK5Ffv6lvmA1IDaYjU/5KqXhZVsS1/H4/jieu3TdrOve5OXH8ZzFcEly+fgDtEjxU2DyANYpttL1siwreRzDzrX5XJRblFPXNYOLrO/fxBbDxSbH/rooOel3gpwQ2+eA2GB5sd0adgax6XuYtFRgh8Pp8eEwPh7Cec3w5HHsOmZpEn1/EpzITcKFV5Dc1WGqg6wWh6EozMJut5uno9J1NMu8VFzy2KUlrUX7+npq4zmXXh6OShbmIhOJSbvZnFqL8TiKLw9Xra+r19/+gsfHx2n/ZvAOMjaYhYNIZCrXJgVihhYEJkKTGPb70zkRnJ/zLM7lJoShpctrEKltNie5ueD8XBRdzuCsvznkBvOC2GAWXkUoc2ZqaULApeby0gxNWhFaDDvngnt3rc2zNRGbSUzbh4e3EKF5GwR3lsXdyt5gURAbzMJeZDKVlKWdTQJEqWWZ7XZNt9uNx1Fy45DVhDmY2DQ8QzOhHR8fT8feWoySs0yuODQVENtqQGywvNhKQ9AgtXHY6bLa708is+heXprB5fby0nTyWeSan113a0pis0ztGKTmoWKz48YfxywuZ25xYkFAbovD5AFM5ufPn9M6yGK7lqlZRiYykxCR9XY8hkvOhqzFjK3vVWrHKLXttjlst82w3Y6P5dgzOJWcDU/fyW3itbZv375N+zeEM8jYYLkZ0bxWLYvNs604/DRpdc/PJ4k9PzeDHD8/q+CGl5emkZDn+LW2gtiOlq0dTGwiNBXb05O2R2n3++ZoExMqN+lLsrgot0tZm0DmthiIDSbzIiKZShRbWJPmEwU6IWDDTheaykzE9uePto2FZHE6FJXMLoptGE5SC2JTuVmmJlI77PcaIjSNw0FbXx8nM60yJB0nFXzZSJ5IgEVBbLD8xEFesxbXqMUhqF9DM6H1f/40jUUrQvNWhqi7nV53G0oZm81wjsNQEZkI7fVVl61oHI8aR5FhjFDhoMciNem/NByFxUBssOwatkvX1+KaNMm8QsY2Djc9Q3t+bo4iNRPb+BwZQvo1Nqs+0DVsvsTDMzIRmElM/iYabauh2Z3JStqxaiF+7jwcFZDbomy+fv267CeAu+f79+/zrl0L1QNx8iBGXO6hmZlFE1ufRQ1i0/Vr9niIWZxlcjpEjSFZnb2nPNbXSsRlHvHvE8/9D7nxO5yXze/fv2fuEv41Jk2sl0qo0k4ePgwcd/bwYWA41sfeushyROLzUx/xvMvWP8N4ra5UHREzudJuvFfgdzgvmy9fvszcJfxrfHiHiiiD2J46HaP194jn4nHXaUi2pOdz6VPuN8xmjq/z49h/etz6ULTweaZuacTvcF42v379mrlL+Nf48ePHx18cMzURQcysvAJhs2k6ycL6vunkOMbDw9t6NS+Etz5HOYXJA5WUrUFrbW1a6/HwoP2dlVbFNWuxrCpGnBn94DU2fofzwuQBTKaXH/Xcs6I5Y7MtiCS647HpJYZB207OeXgGZ+VPXlbl76FZl0jNxKYis4W43Xbb9E9PTSOx3Wq0dl7Wsbn0dLlHrEIoTR7AoiA2mMyD/NDnXscWllH4MFCORVxyeV6jbRtRai/nJTyjkywuVh6k3T1UavJcz8xk8a1IzWQmYmufnppOFulayHl/3tk6tlL1ASwOYoPJbOXH/lmVByYPl5EKKUqs75veMi9tJbOyWtIui83EI69XIcUMTIaiIUNToVnrQpP2rPLAF+hSL7o6qBWF5etFb9WKWuG7SioUvmutqCzUjSVWXnLlz/cqBt+yKNaKhuoDrxc9mMRUakFoKjUX4aWSKuEDWRt1ovNDxgazMGkX2Fu7e4jY7HqZTCSIYHS4aRf9VWSSabn0fI2brYHLGZtf7JdsT/qSPtvQnw5PRWxe+O5F8Hn7IrK11YLYYJ3X2eJ+bCIRryAQAYm0goi0MsFLrjxTC8PQothcbiYrl9vZrGjejy1kanFrcaS2PhAbrENsl6oQPGsToXgVgi3x0OGpiC1vPhnvgZDueeCTEDJzOu6ea20bNp4cJwdim5d45Nv1nd5g2r8DzAJig1nYyI//s+55kO9KFbM3P85C891z07bgOWuTyQgX21hDeuvmLpd2z40tLAqTB7CuO1Vdkdt4K710Q5ezzSjz7fh8wW+qPoi31/MbtcRtiMabt8Q7WV27DR93qFoVZGyw/ELd0v+t8ZZ5LjQ/J+/jWxvlnXZTfehYX+rYzGgsvRoX7UbZle4rWpKa9XkGWdviIDZYvma09Lp8zc1qPsesLQiuKLN8P9GQscWqBr8T/FgnmmtOw3MuCg2RrQ6GojArs36dCgt4VSFRWvE6XBZaztacS0PJPBng8ssym2n77w//RwA3QWywTvLXsrS90aWIf577KmVbpUzsWmbG0HP1IDa4D3L2ltsr+7q9o5Rx3dp6CJndFYgN6srkrj3nlqBuyQuZ3Q2IDe6TSzOpH+WStJDZXYLYoA7m+hojsipguQfUAUKCQLrNDgDA/YPYAKA6EBsAVAdiA4DqQGwAUB2IDQCqA7EBQHUgNgCoDsQGANWB2ACgOhAbAFQHYgOA6kBsAFAdiA0AqgOxAUB1IDYAqA7EBgBNbfwHpukVnIP1gA0AAAAASUVORK5CYII=""}}]}, {""role"": ""assistant"", ""content"": ""0.530""}, {""role"": ""user"", ""content"": [{""type"": ""text"", ""text"": ""\nYou are given both an image and a text-based representation of the same stimulus. \nIn both, a red dot appears on a horizontal line\nThe left end of the line corresponds to 0.0, and the right end to 1.0.\n\nText representation (the dot is marked as \""\""O\""\""):\n|----------~----O-=-- -------.-----------|\n\n\nEstimate the horizontal position of the **center** of the red dot as a decimal number between 0 and 1.\nDo not explain. Only output the final answer as a number between 0 and 1:\nFinal Answer:\n""}, {""type"": ""image_url"", ""image_url"": {""url"": ""data:image/png;base64,iVBORw0KGgoAAAANSUhEUgAAATYAAABNCAYAAAAsLkgfAAAIs0lEQVR4nO2d7XLaPBBGbUMg99D2/v/2SnoTbW8hX3y48yi7yqLYTmMggOacGY0EsQ1vmvfMSqu1277v+wYAoCK6S38BAIBTg9gAoDoQGwBUB2IDgOpAbABQHYgNAKoDsQFAdSA2AKgOxAYA1YHYAKA6EBsAVAdiA4DqQGwAUB2IDQCqA7EBQHUgNgCoDsQGANWB2ACgOhAbAFTH8tJfAGZwisdUtO0pvgnAVYLYblVmU3LTz8bE5e/H85EcVEbLU6puUGbx/bFxKa0or7Hx0GuAG4SI7VaEFqU2NB46rxRbKbkhqZXXQHRwgxCx3UJ0FgW23x++Nya5IamNtfLY8vwxkB5cKYjtCE7+qyummm2UVxSaj8ckV4qn694kNja2lq8wFdUdQYsM4QtgKnotYhuK0KLIXGK73cG4LQXn1yijsq5reokstig369MVhiI5Hx+ZdEBs8BUgtkuJbWwdLbTepSWBudwkNr02wfXq7bgc4TmSmUtrschC631sfT7GJWfnJuZMVZEXXBimojN5eXk5X6QmSbnIXGwmtGa7zeN2u80RXD7erxUjNQnMmo8P3nPJ+fFT63BDYvukyFar1Wl+dwAjELHNZCehnElqWVRRYBKatd76ZrPJ0lPkdhCx+ZpZFNly2fTW0nsal6LTOTF6+0yyYeg1wAVAbDPZSizHUO5Ji+tmMUqTxCSwzeZVbC8v6XVuHrXFtbdSbEFo/d3du94ll6M3X48bWIOb3D5SjgEuBGKbyUayOZYQqaVoy+UUozQXmIRmrXO5ee/T07jOZlJLzUUW2n61envt0ovRW0gyvJPcWPRWjgEuBGK7lNhGMp8xSktyc5E9P6emcf/09Pqe/UzHp1ZEbBJSjNSSzFar1HvTa/18r8itFFyZRS3FFhMMyA2uCJIHM/j9+/dp19bKJEGcakpm1tqnp2YhqZnY0vvqQ9SWIjbhEZvJKstsvX5tq1WzW6/fRBejN5++FtnTyT1w9pkH/QQ/fvw47ncIMAER21dnRCcSBh555bW0ILUks8fH12jt8bFZPD+nsSI6iVByy9cpxCZpucgktdTf3ze7l5csuXdyszW33Ib2vw1FbERucAUgthk8Pz8ff5GhrR1BamkK6kJzmUls1jeS2tNTkl/KjkpuvqctiG1fRGs7E9pus8ktyW27zQJM0ZoEV24TGdvcOyY2gAuB2C6ZOLA1sby1w9fW4pqapp8us4eHpnl8bNqHhzQtbTXWcZtN06t58iFGbJ4skLwkMQlsu03bVXLb71Pba9uINv3qHPU2JT0QW9jvhtjgWkFsX72HbWh9LW6+9WmleiUKFJGpeYT29NTsXWoWzfU2HT3Yy+Ybc/W+EgQSl1rfN1Kfmv4rdm372uy9pEUdo8oHSS1+T13PN/9OiQ25wYVZfv/+/dLf4eb4+fPnvBNjniYWspelUp7ljFs+fHOuZGcRmqarqbfXvuUjIbko0rLXXk2QMqUWge19qupjNROW+pQV1TXLaMzX1vy9GWts/N3BOVn+/fv3rB9QIyerES33sVl9qFo7VDOq6aFeh3EWY2zCZRPEmc+zlq8Zzw3fwb9rHo/dWqnEhTbxe+LvDs7J8tu3b2f9gBqZfYcKn8YV1QFx3Pr1Q0uvLZJqrfk4Twl9mvj2Jd8t9Lehz9fUuEgGpJ+HmtGDzxkrs/pkxMbfHZyT5Z8/f876ATXy69ev06yxeXTlryWdxaLpLBOpvlsum+7uLq27qW+9xUqDKJ9iKtpqnczOaVart/N1zVhapeNi8zKrsW0fY2VWsZ+Avzs4JyQPZrDQ/+DHEBb483aPGLFZplSt2++bxW7XLNTb667vm65tU0sRnL6PZOXVB8KjruXyVWSrVdNpQ+79fWoaL+7vm2a9zi0dY9UIkmgUW976MbXVwz4X4NIgthncKfo5hqFbFPn00qeJJi4t06fWts1CreuaTk2RnJqiMG0P8T1wMWLT9SQ2O66X2ExuSWrW2vU6ic73u0mSfSm2WIHwP9NQgAuC2GawVoRzisRBzIz6lg9NH9VsDS1JLExLFS0qmkqlVRKS9rppmuolVX5NE1vncpKo9L0lLpNZa5FbLrWKhfFWO9pMlVVRcQBXCrWiX10vOlZSVWz3iHf08JpQbcZNQvMyK6sTzbWiavHuHr61I5RVRYmlWtEQqXlBvEvtYPo5Fq3NkBp1onBuiNhmMvsusGPPNijvwWZTSEVaKWkgsdkaWBKaSy9KzSM2x4Vk09acPFCvZkXwqTJBMisSCe/KqD6qNCBSgysBsV3DOpuXVXnkJqmpl4QkLpeRxpp+xptNhjvresIh4zIyUXkWNF3LhBmjtHhn3ZgFzc9EGIrWBEKDKwOxXUJsU1Gb35NNvbKcJrdcID8kNLuLbl5fs+vn/W7lDSctU3ow7Syyn+VzED5MFCA3uCIQ20yWEsExjK21xUypPkPCknx8qhlvbRQf7uLnhDW23ExWSXDlMw8GtnMcTEH/J/uJ1ODKIHlwySdVTURu724VXiYY4pOrPMory55CfeiBtGJiIN4p14/56EEufu0Z8IQq+AqI2L56o+5YvWWUkkdeun58apXLLUxXY3v3XFFJrSiJSpt2bTuJy+zgmQZTUdqUzIja4IpAbF9dMzp0Tik3ycUTCjZ+dzeQeC+3sSfBx7rTkAQoaz9zraiJcHTqibzgRmAqeiQn+/WVj+Mr7vAxmGgYet+vESU09BCWkalmFps4ceZz9s0DAD4JYrsGpqan3o+tx5U/G+Kju3H8b3SGmOBGQGzXxNT9zoZk5/3YeUMR15TEyHZCJSC2Wxfd0HFDjE0ricygQhDbLTD0T3TMPxsyg8pBbLfIKf7JEBlUDNs9bhGkBDBJeNwQAEAdIDYAqA7EBgDVgdgAoDoQGwBUB2IDgOpAbABQHYgNAKoDsQFAdSA2AKgOxAYA1YHYAKA6EBsAVAdiA4DqQGwAUB2IDQCqA7EBQFMb/wCp3rrC7i21WwAAAABJRU5ErkJggg==""}}]}, {""role"": ""assistant"", ""content"": ""0.289""}, {""role"": ""user"", ""content"": [{""type"": ""text"", ""text"": ""\nYou are given both an image and a text-based representation of the same stimulus. \nIn both, a red dot appears on a horizontal line\nThe left end of the line corresponds to 0.0, and the right end to 1.0.\n\nText representation (the dot is marked as \""\""O\""\""):\n|------- ---.-O-=-----------=------------|\n\n\nEstimate the horizontal position of the **center** of the red dot as a decimal number between 0 and 1.\nDo not explain. Only output the final answer as a number between 0 and 1:\nFinal Answer:\n""}, {""type"": ""image_url"", ""image_url"": {""url"": ""data:image/png;base64,iVBORw0KGgoAAAANSUhEUgAAATYAAABNCAYAAAAsLkgfAAAIlUlEQVR4nO2da3LTMBCA5Thtegfg/n85CZcArkDzNrObXXUj5LTk0Tia75vZkeI4jinlY/V0NwzDkAAAGmJ27xsAALg2iA0AmgOxAUBzIDYAaA7EBgDNgdgAoDkQGwA0B2IDgOZAbADQHIgNAJoDsQFAcyA2AGgOxAYAzYHYAKA5EBsANAdiA4DmQGwA0ByIDQCaA7EBQHPM730DcCbXeFRF113jTgAmB2J7ZJF95FhNXn4snovkoCE6nlI1ccq/Hn8dj9eORaK0vF47VtYBHhQytqkyJq6xevmZSCkzKWuCG/scwIOB2B4lM3ORvRc1XGSnws+Ln/lIsxZggtAUvYCr/+iKLK3z1/v9m7hq9XisJqMYs1m9tBhqorui0DrkCJ8AGdtUxHYqQ4sCi7HbHeTnr0u5FUIbXGS1iOeMZXJXkBJig88Asd1LbKeanhaDy8oFttsdYr9PndX1HD/m58fLljLr+zT0fa6rzLwez60JTijFhKhggtAUPZP1en2dC430oWVJeWbmUttuc73bbrPs9FjM2gRvXpZSm88PpUWsZ9GNya0U3Rk8Pz9f+lMDOAkZ25nsRCSXMjYw4NmXS80EJqXEIOVmo5JLfkzej01SwfvMgrwGkdp8fpBbrJeiK5qot2qaAtwCxHYmW5HKtfvUTEoqKM/CTFxabjbHsV4f3hPJhWZqVWxBZMPT0yGsnqzu59Waqx9umgJMAMR2JhuRyaWEZmO16WlSU4EFmc3ktcRq9XbcszrP2uTyNhggkjoS2vNz2od6FF2UXM7gatmb3jRSg2mC2O4ltrIZakJSMVk/mjY3N5s3kYnUVqs0rFZaitjkvSRhWV0qxSZhYtubxKT0ULFZXaUmr0NTNfa9HcntSv1tALeAwYMz+Pnz52UXGJvSEUY7Y5Nz5iJbLlMv9eXyEHZcxWdZm37erq/ZmohNpGZi01gstNwtFmmwuhxzyR01T8fk9tHVCyN8+/btsp8hwAnI2D5zRLQ2xcPD+8d8kCA0O7PElss0vL5q2b++pmG5TGm10pj5YIJfJ4hNpfb0lHYmtt3Li4pMxKaSk9ebzSGDc8GZ3FKUWznv7UK5AdwKxHYGK5HJpYRVBXmSbRj59CaoCy3L7PVVy2TRudzkfB9ECGLbu9hcahLrtUpNBLcToW23B7GJ5KxvT+Um92Fy0+xtbDABYGIgtnsPHPjSKZ9kG7I171PrRWoiMJfZnz+p83K51L62Yb1Og2dtPsHX+9hiM1Riu007id3uKPb7vU46Hmzir07+tZBj1SapgNxgYiC2e8xhq0zxyBmbZF42ECAZmMpKwgYJRGJ762+T0OapSM/EptleyNjyVA/JykReEsOgIX+KHJLdWQhS6l3W1quWzVEBucGEmH/9+vXe9/BwfP/+/TpbEZV9bD5dI85Js6kfGjY510ObjCY+lZrIL85lk2zNXg9hXpuOkvZ92seQrM7qyco8zcPn7MUNKiUumNfG7x3ckvnv379v+gUtcvFAcmUQwXUwWOhrH90s6vr90mQ8tVBekFJE483JUOZ1qNb8jAvpq+/XIm5tVNuV9wT83sEtmX/58uWmX9AiZ+9QUUrg7YI55Np6/bAgvfNO+77Xeuf1uMZTwmXkwvFrWL+YXsdKrdv7+n2heen34Dt95Pv5yNrRD/5s+L2DWzL/9evXTb+gRX78+HHdeWxBDjKQMLNMaSax26XZ05P2u0nZPT+/jZz6vDUfWXVBhaaoCmw+T52MbspnPeSa5aqDGOXi+HK6h4fe9P+PjvJ7B7eEwYMz6OUf+TWIo6IiI8ueNKw5KurohyH1+72GSC+GnmtZWV4Y72tOrT+tM7GpyCReXtJssUj9y0tKHotF6haLfI5L72i6x3sTdQEmAmI7gyf5x35tsfmuHt7EnM3SzKPrNHoLf63vibQkJAuLo6KWwfn1cnZmk3D7xSJLTYXmk3VlaZVM0rVzVWxSLzO3cmkVwIRAbGewECncYrdcHwUVUVmmNRMpSYjE+l6zRZFZL+9ZFiZSisuqYlNUPufNSxWVhcgsCy0sszpaViXnnlpWVRMbkoMJwFrRKawX9dIXwYcVCDqvzXf0sMm6ea1oWC/qWxhFsR1N7ZDF7x6+CsGWTx0tiLc+t+SlbUx5zSVVrBOFW0PGds9dYCuL4X3bIZ+3JoLRQQOLnKVZ1uXCO1oEH0dHLWOTLM8HEXzwoAsyy7t7+B5tIkQXW9yb7dTGkwATAbFNoZ/NRkOPdtAVQYl8RFYutjCaqU1Jz9TCnmx5d49yuoc1YYdCknlUNIyM+vbh/+zHxrZF8CAgtomILdfDonjN3iTLkszNsy0Jl5nIzaQWn4WQsz+fp2brRbVZagKT/rsjmRVTPPJgwVjzk341mDCI7UzmIoJrMLLMKj5WTySUN5+0/i/vf/Mtw6sPdIkTb2101Ded9MysFNo/GRrPPYAHhMGDKTyp6r2twr1pGnbXjc9COJJa+Qg+f1aoP4GqfEqVH4uP43vvMXwXSI0nVMFnQMZ2z4m6tf9T/JhIpZjfptKS0qaExIXyRw9PLh7mEpdMadbmy7Ls2D99aGWG9p7QyNpgYiC2ez7VvPb5ILs8oBCXSZnYjp6REDM1XwDvE3SDnFxgvmY0rw0NEtNz/N7GRj4RGUwcmqIXcrMfn+/4UdtVoxRZ7Fcr76e2eL3Wb+ZiO5WdXSi0i/8jAPggiG1q1J6LEMtSYrWIlLtwXGOnDgQFE4em6NR4TxreVCxFVpa1a45J7JTMkBg8IGRsj0I5LaRWlvVT0kJm0DCIrZWmau28/2lKIjNoCMT2qFz614bIoGHoY3tUEBPAKNYTDQDQDogNAJoDsQFAcyA2AGgOxAYAzYHYAKA5EBsANAdiA4DmQGwA0ByIDQCaA7EBQHMgNgBoDsQGAM2B2ACgORAbADQHYgOA5kBsAJBa4y9D9omm4D6++wAAAABJRU5ErkJggg==""}}]}, {""role"": ""assistant"", ""content"": ""0.296""}, {""role"": ""user"", ""content"": [{""type"": ""text"", ""text"": ""\nYou are given both an image and a text-based representation of the same stimulus. \nIn both, a red dot appears on a horizontal line\nThe left end of the line corresponds to 0.0, and the right end to 1.0.\n\nText representation (the dot is marked as \""\""O\""\""):\n|--.---------O--=--~------------.------- |\n\n\nEstimate the horizontal position of the **center** of the red dot as a decimal number between 0 and 1.\nDo not explain. Only output the final answer as a number between 0 and 1:\nFinal Answer:\n""}, {""type"": ""image_url"", ""image_url"": {""url"": ""data:image/png;base64,iVBORw0KGgoAAAANSUhEUgAAATYAAABNCAYAAAAsLkgfAAAIfElEQVR4nO2da3LbuBJGQephew1J9v83K8kmkqzBlmyJtz4IjbRg0M5IdKwLnFPVBYqWKFnjnOnGi8M0TVMAAGiI8bM/AADA0iA2AGgOxAYAzYHYAKA5EBsANAdiA4DmQGwA0ByIDQCaA7EBQHMgNgBoDsQGAM2B2ACgORAbADQHYgOA5kBsANAciA0AmgOxAUBzIDYAaI71Z38AKHhvp/Zh+FefBOD/FsT2WVx6q4na65AdwBmI7V9SSum9xzW8xOzYvw7JAYSBu1R9MHPy8ud1XD5+T2Zl+9YxQGeQsX0UNVH5tjyuCc/jRVYelxLTY7sOgoMOIWNbitrXOCew96KGl9h74Z9fXgOgA7rP2Bb3eiGyqJLj8XROrc7PtXNyK8U1jn9aO3bnJ9/35kW30O86IEi4cRDbUmKbKzdLgVVi8I/fEts4hslkZrFa/TnW6/WcWhbnJXcliA1uHcS21LSLGaHF65vADofTsdrD4SS0wyFMdt4kV4xyZlE5kU1qXbwSns/kyhLVg6SgQbruY9vv98tcyGdZLusycZnMotgULy+nY2u96CyMJKUoLpOY2vU6t/GcWi++OcHZNa9ku91efQ2Aj6LrjO0goVzD3MCAz75KkaWYnp9jq3P288nLzTCpWZYmoaWIx5vNn+MkuSy/t+SWrg3QIl2L7UVSuZTaPLSy30yiMnGplcxmIgrOlaT5+i77Monldrs9HW82IVQEl8vVvy1LARqha7E9SyhLZWx+EMBKS5OaCWy/zzGqtXMpe4vP1+tcaSupxZCovNC223DU47u7P4JLbZabK0+jHBEbdAJiW0hquTWhqbVszESm2O3CuNuFSed2uyw5K0lz1laKLWVqJrOjxKZ2v89yO+q9fBZn/XC+LEVu0AHdDh78/Plz2b41P0hgmZrP0JLQJLbV01N+HEM/t6zO+tm82NLgQJSZxf19FNvh/j5M6Vhh2dxZeTrX33al2L59+3b5dwjwgXSbsV08Ijo3T82VoGd9aSYvySzFlNqVMrenp5jRxazOsjYTWxo4kNiOSWyHJLDDfh/ldnh5CcciNAhhEctRP2Jq00YEAwnQKN2KbbfbXXeBQmxnUzmsBPVZ2ePjSWaPj1FmaoOk9vQUM7oot+fnMJalqKRmYpPUdruYpUloMY7HOLp7PB5PMU0x4hw6yU2Zm67p57rNrTEFaIRuxbbIwEE5+dbE5krQwbKzx8eTzFIMCklNkfraNAUkZlkKy9jS6GbsX3t+PpWgSWKHaQqasBJjGGKriSJSonoYLOJn9FNAEBs0Trdiu3gOW1mK+jLUjYKObtBgUnboQjI7mtSUyaXBBGVscS5bIbYoJZWYElqS13EYwnEcw2G1OouY3SWB6edn60YVlrUJ5AaNsv769Wvoke/fv1+/hMpKRrd6IK8wcJNv/cRcSS9KSq3kV7Q587O1nSop04TdKDk9T6OdqS8t9qup9ZFEq+NX5ad99gUm6/b6twO3z/r379+hR65eI1oZRLD5Z1YC5vloviQsSsTY1hbMz+zdZs/P16j9PvpZKknzKX+t2n5tF3wfvf7twO2z/vLlS+iR/7xDhRdBTQ4uA9K14/Xd4vXBrePU8ZBKTGtjuNHQ3Lo1ov75gx2njMwf5/ewVQvl53lv992/pNe/Hbh91r9+/Qo98uPHj8te6DOpsrxLctI8tFFTLA6H2ObYbMK43Z7mqlnJquena2X5ecFJULrWZhMGLTy/uwuDxXYbr1curYpRLquqTdIVV/Sx9fq3A7dPt4MHK/1DvxS/k4dlRCYMueI08znHOE1hpdD76nG6oes4DGFM4opTPmxhvBPbkOQ0SGx3d2FME3Knh4cwPjyE1cNDCPf3p0jCM9lJpH5p1Vl/W/ygDBxAm3Qrto2ymqWWU0k8yr6KMlDHUV4W4xhWitUqjArL4jRSWlt5YBmbrm/ZmVYXJLGtJDOJ7eEhDPf3UXq2AiGuOlDY1kauLGU0FFqnW7Hd6R//taOi5ciojm0U1PWDnZWi63VYqd1swkqyckuqRhs5LcQWy1qJOGVilqFJZoMyN8msXFaV1paelaG1VQcIDhqk27WiF68XLUdFiwXw5VZFtoNHlFeaiKulVFloatO8t7OMzd7O7eyR14kmgcUlVcre7LHvb7MtjD5oATzrROGW6TZju2oX2HfWi55tKpk68+OggUIyUz+Y27ooSy1tOFlmbDHjShmfsjYbOLBBhLyNkX4f29rIBg8+YPE7wK3TtdgW62ez9aLlLh9ecBKXRGQZXLnZpCtDz8SmsH6yVMJKYnEwwfrd3F5sOVMrbvSS75sgkBo0DmJbavfcmW3Bh7ny1Ld+k0m/g67NP0t9dZaJWR+axPZqa3BXfr656B25QcN0Lba1RHApb6xAeHVbPS+4UnLFTV1ytuYzNjdJV1NDcqlpZae/ucuc1AQZG3RC14MHi9ypqrb8yd+lyt8HoXLHqupdqvx/En8/0dpdqvy5Wun5ASUod6iCW6frjO3iibq1qR9lW04HKW+M7EXm9mCbu6+ozYuLWVsaKfXLqM62JCp376gJjawNGqZ7sV10V/Paa2bkFoVUkVxVeF6I7r3yOk9XYmbRlSsf7HZ9/nMiMeiM7ktRsdhXUA4qpKVVrwYYajt5lOHxfW3lceXWenkPNnvtZ/+PAOAfg9iWovY1zpWowibh1oQ2J7a58M+x4/L1AB2B2D6Kv+mHs3ZOaJ63BFbrR0Nm0DGI7TMl99Zxjff2UUNmABHEdksl699CdgbwJojtM7nmq0dmALN0P93jU0FOAB9CmvAEANAOiA0AmgOxAUBzIDYAaA7EBgDNgdgAoDkQGwA0B2IDgOZAbADQHIgNAJoDsQFAcyA2AGgOxAYAzYHYAKA5EBsANAdiA4DmQGwAEFrjf2x+Ho4epb+CAAAAAElFTkSuQmCC""}}]}, {""role"": ""assistant"", ""content"": ""0.235""}, {""role"": ""user"", ""content"": [{""type"": ""text"", ""text"": ""\nYou are given both an image and a text-based representation of the same stimulus. \nIn both, a red dot appears on a horizontal line\nThe left end of the line corresponds to 0.0, and the right end to 1.0.\n\nText representation (the dot is marked as \""\""O\""\""):\n|----.-------------- --------O--=----~.--|\n\n\nEstimate the horizontal position of the **center** of the red dot as a decimal number between 0 and 1.\nDo not explain. Only output the final answer as a number between 0 and 1:\nFinal Answer:\n""}, {""type"": ""image_url"", ""image_url"": {""url"": ""data:image/png;base64,iVBORw0KGgoAAAANSUhEUgAAATYAAABNCAYAAAAsLkgfAAAIoElEQVR4nO2dW3LbOBBFAVIvryHJ/n+zkmwiyRbGlmQSUxfqhloI9LBFWUXgnqouUDRFs1LjM41Hgz6EEBwhhFRE9+wHIISQqaHYCCHVQbERQqqDYiOEVAfFRgipDoqNEFIdFBshpDooNkJIdVBshJDqoNgIIdVBsRFCqoNiI4RUB8VGCKkOio0QUh0UGyGkOig2Qkh1UGyEkOqg2Agh1UGxEUKqY/HsByCkKaZ+xYj3096vEig2Qr5aZiW5XRJeSV56Tr9HwZ3g+ZYqQh6E/dPS42vnzqHisgIrnSt9bhBmbIRMTS4s2147zsnlhVYD3ymJLmTnG4QZGyGP6mrm4tIYx3/PXRKbSqrrTsWWR349aFRwzNhIczzs/+VyX1+SlsrsXFuSW0lekJsKzrQhFxrQrG4C/MwESbGR5phcbOcyNCuvLPwwHD/rNfYeQGQVVGB9fxRbFukam9WF6bqkFBshtYvtUtczBBeMrLzKCyIbhoPQhuFwjcgtnsuytlDI0gLEplH4HENl5rMuqjIzQX0WjrGRptjtdtPe0HYhIaksQ1ORuff3w7FprehOuqQAmVoutcUitZBZQCvH8TOuxbHPMje5372sVis3F5ixkaYYIJEpKM1oZhmaSstDZvu9C9JGqeH4/f1wTuVWyNg0KwsqsuUytmG5PIhO2iQ9/O7OjMNNLLe5QLGRpniHVO4lX4uWdTut0KLA9vtj7Hbp2BnJnWRtKjbJ1KLIRGIxVquD0NDiuyK7KDe0XSFzUxqRG8VGmmIPmUw9A6pCKmRpSWa7neuk9dvtqeA0a5P7BBEbupYnUlut3AiZIdZrF5AFyucoN8gO9+lN1/TSeFvFUGykKSYRW2H2M2ZrIjaVVRIZpLbdurDduu7tLYoNP3MamrVZsclMJ6Q2irTG9TpFlBqO5btRcJCaZm19NoMKGuqScvKANMPv37/vv0lp0a2KTcbNNBPrRGgQWf/2FqWWAnKzmZsZZ0vZWt+7UcSGTG3cbKLUhs3GBRxLxOwNoZnbQiYVrNgmGmv78eOHmwPM2Egz3D0jWlqvZicLVGwQGsQmGRoivL7Gtn99jcduu42Ba9JYm2ZsIrYRYlsu3SDZ2rDbRZEN7+9uHIZDjGMMLB9BxqZjbi7P2hpb/kGxkWbYQiJTjq9lyzriZIFmagiRmsoMrfvvP+deX51/ezvKTcUmM7a4e5SaiA3Z2rDfR6FhVncYxxhRaiEcQp4jCm6UNXIym/rPJEKlMrNQbKQZJp04COE4caBja5Kt6Zgaup9RZiI0D6GhRWCsDZkcxt5ysZmJgyg2ZGgisiEEh6sG71OMuF6EiJGloMJVsdmqBECxEVIPk6xhy9at2W5opxkbBvYhK50ckHG2UWSG6JDFIWvb7VyADLOuqC7AhaRQbAV5jdI9HRaLQ8hxHIcTgankTp6vwUmExffv35/9DIR8CT9//rzvBqVaUO2KmrIpW2mg425BQ9avpVYmD9IYG4CcdD0bZATBYfxMYjwTTtpQkpg+87llHzdKbi6+WPz9+/fZz0DIlzDJAoBsF46oA2RZEvpZz9ljrSG152/ZukjPanczP3/yO7Lf6fA78912SzK78d9mLr5YfPv27dnPQMiXcPcOFXa3DHvsfby3zwrX42fJnryEHqfidS2DsvfTn8uyDW9aPcbPfbZWTZ8hyH3S88gzXqxAuPHfZi6+WPz58+fZz0DIl/Dr16/px9gESKaTbmm3WMTxttgilkvnEavVscxKu7AqNBUcgKRUZuu1c+t1bDU6rT7Q0ipTL5omDPozWxyVduT9AHPxBScPSDP0+GOfclYUopDB+ZgtSdcUsoLk+hBcjxay08DP8F1cL5lZHGPTkio5DzlFGUJkugD35cV1m43rX16cQ2w2B+mtVgfZLZdRoiGXXGktW8UTB4BiI82wRGYz9To2rRE1Xc3O+2NAqN7HiJ/xcwSyMc3iUHmgExEmY8PPo7BUbJAaZCah0otVCaZeNORbGVFshNTLGt26R1UeoFuplQfolmbRaytdUwhLF/LG75iMLcpRsy4RG1qVmd9sjkJDa4QWu6Z9YQPKfB1b5RUIrBUlTXF3vaj9c8l3yrVlVaYCIdWKmhKrVEeKbM2MublsV49UJ6oF8KhCkLpQzdTS7h92M8o+G2M7l619QGhzqRMFzNhIU0yyC+y53T1saZWMd8XuphzHLA1dT2RcKjUpgE/bg2tmJZLC95x2WU3oxAHEpzJLYusKEwalyoPKsjQLxUaaYvJxtmyxbhQUxscgKx1HU7mJ1LTsKmVruNZsMpkv94gTAmZmVT+nvdrMLrvFF7z4M6/pqxiKjTTFJGIr7aCLmc6sCiEu2YC47CRBFmlzSrOYNq1307IqM37mz3Q7NUsLpSzNt/fOUYqNNMUCsnngK/dOdvzA79JxNwjVjL+lXXOt2GzJk1nEG2VmXt5ykqVdewUfuHNsbY5w8oA0x6RvqrILdu2OH4Ua0jj2piLTY/tu0ezVealraRbd2nca5Es5wrVup/98N3ROb6gCzNhIc9y9UPfKe0XT+z1VbFpVgDE3Wyxv5WfvIzOjsSRK5JYW7V7K0OS77txY2h3F73ODYiPNcXfNaOn7edaWCU73RzuRmc3UsjfApzpPIzArtfRZniVla/b5fN1r1S7Brihpkof8Z29nSvWznTXNj/OXJGeF9f9MAOTH5trwQKH5GQqRYiNkCq51Ty9tU3RObNreOnaWH+fMUFCfhWIjZGry5SB5WzqXc2ngv9Fxs49AsRHyjCzu3DWWcwKjzK5CsRHyTMndAkX2YSg2Qr6az/7JUWY3w+UehHw1FNTDkXJ/QgipB4qNEFIdFBshpDooNkJIdVBshJDqoNgIIdVBsRFCqoNiI4RUB8VGCKkOio0QUh0UGyGkOig2Qkh1UGyEkOqg2Agh1UGxEUKqg2IjhFQHxUYIcbXxP4NOlatHaI8FAAAAAElFTkSuQmCC""}}]}, {""role"": ""assistant"", ""content"": ""0.266""}, {""role"": ""user"", ""content"": [{""type"": ""text"", ""text"": ""\nYou are given both an image and a text-based representation of the same stimulus. \nIn both, a red dot appears on a horizontal line\nThe left end of the line corresponds to 0.0, and the right end to 1.0.\n\nText representation (the dot is marked as \""\""O\""\""):\n|------. --------.------O ---------------|\n\n\nEstimate the horizontal position of the **center** of the red dot as a decimal number between 0 and 1.\nDo not explain. Only output the final answer as a number between 0 and 1:\nFinal Answer:\n""}, {""type"": ""image_url"", ""image_url"": {""url"": ""data:image/png;base64,iVBORw0KGgoAAAANSUhEUgAAATYAAABNCAYAAAAsLkgfAAAInElEQVR4nO2df1LbPBBAZTsQeoa29/+3J+klaI/QEJI4/mbXWn2LKgMtonHEezMayU5sUoa87uqXu2mapgAA0BD9pT8AAEBtEBsANAdiA4DmQGwA0ByIDQCaA7EBQHMgNgBoDsQGAM2B2ACgORAbADQHYgOA5kBsANAciA0AmgOxAUBzIDYAaA7EBgDNgdgAoDkQGwA0B2IDgObYXPoDAFSj1uM7uq7OfeBiIDZoT2Z/KzgTWn49ors6Op5SBVeL/9O1dulc3s5F5Y+X2s+dg9WB2KAdmUltpfR6SVC5yPLzpfeVjmFVIDa4bqG9puTXl6Tly3PnfO1BdKsCsUFV3vXPaZqC6qMkr/N5Ltb2tV3jycXlS98/OZ7+VHJ/SIcUq8PgAVyH2EpRmheYlHHUurNjez2P3HJpmcikLrSnTHS1BYfY6oPYYJ1iy+8T5aT3jzLrcqFJPY5hisfS7rz87FZ5dNb3s7ysDMPTY19eEpwHYV0MUlGoxuFwqH9TF2l1WdppIlOBnU4hnE7zOWnLOXs9T0l9FCZSG4b/61hSe0l0XowVIrfb29sqvy6YIWKDaowikVoURjZVbD4SiyLrjscwSft4nKV2POr5KdZPUlIXsamsosRUZJvN3N5s5vOxTm0X0f1x9Ab/FMQG1TiJVN6pT82kpkKzaCzKLJXDIdXBJBejt6LYnNREXFpubmaJxeNgx150udy85AzkdlEQG1TjKDJ5rxFQ16cmaacWk9nhEHqpHx/TsUkupacxapOeF4nUUjGhbTbhLBIrlCQ3KxbhmeDylBSpXRzEBqsV22/RmovUei+1x8cwPT6Gfr9XuclxkCKRm0VtJrYYsanUhiGcndTOt7daVGixHex4QXC/9bsJpKQXh8EDqML9/X29m/npGSI0aUepWZ9a76K0Yb9XqfUPDyo1bUv0JkUE6NLRJDaRWhSbl9ooIttu5+PtVgVnxST3RGxebm/sa/v69Wu93+EHh4gN1jUims9Xi5GWCi2moL2JLUpsEqHt92HY7cK034fw8BBClJv2tUmJaayKre/DWcpmE0aR2s2NCk1ENorUDgdtn4/HWW6nUyoiN5WaCM6NohYHEwwit38OYoMqPIpEKtJlfWs+BdUSpSbR2rTbhUFkttup1DppS5H3WDoa+9lEbCo1F62J3ERo4+EwFxHa6TSXcdRi8+N0jpzITdqvidrgIiA2WF//mojNTaw1sVlaKVIbYgqqAhOZ7Xah+/VLpaZtEZ4UGyH1qajrX0tp6OkURinjGMZpSkWm9eo1cfKxxpPxc03yGUVuUiO2VYHYYF1z2HwqaqOg53Po4yCARGAyP00HBqTEvrSz1DJ4EPvaNCWNYusysdlkXB00kIjsfA7nKLGx68LY93PddXN0F4V1trlv+d5tUir1s0EdNl++fKl0K/jIfPv2re7uHT4VtRUEllLadI845WNyRWSX6jhq6iM2vb0ISEZD3SoEFZ2lni4F9amoCFBTUUk9pTaB+Xlyb5jTxnexHpufP39WvB18VKqvEXVLqDQF9EuqbM2oTeGwtNDVxWIL4PP7WIrqP0b+sfy/0SI//3mXju3nvQK+i/XYfP78ueLt4KPy5h0q7MtvInD3k3t3WXqXjqXd9/Ox1EuL1+1n2GTauISqi1M3umHQks77Ec/4WufWjKafv7S06i8iNr6L9dj8+PGj4u3go/L9+/c6N3Lz16wtWuijjPpCETlZkWkYnUzFkDTVdvQQsbiIzaSl79tuQ+dKb3PXYq3TOqzYMis/GlqapPuXfWx8F+vB4AFUYZAveC0k7RRJWB+byCgKTtLRfprCMI5zkQGFcdTBBa3lWrlG7iORlUjI5rHJa3Fyrorw5ib0JrG7O5XacHcXwqdPIUjtZSe1TdA1yXm5laI3uBiIDapwI1/2WmRbFGkaGCOivuv0YbgiMKkHkZw71tdFhFFcaeVBFrHJ631cOqViE6ltt7PQ7u6S0HSirpy399rKg3xrI78gXkBsFwWxQRW28uWv/UwD1/FvfVydpaAiuSi6IbYlauxFWFJub1VMNnqaNpoU8cVRUZOVTri1dDRGbio0Wzvq14s+t5yqtF40b8M/gbWisK71ooUlVaVdPWz1wZO1onEZlda2w4eJzW1ZZLt66ORcm6AbRSYrECY7dlGaSW1x66I3bjrJOtG6ELFBNarsAlt4tkESm6SXIqkYlaWUMqaVEqXp7h4SedkebZnYVDYx2pJrbLChk2tjsUXvZ7ejx5M92V7aLtx+DlwMxAbr72fzE3VFaLK8yo2E6iCAyUn6x2zDybiDrl7nxeame2g/m5ObHduGk2nTyWwU9FUPeIGLgdhgfWJbitokQrMddG3+WYzi0kCBi9TyTSaFNN/N75wbJSb3sOMkM6vdsxFeFaUht4uC2KAaG5FNDRaWV/nH6qmwbNqGtEVslnbasw4sWnNPqEoichNv88gspZ0+Qlua0oHUVgmDB7DeJ1VlzwNND3NZekqV22E3vW7vN7IHuSRpZemmf13fszRPrYLQeEJVfYjYYF0TdZfWXvpF5m5+W3quqERu1nZCSzI04kOSLSXVqC3KLS3H8o/bKz2s5TX9aURtFwWxwbrWjObXZ2lpGlAQ2VjfmQnObXP025Pg3f1tVUKK3GyNqUnMH9vT4kk7rwpSUajOu/xJWed/vl9btoX4k3O+ePI+snwuWva6is2u8/dYw38EUASxwbp5blugksBKQiuJzernSv7eEohplSA2uB5e6n8rtZ9jSWBLMkNiVwNig+uktLb0uXaJUmqJzJoAscF189IOtq+hJC+EdtUgNmiHt/wpI7KmYLoHtANygkjcZwUAoB0QGwA0B2IDgOZAbADQHIgNAJoDsQFAcyA2AGgOxAYAzYHYAKA5EBsANAdiA4DmQGwA0ByIDQCaA7EBQHMgNgBoDsQGAM2B2AAgtMZ/tUFVB4B3SsEAAAAASUVORK5CYII=""}}]}, {""role"": ""assistant"", ""content"": ""0.481""}, {""role"": ""user"", ""content"": [{""type"": ""text"", ""text"": ""\nYou are given both an image and a text-based representation of the same stimulus. \nIn both, a red dot appears on a horizontal line\nThe left end of the line corresponds to 0.0, and the right end to 1.0.\n\nText representation (the dot is marked as \""\""O\""\""):\n|-=-----------=------=----O---.------- --|\n\n\nEstimate the horizontal position of the **center** of the red dot as a decimal number between 0 and 1.\nDo not explain. Only output the final answer as a number between 0 and 1:\nFinal Answer:\n""}, {""type"": ""image_url"", ""image_url"": {""url"": ""data:image/png;base64,iVBORw0KGgoAAAANSUhEUgAAATYAAABNCAYAAAAsLkgfAAAIoElEQVR4nO2dbXKbPBRGBf5K19B2/3+7km6i7Rra2AHeeWRdfC0LJ7HJG6KcM6MRYENIxj65+riiGYZhCAAAFdG+9w0AAMwNYgOA6kBsAFAdiA0AqgOxAUB1IDYAqA7EBgDVgdgAoDoQGwBUB2IDgOpAbABQHYgNAKoDsQFAdSA2AKgOxAYA1YHYAKA6EBsAVAdiA4DqQGwAUB3r974BgMUwx+M/mmaOO4E7QWzweSmJ7B65SWql85Hd/07DU6rgU3FNZv61/H1+PxeV35/avnYMZgexwedgSlS+Lh0rnesF9dI63y7tw2wgNqiPqY/0lMxyqU0dN0ryyos/PnWOB8nNCmKDRTHrx7HUtBwGfejLAuv78vZUxFYqbVs8PrxGcq+kQYoXMHgA9YltQmiTMjOJ2Xbfh8Yf89coRGmDZGZC87WT3FASnl3PX/cGENsliA0+ttheMhiQyWxwMmu67iS0rjsKrevO3+PlJnwEZgJr26O8Vqvz/ew9F5Fdut5ZnW/Dq6EpCothv9/fd4Hn+tAUiVkUloQWxZaKbY/HLHLzzVITjhfXahWGJLRYp3ImOtvPI7tSv9wNbLfb+/52lUHEBouhk0zmaHp6sXkpWURm0ZmJ7OkpliFth1SaFLmN5+QRm5OXhDas18XtUXS2XYrgZpAbnEBssBieJJS5I7W838yElsQV68PhKLesjoLzTVXD9asNTmSxbDbH/c0mBO1LZOm1cT+Xm0q67png4GYQGyyGw+Ewj9hclHbRh2YysyKJ7fexbrVt+/aaRXV2zRStSWyxmNCS1HqJzQRnRVKzOkVyvvk6GbnBzSA2+NhiK02w9SOavi/NCS1IZNqWxPb70O73YUh13Ne9qFjU5prJo9hSpNY7qfXb7VFu220s2g7aTpLz0ZsJ7qLfTSC3u2DwABbBr1+/5ulb8/1qFq25vrMxEpPYTGSPj2Gl7cfHY0nH42t2jhsZjWJLEZek1nupbbehk8h2u3Ff21Fs6uB3ghvlNlPU9v3799f/DSuFiA0+3ohoKT1qol9tjLZ8H1qKyEaJ/fsXhiS1VdoOuh+L3CxqM7GlZmiU2noduiS1Lsks1vt96FWraGBCgtNghPXdmdzyPrdcakRuN4HYYBE8Sia3UhKbm5PmI7XYBLWILJOZ6pBK4+VmcrR5cJKaojWVFK1JZt1+f6wPh9A9PUWh9V03Ft1XlJuT7uRIKdwFYoOPPXBwbRTUR2t+oCCJTSJbSWCS2d+/oZHQrH58jGU4HE5RVt4UtWaompxJZBKapq10fX8swxB6yVDnpQnIg7vX2N+m+0Vss4LY4OPOYXtmeodJLUZvadQzRmySlaIx7auWxNR0TDJTseapXpfYmkxscVRTAwEWlfV9FJgmhXRNE7q2HUufSkj1OLHX/x4lsSG4m1l/+/bt9rMBZuLHjx/z9LF5sRVSpXy/W+OKBGVFwlOkZnVswtq5QnJKgwnxTiyC0/sVxRWaobEpmmo1R2Pz0+7vpeu7PQPf5RPrP3/+uF2A9+GmwfnnEtw1j81dX++OKVV2zF3DmoqjrKauK0xGJjfre8t+j/x3Gn+G/Zyp+35uRd4J+C6fWH/9+tXtArwPr1qhwr7sUyvU+kTzJKGmbWPxuZvjvrZTGY9n7z0TjDvPzs2v4Y+P++keLGsh/pyp5Y/87/NC+C6fWP/+/dvtArwPP3/+fP1JXjYuM6AkCG21KSJq+z5ux1rFN0vVFLVkeYv4TGTWFJUotb/ZhEbTNna70Gy3x7LbhTZNzo1Fr/vi06p8KU33eGUfG9/lEwwewCJY6ct9K9b5nq/kob6sJIsYLbm6bZqgn2hF+8rYjMVHeOv1RR+bzldfWqOy2YRWE3BVHh5C+/AQVg8PIXz5EoJqSU/H9fp2e5Sem6AbR0VLSfFwF4gNFsFGX/Z7KGQejAMGagYqGpM8n55Cu1qdlVXbRrG2bXs6nqIxyyMdc05dxBalZulTDw9RblFqqcTozSbpKuvAMhAs68Cit1LmAdwFYoNFsNvt5kupykdI/Siopm6s11FIsWh7vQ6rtB1rFUuvssT4bFRU8otyslQp3b+iMxehmdB6l1JlCfEXzdAZ+tjgBLmi8LHzRUtrsBXk5heRtMm6Ma0qTdhdmcj+/TulWmlOm6VhObH5lT3GCbpOYso+GOyYCc0nwV/rW7uxf4080XOI2GAx3LUK7JTcsmapDRLEJqmkpQ5/CU79X6np2HipebH50dgkJkV3cRDBBg/SAIJFaHF1D1vKqNT8nGHQAC5BbFBHP9vEKrpnD2XJFpscV+5Q1CaxqZbY3Bpt1gw9E5ufDpKasJJY7JPTvovQLoQ29UwEpDYriA3qFJvVfrJuaSVd1RKSW87Il5hnav10JsskI/XVjavnJpHFY26AIF8ifHzuAf1qbwpig8WwlgRupZRmVZJbqd8tie1sFRC/dLh/oIvwT57SlA+3NLjJbFwSPH+YS+lBLnZNX8NdMHgAdT2p6pnobRSbn+vmF6N09RjV+QfCCHtWqJeWF1npKVVqek5lGNw5xYMnVF1CxAZ1TNSd+v+cPw8hn8Trk9EVfflEeROeydBIzz0YU6/ULE0ia/I+tJc8jepaEjzcBGKDRXHzU82nzitEb5YuNWYrmNic5M6an4UHJo+pVhaJWaaCl501O9MUkbP7pOn5ptAUhcXxJh9Jd83myrSQi7q06kYp2X7qIcgmtjd62vvN/wgqB7FB/ZQ+4i9Y8uhibpxnqp/stSt1IKY3AbHB52NqcMHqa0LzlJqV9J8tAsQGn5drU0Sm3pNTisiQ2buD2ACuSe6lILNFgdgAPPd8HZDZYmC6B4AHOVVBmlwDAFAPiA0AqgOxAUB1IDYAqA7EBgDVgdgAoDoQGwBUB2IDgOpAbABQHYgNAKoDsQFAdSA2AKgOxAYA1YHYAKA6EBsAVAdiA4DqQGwAEGrjP7ZRJYhPBne0AAAAAElFTkSuQmCC""}}]}]",0.489
