model,sample_id,text,ground_truth,input_values,prediction,prompt_sent,response
openai/gpt-4o-2024-08-06,sample_001,0.2498,0.2498,0.2498,0.2,"[{""role"": ""system"", ""content"": ""You are a lines length ratio estimator.\n        You are given an image of two lines.\n\n        Estimate the ratio of the shorter line to the longer line as a decimal number between 0 and 1.\n\n        Do not explain or reason. Only output the final answer as a number after Final Answer:\n""}, {""role"": ""user"", ""content"": [{""type"": ""text"", ""text"": ""\nConsider the image provided.\n\nFinal Answer:\n""}, {""type"": ""image_url"", ""image_url"": {""url"": ""data:image/png;base64,iVBORw0KGgoAAAANSUhEUgAAATYAAABcCAYAAADkpJkhAAADxklEQVR4nO3dv04iXRzHYVDUwhvC+zExXpu1vaWJvbWtnY0WJsrmbHI2Z887r9nFYWb58jzJBBAZsfn4Y/653Gw2mwVAkKO53wDA2IQNiCNsQBxhA+IIGxBH2IA4wgbEETYgjrABcYQNiCNsQBxhA+IIGxBH2IA4wgbEETYgjrABcYQNiCNsQBxhA+IIGxBH2IA4wgbEETYgjrABcYQNiLNcr9ebud8EwJiWi8VC2IAoPooCcYQNiCNsQJzVer2e+z0AjGq52WzsPACi+CgKxBE2II6wAXGEDYgjbEAcYQPiCBsQR9iAOMIGxBE2IM5q7jfwr/r8/Nz6tUdH/l7AnA7+XNEpf/3lslzXE9i1g5zY/nQa2yZE4gXzO5iJ7ePjY5T19OEaCpm4wbziw/b+/j7KetpY1fv97Vf3genEfhR9e3sbbV1DIatL+7j//vI3Q9xgepFhe3l52XnQylL2fvZf618LTC8ubM/Pz6Otq5/K2pCV+3Vpn2sP9SiPTW0wvZiwPT09jbKefurqJ7R+OT4+/nlbAlajJm4wr5iwjbVNrQ9bO4m1MatLOXRktVr953i4GjdBg+lFhO3h4WG0dQ1tT+uDVkJWlxq08vWhKa2/BXZv78N2d3c3+jr/JGonJyc/p7Wy1Lj1H13FDOax92F7fX3dedjaqJWgldsatBqv/jX1uTZ6QgfT2Ouw3dzc7GS9Q9NandTKGQynp6e/fW+//a0NGjC91cXFxWJfXV9fTzatlaCVpZ3A2ufrBFc/nrZTmykNprW6v79f7KvLy8udrLeGrQat3UlQJ7M6vdWQ9dvbgPns9UfRsU5sbw2d/1l+Tg1dH7F2W1vRblsTOZiHKyICcfY6bFdXV78dLDvG0h+A2z7uzzroT7Mq/u/cUWA6q/V6vdhn5fCLqQ71aJevYgfMK+J6bGMf9vHV4R4lpOVwj7qcnZ39ul+f68PXT3TAbkWErbi9vZ30AN0+ZuW2PlfD1k5xwgbT2eu9oq3z8/PJT6lqQ9bGrN/OJmowrZiJbawT4v/2JPh+m1u/7U3YYHpxYSseHx8nu2xRDV17bbZ+r2m/XmC3IsP2nQtPbnuhyaG9o6Y1mEds2Ma4VPi2lwYXNZhXfNi+8w9e+jANTXBDOwpEDeZ1MGH7zmXEvwpc+7i/374GmM5Bhm2bf6g8FKuhqUzUYH4HH7a/vXJIH6uheAkazEvYgDh7fXUPgCHCBsQRNiCOsAFxhA2II2xAHGED4ggbEEfYgDjCBsQRNiCOsAFxhA2II2xAHGED4ggbsEjzA5yMNkFpGj6SAAAAAElFTkSuQmCC""}}]}]",Final Answer: 0.2
openai/gpt-4o-2024-08-06,sample_002,0.4803,0.4803,0.4803,0.3,"[{""role"": ""system"", ""content"": ""You are a lines length ratio estimator.\n        You are given an image of two lines.\n\n        Estimate the ratio of the shorter line to the longer line as a decimal number between 0 and 1.\n\n        Do not explain or reason. Only output the final answer as a number after Final Answer:\n""}, {""role"": ""user"", ""content"": [{""type"": ""text"", ""text"": ""\nConsider the image provided.\n\nFinal Answer:\n""}, {""type"": ""image_url"", ""image_url"": {""url"": ""data:image/png;base64,iVBORw0KGgoAAAANSUhEUgAAATYAAABcCAYAAADkpJkhAAADxklEQVR4nO3dv04iXRzHYVDUwhvC+zExXpu1vaWJvbWtnY0WJsrmbHI2Z887r9nFYWb58jzJBBAZsfn4Y/653Gw2mwVAkKO53wDA2IQNiCNsQBxhA+IIGxBH2IA4wgbEETYgjrABcYQNiCNsQBxhA+IIGxBH2IA4wgbEETYgjrABcYQNiCNsQBxhA+IIGxBH2IA4wgbEETYgjrABcYQNiLNcr9ebud8EwJiWi8VC2IAoPooCcYQNiCNsQJzVer2e+z0AjGq52WzsPACi+CgKxBE2II6wAXGEDYgjbEAcYQPiCBsQR9iAOMIGxBE2IM5q7jfwr/r8/Nz6tUdH/l7AnA7+XNEpf/3lslzXE9i1g5zY/nQa2yZE4gXzO5iJ7ePjY5T19OEaCpm4wbziw/b+/j7KetpY1fv97Vf3genEfhR9e3sbbV1DIatL+7j//vI3Q9xgepFhe3l52XnQylL2fvZf618LTC8ubM/Pz6Otq5/K2pCV+3Vpn2sP9SiPTW0wvZiwPT09jbKefurqJ7R+OT4+/nlbAlajJm4wr5iwjbVNrQ9bO4m1MatLOXRktVr953i4GjdBg+lFhO3h4WG0dQ1tT+uDVkJWlxq08vWhKa2/BXZv78N2d3c3+jr/JGonJyc/p7Wy1Lj1H13FDOax92F7fX3dedjaqJWgldsatBqv/jX1uTZ6QgfT2Ouw3dzc7GS9Q9NandTKGQynp6e/fW+//a0NGjC91cXFxWJfXV9fTzatlaCVpZ3A2ufrBFc/nrZTmykNprW6v79f7KvLy8udrLeGrQat3UlQJ7M6vdWQ9dvbgPns9UfRsU5sbw2d/1l+Tg1dH7F2W1vRblsTOZiHKyICcfY6bFdXV78dLDvG0h+A2z7uzzroT7Mq/u/cUWA6q/V6vdhn5fCLqQ71aJevYgfMK+J6bGMf9vHV4R4lpOVwj7qcnZ39ul+f68PXT3TAbkWErbi9vZ30AN0+ZuW2PlfD1k5xwgbT2eu9oq3z8/PJT6lqQ9bGrN/OJmowrZiJbawT4v/2JPh+m1u/7U3YYHpxYSseHx8nu2xRDV17bbZ+r2m/XmC3IsP2nQtPbnuhyaG9o6Y1mEds2Ma4VPi2lwYXNZhXfNi+8w9e+jANTXBDOwpEDeZ1MGH7zmXEvwpc+7i/374GmM5Bhm2bf6g8FKuhqUzUYH4HH7a/vXJIH6uheAkazEvYgDh7fXUPgCHCBsQRNiCOsAFxhA2II2xAHGED4ggbEEfYgDjCBsQRNiCOsAFxhA2II2xAHGED4ggbsEjzA5yMNkFpGj6SAAAAAElFTkSuQmCC""}}]}, {""role"": ""assistant"", ""content"": ""Final Answer: 0.2""}, {""role"": ""user"", ""content"": [{""type"": ""text"", ""text"": ""\nConsider the image provided.\n\nFinal Answer:\n""}, {""type"": ""image_url"", ""image_url"": {""url"": ""data:image/png;base64,iVBORw0KGgoAAAANSUhEUgAAATYAAABcCAYAAADkpJkhAAADz0lEQVR4nO3du04bQRiAURuWi8QLLe9DwzvxBtT0lEj01LR0NFAggaNBmmgy2ZDEnlkn/54jrdbGeOIi+jx7Zb3ZbDYrgEAO9v0BAFoTNiAcYQPCETYgHGEDwhE2IBxhA8IRNiAcYQPCETYgHGEDwhE2IBxhA8IRNiAcYQPCETYgHGEDwhE2IBxhA8IRNiAcYQPCETYgHGEDwhE2IBxhA8IRNiCc9TiOm31/CICW1qvVStiAUGyKAuEIGxCOsAHhDOM47vszADS13mw2Dh4AodgUBcIRNiAcYQPCETYgHGEDwhE2IBxhA8IRNiAcYQPCETYgnGHfH4D/z8fHx9bvPTjwXUp/rhXll+b8r7Fep3ueQhtmbGw9G9smRgLGHMzYWL2/vzcbqw7XVMjEjd6EbcHe3t6ajVXGKj+u1189hpZsii7Q6+tr0/GmQpaX8nn9++k7VdzoQdgW5vn5eZagpSUdAa1/Vr8XehC2BXl6emo6Xj0rK0OWHuelfK083SM9N2ujB2FbgMfHx2Zj1bOueoZWL4eHh5/rFLAcNXGjN2FbgJb71OqwlTOxMmZ5SaePDMPw0zlxOW6CRg/CFtz9/X3T8ab2p9VBSyHLSw5a+vnULK1eQwvCFtjt7W2Xcf8kakdHR5+ztbTkuNWbrmJGL8IW2MvLyyxhK6OWgpbWOWg5XvV78mtl9ISOVoQtqOvr625jT83W8kwtXcVwfHz8w+/W+9/KoEEPw/n5eZeB2a/Ly8tZZ2spaGkpZ2Dl63kGlzdPy1mbWRqtDXd3d80HZf8uLi66jZ3DloNWHiTIM7M8e8shq/e3QU82RYNqeWF7aer6z/Rv5dDVESv3tSXlvjWRoxd3/QPCSV+7vjaDurq66r4pmjc78xHRdOAgLaenp6uTk5Pv67Tk1/KR0/z+fJJvHht2NYzjuPMg/JtSQOY81aNc8s/rS6yEizm4H1twPU77+Op0j3LWlpZ6ppbWdfjqi+lhV8K2ADc3N7OfoFvHLK3za1ObocJGS46KLsDZ2dleLqkqQ1bGrL4SQdRozYxtQVpcEP+3F8HX+9zqfW/CRg/CtjAPDw+z3rYoh668N1t9A8p6XNiVsC3QLjee3PZGk1NHR83W6EXYFmzXW4Vve2twUaM3YWPrP/BSh2lqBjd1oEDU6E3Y2Pk24l8FrnxePy7fAy0JG03+oPJUrKZmZaLGHISNpncOqWP1u+fQg7AB4bhtERCOsAHhCBsQjrAB4QgbEI6wAeEIGxCOsAHhCBsQjrAB4QgbEI6wAeEIGxCOsAHhCBsQjrABq2i+AV6ZN+f7P3/YAAAAAElFTkSuQmCC""}}]}]",Final Answer: 0.3
openai/gpt-4o-2024-08-06,sample_003,0.3928,0.3928,0.3928,0.25,"[{""role"": ""system"", ""content"": ""You are a lines length ratio estimator.\n        You are given an image of two lines.\n\n        Estimate the ratio of the shorter line to the longer line as a decimal number between 0 and 1.\n\n        Do not explain or reason. Only output the final answer as a number after Final Answer:\n""}, {""role"": ""user"", ""content"": [{""type"": ""text"", ""text"": ""\nConsider the image provided.\n\nFinal Answer:\n""}, {""type"": ""image_url"", ""image_url"": {""url"": ""data:image/png;base64,iVBORw0KGgoAAAANSUhEUgAAATYAAABcCAYAAADkpJkhAAADxklEQVR4nO3dv04iXRzHYVDUwhvC+zExXpu1vaWJvbWtnY0WJsrmbHI2Z887r9nFYWb58jzJBBAZsfn4Y/653Gw2mwVAkKO53wDA2IQNiCNsQBxhA+IIGxBH2IA4wgbEETYgjrABcYQNiCNsQBxhA+IIGxBH2IA4wgbEETYgjrABcYQNiCNsQBxhA+IIGxBH2IA4wgbEETYgjrABcYQNiLNcr9ebud8EwJiWi8VC2IAoPooCcYQNiCNsQJzVer2e+z0AjGq52WzsPACi+CgKxBE2II6wAXGEDYgjbEAcYQPiCBsQR9iAOMIGxBE2IM5q7jfwr/r8/Nz6tUdH/l7AnA7+XNEpf/3lslzXE9i1g5zY/nQa2yZE4gXzO5iJ7ePjY5T19OEaCpm4wbziw/b+/j7KetpY1fv97Vf3genEfhR9e3sbbV1DIatL+7j//vI3Q9xgepFhe3l52XnQylL2fvZf618LTC8ubM/Pz6Otq5/K2pCV+3Vpn2sP9SiPTW0wvZiwPT09jbKefurqJ7R+OT4+/nlbAlajJm4wr5iwjbVNrQ9bO4m1MatLOXRktVr953i4GjdBg+lFhO3h4WG0dQ1tT+uDVkJWlxq08vWhKa2/BXZv78N2d3c3+jr/JGonJyc/p7Wy1Lj1H13FDOax92F7fX3dedjaqJWgldsatBqv/jX1uTZ6QgfT2Ouw3dzc7GS9Q9NandTKGQynp6e/fW+//a0NGjC91cXFxWJfXV9fTzatlaCVpZ3A2ufrBFc/nrZTmykNprW6v79f7KvLy8udrLeGrQat3UlQJ7M6vdWQ9dvbgPns9UfRsU5sbw2d/1l+Tg1dH7F2W1vRblsTOZiHKyICcfY6bFdXV78dLDvG0h+A2z7uzzroT7Mq/u/cUWA6q/V6vdhn5fCLqQ71aJevYgfMK+J6bGMf9vHV4R4lpOVwj7qcnZ39ul+f68PXT3TAbkWErbi9vZ30AN0+ZuW2PlfD1k5xwgbT2eu9oq3z8/PJT6lqQ9bGrN/OJmowrZiJbawT4v/2JPh+m1u/7U3YYHpxYSseHx8nu2xRDV17bbZ+r2m/XmC3IsP2nQtPbnuhyaG9o6Y1mEds2Ma4VPi2lwYXNZhXfNi+8w9e+jANTXBDOwpEDeZ1MGH7zmXEvwpc+7i/374GmM5Bhm2bf6g8FKuhqUzUYH4HH7a/vXJIH6uheAkazEvYgDh7fXUPgCHCBsQRNiCOsAFxhA2II2xAHGED4ggbEEfYgDjCBsQRNiCOsAFxhA2II2xAHGED4ggbsEjzA5yMNkFpGj6SAAAAAElFTkSuQmCC""}}]}, {""role"": ""assistant"", ""content"": ""Final Answer: 0.2""}, {""role"": ""user"", ""content"": [{""type"": ""text"", ""text"": ""\nConsider the image provided.\n\nFinal Answer:\n""}, {""type"": ""image_url"", ""image_url"": {""url"": ""data:image/png;base64,iVBORw0KGgoAAAANSUhEUgAAATYAAABcCAYAAADkpJkhAAADz0lEQVR4nO3du04bQRiAURuWi8QLLe9DwzvxBtT0lEj01LR0NFAggaNBmmgy2ZDEnlkn/54jrdbGeOIi+jx7Zb3ZbDYrgEAO9v0BAFoTNiAcYQPCETYgHGEDwhE2IBxhA8IRNiAcYQPCETYgHGEDwhE2IBxhA8IRNiAcYQPCETYgHGEDwhE2IBxhA8IRNiAcYQPCETYgHGEDwhE2IBxhA8IRNiCc9TiOm31/CICW1qvVStiAUGyKAuEIGxCOsAHhDOM47vszADS13mw2Dh4AodgUBcIRNiAcYQPCETYgHGEDwhE2IBxhA8IRNiAcYQPCETYgnGHfH4D/z8fHx9bvPTjwXUp/rhXll+b8r7Fep3ueQhtmbGw9G9smRgLGHMzYWL2/vzcbqw7XVMjEjd6EbcHe3t6ajVXGKj+u1189hpZsii7Q6+tr0/GmQpaX8nn9++k7VdzoQdgW5vn5eZagpSUdAa1/Vr8XehC2BXl6emo6Xj0rK0OWHuelfK083SM9N2ujB2FbgMfHx2Zj1bOueoZWL4eHh5/rFLAcNXGjN2FbgJb71OqwlTOxMmZ5SaePDMPw0zlxOW6CRg/CFtz9/X3T8ab2p9VBSyHLSw5a+vnULK1eQwvCFtjt7W2Xcf8kakdHR5+ztbTkuNWbrmJGL8IW2MvLyyxhK6OWgpbWOWg5XvV78mtl9ISOVoQtqOvr625jT83W8kwtXcVwfHz8w+/W+9/KoEEPw/n5eZeB2a/Ly8tZZ2spaGkpZ2Dl63kGlzdPy1mbWRqtDXd3d80HZf8uLi66jZ3DloNWHiTIM7M8e8shq/e3QU82RYNqeWF7aer6z/Rv5dDVESv3tSXlvjWRoxd3/QPCSV+7vjaDurq66r4pmjc78xHRdOAgLaenp6uTk5Pv67Tk1/KR0/z+fJJvHht2NYzjuPMg/JtSQOY81aNc8s/rS6yEizm4H1twPU77+Op0j3LWlpZ6ppbWdfjqi+lhV8K2ADc3N7OfoFvHLK3za1ObocJGS46KLsDZ2dleLqkqQ1bGrL4SQdRozYxtQVpcEP+3F8HX+9zqfW/CRg/CtjAPDw+z3rYoh668N1t9A8p6XNiVsC3QLjee3PZGk1NHR83W6EXYFmzXW4Vve2twUaM3YWPrP/BSh2lqBjd1oEDU6E3Y2Pk24l8FrnxePy7fAy0JG03+oPJUrKZmZaLGHISNpncOqWP1u+fQg7AB4bhtERCOsAHhCBsQjrAB4QgbEI6wAeEIGxCOsAHhCBsQjrAB4QgbEI6wAeEIGxCOsAHhCBsQjrABq2i+AV6ZN+f7P3/YAAAAAElFTkSuQmCC""}}]}, {""role"": ""assistant"", ""content"": ""Final Answer: 0.3""}, {""role"": ""user"", ""content"": [{""type"": ""text"", ""text"": ""\nConsider the image provided.\n\nFinal Answer:\n""}, {""type"": ""image_url"", ""image_url"": {""url"": ""data:image/png;base64,iVBORw0KGgoAAAANSUhEUgAAATYAAABcCAYAAADkpJkhAAADx0lEQVR4nO3dvU7jSgCG4QTCj8QNhfuh4Z64A2p6SiR6alo6GiiQIEez0qzmzLHYPcjY8cfzSFYSQryWVnoz/hvWu91utwIIcjD3BgCMTdiAOMIGxBE2II6wAXGEDYgjbEAcYQPiCBsQR9iAOMIGxBE2II6wAXGEDYgjbEAcYQPiCBsQR9iAOMIGxBE2II6wAXGEDYgjbEAcYQPiCBsQR9iAOOvtdrubeyMAxrRerVbCBkSxKwrEETYgjrABcTbb7XbubQAY1Xq32zl5AESxKwrEETYgjrABcYQNiCNsQBxhA+IIGxBH2IA4wgbEETYgzmbuDWAcHx8fX/7swYHvN7K4V3RhpvzvWq/LPKSwPEZsYaOxr8RIwEhjxLan3t/fR1tXH66hkIkbSYRtz7y9vY22rjZW9Xn/+NlzWCq7onvi9fV11PUNhawu7ev+98v3nLixdMK2B56fnycJWlnKGdD+Z/1nYemEbWZPT0+jrq8flbUhK8/r0r7XXu5RXhu1sXTCNpPHx8fR1tWPuvoRWr8cHh7+eiwBq1ETN5IIW8AxtT5s7UisjVldyuUjm83mP9fE1bgJGksnbDO4v78fdX1Dx9P6oJWQ1aUGrfx8aJTWP8LSCNvEbm9vv2W9fxO1o6OjX6O1stS49buuYkYCYZvYy8vLJGFro1aCVh5r0Gq8+s/U99roCR1LJGwTur6+/rZ1D43W6kit3MVwfHz8r9/tj7+1QYOl25yfn8+9DT/G5eXlpKO1ErSytCOw9v06gqu7p+2ozSiNJdvc3d3NvQ0/xsXFxbetu4atBq09SVBHZnX0VkPWH2+DFHZFF3pje2vo/s/yb9XQ9RFrj7UV7bE1kSOBGQaBOOUr3lf0hK6urr59V7TudtYzouXEQVlOT09XJycnvx/LUt+rZ07r5+tFvnXdsCSb7XY79zb8KCUgU17q0S715/0tVsJFGvOxhVz28dnlHu2orSz9SK089uHrb6aHJRG2mdzc3Ex+gW4fs/JY3xvaDRU2lspZ0ZmcnZ3NcktVG7I2Zv2dCKLGkhmxBdwQ/39vgu+PufXH3oSNpRO2PfDw8DDptEU1dO3cbP0ElP16YUmELWDiya9ONDl0dtRojQTCFjZV+FenBhc1kghb2B946cM0NIIbOlEgaiQRttBpxD8LXPu6f95+BpZK2IL/oPJQrIZGZaJGGmH7ATOH9LH602tYOmED4pi2CIgjbEAcYQPiCBsQR9iAOMIGxBE2II6wAXGEDYgjbEAcYQPiCBsQR9iAOMIGxBE2II6wAas0/wBdpDfnoKPWyAAAAABJRU5ErkJggg==""}}]}]",Final Answer: 0.25
openai/gpt-4o-2024-08-06,sample_004,0.3395,0.3395,0.3395,0.3,"[{""role"": ""system"", ""content"": ""You are a lines length ratio estimator.\n        You are given an image of two lines.\n\n        Estimate the ratio of the shorter line to the longer line as a decimal number between 0 and 1.\n\n        Do not explain or reason. Only output the final answer as a number after Final Answer:\n""}, {""role"": ""user"", ""content"": [{""type"": ""text"", ""text"": ""\nConsider the image provided.\n\nFinal Answer:\n""}, {""type"": ""image_url"", ""image_url"": {""url"": ""data:image/png;base64,iVBORw0KGgoAAAANSUhEUgAAATYAAABcCAYAAADkpJkhAAADxklEQVR4nO3dv04iXRzHYVDUwhvC+zExXpu1vaWJvbWtnY0WJsrmbHI2Z887r9nFYWb58jzJBBAZsfn4Y/653Gw2mwVAkKO53wDA2IQNiCNsQBxhA+IIGxBH2IA4wgbEETYgjrABcYQNiCNsQBxhA+IIGxBH2IA4wgbEETYgjrABcYQNiCNsQBxhA+IIGxBH2IA4wgbEETYgjrABcYQNiLNcr9ebud8EwJiWi8VC2IAoPooCcYQNiCNsQJzVer2e+z0AjGq52WzsPACi+CgKxBE2II6wAXGEDYgjbEAcYQPiCBsQR9iAOMIGxBE2IM5q7jfwr/r8/Nz6tUdH/l7AnA7+XNEpf/3lslzXE9i1g5zY/nQa2yZE4gXzO5iJ7ePjY5T19OEaCpm4wbziw/b+/j7KetpY1fv97Vf3genEfhR9e3sbbV1DIatL+7j//vI3Q9xgepFhe3l52XnQylL2fvZf618LTC8ubM/Pz6Otq5/K2pCV+3Vpn2sP9SiPTW0wvZiwPT09jbKefurqJ7R+OT4+/nlbAlajJm4wr5iwjbVNrQ9bO4m1MatLOXRktVr953i4GjdBg+lFhO3h4WG0dQ1tT+uDVkJWlxq08vWhKa2/BXZv78N2d3c3+jr/JGonJyc/p7Wy1Lj1H13FDOax92F7fX3dedjaqJWgldsatBqv/jX1uTZ6QgfT2Ouw3dzc7GS9Q9NandTKGQynp6e/fW+//a0NGjC91cXFxWJfXV9fTzatlaCVpZ3A2ufrBFc/nrZTmykNprW6v79f7KvLy8udrLeGrQat3UlQJ7M6vdWQ9dvbgPns9UfRsU5sbw2d/1l+Tg1dH7F2W1vRblsTOZiHKyICcfY6bFdXV78dLDvG0h+A2z7uzzroT7Mq/u/cUWA6q/V6vdhn5fCLqQ71aJevYgfMK+J6bGMf9vHV4R4lpOVwj7qcnZ39ul+f68PXT3TAbkWErbi9vZ30AN0+ZuW2PlfD1k5xwgbT2eu9oq3z8/PJT6lqQ9bGrN/OJmowrZiJbawT4v/2JPh+m1u/7U3YYHpxYSseHx8nu2xRDV17bbZ+r2m/XmC3IsP2nQtPbnuhyaG9o6Y1mEds2Ma4VPi2lwYXNZhXfNi+8w9e+jANTXBDOwpEDeZ1MGH7zmXEvwpc+7i/374GmM5Bhm2bf6g8FKuhqUzUYH4HH7a/vXJIH6uheAkazEvYgDh7fXUPgCHCBsQRNiCOsAFxhA2II2xAHGED4ggbEEfYgDjCBsQRNiCOsAFxhA2II2xAHGED4ggbsEjzA5yMNkFpGj6SAAAAAElFTkSuQmCC""}}]}, {""role"": ""assistant"", ""content"": ""Final Answer: 0.2""}, {""role"": ""user"", ""content"": [{""type"": ""text"", ""text"": ""\nConsider the image provided.\n\nFinal Answer:\n""}, {""type"": ""image_url"", ""image_url"": {""url"": ""data:image/png;base64,iVBORw0KGgoAAAANSUhEUgAAATYAAABcCAYAAADkpJkhAAADz0lEQVR4nO3du04bQRiAURuWi8QLLe9DwzvxBtT0lEj01LR0NFAggaNBmmgy2ZDEnlkn/54jrdbGeOIi+jx7Zb3ZbDYrgEAO9v0BAFoTNiAcYQPCETYgHGEDwhE2IBxhA8IRNiAcYQPCETYgHGEDwhE2IBxhA8IRNiAcYQPCETYgHGEDwhE2IBxhA8IRNiAcYQPCETYgHGEDwhE2IBxhA8IRNiCc9TiOm31/CICW1qvVStiAUGyKAuEIGxCOsAHhDOM47vszADS13mw2Dh4AodgUBcIRNiAcYQPCETYgHGEDwhE2IBxhA8IRNiAcYQPCETYgnGHfH4D/z8fHx9bvPTjwXUp/rhXll+b8r7Fep3ueQhtmbGw9G9smRgLGHMzYWL2/vzcbqw7XVMjEjd6EbcHe3t6ajVXGKj+u1189hpZsii7Q6+tr0/GmQpaX8nn9++k7VdzoQdgW5vn5eZagpSUdAa1/Vr8XehC2BXl6emo6Xj0rK0OWHuelfK083SM9N2ujB2FbgMfHx2Zj1bOueoZWL4eHh5/rFLAcNXGjN2FbgJb71OqwlTOxMmZ5SaePDMPw0zlxOW6CRg/CFtz9/X3T8ab2p9VBSyHLSw5a+vnULK1eQwvCFtjt7W2Xcf8kakdHR5+ztbTkuNWbrmJGL8IW2MvLyyxhK6OWgpbWOWg5XvV78mtl9ISOVoQtqOvr625jT83W8kwtXcVwfHz8w+/W+9/KoEEPw/n5eZeB2a/Ly8tZZ2spaGkpZ2Dl63kGlzdPy1mbWRqtDXd3d80HZf8uLi66jZ3DloNWHiTIM7M8e8shq/e3QU82RYNqeWF7aer6z/Rv5dDVESv3tSXlvjWRoxd3/QPCSV+7vjaDurq66r4pmjc78xHRdOAgLaenp6uTk5Pv67Tk1/KR0/z+fJJvHht2NYzjuPMg/JtSQOY81aNc8s/rS6yEizm4H1twPU77+Op0j3LWlpZ6ppbWdfjqi+lhV8K2ADc3N7OfoFvHLK3za1ObocJGS46KLsDZ2dleLqkqQ1bGrL4SQdRozYxtQVpcEP+3F8HX+9zqfW/CRg/CtjAPDw+z3rYoh668N1t9A8p6XNiVsC3QLjee3PZGk1NHR83W6EXYFmzXW4Vve2twUaM3YWPrP/BSh2lqBjd1oEDU6E3Y2Pk24l8FrnxePy7fAy0JG03+oPJUrKZmZaLGHISNpncOqWP1u+fQg7AB4bhtERCOsAHhCBsQjrAB4QgbEI6wAeEIGxCOsAHhCBsQjrAB4QgbEI6wAeEIGxCOsAHhCBsQjrABq2i+AV6ZN+f7P3/YAAAAAElFTkSuQmCC""}}]}, {""role"": ""assistant"", ""content"": ""Final Answer: 0.3""}, {""role"": ""user"", ""content"": [{""type"": ""text"", ""text"": ""\nConsider the image provided.\n\nFinal Answer:\n""}, {""type"": ""image_url"", ""image_url"": {""url"": ""data:image/png;base64,iVBORw0KGgoAAAANSUhEUgAAATYAAABcCAYAAADkpJkhAAADx0lEQVR4nO3dvU7jSgCG4QTCj8QNhfuh4Z64A2p6SiR6alo6GiiQIEez0qzmzLHYPcjY8cfzSFYSQryWVnoz/hvWu91utwIIcjD3BgCMTdiAOMIGxBE2II6wAXGEDYgjbEAcYQPiCBsQR9iAOMIGxBE2II6wAXGEDYgjbEAcYQPiCBsQR9iAOMIGxBE2II6wAXGEDYgjbEAcYQPiCBsQR9iAOOvtdrubeyMAxrRerVbCBkSxKwrEETYgjrABcTbb7XbubQAY1Xq32zl5AESxKwrEETYgjrABcYQNiCNsQBxhA+IIGxBH2IA4wgbEETYgzmbuDWAcHx8fX/7swYHvN7K4V3RhpvzvWq/LPKSwPEZsYaOxr8RIwEhjxLan3t/fR1tXH66hkIkbSYRtz7y9vY22rjZW9Xn/+NlzWCq7onvi9fV11PUNhawu7ev+98v3nLixdMK2B56fnycJWlnKGdD+Z/1nYemEbWZPT0+jrq8flbUhK8/r0r7XXu5RXhu1sXTCNpPHx8fR1tWPuvoRWr8cHh7+eiwBq1ETN5IIW8AxtT5s7UisjVldyuUjm83mP9fE1bgJGksnbDO4v78fdX1Dx9P6oJWQ1aUGrfx8aJTWP8LSCNvEbm9vv2W9fxO1o6OjX6O1stS49buuYkYCYZvYy8vLJGFro1aCVh5r0Gq8+s/U99roCR1LJGwTur6+/rZ1D43W6kit3MVwfHz8r9/tj7+1QYOl25yfn8+9DT/G5eXlpKO1ErSytCOw9v06gqu7p+2ozSiNJdvc3d3NvQ0/xsXFxbetu4atBq09SVBHZnX0VkPWH2+DFHZFF3pje2vo/s/yb9XQ9RFrj7UV7bE1kSOBGQaBOOUr3lf0hK6urr59V7TudtYzouXEQVlOT09XJycnvx/LUt+rZ07r5+tFvnXdsCSb7XY79zb8KCUgU17q0S715/0tVsJFGvOxhVz28dnlHu2orSz9SK089uHrb6aHJRG2mdzc3Ex+gW4fs/JY3xvaDRU2lspZ0ZmcnZ3NcktVG7I2Zv2dCKLGkhmxBdwQ/39vgu+PufXH3oSNpRO2PfDw8DDptEU1dO3cbP0ElP16YUmELWDiya9ONDl0dtRojQTCFjZV+FenBhc1kghb2B946cM0NIIbOlEgaiQRttBpxD8LXPu6f95+BpZK2IL/oPJQrIZGZaJGGmH7ATOH9LH602tYOmED4pi2CIgjbEAcYQPiCBsQR9iAOMIGxBE2II6wAXGEDYgjbEAcYQPiCBsQR9iAOMIGxBE2II6wAas0/wBdpDfnoKPWyAAAAABJRU5ErkJggg==""}}]}, {""role"": ""assistant"", ""content"": ""Final Answer: 0.25""}, {""role"": ""user"", ""content"": [{""type"": ""text"", ""text"": ""\nConsider the image provided.\n\nFinal Answer:\n""}, {""type"": ""image_url"", ""image_url"": {""url"": ""data:image/png;base64,iVBORw0KGgoAAAANSUhEUgAAATYAAABcCAYAAADkpJkhAAADt0lEQVR4nO3dvU7jQBSA0QQCFLyQeR8kxLNR01Mi0VPT0tFAgQReDdHsjgdvtPE6cbg+R7ISCPFaW3zc+I9l27btAiCQo6k3AGBswgaEI2xAOMIGhCNsQDjCBoQjbEA4wgaEI2xAOMIGhCNsQDjCBoQjbEA4wgaEI2xAOMIGhCNsQDjCBoQjbEA4wgaEI2xAOMIGhCNsQDjCBoQjbEA4wgaEs2yapp16IwDGtFwsFsIGhOKjKBCOsAHhCBsQzqppmqm3AWBUy7ZtHTwAQvFRFAhH2IBwhA0IR9iAcIQNCEfYgHCEDQhH2IBwhA0IR9iAcFZTbwBrn5+fg997dOT3E5RcK7pn+/zvXi7TfURhfkxsBzSNDQmReMF3JrYd+fj4GGU9dbj6QiZu0CVsI3t/fx9lPWWs8vP6cdNzmDMfRUfy9vY22rr6QpaX8uv659PvKHEDYRvFy8vLzoOWlnT0s/5e/V5A2P7b8/PzaOuqp7IyZOl5XsrXylM90temNhC2wZ6enkZZTz111RNavRwfH389poDlqIkbdAnbxPvU6rCVk1gZs7ykU0dWq9W38+Fy3AQNhG2Qh4eH0dbVtz+tDloKWV5y0NL3+6a0+hHmSNi2dHd3N/o6/yVqJycnX9NaWnLc6o+uYgZrwral19fXnYetjFoKWnrMQcvxqt+TXyujJ3TMlbBt4ebmZifr7ZvW8qSWrmA4PT3t/Gy9/60MGrBYrC4uLqbehh/j+vp6b9NaClpaygmsfD1PcPnjaTm1mdKYu9X9/f3U2/BjXF5e7mS9OWw5aOVBgjyZ5ekth6ze3wb84aPoBBe2l/qu/0z/Tg5dHbFyX1tS7lsTOVhzh0IgHGHbwtXVVedk2TGW+gTc8uv6qoP6Mqvkb9eOwpytmqaZeht+lHT6xb5O9SiXTbEDutyP7QBO+9h0ukcKaTrdIy9nZ2e/n+fX6vDVEx3MjbANdHt7u9cTdOuYpcf8Wg5bOcUJG3PmqOhA5+fne7+kqgxZGbN6P5uoMXcmtokviN/2Ivh6n1u9703YQNhG8fj4uLfbFuXQlfdmq4+a1uuFuRG2iW88OfRGk31HR01rsCZsB3Sr8KG3Bhc16BK2A/oDL3WY+ia4vgMFogZdwnaAtxHfFLjy6/p5+R6YM2E70D+o3BervqlM1OA7YTvwO4fUseqLl6BBl7AB4bi7BxCOsAHhCBsQjrAB4QgbEI6wAeEIGxCOsAHhCBsQjrAB4QgbEI6wAeEIGxCOsAHhCBsQjrABi2h+ASl0NkFWMNjMAAAAAElFTkSuQmCC""}}]}]",Final Answer: 0.3
openai/gpt-4o-2024-08-06,sample_005,0.1624,0.1624,0.1624,0.2,"[{""role"": ""system"", ""content"": ""You are a lines length ratio estimator.\n        You are given an image of two lines.\n\n        Estimate the ratio of the shorter line to the longer line as a decimal number between 0 and 1.\n\n        Do not explain or reason. Only output the final answer as a number after Final Answer:\n""}, {""role"": ""user"", ""content"": [{""type"": ""text"", ""text"": ""\nConsider the image provided.\n\nFinal Answer:\n""}, {""type"": ""image_url"", ""image_url"": {""url"": ""data:image/png;base64,iVBORw0KGgoAAAANSUhEUgAAATYAAABcCAYAAADkpJkhAAADxklEQVR4nO3dv04iXRzHYVDUwhvC+zExXpu1vaWJvbWtnY0WJsrmbHI2Z887r9nFYWb58jzJBBAZsfn4Y/653Gw2mwVAkKO53wDA2IQNiCNsQBxhA+IIGxBH2IA4wgbEETYgjrABcYQNiCNsQBxhA+IIGxBH2IA4wgbEETYgjrABcYQNiCNsQBxhA+IIGxBH2IA4wgbEETYgjrABcYQNiLNcr9ebud8EwJiWi8VC2IAoPooCcYQNiCNsQJzVer2e+z0AjGq52WzsPACi+CgKxBE2II6wAXGEDYgjbEAcYQPiCBsQR9iAOMIGxBE2IM5q7jfwr/r8/Nz6tUdH/l7AnA7+XNEpf/3lslzXE9i1g5zY/nQa2yZE4gXzO5iJ7ePjY5T19OEaCpm4wbziw/b+/j7KetpY1fv97Vf3genEfhR9e3sbbV1DIatL+7j//vI3Q9xgepFhe3l52XnQylL2fvZf618LTC8ubM/Pz6Otq5/K2pCV+3Vpn2sP9SiPTW0wvZiwPT09jbKefurqJ7R+OT4+/nlbAlajJm4wr5iwjbVNrQ9bO4m1MatLOXRktVr953i4GjdBg+lFhO3h4WG0dQ1tT+uDVkJWlxq08vWhKa2/BXZv78N2d3c3+jr/JGonJyc/p7Wy1Lj1H13FDOax92F7fX3dedjaqJWgldsatBqv/jX1uTZ6QgfT2Ouw3dzc7GS9Q9NandTKGQynp6e/fW+//a0NGjC91cXFxWJfXV9fTzatlaCVpZ3A2ufrBFc/nrZTmykNprW6v79f7KvLy8udrLeGrQat3UlQJ7M6vdWQ9dvbgPns9UfRsU5sbw2d/1l+Tg1dH7F2W1vRblsTOZiHKyICcfY6bFdXV78dLDvG0h+A2z7uzzroT7Mq/u/cUWA6q/V6vdhn5fCLqQ71aJevYgfMK+J6bGMf9vHV4R4lpOVwj7qcnZ39ul+f68PXT3TAbkWErbi9vZ30AN0+ZuW2PlfD1k5xwgbT2eu9oq3z8/PJT6lqQ9bGrN/OJmowrZiJbawT4v/2JPh+m1u/7U3YYHpxYSseHx8nu2xRDV17bbZ+r2m/XmC3IsP2nQtPbnuhyaG9o6Y1mEds2Ma4VPi2lwYXNZhXfNi+8w9e+jANTXBDOwpEDeZ1MGH7zmXEvwpc+7i/374GmM5Bhm2bf6g8FKuhqUzUYH4HH7a/vXJIH6uheAkazEvYgDh7fXUPgCHCBsQRNiCOsAFxhA2II2xAHGED4ggbEEfYgDjCBsQRNiCOsAFxhA2II2xAHGED4ggbsEjzA5yMNkFpGj6SAAAAAElFTkSuQmCC""}}]}, {""role"": ""assistant"", ""content"": ""Final Answer: 0.2""}, {""role"": ""user"", ""content"": [{""type"": ""text"", ""text"": ""\nConsider the image provided.\n\nFinal Answer:\n""}, {""type"": ""image_url"", ""image_url"": {""url"": ""data:image/png;base64,iVBORw0KGgoAAAANSUhEUgAAATYAAABcCAYAAADkpJkhAAADz0lEQVR4nO3du04bQRiAURuWi8QLLe9DwzvxBtT0lEj01LR0NFAggaNBmmgy2ZDEnlkn/54jrdbGeOIi+jx7Zb3ZbDYrgEAO9v0BAFoTNiAcYQPCETYgHGEDwhE2IBxhA8IRNiAcYQPCETYgHGEDwhE2IBxhA8IRNiAcYQPCETYgHGEDwhE2IBxhA8IRNiAcYQPCETYgHGEDwhE2IBxhA8IRNiCc9TiOm31/CICW1qvVStiAUGyKAuEIGxCOsAHhDOM47vszADS13mw2Dh4AodgUBcIRNiAcYQPCETYgHGEDwhE2IBxhA8IRNiAcYQPCETYgnGHfH4D/z8fHx9bvPTjwXUp/rhXll+b8r7Fep3ueQhtmbGw9G9smRgLGHMzYWL2/vzcbqw7XVMjEjd6EbcHe3t6ajVXGKj+u1189hpZsii7Q6+tr0/GmQpaX8nn9++k7VdzoQdgW5vn5eZagpSUdAa1/Vr8XehC2BXl6emo6Xj0rK0OWHuelfK083SM9N2ujB2FbgMfHx2Zj1bOueoZWL4eHh5/rFLAcNXGjN2FbgJb71OqwlTOxMmZ5SaePDMPw0zlxOW6CRg/CFtz9/X3T8ab2p9VBSyHLSw5a+vnULK1eQwvCFtjt7W2Xcf8kakdHR5+ztbTkuNWbrmJGL8IW2MvLyyxhK6OWgpbWOWg5XvV78mtl9ISOVoQtqOvr625jT83W8kwtXcVwfHz8w+/W+9/KoEEPw/n5eZeB2a/Ly8tZZ2spaGkpZ2Dl63kGlzdPy1mbWRqtDXd3d80HZf8uLi66jZ3DloNWHiTIM7M8e8shq/e3QU82RYNqeWF7aer6z/Rv5dDVESv3tSXlvjWRoxd3/QPCSV+7vjaDurq66r4pmjc78xHRdOAgLaenp6uTk5Pv67Tk1/KR0/z+fJJvHht2NYzjuPMg/JtSQOY81aNc8s/rS6yEizm4H1twPU77+Op0j3LWlpZ6ppbWdfjqi+lhV8K2ADc3N7OfoFvHLK3za1ObocJGS46KLsDZ2dleLqkqQ1bGrL4SQdRozYxtQVpcEP+3F8HX+9zqfW/CRg/CtjAPDw+z3rYoh668N1t9A8p6XNiVsC3QLjee3PZGk1NHR83W6EXYFmzXW4Vve2twUaM3YWPrP/BSh2lqBjd1oEDU6E3Y2Pk24l8FrnxePy7fAy0JG03+oPJUrKZmZaLGHISNpncOqWP1u+fQg7AB4bhtERCOsAHhCBsQjrAB4QgbEI6wAeEIGxCOsAHhCBsQjrAB4QgbEI6wAeEIGxCOsAHhCBsQjrABq2i+AV6ZN+f7P3/YAAAAAElFTkSuQmCC""}}]}, {""role"": ""assistant"", ""content"": ""Final Answer: 0.3""}, {""role"": ""user"", ""content"": [{""type"": ""text"", ""text"": ""\nConsider the image provided.\n\nFinal Answer:\n""}, {""type"": ""image_url"", ""image_url"": {""url"": ""data:image/png;base64,iVBORw0KGgoAAAANSUhEUgAAATYAAABcCAYAAADkpJkhAAADx0lEQVR4nO3dvU7jSgCG4QTCj8QNhfuh4Z64A2p6SiR6alo6GiiQIEez0qzmzLHYPcjY8cfzSFYSQryWVnoz/hvWu91utwIIcjD3BgCMTdiAOMIGxBE2II6wAXGEDYgjbEAcYQPiCBsQR9iAOMIGxBE2II6wAXGEDYgjbEAcYQPiCBsQR9iAOMIGxBE2II6wAXGEDYgjbEAcYQPiCBsQR9iAOOvtdrubeyMAxrRerVbCBkSxKwrEETYgjrABcTbb7XbubQAY1Xq32zl5AESxKwrEETYgjrABcYQNiCNsQBxhA+IIGxBH2IA4wgbEETYgzmbuDWAcHx8fX/7swYHvN7K4V3RhpvzvWq/LPKSwPEZsYaOxr8RIwEhjxLan3t/fR1tXH66hkIkbSYRtz7y9vY22rjZW9Xn/+NlzWCq7onvi9fV11PUNhawu7ev+98v3nLixdMK2B56fnycJWlnKGdD+Z/1nYemEbWZPT0+jrq8flbUhK8/r0r7XXu5RXhu1sXTCNpPHx8fR1tWPuvoRWr8cHh7+eiwBq1ETN5IIW8AxtT5s7UisjVldyuUjm83mP9fE1bgJGksnbDO4v78fdX1Dx9P6oJWQ1aUGrfx8aJTWP8LSCNvEbm9vv2W9fxO1o6OjX6O1stS49buuYkYCYZvYy8vLJGFro1aCVh5r0Gq8+s/U99roCR1LJGwTur6+/rZ1D43W6kit3MVwfHz8r9/tj7+1QYOl25yfn8+9DT/G5eXlpKO1ErSytCOw9v06gqu7p+2ozSiNJdvc3d3NvQ0/xsXFxbetu4atBq09SVBHZnX0VkPWH2+DFHZFF3pje2vo/s/yb9XQ9RFrj7UV7bE1kSOBGQaBOOUr3lf0hK6urr59V7TudtYzouXEQVlOT09XJycnvx/LUt+rZ07r5+tFvnXdsCSb7XY79zb8KCUgU17q0S715/0tVsJFGvOxhVz28dnlHu2orSz9SK089uHrb6aHJRG2mdzc3Ex+gW4fs/JY3xvaDRU2lspZ0ZmcnZ3NcktVG7I2Zv2dCKLGkhmxBdwQ/39vgu+PufXH3oSNpRO2PfDw8DDptEU1dO3cbP0ElP16YUmELWDiya9ONDl0dtRojQTCFjZV+FenBhc1kghb2B946cM0NIIbOlEgaiQRttBpxD8LXPu6f95+BpZK2IL/oPJQrIZGZaJGGmH7ATOH9LH602tYOmED4pi2CIgjbEAcYQPiCBsQR9iAOMIGxBE2II6wAXGEDYgjbEAcYQPiCBsQR9iAOMIGxBE2II6wAas0/wBdpDfnoKPWyAAAAABJRU5ErkJggg==""}}]}, {""role"": ""assistant"", ""content"": ""Final Answer: 0.25""}, {""role"": ""user"", ""content"": [{""type"": ""text"", ""text"": ""\nConsider the image provided.\n\nFinal Answer:\n""}, {""type"": ""image_url"", ""image_url"": {""url"": ""data:image/png;base64,iVBORw0KGgoAAAANSUhEUgAAATYAAABcCAYAAADkpJkhAAADt0lEQVR4nO3dvU7jQBSA0QQCFLyQeR8kxLNR01Mi0VPT0tFAgQReDdHsjgdvtPE6cbg+R7ISCPFaW3zc+I9l27btAiCQo6k3AGBswgaEI2xAOMIGhCNsQDjCBoQjbEA4wgaEI2xAOMIGhCNsQDjCBoQjbEA4wgaEI2xAOMIGhCNsQDjCBoQjbEA4wgaEI2xAOMIGhCNsQDjCBoQjbEA4wgaEs2yapp16IwDGtFwsFsIGhOKjKBCOsAHhCBsQzqppmqm3AWBUy7ZtHTwAQvFRFAhH2IBwhA0IR9iAcIQNCEfYgHCEDQhH2IBwhA0IR9iAcFZTbwBrn5+fg997dOT3E5RcK7pn+/zvXi7TfURhfkxsBzSNDQmReMF3JrYd+fj4GGU9dbj6QiZu0CVsI3t/fx9lPWWs8vP6cdNzmDMfRUfy9vY22rr6QpaX8uv659PvKHEDYRvFy8vLzoOWlnT0s/5e/V5A2P7b8/PzaOuqp7IyZOl5XsrXylM90temNhC2wZ6enkZZTz111RNavRwfH389poDlqIkbdAnbxPvU6rCVk1gZs7ykU0dWq9W38+Fy3AQNhG2Qh4eH0dbVtz+tDloKWV5y0NL3+6a0+hHmSNi2dHd3N/o6/yVqJycnX9NaWnLc6o+uYgZrwral19fXnYetjFoKWnrMQcvxqt+TXyujJ3TMlbBt4ebmZifr7ZvW8qSWrmA4PT3t/Gy9/60MGrBYrC4uLqbehh/j+vp6b9NaClpaygmsfD1PcPnjaTm1mdKYu9X9/f3U2/BjXF5e7mS9OWw5aOVBgjyZ5ekth6ze3wb84aPoBBe2l/qu/0z/Tg5dHbFyX1tS7lsTOVhzh0IgHGHbwtXVVedk2TGW+gTc8uv6qoP6Mqvkb9eOwpytmqaZeht+lHT6xb5O9SiXTbEDutyP7QBO+9h0ukcKaTrdIy9nZ2e/n+fX6vDVEx3MjbANdHt7u9cTdOuYpcf8Wg5bOcUJG3PmqOhA5+fne7+kqgxZGbN6P5uoMXcmtokviN/2Ivh6n1u9703YQNhG8fj4uLfbFuXQlfdmq4+a1uuFuRG2iW88OfRGk31HR01rsCZsB3Sr8KG3Bhc16BK2A/oDL3WY+ia4vgMFogZdwnaAtxHfFLjy6/p5+R6YM2E70D+o3BervqlM1OA7YTvwO4fUseqLl6BBl7AB4bi7BxCOsAHhCBsQjrAB4QgbEI6wAeEIGxCOsAHhCBsQjrAB4QgbEI6wAeEIGxCOsAHhCBsQjrABi2h+ASl0NkFWMNjMAAAAAElFTkSuQmCC""}}]}, {""role"": ""assistant"", ""content"": ""Final Answer: 0.3""}, {""role"": ""user"", ""content"": [{""type"": ""text"", ""text"": ""\nConsider the image provided.\n\nFinal Answer:\n""}, {""type"": ""image_url"", ""image_url"": {""url"": ""data:image/png;base64,iVBORw0KGgoAAAANSUhEUgAAATYAAABcCAYAAADkpJkhAAADwElEQVR4nO3dsU7jSgCG0QAGCl4ovA8S4tmo6SmR6Klp6WigQIJczUpzNTvXF+0G24E/50hWkg3xpvo0sT3jg81ms1kBBDnc9RcAmJqwAXGEDYgjbEAcYQPiCBsQR9iAOMIGxBE2II6wAXGEDYgjbEAcYQPiCBsQR9iAOMIGxBE2II6wAXGEDYgjbEAcYQPiCBsQR9iAOMIGxBE2II6wAXEO1uv1ZtdfAmBKB6vVStiAKH6KAnGEDYgjbECcYb1e7/o7AEzqYLPZOHkARPFTFIgjbEAcYQPiCBsQR9iAOMIGxBE2II6wAXGEDYgjbECcYfWDfHx8bP3Zw0MNh33xLeeKLvmVDg7KWptAkuGnjca2CZF4wX7Z6Yjt/f19kv304RoLmbjB/thJ2N7e3ibZTxur+rx//Ow5kGnRn6Kvr6+T7WssZHVrX/d/XzoubpBtsbA9Pz/PHrSylbOf/b/1nwWyLRK2p6enyfbVj8rakJXndWvfay/1KK+N2iDbrGF7fHycZD/9qKsfofXb0dHRr8cSsBo1cYP9MfyEY2p92NqRWBuzupVLR4Zh+M/1cDVuggbZZgvb/f39ZPsaO57WB62ErG41aOXfx0Zp/SOQZZaw3d7eTr7PP4na8fHxr9Fa2Wrc+p+uYgb5Zgnby8vL7GFro1aCVh5r0Gq8+s/U99roCR3kmTxs19fXqzmMjdbqSK3MYDg5Ofntb/vjb23QgGzD+fn5pDu8urpaLTVaK0ErWzsCa9+vI7j687QdtRmlQa7h7u5u0h1eXFys5lDDVoPWniSoI7M6eqsh64+3Afth+K4T21tj8z/L/1ND10esPdZWtMfWRA7yWX0RiDN52C4vL3+7WHaKrb8At33dzzrop1kV/zd3FMg0rNfryXdaLr9Y6lKPdvssdsD+mG09tqkv+/jsco8S0nK5R91OT0//fV7f68PXj+iAHLMuNHlzc7PoBbp9zMpjfa+GrR3FCRtkmnUS/NnZ2eJTqtqQtTHrj7OJGuRaZGnwr06I/9tJ8P0xt/7Ym7BBtsXuefDw8LDYskU1dO3abP1Z036/QI5Fb+ay7cKT2y40OXZ21GgN8u3kLlVfWSp826XBRQ32x07vK7rNDV76MI2N4MZOFIga7I+dhu0ry4h/Frj2df+8/QyQ6duEbZsbKo/FamxUJmqwX75l2P525ZA+VmPxEjTYHz8qbAB/wrJFQBxhA+IIGxBH2IA4wgbEETYgjrABcYQNiCNsQBxhA+IIGxBH2IA4wgbEETYgjrABcYQNWKX5B1S3NkEoUplJAAAAAElFTkSuQmCC""}}]}]",Final Answer: 0.2
openai/gpt-4o-2024-08-06,sample_006,0.1624,0.1624,0.1624,0.2,"[{""role"": ""system"", ""content"": ""You are a lines length ratio estimator.\n        You are given an image of two lines.\n\n        Estimate the ratio of the shorter line to the longer line as a decimal number between 0 and 1.\n\n        Do not explain or reason. Only output the final answer as a number after Final Answer:\n""}, {""role"": ""user"", ""content"": [{""type"": ""text"", ""text"": ""\nConsider the image provided.\n\nFinal Answer:\n""}, {""type"": ""image_url"", ""image_url"": {""url"": ""data:image/png;base64,iVBORw0KGgoAAAANSUhEUgAAATYAAABcCAYAAADkpJkhAAADxklEQVR4nO3dv04iXRzHYVDUwhvC+zExXpu1vaWJvbWtnY0WJsrmbHI2Z887r9nFYWb58jzJBBAZsfn4Y/653Gw2mwVAkKO53wDA2IQNiCNsQBxhA+IIGxBH2IA4wgbEETYgjrABcYQNiCNsQBxhA+IIGxBH2IA4wgbEETYgjrABcYQNiCNsQBxhA+IIGxBH2IA4wgbEETYgjrABcYQNiLNcr9ebud8EwJiWi8VC2IAoPooCcYQNiCNsQJzVer2e+z0AjGq52WzsPACi+CgKxBE2II6wAXGEDYgjbEAcYQPiCBsQR9iAOMIGxBE2IM5q7jfwr/r8/Nz6tUdH/l7AnA7+XNEpf/3lslzXE9i1g5zY/nQa2yZE4gXzO5iJ7ePjY5T19OEaCpm4wbziw/b+/j7KetpY1fv97Vf3genEfhR9e3sbbV1DIatL+7j//vI3Q9xgepFhe3l52XnQylL2fvZf618LTC8ubM/Pz6Otq5/K2pCV+3Vpn2sP9SiPTW0wvZiwPT09jbKefurqJ7R+OT4+/nlbAlajJm4wr5iwjbVNrQ9bO4m1MatLOXRktVr953i4GjdBg+lFhO3h4WG0dQ1tT+uDVkJWlxq08vWhKa2/BXZv78N2d3c3+jr/JGonJyc/p7Wy1Lj1H13FDOax92F7fX3dedjaqJWgldsatBqv/jX1uTZ6QgfT2Ouw3dzc7GS9Q9NandTKGQynp6e/fW+//a0NGjC91cXFxWJfXV9fTzatlaCVpZ3A2ufrBFc/nrZTmykNprW6v79f7KvLy8udrLeGrQat3UlQJ7M6vdWQ9dvbgPns9UfRsU5sbw2d/1l+Tg1dH7F2W1vRblsTOZiHKyICcfY6bFdXV78dLDvG0h+A2z7uzzroT7Mq/u/cUWA6q/V6vdhn5fCLqQ71aJevYgfMK+J6bGMf9vHV4R4lpOVwj7qcnZ39ul+f68PXT3TAbkWErbi9vZ30AN0+ZuW2PlfD1k5xwgbT2eu9oq3z8/PJT6lqQ9bGrN/OJmowrZiJbawT4v/2JPh+m1u/7U3YYHpxYSseHx8nu2xRDV17bbZ+r2m/XmC3IsP2nQtPbnuhyaG9o6Y1mEds2Ma4VPi2lwYXNZhXfNi+8w9e+jANTXBDOwpEDeZ1MGH7zmXEvwpc+7i/374GmM5Bhm2bf6g8FKuhqUzUYH4HH7a/vXJIH6uheAkazEvYgDh7fXUPgCHCBsQRNiCOsAFxhA2II2xAHGED4ggbEEfYgDjCBsQRNiCOsAFxhA2II2xAHGED4ggbsEjzA5yMNkFpGj6SAAAAAElFTkSuQmCC""}}]}, {""role"": ""assistant"", ""content"": ""Final Answer: 0.2""}, {""role"": ""user"", ""content"": [{""type"": ""text"", ""text"": ""\nConsider the image provided.\n\nFinal Answer:\n""}, {""type"": ""image_url"", ""image_url"": {""url"": ""data:image/png;base64,iVBORw0KGgoAAAANSUhEUgAAATYAAABcCAYAAADkpJkhAAADz0lEQVR4nO3du04bQRiAURuWi8QLLe9DwzvxBtT0lEj01LR0NFAggaNBmmgy2ZDEnlkn/54jrdbGeOIi+jx7Zb3ZbDYrgEAO9v0BAFoTNiAcYQPCETYgHGEDwhE2IBxhA8IRNiAcYQPCETYgHGEDwhE2IBxhA8IRNiAcYQPCETYgHGEDwhE2IBxhA8IRNiAcYQPCETYgHGEDwhE2IBxhA8IRNiCc9TiOm31/CICW1qvVStiAUGyKAuEIGxCOsAHhDOM47vszADS13mw2Dh4AodgUBcIRNiAcYQPCETYgHGEDwhE2IBxhA8IRNiAcYQPCETYgnGHfH4D/z8fHx9bvPTjwXUp/rhXll+b8r7Fep3ueQhtmbGw9G9smRgLGHMzYWL2/vzcbqw7XVMjEjd6EbcHe3t6ajVXGKj+u1189hpZsii7Q6+tr0/GmQpaX8nn9++k7VdzoQdgW5vn5eZagpSUdAa1/Vr8XehC2BXl6emo6Xj0rK0OWHuelfK083SM9N2ujB2FbgMfHx2Zj1bOueoZWL4eHh5/rFLAcNXGjN2FbgJb71OqwlTOxMmZ5SaePDMPw0zlxOW6CRg/CFtz9/X3T8ab2p9VBSyHLSw5a+vnULK1eQwvCFtjt7W2Xcf8kakdHR5+ztbTkuNWbrmJGL8IW2MvLyyxhK6OWgpbWOWg5XvV78mtl9ISOVoQtqOvr625jT83W8kwtXcVwfHz8w+/W+9/KoEEPw/n5eZeB2a/Ly8tZZ2spaGkpZ2Dl63kGlzdPy1mbWRqtDXd3d80HZf8uLi66jZ3DloNWHiTIM7M8e8shq/e3QU82RYNqeWF7aer6z/Rv5dDVESv3tSXlvjWRoxd3/QPCSV+7vjaDurq66r4pmjc78xHRdOAgLaenp6uTk5Pv67Tk1/KR0/z+fJJvHht2NYzjuPMg/JtSQOY81aNc8s/rS6yEizm4H1twPU77+Op0j3LWlpZ6ppbWdfjqi+lhV8K2ADc3N7OfoFvHLK3za1ObocJGS46KLsDZ2dleLqkqQ1bGrL4SQdRozYxtQVpcEP+3F8HX+9zqfW/CRg/CtjAPDw+z3rYoh668N1t9A8p6XNiVsC3QLjee3PZGk1NHR83W6EXYFmzXW4Vve2twUaM3YWPrP/BSh2lqBjd1oEDU6E3Y2Pk24l8FrnxePy7fAy0JG03+oPJUrKZmZaLGHISNpncOqWP1u+fQg7AB4bhtERCOsAHhCBsQjrAB4QgbEI6wAeEIGxCOsAHhCBsQjrAB4QgbEI6wAeEIGxCOsAHhCBsQjrABq2i+AV6ZN+f7P3/YAAAAAElFTkSuQmCC""}}]}, {""role"": ""assistant"", ""content"": ""Final Answer: 0.3""}, {""role"": ""user"", ""content"": [{""type"": ""text"", ""text"": ""\nConsider the image provided.\n\nFinal Answer:\n""}, {""type"": ""image_url"", ""image_url"": {""url"": ""data:image/png;base64,iVBORw0KGgoAAAANSUhEUgAAATYAAABcCAYAAADkpJkhAAADx0lEQVR4nO3dvU7jSgCG4QTCj8QNhfuh4Z64A2p6SiR6alo6GiiQIEez0qzmzLHYPcjY8cfzSFYSQryWVnoz/hvWu91utwIIcjD3BgCMTdiAOMIGxBE2II6wAXGEDYgjbEAcYQPiCBsQR9iAOMIGxBE2II6wAXGEDYgjbEAcYQPiCBsQR9iAOMIGxBE2II6wAXGEDYgjbEAcYQPiCBsQR9iAOOvtdrubeyMAxrRerVbCBkSxKwrEETYgjrABcTbb7XbubQAY1Xq32zl5AESxKwrEETYgjrABcYQNiCNsQBxhA+IIGxBH2IA4wgbEETYgzmbuDWAcHx8fX/7swYHvN7K4V3RhpvzvWq/LPKSwPEZsYaOxr8RIwEhjxLan3t/fR1tXH66hkIkbSYRtz7y9vY22rjZW9Xn/+NlzWCq7onvi9fV11PUNhawu7ev+98v3nLixdMK2B56fnycJWlnKGdD+Z/1nYemEbWZPT0+jrq8flbUhK8/r0r7XXu5RXhu1sXTCNpPHx8fR1tWPuvoRWr8cHh7+eiwBq1ETN5IIW8AxtT5s7UisjVldyuUjm83mP9fE1bgJGksnbDO4v78fdX1Dx9P6oJWQ1aUGrfx8aJTWP8LSCNvEbm9vv2W9fxO1o6OjX6O1stS49buuYkYCYZvYy8vLJGFro1aCVh5r0Gq8+s/U99roCR1LJGwTur6+/rZ1D43W6kit3MVwfHz8r9/tj7+1QYOl25yfn8+9DT/G5eXlpKO1ErSytCOw9v06gqu7p+2ozSiNJdvc3d3NvQ0/xsXFxbetu4atBq09SVBHZnX0VkPWH2+DFHZFF3pje2vo/s/yb9XQ9RFrj7UV7bE1kSOBGQaBOOUr3lf0hK6urr59V7TudtYzouXEQVlOT09XJycnvx/LUt+rZ07r5+tFvnXdsCSb7XY79zb8KCUgU17q0S715/0tVsJFGvOxhVz28dnlHu2orSz9SK089uHrb6aHJRG2mdzc3Ex+gW4fs/JY3xvaDRU2lspZ0ZmcnZ3NcktVG7I2Zv2dCKLGkhmxBdwQ/39vgu+PufXH3oSNpRO2PfDw8DDptEU1dO3cbP0ElP16YUmELWDiya9ONDl0dtRojQTCFjZV+FenBhc1kghb2B946cM0NIIbOlEgaiQRttBpxD8LXPu6f95+BpZK2IL/oPJQrIZGZaJGGmH7ATOH9LH602tYOmED4pi2CIgjbEAcYQPiCBsQR9iAOMIGxBE2II6wAXGEDYgjbEAcYQPiCBsQR9iAOMIGxBE2II6wAas0/wBdpDfnoKPWyAAAAABJRU5ErkJggg==""}}]}, {""role"": ""assistant"", ""content"": ""Final Answer: 0.25""}, {""role"": ""user"", ""content"": [{""type"": ""text"", ""text"": ""\nConsider the image provided.\n\nFinal Answer:\n""}, {""type"": ""image_url"", ""image_url"": {""url"": ""data:image/png;base64,iVBORw0KGgoAAAANSUhEUgAAATYAAABcCAYAAADkpJkhAAADt0lEQVR4nO3dvU7jQBSA0QQCFLyQeR8kxLNR01Mi0VPT0tFAgQReDdHsjgdvtPE6cbg+R7ISCPFaW3zc+I9l27btAiCQo6k3AGBswgaEI2xAOMIGhCNsQDjCBoQjbEA4wgaEI2xAOMIGhCNsQDjCBoQjbEA4wgaEI2xAOMIGhCNsQDjCBoQjbEA4wgaEI2xAOMIGhCNsQDjCBoQjbEA4wgaEs2yapp16IwDGtFwsFsIGhOKjKBCOsAHhCBsQzqppmqm3AWBUy7ZtHTwAQvFRFAhH2IBwhA0IR9iAcIQNCEfYgHCEDQhH2IBwhA0IR9iAcFZTbwBrn5+fg997dOT3E5RcK7pn+/zvXi7TfURhfkxsBzSNDQmReMF3JrYd+fj4GGU9dbj6QiZu0CVsI3t/fx9lPWWs8vP6cdNzmDMfRUfy9vY22rr6QpaX8uv659PvKHEDYRvFy8vLzoOWlnT0s/5e/V5A2P7b8/PzaOuqp7IyZOl5XsrXylM90temNhC2wZ6enkZZTz111RNavRwfH389poDlqIkbdAnbxPvU6rCVk1gZs7ykU0dWq9W38+Fy3AQNhG2Qh4eH0dbVtz+tDloKWV5y0NL3+6a0+hHmSNi2dHd3N/o6/yVqJycnX9NaWnLc6o+uYgZrwral19fXnYetjFoKWnrMQcvxqt+TXyujJ3TMlbBt4ebmZifr7ZvW8qSWrmA4PT3t/Gy9/60MGrBYrC4uLqbehh/j+vp6b9NaClpaygmsfD1PcPnjaTm1mdKYu9X9/f3U2/BjXF5e7mS9OWw5aOVBgjyZ5ekth6ze3wb84aPoBBe2l/qu/0z/Tg5dHbFyX1tS7lsTOVhzh0IgHGHbwtXVVedk2TGW+gTc8uv6qoP6Mqvkb9eOwpytmqaZeht+lHT6xb5O9SiXTbEDutyP7QBO+9h0ukcKaTrdIy9nZ2e/n+fX6vDVEx3MjbANdHt7u9cTdOuYpcf8Wg5bOcUJG3PmqOhA5+fne7+kqgxZGbN6P5uoMXcmtokviN/2Ivh6n1u9703YQNhG8fj4uLfbFuXQlfdmq4+a1uuFuRG2iW88OfRGk31HR01rsCZsB3Sr8KG3Bhc16BK2A/oDL3WY+ia4vgMFogZdwnaAtxHfFLjy6/p5+R6YM2E70D+o3BervqlM1OA7YTvwO4fUseqLl6BBl7AB4bi7BxCOsAHhCBsQjrAB4QgbEI6wAeEIGxCOsAHhCBsQjrAB4QgbEI6wAeEIGxCOsAHhCBsQjrABi2h+ASl0NkFWMNjMAAAAAElFTkSuQmCC""}}]}, {""role"": ""assistant"", ""content"": ""Final Answer: 0.3""}, {""role"": ""user"", ""content"": [{""type"": ""text"", ""text"": ""\nConsider the image provided.\n\nFinal Answer:\n""}, {""type"": ""image_url"", ""image_url"": {""url"": ""data:image/png;base64,iVBORw0KGgoAAAANSUhEUgAAATYAAABcCAYAAADkpJkhAAADwElEQVR4nO3dsU7jSgCG0QAGCl4ovA8S4tmo6SmR6Klp6WigQIJczUpzNTvXF+0G24E/50hWkg3xpvo0sT3jg81ms1kBBDnc9RcAmJqwAXGEDYgjbEAcYQPiCBsQR9iAOMIGxBE2II6wAXGEDYgjbEAcYQPiCBsQR9iAOMIGxBE2II6wAXGEDYgjbEAcYQPiCBsQR9iAOMIGxBE2II6wAXEO1uv1ZtdfAmBKB6vVStiAKH6KAnGEDYgjbECcYb1e7/o7AEzqYLPZOHkARPFTFIgjbEAcYQPiCBsQR9iAOMIGxBE2II6wAXGEDYgjbECcYfWDfHx8bP3Zw0MNh33xLeeKLvmVDg7KWptAkuGnjca2CZF4wX7Z6Yjt/f19kv304RoLmbjB/thJ2N7e3ibZTxur+rx//Ow5kGnRn6Kvr6+T7WssZHVrX/d/XzoubpBtsbA9Pz/PHrSylbOf/b/1nwWyLRK2p6enyfbVj8rakJXndWvfay/1KK+N2iDbrGF7fHycZD/9qKsfofXb0dHRr8cSsBo1cYP9MfyEY2p92NqRWBuzupVLR4Zh+M/1cDVuggbZZgvb/f39ZPsaO57WB62ErG41aOXfx0Zp/SOQZZaw3d7eTr7PP4na8fHxr9Fa2Wrc+p+uYgb5Zgnby8vL7GFro1aCVh5r0Gq8+s/U99roCR3kmTxs19fXqzmMjdbqSK3MYDg5Ofntb/vjb23QgGzD+fn5pDu8urpaLTVaK0ErWzsCa9+vI7j687QdtRmlQa7h7u5u0h1eXFys5lDDVoPWniSoI7M6eqsh64+3Afth+K4T21tj8z/L/1ND10esPdZWtMfWRA7yWX0RiDN52C4vL3+7WHaKrb8At33dzzrop1kV/zd3FMg0rNfryXdaLr9Y6lKPdvssdsD+mG09tqkv+/jsco8S0nK5R91OT0//fV7f68PXj+iAHLMuNHlzc7PoBbp9zMpjfa+GrR3FCRtkmnUS/NnZ2eJTqtqQtTHrj7OJGuRaZGnwr06I/9tJ8P0xt/7Ym7BBtsXuefDw8LDYskU1dO3abP1Z036/QI5Fb+ay7cKT2y40OXZ21GgN8u3kLlVfWSp826XBRQ32x07vK7rNDV76MI2N4MZOFIga7I+dhu0ry4h/Frj2df+8/QyQ6duEbZsbKo/FamxUJmqwX75l2P525ZA+VmPxEjTYHz8qbAB/wrJFQBxhA+IIGxBH2IA4wgbEETYgjrABcYQNiCNsQBxhA+IIGxBH2IA4wgbEETYgjrABcYQNWKX5B1S3NkEoUplJAAAAAElFTkSuQmCC""}}]}, {""role"": ""assistant"", ""content"": ""Final Answer: 0.2""}, {""role"": ""user"", ""content"": [{""type"": ""text"", ""text"": ""\nConsider the image provided.\n\nFinal Answer:\n""}, {""type"": ""image_url"", ""image_url"": {""url"": ""data:image/png;base64,iVBORw0KGgoAAAANSUhEUgAAATYAAABcCAYAAADkpJkhAAADwElEQVR4nO3dsU7jSgCG0QAGCl4ovA8S4tmo6SmR6Klp6WigQIJczUpzNTvXF+0G24E/50hWkg3xpvo0sT3jg81ms1kBBDnc9RcAmJqwAXGEDYgjbEAcYQPiCBsQR9iAOMIGxBE2II6wAXGEDYgjbEAcYQPiCBsQR9iAOMIGxBE2II6wAXGEDYgjbEAcYQPiCBsQR9iAOMIGxBE2II6wAXEO1uv1ZtdfAmBKB6vVStiAKH6KAnGEDYgjbECcYb1e7/o7AEzqYLPZOHkARPFTFIgjbEAcYQPiCBsQR9iAOMIGxBE2II6wAXGEDYgjbECcYfWDfHx8bP3Zw0MNh33xLeeKLvmVDg7KWptAkuGnjca2CZF4wX7Z6Yjt/f19kv304RoLmbjB/thJ2N7e3ibZTxur+rx//Ow5kGnRn6Kvr6+T7WssZHVrX/d/XzoubpBtsbA9Pz/PHrSylbOf/b/1nwWyLRK2p6enyfbVj8rakJXndWvfay/1KK+N2iDbrGF7fHycZD/9qKsfofXb0dHRr8cSsBo1cYP9MfyEY2p92NqRWBuzupVLR4Zh+M/1cDVuggbZZgvb/f39ZPsaO57WB62ErG41aOXfx0Zp/SOQZZaw3d7eTr7PP4na8fHxr9Fa2Wrc+p+uYgb5Zgnby8vL7GFro1aCVh5r0Gq8+s/U99roCR3kmTxs19fXqzmMjdbqSK3MYDg5Ofntb/vjb23QgGzD+fn5pDu8urpaLTVaK0ErWzsCa9+vI7j687QdtRmlQa7h7u5u0h1eXFys5lDDVoPWniSoI7M6eqsh64+3Afth+K4T21tj8z/L/1ND10esPdZWtMfWRA7yWX0RiDN52C4vL3+7WHaKrb8At33dzzrop1kV/zd3FMg0rNfryXdaLr9Y6lKPdvssdsD+mG09tqkv+/jsco8S0nK5R91OT0//fV7f68PXj+iAHLMuNHlzc7PoBbp9zMpjfa+GrR3FCRtkmnUS/NnZ2eJTqtqQtTHrj7OJGuRaZGnwr06I/9tJ8P0xt/7Ym7BBtsXuefDw8LDYskU1dO3abP1Z036/QI5Fb+ay7cKT2y40OXZ21GgN8u3kLlVfWSp826XBRQ32x07vK7rNDV76MI2N4MZOFIga7I+dhu0ry4h/Frj2df+8/QyQ6duEbZsbKo/FamxUJmqwX75l2P525ZA+VmPxEjTYHz8qbAB/wrJFQBxhA+IIGxBH2IA4wgbEETYgjrABcYQNiCNsQBxhA+IIGxBH2IA4wgbEETYgjrABcYQNWKX5B1S3NkEoUplJAAAAAElFTkSuQmCC""}}]}]",Final Answer: 0.2
openai/gpt-4o-2024-08-06,sample_007,0.1232,0.1232,0.1232,0.15,"[{""role"": ""system"", ""content"": ""You are a lines length ratio estimator.\n        You are given an image of two lines.\n\n        Estimate the ratio of the shorter line to the longer line as a decimal number between 0 and 1.\n\n        Do not explain or reason. Only output the final answer as a number after Final Answer:\n""}, {""role"": ""user"", ""content"": [{""type"": ""text"", ""text"": ""\nConsider the image provided.\n\nFinal Answer:\n""}, {""type"": ""image_url"", ""image_url"": {""url"": ""data:image/png;base64,iVBORw0KGgoAAAANSUhEUgAAATYAAABcCAYAAADkpJkhAAADxklEQVR4nO3dv04iXRzHYVDUwhvC+zExXpu1vaWJvbWtnY0WJsrmbHI2Z887r9nFYWb58jzJBBAZsfn4Y/653Gw2mwVAkKO53wDA2IQNiCNsQBxhA+IIGxBH2IA4wgbEETYgjrABcYQNiCNsQBxhA+IIGxBH2IA4wgbEETYgjrABcYQNiCNsQBxhA+IIGxBH2IA4wgbEETYgjrABcYQNiLNcr9ebud8EwJiWi8VC2IAoPooCcYQNiCNsQJzVer2e+z0AjGq52WzsPACi+CgKxBE2II6wAXGEDYgjbEAcYQPiCBsQR9iAOMIGxBE2IM5q7jfwr/r8/Nz6tUdH/l7AnA7+XNEpf/3lslzXE9i1g5zY/nQa2yZE4gXzO5iJ7ePjY5T19OEaCpm4wbziw/b+/j7KetpY1fv97Vf3genEfhR9e3sbbV1DIatL+7j//vI3Q9xgepFhe3l52XnQylL2fvZf618LTC8ubM/Pz6Otq5/K2pCV+3Vpn2sP9SiPTW0wvZiwPT09jbKefurqJ7R+OT4+/nlbAlajJm4wr5iwjbVNrQ9bO4m1MatLOXRktVr953i4GjdBg+lFhO3h4WG0dQ1tT+uDVkJWlxq08vWhKa2/BXZv78N2d3c3+jr/JGonJyc/p7Wy1Lj1H13FDOax92F7fX3dedjaqJWgldsatBqv/jX1uTZ6QgfT2Ouw3dzc7GS9Q9NandTKGQynp6e/fW+//a0NGjC91cXFxWJfXV9fTzatlaCVpZ3A2ufrBFc/nrZTmykNprW6v79f7KvLy8udrLeGrQat3UlQJ7M6vdWQ9dvbgPns9UfRsU5sbw2d/1l+Tg1dH7F2W1vRblsTOZiHKyICcfY6bFdXV78dLDvG0h+A2z7uzzroT7Mq/u/cUWA6q/V6vdhn5fCLqQ71aJevYgfMK+J6bGMf9vHV4R4lpOVwj7qcnZ39ul+f68PXT3TAbkWErbi9vZ30AN0+ZuW2PlfD1k5xwgbT2eu9oq3z8/PJT6lqQ9bGrN/OJmowrZiJbawT4v/2JPh+m1u/7U3YYHpxYSseHx8nu2xRDV17bbZ+r2m/XmC3IsP2nQtPbnuhyaG9o6Y1mEds2Ma4VPi2lwYXNZhXfNi+8w9e+jANTXBDOwpEDeZ1MGH7zmXEvwpc+7i/374GmM5Bhm2bf6g8FKuhqUzUYH4HH7a/vXJIH6uheAkazEvYgDh7fXUPgCHCBsQRNiCOsAFxhA2II2xAHGED4ggbEEfYgDjCBsQRNiCOsAFxhA2II2xAHGED4ggbsEjzA5yMNkFpGj6SAAAAAElFTkSuQmCC""}}]}, {""role"": ""assistant"", ""content"": ""Final Answer: 0.2""}, {""role"": ""user"", ""content"": [{""type"": ""text"", ""text"": ""\nConsider the image provided.\n\nFinal Answer:\n""}, {""type"": ""image_url"", ""image_url"": {""url"": ""data:image/png;base64,iVBORw0KGgoAAAANSUhEUgAAATYAAABcCAYAAADkpJkhAAADz0lEQVR4nO3du04bQRiAURuWi8QLLe9DwzvxBtT0lEj01LR0NFAggaNBmmgy2ZDEnlkn/54jrdbGeOIi+jx7Zb3ZbDYrgEAO9v0BAFoTNiAcYQPCETYgHGEDwhE2IBxhA8IRNiAcYQPCETYgHGEDwhE2IBxhA8IRNiAcYQPCETYgHGEDwhE2IBxhA8IRNiAcYQPCETYgHGEDwhE2IBxhA8IRNiCc9TiOm31/CICW1qvVStiAUGyKAuEIGxCOsAHhDOM47vszADS13mw2Dh4AodgUBcIRNiAcYQPCETYgHGEDwhE2IBxhA8IRNiAcYQPCETYgnGHfH4D/z8fHx9bvPTjwXUp/rhXll+b8r7Fep3ueQhtmbGw9G9smRgLGHMzYWL2/vzcbqw7XVMjEjd6EbcHe3t6ajVXGKj+u1189hpZsii7Q6+tr0/GmQpaX8nn9++k7VdzoQdgW5vn5eZagpSUdAa1/Vr8XehC2BXl6emo6Xj0rK0OWHuelfK083SM9N2ujB2FbgMfHx2Zj1bOueoZWL4eHh5/rFLAcNXGjN2FbgJb71OqwlTOxMmZ5SaePDMPw0zlxOW6CRg/CFtz9/X3T8ab2p9VBSyHLSw5a+vnULK1eQwvCFtjt7W2Xcf8kakdHR5+ztbTkuNWbrmJGL8IW2MvLyyxhK6OWgpbWOWg5XvV78mtl9ISOVoQtqOvr625jT83W8kwtXcVwfHz8w+/W+9/KoEEPw/n5eZeB2a/Ly8tZZ2spaGkpZ2Dl63kGlzdPy1mbWRqtDXd3d80HZf8uLi66jZ3DloNWHiTIM7M8e8shq/e3QU82RYNqeWF7aer6z/Rv5dDVESv3tSXlvjWRoxd3/QPCSV+7vjaDurq66r4pmjc78xHRdOAgLaenp6uTk5Pv67Tk1/KR0/z+fJJvHht2NYzjuPMg/JtSQOY81aNc8s/rS6yEizm4H1twPU77+Op0j3LWlpZ6ppbWdfjqi+lhV8K2ADc3N7OfoFvHLK3za1ObocJGS46KLsDZ2dleLqkqQ1bGrL4SQdRozYxtQVpcEP+3F8HX+9zqfW/CRg/CtjAPDw+z3rYoh668N1t9A8p6XNiVsC3QLjee3PZGk1NHR83W6EXYFmzXW4Vve2twUaM3YWPrP/BSh2lqBjd1oEDU6E3Y2Pk24l8FrnxePy7fAy0JG03+oPJUrKZmZaLGHISNpncOqWP1u+fQg7AB4bhtERCOsAHhCBsQjrAB4QgbEI6wAeEIGxCOsAHhCBsQjrAB4QgbEI6wAeEIGxCOsAHhCBsQjrABq2i+AV6ZN+f7P3/YAAAAAElFTkSuQmCC""}}]}, {""role"": ""assistant"", ""content"": ""Final Answer: 0.3""}, {""role"": ""user"", ""content"": [{""type"": ""text"", ""text"": ""\nConsider the image provided.\n\nFinal Answer:\n""}, {""type"": ""image_url"", ""image_url"": {""url"": ""data:image/png;base64,iVBORw0KGgoAAAANSUhEUgAAATYAAABcCAYAAADkpJkhAAADx0lEQVR4nO3dvU7jSgCG4QTCj8QNhfuh4Z64A2p6SiR6alo6GiiQIEez0qzmzLHYPcjY8cfzSFYSQryWVnoz/hvWu91utwIIcjD3BgCMTdiAOMIGxBE2II6wAXGEDYgjbEAcYQPiCBsQR9iAOMIGxBE2II6wAXGEDYgjbEAcYQPiCBsQR9iAOMIGxBE2II6wAXGEDYgjbEAcYQPiCBsQR9iAOOvtdrubeyMAxrRerVbCBkSxKwrEETYgjrABcTbb7XbubQAY1Xq32zl5AESxKwrEETYgjrABcYQNiCNsQBxhA+IIGxBH2IA4wgbEETYgzmbuDWAcHx8fX/7swYHvN7K4V3RhpvzvWq/LPKSwPEZsYaOxr8RIwEhjxLan3t/fR1tXH66hkIkbSYRtz7y9vY22rjZW9Xn/+NlzWCq7onvi9fV11PUNhawu7ev+98v3nLixdMK2B56fnycJWlnKGdD+Z/1nYemEbWZPT0+jrq8flbUhK8/r0r7XXu5RXhu1sXTCNpPHx8fR1tWPuvoRWr8cHh7+eiwBq1ETN5IIW8AxtT5s7UisjVldyuUjm83mP9fE1bgJGksnbDO4v78fdX1Dx9P6oJWQ1aUGrfx8aJTWP8LSCNvEbm9vv2W9fxO1o6OjX6O1stS49buuYkYCYZvYy8vLJGFro1aCVh5r0Gq8+s/U99roCR1LJGwTur6+/rZ1D43W6kit3MVwfHz8r9/tj7+1QYOl25yfn8+9DT/G5eXlpKO1ErSytCOw9v06gqu7p+2ozSiNJdvc3d3NvQ0/xsXFxbetu4atBq09SVBHZnX0VkPWH2+DFHZFF3pje2vo/s/yb9XQ9RFrj7UV7bE1kSOBGQaBOOUr3lf0hK6urr59V7TudtYzouXEQVlOT09XJycnvx/LUt+rZ07r5+tFvnXdsCSb7XY79zb8KCUgU17q0S715/0tVsJFGvOxhVz28dnlHu2orSz9SK089uHrb6aHJRG2mdzc3Ex+gW4fs/JY3xvaDRU2lspZ0ZmcnZ3NcktVG7I2Zv2dCKLGkhmxBdwQ/39vgu+PufXH3oSNpRO2PfDw8DDptEU1dO3cbP0ElP16YUmELWDiya9ONDl0dtRojQTCFjZV+FenBhc1kghb2B946cM0NIIbOlEgaiQRttBpxD8LXPu6f95+BpZK2IL/oPJQrIZGZaJGGmH7ATOH9LH602tYOmED4pi2CIgjbEAcYQPiCBsQR9iAOMIGxBE2II6wAXGEDYgjbEAcYQPiCBsQR9iAOMIGxBE2II6wAas0/wBdpDfnoKPWyAAAAABJRU5ErkJggg==""}}]}, {""role"": ""assistant"", ""content"": ""Final Answer: 0.25""}, {""role"": ""user"", ""content"": [{""type"": ""text"", ""text"": ""\nConsider the image provided.\n\nFinal Answer:\n""}, {""type"": ""image_url"", ""image_url"": {""url"": ""data:image/png;base64,iVBORw0KGgoAAAANSUhEUgAAATYAAABcCAYAAADkpJkhAAADt0lEQVR4nO3dvU7jQBSA0QQCFLyQeR8kxLNR01Mi0VPT0tFAgQReDdHsjgdvtPE6cbg+R7ISCPFaW3zc+I9l27btAiCQo6k3AGBswgaEI2xAOMIGhCNsQDjCBoQjbEA4wgaEI2xAOMIGhCNsQDjCBoQjbEA4wgaEI2xAOMIGhCNsQDjCBoQjbEA4wgaEI2xAOMIGhCNsQDjCBoQjbEA4wgaEs2yapp16IwDGtFwsFsIGhOKjKBCOsAHhCBsQzqppmqm3AWBUy7ZtHTwAQvFRFAhH2IBwhA0IR9iAcIQNCEfYgHCEDQhH2IBwhA0IR9iAcFZTbwBrn5+fg997dOT3E5RcK7pn+/zvXi7TfURhfkxsBzSNDQmReMF3JrYd+fj4GGU9dbj6QiZu0CVsI3t/fx9lPWWs8vP6cdNzmDMfRUfy9vY22rr6QpaX8uv659PvKHEDYRvFy8vLzoOWlnT0s/5e/V5A2P7b8/PzaOuqp7IyZOl5XsrXylM90temNhC2wZ6enkZZTz111RNavRwfH389poDlqIkbdAnbxPvU6rCVk1gZs7ykU0dWq9W38+Fy3AQNhG2Qh4eH0dbVtz+tDloKWV5y0NL3+6a0+hHmSNi2dHd3N/o6/yVqJycnX9NaWnLc6o+uYgZrwral19fXnYetjFoKWnrMQcvxqt+TXyujJ3TMlbBt4ebmZifr7ZvW8qSWrmA4PT3t/Gy9/60MGrBYrC4uLqbehh/j+vp6b9NaClpaygmsfD1PcPnjaTm1mdKYu9X9/f3U2/BjXF5e7mS9OWw5aOVBgjyZ5ekth6ze3wb84aPoBBe2l/qu/0z/Tg5dHbFyX1tS7lsTOVhzh0IgHGHbwtXVVedk2TGW+gTc8uv6qoP6Mqvkb9eOwpytmqaZeht+lHT6xb5O9SiXTbEDutyP7QBO+9h0ukcKaTrdIy9nZ2e/n+fX6vDVEx3MjbANdHt7u9cTdOuYpcf8Wg5bOcUJG3PmqOhA5+fne7+kqgxZGbN6P5uoMXcmtokviN/2Ivh6n1u9703YQNhG8fj4uLfbFuXQlfdmq4+a1uuFuRG2iW88OfRGk31HR01rsCZsB3Sr8KG3Bhc16BK2A/oDL3WY+ia4vgMFogZdwnaAtxHfFLjy6/p5+R6YM2E70D+o3BervqlM1OA7YTvwO4fUseqLl6BBl7AB4bi7BxCOsAHhCBsQjrAB4QgbEI6wAeEIGxCOsAHhCBsQjrAB4QgbEI6wAeEIGxCOsAHhCBsQjrABi2h+ASl0NkFWMNjMAAAAAElFTkSuQmCC""}}]}, {""role"": ""assistant"", ""content"": ""Final Answer: 0.3""}, {""role"": ""user"", ""content"": [{""type"": ""text"", ""text"": ""\nConsider the image provided.\n\nFinal Answer:\n""}, {""type"": ""image_url"", ""image_url"": {""url"": ""data:image/png;base64,iVBORw0KGgoAAAANSUhEUgAAATYAAABcCAYAAADkpJkhAAADwElEQVR4nO3dsU7jSgCG0QAGCl4ovA8S4tmo6SmR6Klp6WigQIJczUpzNTvXF+0G24E/50hWkg3xpvo0sT3jg81ms1kBBDnc9RcAmJqwAXGEDYgjbEAcYQPiCBsQR9iAOMIGxBE2II6wAXGEDYgjbEAcYQPiCBsQR9iAOMIGxBE2II6wAXGEDYgjbEAcYQPiCBsQR9iAOMIGxBE2II6wAXEO1uv1ZtdfAmBKB6vVStiAKH6KAnGEDYgjbECcYb1e7/o7AEzqYLPZOHkARPFTFIgjbEAcYQPiCBsQR9iAOMIGxBE2II6wAXGEDYgjbECcYfWDfHx8bP3Zw0MNh33xLeeKLvmVDg7KWptAkuGnjca2CZF4wX7Z6Yjt/f19kv304RoLmbjB/thJ2N7e3ibZTxur+rx//Ow5kGnRn6Kvr6+T7WssZHVrX/d/XzoubpBtsbA9Pz/PHrSylbOf/b/1nwWyLRK2p6enyfbVj8rakJXndWvfay/1KK+N2iDbrGF7fHycZD/9qKsfofXb0dHRr8cSsBo1cYP9MfyEY2p92NqRWBuzupVLR4Zh+M/1cDVuggbZZgvb/f39ZPsaO57WB62ErG41aOXfx0Zp/SOQZZaw3d7eTr7PP4na8fHxr9Fa2Wrc+p+uYgb5Zgnby8vL7GFro1aCVh5r0Gq8+s/U99roCR3kmTxs19fXqzmMjdbqSK3MYDg5Ofntb/vjb23QgGzD+fn5pDu8urpaLTVaK0ErWzsCa9+vI7j687QdtRmlQa7h7u5u0h1eXFys5lDDVoPWniSoI7M6eqsh64+3Afth+K4T21tj8z/L/1ND10esPdZWtMfWRA7yWX0RiDN52C4vL3+7WHaKrb8At33dzzrop1kV/zd3FMg0rNfryXdaLr9Y6lKPdvssdsD+mG09tqkv+/jsco8S0nK5R91OT0//fV7f68PXj+iAHLMuNHlzc7PoBbp9zMpjfa+GrR3FCRtkmnUS/NnZ2eJTqtqQtTHrj7OJGuRaZGnwr06I/9tJ8P0xt/7Ym7BBtsXuefDw8LDYskU1dO3abP1Z036/QI5Fb+ay7cKT2y40OXZ21GgN8u3kLlVfWSp826XBRQ32x07vK7rNDV76MI2N4MZOFIga7I+dhu0ry4h/Frj2df+8/QyQ6duEbZsbKo/FamxUJmqwX75l2P525ZA+VmPxEjTYHz8qbAB/wrJFQBxhA+IIGxBH2IA4wgbEETYgjrABcYQNiCNsQBxhA+IIGxBH2IA4wgbEETYgjrABcYQNWKX5B1S3NkEoUplJAAAAAElFTkSuQmCC""}}]}, {""role"": ""assistant"", ""content"": ""Final Answer: 0.2""}, {""role"": ""user"", ""content"": [{""type"": ""text"", ""text"": ""\nConsider the image provided.\n\nFinal Answer:\n""}, {""type"": ""image_url"", ""image_url"": {""url"": ""data:image/png;base64,iVBORw0KGgoAAAANSUhEUgAAATYAAABcCAYAAADkpJkhAAADwElEQVR4nO3dsU7jSgCG0QAGCl4ovA8S4tmo6SmR6Klp6WigQIJczUpzNTvXF+0G24E/50hWkg3xpvo0sT3jg81ms1kBBDnc9RcAmJqwAXGEDYgjbEAcYQPiCBsQR9iAOMIGxBE2II6wAXGEDYgjbEAcYQPiCBsQR9iAOMIGxBE2II6wAXGEDYgjbEAcYQPiCBsQR9iAOMIGxBE2II6wAXEO1uv1ZtdfAmBKB6vVStiAKH6KAnGEDYgjbECcYb1e7/o7AEzqYLPZOHkARPFTFIgjbEAcYQPiCBsQR9iAOMIGxBE2II6wAXGEDYgjbECcYfWDfHx8bP3Zw0MNh33xLeeKLvmVDg7KWptAkuGnjca2CZF4wX7Z6Yjt/f19kv304RoLmbjB/thJ2N7e3ibZTxur+rx//Ow5kGnRn6Kvr6+T7WssZHVrX/d/XzoubpBtsbA9Pz/PHrSylbOf/b/1nwWyLRK2p6enyfbVj8rakJXndWvfay/1KK+N2iDbrGF7fHycZD/9qKsfofXb0dHRr8cSsBo1cYP9MfyEY2p92NqRWBuzupVLR4Zh+M/1cDVuggbZZgvb/f39ZPsaO57WB62ErG41aOXfx0Zp/SOQZZaw3d7eTr7PP4na8fHxr9Fa2Wrc+p+uYgb5Zgnby8vL7GFro1aCVh5r0Gq8+s/U99roCR3kmTxs19fXqzmMjdbqSK3MYDg5Ofntb/vjb23QgGzD+fn5pDu8urpaLTVaK0ErWzsCa9+vI7j687QdtRmlQa7h7u5u0h1eXFys5lDDVoPWniSoI7M6eqsh64+3Afth+K4T21tj8z/L/1ND10esPdZWtMfWRA7yWX0RiDN52C4vL3+7WHaKrb8At33dzzrop1kV/zd3FMg0rNfryXdaLr9Y6lKPdvssdsD+mG09tqkv+/jsco8S0nK5R91OT0//fV7f68PXj+iAHLMuNHlzc7PoBbp9zMpjfa+GrR3FCRtkmnUS/NnZ2eJTqtqQtTHrj7OJGuRaZGnwr06I/9tJ8P0xt/7Ym7BBtsXuefDw8LDYskU1dO3abP1Z036/QI5Fb+ay7cKT2y40OXZ21GgN8u3kLlVfWSp826XBRQ32x07vK7rNDV76MI2N4MZOFIga7I+dhu0ry4h/Frj2df+8/QyQ6duEbZsbKo/FamxUJmqwX75l2P525ZA+VmPxEjTYHz8qbAB/wrJFQBxhA+IIGxBH2IA4wgbEETYgjrABcYQNiCNsQBxhA+IIGxBH2IA4wgbEETYgjrABcYQNWKX5B1S3NkEoUplJAAAAAElFTkSuQmCC""}}]}, {""role"": ""assistant"", ""content"": ""Final Answer: 0.2""}, {""role"": ""user"", ""content"": [{""type"": ""text"", ""text"": ""\nConsider the image provided.\n\nFinal Answer:\n""}, {""type"": ""image_url"", ""image_url"": {""url"": ""data:image/png;base64,iVBORw0KGgoAAAANSUhEUgAAATYAAABcCAYAAADkpJkhAAADqklEQVR4nO3dvU7jQBSAUQcMFLyQeR8kxLNR01Mi0VPT0tFAgQRZDdKshllv2NgTZ3VzjmQlIYREFJ/GPzNZrdfrdQcQyNG+PwBAa8IGhCNsQDjCBoQjbEA4wgaEI2xAOMIGhCNsQDjCBoQjbEA4wgaEI2xAOMIGhCNsQDjCBoQjbEA4wgaEI2xAOMIGhCNsQDjCBoQjbEA4wgaEI2xAOMIGhLMahmG97w8B0NKq6zphA0KxKwqEI2xAOMIGhNMPw7DvzwDQ1Gq9Xjt5AIRiVxQIR9iAcIQNCEfYgHCEDQhH2IBwhA0IR9iAcIQNCEfYgHD6fb755+fn5NceHWkysMe5oktOR12t0tqZwCHr9z0amxIi8QIWG7F9fHw0+Tt1uMZCJm7ATsP2/v7e5sMUscr369tN9wFm74q+vb01+y+OhSxv5eP691OXxQ1oEraXl5du10FLWzr7Wf+sfi3A7LA9Pz93rdSjsjJk6X7eyufKSz3SY6M2YHLYnp6euhbqUVc9Qqu34+Pjr9sUsBw1cQOahK3VMbU6bOVIrIxZ3tKlI33f/3E9XI6boAGTwvbw8NC1MnY8rQ5aClnectDSz8dGafUtcNj+KWx3d3fN3/hfonZycvI1Wktbjlu96ypmwKSwvb6+drsOWxm1FLR0m4OW41W/Jj9XRk/ogB/DdnNzs5M3Hhut5ZFamsFwenr67Xfr429l0ABK/cXFRbfJ9fV1t9RoLQUtbeUIrHw+j+Dy7mk5ajNKA7L+/v6+2+Ty8rLbhRy2HLTyJEEemeXRWw5ZfbwNYNKuaKuJ7aWx+Z/pfXLo6oiVx9qS8tiayAE1qzUChxe2q6urbxfLttjqC3DLx/Wsg3qaVfK3uaMAST8Mw4//iXT5xVKXepTbptgBzF6PrfVlH5su90ghTZd75O3s7Oz3/fxcHb56RAccrq0Wmry9vV30At06Zuk2P5fDVo7ihA3YehL8+fn54lOqypCVMauPs4kaMGtp8LkT4redBF8fc6uPvQkb0OQ7Dx4fHxdbtiiHrlybrT5rWv9d4HDN+jKXqQtPTl1ocuzsqNEasJNvqZqzVPjUpcFFDVjke0WnfMFLHaaxEdzYiQJRAxYJ25xlxDcFrnxc3y9fA7DTsE35QuWxWI2NykQN2HvYtl05pI7VWLwEDfgvwwawC5YtAsIRNiAcYQPCETYgHGEDwhE2IBxhA8IRNiAcYQPCETYgHGEDwhE2IBxhA8IRNiAcYQPCETagi+YXGFo2QVpGsFsAAAAASUVORK5CYII=""}}]}]",Final Answer: 0.15
openai/gpt-4o-2024-08-06,sample_008,0.4465,0.4465,0.4465,0.25,"[{""role"": ""system"", ""content"": ""You are a lines length ratio estimator.\n        You are given an image of two lines.\n\n        Estimate the ratio of the shorter line to the longer line as a decimal number between 0 and 1.\n\n        Do not explain or reason. Only output the final answer as a number after Final Answer:\n""}, {""role"": ""user"", ""content"": [{""type"": ""text"", ""text"": ""\nConsider the image provided.\n\nFinal Answer:\n""}, {""type"": ""image_url"", ""image_url"": {""url"": ""data:image/png;base64,iVBORw0KGgoAAAANSUhEUgAAATYAAABcCAYAAADkpJkhAAADxklEQVR4nO3dv04iXRzHYVDUwhvC+zExXpu1vaWJvbWtnY0WJsrmbHI2Z887r9nFYWb58jzJBBAZsfn4Y/653Gw2mwVAkKO53wDA2IQNiCNsQBxhA+IIGxBH2IA4wgbEETYgjrABcYQNiCNsQBxhA+IIGxBH2IA4wgbEETYgjrABcYQNiCNsQBxhA+IIGxBH2IA4wgbEETYgjrABcYQNiLNcr9ebud8EwJiWi8VC2IAoPooCcYQNiCNsQJzVer2e+z0AjGq52WzsPACi+CgKxBE2II6wAXGEDYgjbEAcYQPiCBsQR9iAOMIGxBE2IM5q7jfwr/r8/Nz6tUdH/l7AnA7+XNEpf/3lslzXE9i1g5zY/nQa2yZE4gXzO5iJ7ePjY5T19OEaCpm4wbziw/b+/j7KetpY1fv97Vf3genEfhR9e3sbbV1DIatL+7j//vI3Q9xgepFhe3l52XnQylL2fvZf618LTC8ubM/Pz6Otq5/K2pCV+3Vpn2sP9SiPTW0wvZiwPT09jbKefurqJ7R+OT4+/nlbAlajJm4wr5iwjbVNrQ9bO4m1MatLOXRktVr953i4GjdBg+lFhO3h4WG0dQ1tT+uDVkJWlxq08vWhKa2/BXZv78N2d3c3+jr/JGonJyc/p7Wy1Lj1H13FDOax92F7fX3dedjaqJWgldsatBqv/jX1uTZ6QgfT2Ouw3dzc7GS9Q9NandTKGQynp6e/fW+//a0NGjC91cXFxWJfXV9fTzatlaCVpZ3A2ufrBFc/nrZTmykNprW6v79f7KvLy8udrLeGrQat3UlQJ7M6vdWQ9dvbgPns9UfRsU5sbw2d/1l+Tg1dH7F2W1vRblsTOZiHKyICcfY6bFdXV78dLDvG0h+A2z7uzzroT7Mq/u/cUWA6q/V6vdhn5fCLqQ71aJevYgfMK+J6bGMf9vHV4R4lpOVwj7qcnZ39ul+f68PXT3TAbkWErbi9vZ30AN0+ZuW2PlfD1k5xwgbT2eu9oq3z8/PJT6lqQ9bGrN/OJmowrZiJbawT4v/2JPh+m1u/7U3YYHpxYSseHx8nu2xRDV17bbZ+r2m/XmC3IsP2nQtPbnuhyaG9o6Y1mEds2Ma4VPi2lwYXNZhXfNi+8w9e+jANTXBDOwpEDeZ1MGH7zmXEvwpc+7i/374GmM5Bhm2bf6g8FKuhqUzUYH4HH7a/vXJIH6uheAkazEvYgDh7fXUPgCHCBsQRNiCOsAFxhA2II2xAHGED4ggbEEfYgDjCBsQRNiCOsAFxhA2II2xAHGED4ggbsEjzA5yMNkFpGj6SAAAAAElFTkSuQmCC""}}]}, {""role"": ""assistant"", ""content"": ""Final Answer: 0.2""}, {""role"": ""user"", ""content"": [{""type"": ""text"", ""text"": ""\nConsider the image provided.\n\nFinal Answer:\n""}, {""type"": ""image_url"", ""image_url"": {""url"": ""data:image/png;base64,iVBORw0KGgoAAAANSUhEUgAAATYAAABcCAYAAADkpJkhAAADz0lEQVR4nO3du04bQRiAURuWi8QLLe9DwzvxBtT0lEj01LR0NFAggaNBmmgy2ZDEnlkn/54jrdbGeOIi+jx7Zb3ZbDYrgEAO9v0BAFoTNiAcYQPCETYgHGEDwhE2IBxhA8IRNiAcYQPCETYgHGEDwhE2IBxhA8IRNiAcYQPCETYgHGEDwhE2IBxhA8IRNiAcYQPCETYgHGEDwhE2IBxhA8IRNiCc9TiOm31/CICW1qvVStiAUGyKAuEIGxCOsAHhDOM47vszADS13mw2Dh4AodgUBcIRNiAcYQPCETYgHGEDwhE2IBxhA8IRNiAcYQPCETYgnGHfH4D/z8fHx9bvPTjwXUp/rhXll+b8r7Fep3ueQhtmbGw9G9smRgLGHMzYWL2/vzcbqw7XVMjEjd6EbcHe3t6ajVXGKj+u1189hpZsii7Q6+tr0/GmQpaX8nn9++k7VdzoQdgW5vn5eZagpSUdAa1/Vr8XehC2BXl6emo6Xj0rK0OWHuelfK083SM9N2ujB2FbgMfHx2Zj1bOueoZWL4eHh5/rFLAcNXGjN2FbgJb71OqwlTOxMmZ5SaePDMPw0zlxOW6CRg/CFtz9/X3T8ab2p9VBSyHLSw5a+vnULK1eQwvCFtjt7W2Xcf8kakdHR5+ztbTkuNWbrmJGL8IW2MvLyyxhK6OWgpbWOWg5XvV78mtl9ISOVoQtqOvr625jT83W8kwtXcVwfHz8w+/W+9/KoEEPw/n5eZeB2a/Ly8tZZ2spaGkpZ2Dl63kGlzdPy1mbWRqtDXd3d80HZf8uLi66jZ3DloNWHiTIM7M8e8shq/e3QU82RYNqeWF7aer6z/Rv5dDVESv3tSXlvjWRoxd3/QPCSV+7vjaDurq66r4pmjc78xHRdOAgLaenp6uTk5Pv67Tk1/KR0/z+fJJvHht2NYzjuPMg/JtSQOY81aNc8s/rS6yEizm4H1twPU77+Op0j3LWlpZ6ppbWdfjqi+lhV8K2ADc3N7OfoFvHLK3za1ObocJGS46KLsDZ2dleLqkqQ1bGrL4SQdRozYxtQVpcEP+3F8HX+9zqfW/CRg/CtjAPDw+z3rYoh668N1t9A8p6XNiVsC3QLjee3PZGk1NHR83W6EXYFmzXW4Vve2twUaM3YWPrP/BSh2lqBjd1oEDU6E3Y2Pk24l8FrnxePy7fAy0JG03+oPJUrKZmZaLGHISNpncOqWP1u+fQg7AB4bhtERCOsAHhCBsQjrAB4QgbEI6wAeEIGxCOsAHhCBsQjrAB4QgbEI6wAeEIGxCOsAHhCBsQjrABq2i+AV6ZN+f7P3/YAAAAAElFTkSuQmCC""}}]}, {""role"": ""assistant"", ""content"": ""Final Answer: 0.3""}, {""role"": ""user"", ""content"": [{""type"": ""text"", ""text"": ""\nConsider the image provided.\n\nFinal Answer:\n""}, {""type"": ""image_url"", ""image_url"": {""url"": ""data:image/png;base64,iVBORw0KGgoAAAANSUhEUgAAATYAAABcCAYAAADkpJkhAAADx0lEQVR4nO3dvU7jSgCG4QTCj8QNhfuh4Z64A2p6SiR6alo6GiiQIEez0qzmzLHYPcjY8cfzSFYSQryWVnoz/hvWu91utwIIcjD3BgCMTdiAOMIGxBE2II6wAXGEDYgjbEAcYQPiCBsQR9iAOMIGxBE2II6wAXGEDYgjbEAcYQPiCBsQR9iAOMIGxBE2II6wAXGEDYgjbEAcYQPiCBsQR9iAOOvtdrubeyMAxrRerVbCBkSxKwrEETYgjrABcTbb7XbubQAY1Xq32zl5AESxKwrEETYgjrABcYQNiCNsQBxhA+IIGxBH2IA4wgbEETYgzmbuDWAcHx8fX/7swYHvN7K4V3RhpvzvWq/LPKSwPEZsYaOxr8RIwEhjxLan3t/fR1tXH66hkIkbSYRtz7y9vY22rjZW9Xn/+NlzWCq7onvi9fV11PUNhawu7ev+98v3nLixdMK2B56fnycJWlnKGdD+Z/1nYemEbWZPT0+jrq8flbUhK8/r0r7XXu5RXhu1sXTCNpPHx8fR1tWPuvoRWr8cHh7+eiwBq1ETN5IIW8AxtT5s7UisjVldyuUjm83mP9fE1bgJGksnbDO4v78fdX1Dx9P6oJWQ1aUGrfx8aJTWP8LSCNvEbm9vv2W9fxO1o6OjX6O1stS49buuYkYCYZvYy8vLJGFro1aCVh5r0Gq8+s/U99roCR1LJGwTur6+/rZ1D43W6kit3MVwfHz8r9/tj7+1QYOl25yfn8+9DT/G5eXlpKO1ErSytCOw9v06gqu7p+2ozSiNJdvc3d3NvQ0/xsXFxbetu4atBq09SVBHZnX0VkPWH2+DFHZFF3pje2vo/s/yb9XQ9RFrj7UV7bE1kSOBGQaBOOUr3lf0hK6urr59V7TudtYzouXEQVlOT09XJycnvx/LUt+rZ07r5+tFvnXdsCSb7XY79zb8KCUgU17q0S715/0tVsJFGvOxhVz28dnlHu2orSz9SK089uHrb6aHJRG2mdzc3Ex+gW4fs/JY3xvaDRU2lspZ0ZmcnZ3NcktVG7I2Zv2dCKLGkhmxBdwQ/39vgu+PufXH3oSNpRO2PfDw8DDptEU1dO3cbP0ElP16YUmELWDiya9ONDl0dtRojQTCFjZV+FenBhc1kghb2B946cM0NIIbOlEgaiQRttBpxD8LXPu6f95+BpZK2IL/oPJQrIZGZaJGGmH7ATOH9LH602tYOmED4pi2CIgjbEAcYQPiCBsQR9iAOMIGxBE2II6wAXGEDYgjbEAcYQPiCBsQR9iAOMIGxBE2II6wAas0/wBdpDfnoKPWyAAAAABJRU5ErkJggg==""}}]}, {""role"": ""assistant"", ""content"": ""Final Answer: 0.25""}, {""role"": ""user"", ""content"": [{""type"": ""text"", ""text"": ""\nConsider the image provided.\n\nFinal Answer:\n""}, {""type"": ""image_url"", ""image_url"": {""url"": ""data:image/png;base64,iVBORw0KGgoAAAANSUhEUgAAATYAAABcCAYAAADkpJkhAAADt0lEQVR4nO3dvU7jQBSA0QQCFLyQeR8kxLNR01Mi0VPT0tFAgQReDdHsjgdvtPE6cbg+R7ISCPFaW3zc+I9l27btAiCQo6k3AGBswgaEI2xAOMIGhCNsQDjCBoQjbEA4wgaEI2xAOMIGhCNsQDjCBoQjbEA4wgaEI2xAOMIGhCNsQDjCBoQjbEA4wgaEI2xAOMIGhCNsQDjCBoQjbEA4wgaEs2yapp16IwDGtFwsFsIGhOKjKBCOsAHhCBsQzqppmqm3AWBUy7ZtHTwAQvFRFAhH2IBwhA0IR9iAcIQNCEfYgHCEDQhH2IBwhA0IR9iAcFZTbwBrn5+fg997dOT3E5RcK7pn+/zvXi7TfURhfkxsBzSNDQmReMF3JrYd+fj4GGU9dbj6QiZu0CVsI3t/fx9lPWWs8vP6cdNzmDMfRUfy9vY22rr6QpaX8uv659PvKHEDYRvFy8vLzoOWlnT0s/5e/V5A2P7b8/PzaOuqp7IyZOl5XsrXylM90temNhC2wZ6enkZZTz111RNavRwfH389poDlqIkbdAnbxPvU6rCVk1gZs7ykU0dWq9W38+Fy3AQNhG2Qh4eH0dbVtz+tDloKWV5y0NL3+6a0+hHmSNi2dHd3N/o6/yVqJycnX9NaWnLc6o+uYgZrwral19fXnYetjFoKWnrMQcvxqt+TXyujJ3TMlbBt4ebmZifr7ZvW8qSWrmA4PT3t/Gy9/60MGrBYrC4uLqbehh/j+vp6b9NaClpaygmsfD1PcPnjaTm1mdKYu9X9/f3U2/BjXF5e7mS9OWw5aOVBgjyZ5ekth6ze3wb84aPoBBe2l/qu/0z/Tg5dHbFyX1tS7lsTOVhzh0IgHGHbwtXVVedk2TGW+gTc8uv6qoP6Mqvkb9eOwpytmqaZeht+lHT6xb5O9SiXTbEDutyP7QBO+9h0ukcKaTrdIy9nZ2e/n+fX6vDVEx3MjbANdHt7u9cTdOuYpcf8Wg5bOcUJG3PmqOhA5+fne7+kqgxZGbN6P5uoMXcmtokviN/2Ivh6n1u9703YQNhG8fj4uLfbFuXQlfdmq4+a1uuFuRG2iW88OfRGk31HR01rsCZsB3Sr8KG3Bhc16BK2A/oDL3WY+ia4vgMFogZdwnaAtxHfFLjy6/p5+R6YM2E70D+o3BervqlM1OA7YTvwO4fUseqLl6BBl7AB4bi7BxCOsAHhCBsQjrAB4QgbEI6wAeEIGxCOsAHhCBsQjrAB4QgbEI6wAeEIGxCOsAHhCBsQjrABi2h+ASl0NkFWMNjMAAAAAElFTkSuQmCC""}}]}, {""role"": ""assistant"", ""content"": ""Final Answer: 0.3""}, {""role"": ""user"", ""content"": [{""type"": ""text"", ""text"": ""\nConsider the image provided.\n\nFinal Answer:\n""}, {""type"": ""image_url"", ""image_url"": {""url"": ""data:image/png;base64,iVBORw0KGgoAAAANSUhEUgAAATYAAABcCAYAAADkpJkhAAADwElEQVR4nO3dsU7jSgCG0QAGCl4ovA8S4tmo6SmR6Klp6WigQIJczUpzNTvXF+0G24E/50hWkg3xpvo0sT3jg81ms1kBBDnc9RcAmJqwAXGEDYgjbEAcYQPiCBsQR9iAOMIGxBE2II6wAXGEDYgjbEAcYQPiCBsQR9iAOMIGxBE2II6wAXGEDYgjbEAcYQPiCBsQR9iAOMIGxBE2II6wAXEO1uv1ZtdfAmBKB6vVStiAKH6KAnGEDYgjbECcYb1e7/o7AEzqYLPZOHkARPFTFIgjbEAcYQPiCBsQR9iAOMIGxBE2II6wAXGEDYgjbECcYfWDfHx8bP3Zw0MNh33xLeeKLvmVDg7KWptAkuGnjca2CZF4wX7Z6Yjt/f19kv304RoLmbjB/thJ2N7e3ibZTxur+rx//Ow5kGnRn6Kvr6+T7WssZHVrX/d/XzoubpBtsbA9Pz/PHrSylbOf/b/1nwWyLRK2p6enyfbVj8rakJXndWvfay/1KK+N2iDbrGF7fHycZD/9qKsfofXb0dHRr8cSsBo1cYP9MfyEY2p92NqRWBuzupVLR4Zh+M/1cDVuggbZZgvb/f39ZPsaO57WB62ErG41aOXfx0Zp/SOQZZaw3d7eTr7PP4na8fHxr9Fa2Wrc+p+uYgb5Zgnby8vL7GFro1aCVh5r0Gq8+s/U99roCR3kmTxs19fXqzmMjdbqSK3MYDg5Ofntb/vjb23QgGzD+fn5pDu8urpaLTVaK0ErWzsCa9+vI7j687QdtRmlQa7h7u5u0h1eXFys5lDDVoPWniSoI7M6eqsh64+3Afth+K4T21tj8z/L/1ND10esPdZWtMfWRA7yWX0RiDN52C4vL3+7WHaKrb8At33dzzrop1kV/zd3FMg0rNfryXdaLr9Y6lKPdvssdsD+mG09tqkv+/jsco8S0nK5R91OT0//fV7f68PXj+iAHLMuNHlzc7PoBbp9zMpjfa+GrR3FCRtkmnUS/NnZ2eJTqtqQtTHrj7OJGuRaZGnwr06I/9tJ8P0xt/7Ym7BBtsXuefDw8LDYskU1dO3abP1Z036/QI5Fb+ay7cKT2y40OXZ21GgN8u3kLlVfWSp826XBRQ32x07vK7rNDV76MI2N4MZOFIga7I+dhu0ry4h/Frj2df+8/QyQ6duEbZsbKo/FamxUJmqwX75l2P525ZA+VmPxEjTYHz8qbAB/wrJFQBxhA+IIGxBH2IA4wgbEETYgjrABcYQNiCNsQBxhA+IIGxBH2IA4wgbEETYgjrABcYQNWKX5B1S3NkEoUplJAAAAAElFTkSuQmCC""}}]}, {""role"": ""assistant"", ""content"": ""Final Answer: 0.2""}, {""role"": ""user"", ""content"": [{""type"": ""text"", ""text"": ""\nConsider the image provided.\n\nFinal Answer:\n""}, {""type"": ""image_url"", ""image_url"": {""url"": ""data:image/png;base64,iVBORw0KGgoAAAANSUhEUgAAATYAAABcCAYAAADkpJkhAAADwElEQVR4nO3dsU7jSgCG0QAGCl4ovA8S4tmo6SmR6Klp6WigQIJczUpzNTvXF+0G24E/50hWkg3xpvo0sT3jg81ms1kBBDnc9RcAmJqwAXGEDYgjbEAcYQPiCBsQR9iAOMIGxBE2II6wAXGEDYgjbEAcYQPiCBsQR9iAOMIGxBE2II6wAXGEDYgjbEAcYQPiCBsQR9iAOMIGxBE2II6wAXEO1uv1ZtdfAmBKB6vVStiAKH6KAnGEDYgjbECcYb1e7/o7AEzqYLPZOHkARPFTFIgjbEAcYQPiCBsQR9iAOMIGxBE2II6wAXGEDYgjbECcYfWDfHx8bP3Zw0MNh33xLeeKLvmVDg7KWptAkuGnjca2CZF4wX7Z6Yjt/f19kv304RoLmbjB/thJ2N7e3ibZTxur+rx//Ow5kGnRn6Kvr6+T7WssZHVrX/d/XzoubpBtsbA9Pz/PHrSylbOf/b/1nwWyLRK2p6enyfbVj8rakJXndWvfay/1KK+N2iDbrGF7fHycZD/9qKsfofXb0dHRr8cSsBo1cYP9MfyEY2p92NqRWBuzupVLR4Zh+M/1cDVuggbZZgvb/f39ZPsaO57WB62ErG41aOXfx0Zp/SOQZZaw3d7eTr7PP4na8fHxr9Fa2Wrc+p+uYgb5Zgnby8vL7GFro1aCVh5r0Gq8+s/U99roCR3kmTxs19fXqzmMjdbqSK3MYDg5Ofntb/vjb23QgGzD+fn5pDu8urpaLTVaK0ErWzsCa9+vI7j687QdtRmlQa7h7u5u0h1eXFys5lDDVoPWniSoI7M6eqsh64+3Afth+K4T21tj8z/L/1ND10esPdZWtMfWRA7yWX0RiDN52C4vL3+7WHaKrb8At33dzzrop1kV/zd3FMg0rNfryXdaLr9Y6lKPdvssdsD+mG09tqkv+/jsco8S0nK5R91OT0//fV7f68PXj+iAHLMuNHlzc7PoBbp9zMpjfa+GrR3FCRtkmnUS/NnZ2eJTqtqQtTHrj7OJGuRaZGnwr06I/9tJ8P0xt/7Ym7BBtsXuefDw8LDYskU1dO3abP1Z036/QI5Fb+ay7cKT2y40OXZ21GgN8u3kLlVfWSp826XBRQ32x07vK7rNDV76MI2N4MZOFIga7I+dhu0ry4h/Frj2df+8/QyQ6duEbZsbKo/FamxUJmqwX75l2P525ZA+VmPxEjTYHz8qbAB/wrJFQBxhA+IIGxBH2IA4wgbEETYgjrABcYQNiCNsQBxhA+IIGxBH2IA4wgbEETYgjrABcYQNWKX5B1S3NkEoUplJAAAAAElFTkSuQmCC""}}]}, {""role"": ""assistant"", ""content"": ""Final Answer: 0.2""}, {""role"": ""user"", ""content"": [{""type"": ""text"", ""text"": ""\nConsider the image provided.\n\nFinal Answer:\n""}, {""type"": ""image_url"", ""image_url"": {""url"": ""data:image/png;base64,iVBORw0KGgoAAAANSUhEUgAAATYAAABcCAYAAADkpJkhAAADqklEQVR4nO3dvU7jQBSAUQcMFLyQeR8kxLNR01Mi0VPT0tFAgQRZDdKshllv2NgTZ3VzjmQlIYREFJ/GPzNZrdfrdQcQyNG+PwBAa8IGhCNsQDjCBoQjbEA4wgaEI2xAOMIGhCNsQDjCBoQjbEA4wgaEI2xAOMIGhCNsQDjCBoQjbEA4wgaEI2xAOMIGhCNsQDjCBoQjbEA4wgaEI2xAOMIGhLMahmG97w8B0NKq6zphA0KxKwqEI2xAOMIGhNMPw7DvzwDQ1Gq9Xjt5AIRiVxQIR9iAcIQNCEfYgHCEDQhH2IBwhA0IR9iAcIQNCEfYgHD6fb755+fn5NceHWkysMe5oktOR12t0tqZwCHr9z0amxIi8QIWG7F9fHw0+Tt1uMZCJm7ATsP2/v7e5sMUscr369tN9wFm74q+vb01+y+OhSxv5eP691OXxQ1oEraXl5du10FLWzr7Wf+sfi3A7LA9Pz93rdSjsjJk6X7eyufKSz3SY6M2YHLYnp6euhbqUVc9Qqu34+Pjr9sUsBw1cQOahK3VMbU6bOVIrIxZ3tKlI33f/3E9XI6boAGTwvbw8NC1MnY8rQ5aClnectDSz8dGafUtcNj+KWx3d3fN3/hfonZycvI1Wktbjlu96ypmwKSwvb6+drsOWxm1FLR0m4OW41W/Jj9XRk/ogB/DdnNzs5M3Hhut5ZFamsFwenr67Xfr429l0ABK/cXFRbfJ9fV1t9RoLQUtbeUIrHw+j+Dy7mk5ajNKA7L+/v6+2+Ty8rLbhRy2HLTyJEEemeXRWw5ZfbwNYNKuaKuJ7aWx+Z/pfXLo6oiVx9qS8tiayAE1qzUChxe2q6urbxfLttjqC3DLx/Wsg3qaVfK3uaMAST8Mw4//iXT5xVKXepTbptgBzF6PrfVlH5su90ghTZd75O3s7Oz3/fxcHb56RAccrq0Wmry9vV30At06Zuk2P5fDVo7ihA3YehL8+fn54lOqypCVMauPs4kaMGtp8LkT4redBF8fc6uPvQkb0OQ7Dx4fHxdbtiiHrlybrT5rWv9d4HDN+jKXqQtPTl1ocuzsqNEasJNvqZqzVPjUpcFFDVjke0WnfMFLHaaxEdzYiQJRAxYJ25xlxDcFrnxc3y9fA7DTsE35QuWxWI2NykQN2HvYtl05pI7VWLwEDfgvwwawC5YtAsIRNiAcYQPCETYgHGEDwhE2IBxhA8IRNiAcYQPCETYgHGEDwhE2IBxhA8IRNiAcYQPCETagi+YXGFo2QVpGsFsAAAAASUVORK5CYII=""}}]}, {""role"": ""assistant"", ""content"": ""Final Answer: 0.15""}, {""role"": ""user"", ""content"": [{""type"": ""text"", ""text"": ""\nConsider the image provided.\n\nFinal Answer:\n""}, {""type"": ""image_url"", ""image_url"": {""url"": ""data:image/png;base64,iVBORw0KGgoAAAANSUhEUgAAATYAAABcCAYAAADkpJkhAAADyUlEQVR4nO3dvU7jQBSA0QQCFLyQeR8kxLNR01Mi0VPT0tFAgQRZDdKshllvlmQdj31zjmQlIcREQvq48R/L9Xq9XgAEctT6DQAMTdiAcIQNCEfYgHCEDQhH2IBwhA0IR9iAcIQNCEfYgHCEDQhH2IBwhA0IR9iAcIQNCEfYgHCEDQhH2IBwhA0IR9iAcIQNCEfYgHCEDQhH2IBwhA0IR9iAcJZd161bvwmAIS0Xi4WwAaH4KAqEI2xAOMIGhLPquq71ewAY1HK9Xtt5AITioygQjrAB4QgbEI6wAeEIGxCOsAHhCBsQjrAB4QgbEI6wAeGsWr8BpuPz83Pn1x4d+RvJdDhX9ACN+StfLtO1TGFcJrYD8dNpbJcQiRdTY2IL7OPjY5D11OHqC5m4MSXCFtD7+/sg6yljle/Xt5vuQys+igby9vY22Lr6QpaX8nH9/envpLjRmrAF8fLysvegpSXt/ay/Vr8WWhO2AJ6fnwdbVz2VlSFL9/NSPlce6pEem9poTdhm7OnpaZD11FNXPaHVy/Hx8ddtCliOmrgxJcI2Y0NtU6vDVk5iZczykg4dWa1WfxwPl+MmaLQmbDP18PAw2Lr6tqfVQUshy0sOWvp635RW38LYhG2G7u7uBl/nT6J2cnLyNa2lJcet/ugqZkyBsM3Q6+vr3sNWRi0FLd3moOV41a/Jz5XREzpaELaZubm52ct6+6a1PKmlMxhOT0+/fW+9/a0MGrS2uri4aP0e2ML19fVo01oKWlrKCax8Pk9w+eNpObWZ0mhpdX9/3/QNsJ3Ly8u9rDeHLQet3EmQJ7M8veWQ1dvbYCp8FD3QE9tLfed/pp+TQ1dHrNzWlpTb1kSOKXB1QCAcYZuZq6urbwfLDrHUB+CWj+uzDurTrJK/nTsKray6rmv2w9lNOvxirEM9ymVT7GBKXI9tpoY+7GPT4R4ppOlwj7ycnZ39vp+fq8NXT3QwJmGbsdvb21EP0K1jlm7zczls5RQnbLRir+iMnZ+fj35KVRmyMmb1djZRoyUTWwD/e0L8tifB19vc6m1vwkZrwhbE4+PjaJctyqErr81W7zWt1wtjErZAdr3w5K4XmuzbO2paYwqELaD/uVT4rpcGFzWmRNgC2+UfvNRh6pvg+nYUiBpTImwHYtvLiG8KXPm4vl++BloRtgP003+o3BervqlM1JgaYeOfVw6pY9UXL0FjSoQNCMfVPYBwhA0IR9iAcIQNCEfYgHCEDQhH2IBwhA0IR9iAcIQNCEfYgHCEDQhH2IBwhA0IR9iAcIQNWETzCw9/NkFh7GVNAAAAAElFTkSuQmCC""}}]}]",Final Answer: 0.25
openai/gpt-4o-2024-08-06,sample_009,0.3404,0.3404,0.3404,0.2,"[{""role"": ""system"", ""content"": ""You are a lines length ratio estimator.\n        You are given an image of two lines.\n\n        Estimate the ratio of the shorter line to the longer line as a decimal number between 0 and 1.\n\n        Do not explain or reason. Only output the final answer as a number after Final Answer:\n""}, {""role"": ""user"", ""content"": [{""type"": ""text"", ""text"": ""\nConsider the image provided.\n\nFinal Answer:\n""}, {""type"": ""image_url"", ""image_url"": {""url"": ""data:image/png;base64,iVBORw0KGgoAAAANSUhEUgAAATYAAABcCAYAAADkpJkhAAADxklEQVR4nO3dv04iXRzHYVDUwhvC+zExXpu1vaWJvbWtnY0WJsrmbHI2Z887r9nFYWb58jzJBBAZsfn4Y/653Gw2mwVAkKO53wDA2IQNiCNsQBxhA+IIGxBH2IA4wgbEETYgjrABcYQNiCNsQBxhA+IIGxBH2IA4wgbEETYgjrABcYQNiCNsQBxhA+IIGxBH2IA4wgbEETYgjrABcYQNiLNcr9ebud8EwJiWi8VC2IAoPooCcYQNiCNsQJzVer2e+z0AjGq52WzsPACi+CgKxBE2II6wAXGEDYgjbEAcYQPiCBsQR9iAOMIGxBE2IM5q7jfwr/r8/Nz6tUdH/l7AnA7+XNEpf/3lslzXE9i1g5zY/nQa2yZE4gXzO5iJ7ePjY5T19OEaCpm4wbziw/b+/j7KetpY1fv97Vf3genEfhR9e3sbbV1DIatL+7j//vI3Q9xgepFhe3l52XnQylL2fvZf618LTC8ubM/Pz6Otq5/K2pCV+3Vpn2sP9SiPTW0wvZiwPT09jbKefurqJ7R+OT4+/nlbAlajJm4wr5iwjbVNrQ9bO4m1MatLOXRktVr953i4GjdBg+lFhO3h4WG0dQ1tT+uDVkJWlxq08vWhKa2/BXZv78N2d3c3+jr/JGonJyc/p7Wy1Lj1H13FDOax92F7fX3dedjaqJWgldsatBqv/jX1uTZ6QgfT2Ouw3dzc7GS9Q9NandTKGQynp6e/fW+//a0NGjC91cXFxWJfXV9fTzatlaCVpZ3A2ufrBFc/nrZTmykNprW6v79f7KvLy8udrLeGrQat3UlQJ7M6vdWQ9dvbgPns9UfRsU5sbw2d/1l+Tg1dH7F2W1vRblsTOZiHKyICcfY6bFdXV78dLDvG0h+A2z7uzzroT7Mq/u/cUWA6q/V6vdhn5fCLqQ71aJevYgfMK+J6bGMf9vHV4R4lpOVwj7qcnZ39ul+f68PXT3TAbkWErbi9vZ30AN0+ZuW2PlfD1k5xwgbT2eu9oq3z8/PJT6lqQ9bGrN/OJmowrZiJbawT4v/2JPh+m1u/7U3YYHpxYSseHx8nu2xRDV17bbZ+r2m/XmC3IsP2nQtPbnuhyaG9o6Y1mEds2Ma4VPi2lwYXNZhXfNi+8w9e+jANTXBDOwpEDeZ1MGH7zmXEvwpc+7i/374GmM5Bhm2bf6g8FKuhqUzUYH4HH7a/vXJIH6uheAkazEvYgDh7fXUPgCHCBsQRNiCOsAFxhA2II2xAHGED4ggbEEfYgDjCBsQRNiCOsAFxhA2II2xAHGED4ggbsEjzA5yMNkFpGj6SAAAAAElFTkSuQmCC""}}]}, {""role"": ""assistant"", ""content"": ""Final Answer: 0.2""}, {""role"": ""user"", ""content"": [{""type"": ""text"", ""text"": ""\nConsider the image provided.\n\nFinal Answer:\n""}, {""type"": ""image_url"", ""image_url"": {""url"": ""data:image/png;base64,iVBORw0KGgoAAAANSUhEUgAAATYAAABcCAYAAADkpJkhAAADz0lEQVR4nO3du04bQRiAURuWi8QLLe9DwzvxBtT0lEj01LR0NFAggaNBmmgy2ZDEnlkn/54jrdbGeOIi+jx7Zb3ZbDYrgEAO9v0BAFoTNiAcYQPCETYgHGEDwhE2IBxhA8IRNiAcYQPCETYgHGEDwhE2IBxhA8IRNiAcYQPCETYgHGEDwhE2IBxhA8IRNiAcYQPCETYgHGEDwhE2IBxhA8IRNiCc9TiOm31/CICW1qvVStiAUGyKAuEIGxCOsAHhDOM47vszADS13mw2Dh4AodgUBcIRNiAcYQPCETYgHGEDwhE2IBxhA8IRNiAcYQPCETYgnGHfH4D/z8fHx9bvPTjwXUp/rhXll+b8r7Fep3ueQhtmbGw9G9smRgLGHMzYWL2/vzcbqw7XVMjEjd6EbcHe3t6ajVXGKj+u1189hpZsii7Q6+tr0/GmQpaX8nn9++k7VdzoQdgW5vn5eZagpSUdAa1/Vr8XehC2BXl6emo6Xj0rK0OWHuelfK083SM9N2ujB2FbgMfHx2Zj1bOueoZWL4eHh5/rFLAcNXGjN2FbgJb71OqwlTOxMmZ5SaePDMPw0zlxOW6CRg/CFtz9/X3T8ab2p9VBSyHLSw5a+vnULK1eQwvCFtjt7W2Xcf8kakdHR5+ztbTkuNWbrmJGL8IW2MvLyyxhK6OWgpbWOWg5XvV78mtl9ISOVoQtqOvr625jT83W8kwtXcVwfHz8w+/W+9/KoEEPw/n5eZeB2a/Ly8tZZ2spaGkpZ2Dl63kGlzdPy1mbWRqtDXd3d80HZf8uLi66jZ3DloNWHiTIM7M8e8shq/e3QU82RYNqeWF7aer6z/Rv5dDVESv3tSXlvjWRoxd3/QPCSV+7vjaDurq66r4pmjc78xHRdOAgLaenp6uTk5Pv67Tk1/KR0/z+fJJvHht2NYzjuPMg/JtSQOY81aNc8s/rS6yEizm4H1twPU77+Op0j3LWlpZ6ppbWdfjqi+lhV8K2ADc3N7OfoFvHLK3za1ObocJGS46KLsDZ2dleLqkqQ1bGrL4SQdRozYxtQVpcEP+3F8HX+9zqfW/CRg/CtjAPDw+z3rYoh668N1t9A8p6XNiVsC3QLjee3PZGk1NHR83W6EXYFmzXW4Vve2twUaM3YWPrP/BSh2lqBjd1oEDU6E3Y2Pk24l8FrnxePy7fAy0JG03+oPJUrKZmZaLGHISNpncOqWP1u+fQg7AB4bhtERCOsAHhCBsQjrAB4QgbEI6wAeEIGxCOsAHhCBsQjrAB4QgbEI6wAeEIGxCOsAHhCBsQjrABq2i+AV6ZN+f7P3/YAAAAAElFTkSuQmCC""}}]}, {""role"": ""assistant"", ""content"": ""Final Answer: 0.3""}, {""role"": ""user"", ""content"": [{""type"": ""text"", ""text"": ""\nConsider the image provided.\n\nFinal Answer:\n""}, {""type"": ""image_url"", ""image_url"": {""url"": ""data:image/png;base64,iVBORw0KGgoAAAANSUhEUgAAATYAAABcCAYAAADkpJkhAAADx0lEQVR4nO3dvU7jSgCG4QTCj8QNhfuh4Z64A2p6SiR6alo6GiiQIEez0qzmzLHYPcjY8cfzSFYSQryWVnoz/hvWu91utwIIcjD3BgCMTdiAOMIGxBE2II6wAXGEDYgjbEAcYQPiCBsQR9iAOMIGxBE2II6wAXGEDYgjbEAcYQPiCBsQR9iAOMIGxBE2II6wAXGEDYgjbEAcYQPiCBsQR9iAOOvtdrubeyMAxrRerVbCBkSxKwrEETYgjrABcTbb7XbubQAY1Xq32zl5AESxKwrEETYgjrABcYQNiCNsQBxhA+IIGxBH2IA4wgbEETYgzmbuDWAcHx8fX/7swYHvN7K4V3RhpvzvWq/LPKSwPEZsYaOxr8RIwEhjxLan3t/fR1tXH66hkIkbSYRtz7y9vY22rjZW9Xn/+NlzWCq7onvi9fV11PUNhawu7ev+98v3nLixdMK2B56fnycJWlnKGdD+Z/1nYemEbWZPT0+jrq8flbUhK8/r0r7XXu5RXhu1sXTCNpPHx8fR1tWPuvoRWr8cHh7+eiwBq1ETN5IIW8AxtT5s7UisjVldyuUjm83mP9fE1bgJGksnbDO4v78fdX1Dx9P6oJWQ1aUGrfx8aJTWP8LSCNvEbm9vv2W9fxO1o6OjX6O1stS49buuYkYCYZvYy8vLJGFro1aCVh5r0Gq8+s/U99roCR1LJGwTur6+/rZ1D43W6kit3MVwfHz8r9/tj7+1QYOl25yfn8+9DT/G5eXlpKO1ErSytCOw9v06gqu7p+2ozSiNJdvc3d3NvQ0/xsXFxbetu4atBq09SVBHZnX0VkPWH2+DFHZFF3pje2vo/s/yb9XQ9RFrj7UV7bE1kSOBGQaBOOUr3lf0hK6urr59V7TudtYzouXEQVlOT09XJycnvx/LUt+rZ07r5+tFvnXdsCSb7XY79zb8KCUgU17q0S715/0tVsJFGvOxhVz28dnlHu2orSz9SK089uHrb6aHJRG2mdzc3Ex+gW4fs/JY3xvaDRU2lspZ0ZmcnZ3NcktVG7I2Zv2dCKLGkhmxBdwQ/39vgu+PufXH3oSNpRO2PfDw8DDptEU1dO3cbP0ElP16YUmELWDiya9ONDl0dtRojQTCFjZV+FenBhc1kghb2B946cM0NIIbOlEgaiQRttBpxD8LXPu6f95+BpZK2IL/oPJQrIZGZaJGGmH7ATOH9LH602tYOmED4pi2CIgjbEAcYQPiCBsQR9iAOMIGxBE2II6wAXGEDYgjbEAcYQPiCBsQR9iAOMIGxBE2II6wAas0/wBdpDfnoKPWyAAAAABJRU5ErkJggg==""}}]}, {""role"": ""assistant"", ""content"": ""Final Answer: 0.25""}, {""role"": ""user"", ""content"": [{""type"": ""text"", ""text"": ""\nConsider the image provided.\n\nFinal Answer:\n""}, {""type"": ""image_url"", ""image_url"": {""url"": ""data:image/png;base64,iVBORw0KGgoAAAANSUhEUgAAATYAAABcCAYAAADkpJkhAAADt0lEQVR4nO3dvU7jQBSA0QQCFLyQeR8kxLNR01Mi0VPT0tFAgQReDdHsjgdvtPE6cbg+R7ISCPFaW3zc+I9l27btAiCQo6k3AGBswgaEI2xAOMIGhCNsQDjCBoQjbEA4wgaEI2xAOMIGhCNsQDjCBoQjbEA4wgaEI2xAOMIGhCNsQDjCBoQjbEA4wgaEI2xAOMIGhCNsQDjCBoQjbEA4wgaEs2yapp16IwDGtFwsFsIGhOKjKBCOsAHhCBsQzqppmqm3AWBUy7ZtHTwAQvFRFAhH2IBwhA0IR9iAcIQNCEfYgHCEDQhH2IBwhA0IR9iAcFZTbwBrn5+fg997dOT3E5RcK7pn+/zvXi7TfURhfkxsBzSNDQmReMF3JrYd+fj4GGU9dbj6QiZu0CVsI3t/fx9lPWWs8vP6cdNzmDMfRUfy9vY22rr6QpaX8uv659PvKHEDYRvFy8vLzoOWlnT0s/5e/V5A2P7b8/PzaOuqp7IyZOl5XsrXylM90temNhC2wZ6enkZZTz111RNavRwfH389poDlqIkbdAnbxPvU6rCVk1gZs7ykU0dWq9W38+Fy3AQNhG2Qh4eH0dbVtz+tDloKWV5y0NL3+6a0+hHmSNi2dHd3N/o6/yVqJycnX9NaWnLc6o+uYgZrwral19fXnYetjFoKWnrMQcvxqt+TXyujJ3TMlbBt4ebmZifr7ZvW8qSWrmA4PT3t/Gy9/60MGrBYrC4uLqbehh/j+vp6b9NaClpaygmsfD1PcPnjaTm1mdKYu9X9/f3U2/BjXF5e7mS9OWw5aOVBgjyZ5ekth6ze3wb84aPoBBe2l/qu/0z/Tg5dHbFyX1tS7lsTOVhzh0IgHGHbwtXVVedk2TGW+gTc8uv6qoP6Mqvkb9eOwpytmqaZeht+lHT6xb5O9SiXTbEDutyP7QBO+9h0ukcKaTrdIy9nZ2e/n+fX6vDVEx3MjbANdHt7u9cTdOuYpcf8Wg5bOcUJG3PmqOhA5+fne7+kqgxZGbN6P5uoMXcmtokviN/2Ivh6n1u9703YQNhG8fj4uLfbFuXQlfdmq4+a1uuFuRG2iW88OfRGk31HR01rsCZsB3Sr8KG3Bhc16BK2A/oDL3WY+ia4vgMFogZdwnaAtxHfFLjy6/p5+R6YM2E70D+o3BervqlM1OA7YTvwO4fUseqLl6BBl7AB4bi7BxCOsAHhCBsQjrAB4QgbEI6wAeEIGxCOsAHhCBsQjrAB4QgbEI6wAeEIGxCOsAHhCBsQjrABi2h+ASl0NkFWMNjMAAAAAElFTkSuQmCC""}}]}, {""role"": ""assistant"", ""content"": ""Final Answer: 0.3""}, {""role"": ""user"", ""content"": [{""type"": ""text"", ""text"": ""\nConsider the image provided.\n\nFinal Answer:\n""}, {""type"": ""image_url"", ""image_url"": {""url"": ""data:image/png;base64,iVBORw0KGgoAAAANSUhEUgAAATYAAABcCAYAAADkpJkhAAADwElEQVR4nO3dsU7jSgCG0QAGCl4ovA8S4tmo6SmR6Klp6WigQIJczUpzNTvXF+0G24E/50hWkg3xpvo0sT3jg81ms1kBBDnc9RcAmJqwAXGEDYgjbEAcYQPiCBsQR9iAOMIGxBE2II6wAXGEDYgjbEAcYQPiCBsQR9iAOMIGxBE2II6wAXGEDYgjbEAcYQPiCBsQR9iAOMIGxBE2II6wAXEO1uv1ZtdfAmBKB6vVStiAKH6KAnGEDYgjbECcYb1e7/o7AEzqYLPZOHkARPFTFIgjbEAcYQPiCBsQR9iAOMIGxBE2II6wAXGEDYgjbECcYfWDfHx8bP3Zw0MNh33xLeeKLvmVDg7KWptAkuGnjca2CZF4wX7Z6Yjt/f19kv304RoLmbjB/thJ2N7e3ibZTxur+rx//Ow5kGnRn6Kvr6+T7WssZHVrX/d/XzoubpBtsbA9Pz/PHrSylbOf/b/1nwWyLRK2p6enyfbVj8rakJXndWvfay/1KK+N2iDbrGF7fHycZD/9qKsfofXb0dHRr8cSsBo1cYP9MfyEY2p92NqRWBuzupVLR4Zh+M/1cDVuggbZZgvb/f39ZPsaO57WB62ErG41aOXfx0Zp/SOQZZaw3d7eTr7PP4na8fHxr9Fa2Wrc+p+uYgb5Zgnby8vL7GFro1aCVh5r0Gq8+s/U99roCR3kmTxs19fXqzmMjdbqSK3MYDg5Ofntb/vjb23QgGzD+fn5pDu8urpaLTVaK0ErWzsCa9+vI7j687QdtRmlQa7h7u5u0h1eXFys5lDDVoPWniSoI7M6eqsh64+3Afth+K4T21tj8z/L/1ND10esPdZWtMfWRA7yWX0RiDN52C4vL3+7WHaKrb8At33dzzrop1kV/zd3FMg0rNfryXdaLr9Y6lKPdvssdsD+mG09tqkv+/jsco8S0nK5R91OT0//fV7f68PXj+iAHLMuNHlzc7PoBbp9zMpjfa+GrR3FCRtkmnUS/NnZ2eJTqtqQtTHrj7OJGuRaZGnwr06I/9tJ8P0xt/7Ym7BBtsXuefDw8LDYskU1dO3abP1Z036/QI5Fb+ay7cKT2y40OXZ21GgN8u3kLlVfWSp826XBRQ32x07vK7rNDV76MI2N4MZOFIga7I+dhu0ry4h/Frj2df+8/QyQ6duEbZsbKo/FamxUJmqwX75l2P525ZA+VmPxEjTYHz8qbAB/wrJFQBxhA+IIGxBH2IA4wgbEETYgjrABcYQNiCNsQBxhA+IIGxBH2IA4wgbEETYgjrABcYQNWKX5B1S3NkEoUplJAAAAAElFTkSuQmCC""}}]}, {""role"": ""assistant"", ""content"": ""Final Answer: 0.2""}, {""role"": ""user"", ""content"": [{""type"": ""text"", ""text"": ""\nConsider the image provided.\n\nFinal Answer:\n""}, {""type"": ""image_url"", ""image_url"": {""url"": ""data:image/png;base64,iVBORw0KGgoAAAANSUhEUgAAATYAAABcCAYAAADkpJkhAAADwElEQVR4nO3dsU7jSgCG0QAGCl4ovA8S4tmo6SmR6Klp6WigQIJczUpzNTvXF+0G24E/50hWkg3xpvo0sT3jg81ms1kBBDnc9RcAmJqwAXGEDYgjbEAcYQPiCBsQR9iAOMIGxBE2II6wAXGEDYgjbEAcYQPiCBsQR9iAOMIGxBE2II6wAXGEDYgjbEAcYQPiCBsQR9iAOMIGxBE2II6wAXEO1uv1ZtdfAmBKB6vVStiAKH6KAnGEDYgjbECcYb1e7/o7AEzqYLPZOHkARPFTFIgjbEAcYQPiCBsQR9iAOMIGxBE2II6wAXGEDYgjbECcYfWDfHx8bP3Zw0MNh33xLeeKLvmVDg7KWptAkuGnjca2CZF4wX7Z6Yjt/f19kv304RoLmbjB/thJ2N7e3ibZTxur+rx//Ow5kGnRn6Kvr6+T7WssZHVrX/d/XzoubpBtsbA9Pz/PHrSylbOf/b/1nwWyLRK2p6enyfbVj8rakJXndWvfay/1KK+N2iDbrGF7fHycZD/9qKsfofXb0dHRr8cSsBo1cYP9MfyEY2p92NqRWBuzupVLR4Zh+M/1cDVuggbZZgvb/f39ZPsaO57WB62ErG41aOXfx0Zp/SOQZZaw3d7eTr7PP4na8fHxr9Fa2Wrc+p+uYgb5Zgnby8vL7GFro1aCVh5r0Gq8+s/U99roCR3kmTxs19fXqzmMjdbqSK3MYDg5Ofntb/vjb23QgGzD+fn5pDu8urpaLTVaK0ErWzsCa9+vI7j687QdtRmlQa7h7u5u0h1eXFys5lDDVoPWniSoI7M6eqsh64+3Afth+K4T21tj8z/L/1ND10esPdZWtMfWRA7yWX0RiDN52C4vL3+7WHaKrb8At33dzzrop1kV/zd3FMg0rNfryXdaLr9Y6lKPdvssdsD+mG09tqkv+/jsco8S0nK5R91OT0//fV7f68PXj+iAHLMuNHlzc7PoBbp9zMpjfa+GrR3FCRtkmnUS/NnZ2eJTqtqQtTHrj7OJGuRaZGnwr06I/9tJ8P0xt/7Ym7BBtsXuefDw8LDYskU1dO3abP1Z036/QI5Fb+ay7cKT2y40OXZ21GgN8u3kLlVfWSp826XBRQ32x07vK7rNDV76MI2N4MZOFIga7I+dhu0ry4h/Frj2df+8/QyQ6duEbZsbKo/FamxUJmqwX75l2P525ZA+VmPxEjTYHz8qbAB/wrJFQBxhA+IIGxBH2IA4wgbEETYgjrABcYQNiCNsQBxhA+IIGxBH2IA4wgbEETYgjrABcYQNWKX5B1S3NkEoUplJAAAAAElFTkSuQmCC""}}]}, {""role"": ""assistant"", ""content"": ""Final Answer: 0.2""}, {""role"": ""user"", ""content"": [{""type"": ""text"", ""text"": ""\nConsider the image provided.\n\nFinal Answer:\n""}, {""type"": ""image_url"", ""image_url"": {""url"": ""data:image/png;base64,iVBORw0KGgoAAAANSUhEUgAAATYAAABcCAYAAADkpJkhAAADqklEQVR4nO3dvU7jQBSAUQcMFLyQeR8kxLNR01Mi0VPT0tFAgQRZDdKshllv2NgTZ3VzjmQlIYREFJ/GPzNZrdfrdQcQyNG+PwBAa8IGhCNsQDjCBoQjbEA4wgaEI2xAOMIGhCNsQDjCBoQjbEA4wgaEI2xAOMIGhCNsQDjCBoQjbEA4wgaEI2xAOMIGhCNsQDjCBoQjbEA4wgaEI2xAOMIGhLMahmG97w8B0NKq6zphA0KxKwqEI2xAOMIGhNMPw7DvzwDQ1Gq9Xjt5AIRiVxQIR9iAcIQNCEfYgHCEDQhH2IBwhA0IR9iAcIQNCEfYgHD6fb755+fn5NceHWkysMe5oktOR12t0tqZwCHr9z0amxIi8QIWG7F9fHw0+Tt1uMZCJm7ATsP2/v7e5sMUscr369tN9wFm74q+vb01+y+OhSxv5eP691OXxQ1oEraXl5du10FLWzr7Wf+sfi3A7LA9Pz93rdSjsjJk6X7eyufKSz3SY6M2YHLYnp6euhbqUVc9Qqu34+Pjr9sUsBw1cQOahK3VMbU6bOVIrIxZ3tKlI33f/3E9XI6boAGTwvbw8NC1MnY8rQ5aClnectDSz8dGafUtcNj+KWx3d3fN3/hfonZycvI1Wktbjlu96ypmwKSwvb6+drsOWxm1FLR0m4OW41W/Jj9XRk/ogB/DdnNzs5M3Hhut5ZFamsFwenr67Xfr429l0ABK/cXFRbfJ9fV1t9RoLQUtbeUIrHw+j+Dy7mk5ajNKA7L+/v6+2+Ty8rLbhRy2HLTyJEEemeXRWw5ZfbwNYNKuaKuJ7aWx+Z/pfXLo6oiVx9qS8tiayAE1qzUChxe2q6urbxfLttjqC3DLx/Wsg3qaVfK3uaMAST8Mw4//iXT5xVKXepTbptgBzF6PrfVlH5su90ghTZd75O3s7Oz3/fxcHb56RAccrq0Wmry9vV30At06Zuk2P5fDVo7ihA3YehL8+fn54lOqypCVMauPs4kaMGtp8LkT4redBF8fc6uPvQkb0OQ7Dx4fHxdbtiiHrlybrT5rWv9d4HDN+jKXqQtPTl1ocuzsqNEasJNvqZqzVPjUpcFFDVjke0WnfMFLHaaxEdzYiQJRAxYJ25xlxDcFrnxc3y9fA7DTsE35QuWxWI2NykQN2HvYtl05pI7VWLwEDfgvwwawC5YtAsIRNiAcYQPCETYgHGEDwhE2IBxhA8IRNiAcYQPCETYgHGEDwhE2IBxhA8IRNiAcYQPCETagi+YXGFo2QVpGsFsAAAAASUVORK5CYII=""}}]}, {""role"": ""assistant"", ""content"": ""Final Answer: 0.15""}, {""role"": ""user"", ""content"": [{""type"": ""text"", ""text"": ""\nConsider the image provided.\n\nFinal Answer:\n""}, {""type"": ""image_url"", ""image_url"": {""url"": ""data:image/png;base64,iVBORw0KGgoAAAANSUhEUgAAATYAAABcCAYAAADkpJkhAAADyUlEQVR4nO3dvU7jQBSA0QQCFLyQeR8kxLNR01Mi0VPT0tFAgQRZDdKshllvlmQdj31zjmQlIcREQvq48R/L9Xq9XgAEctT6DQAMTdiAcIQNCEfYgHCEDQhH2IBwhA0IR9iAcIQNCEfYgHCEDQhH2IBwhA0IR9iAcIQNCEfYgHCEDQhH2IBwhA0IR9iAcIQNCEfYgHCEDQhH2IBwhA0IR9iAcJZd161bvwmAIS0Xi4WwAaH4KAqEI2xAOMIGhLPquq71ewAY1HK9Xtt5AITioygQjrAB4QgbEI6wAeEIGxCOsAHhCBsQjrAB4QgbEI6wAeGsWr8BpuPz83Pn1x4d+RvJdDhX9ACN+StfLtO1TGFcJrYD8dNpbJcQiRdTY2IL7OPjY5D11OHqC5m4MSXCFtD7+/sg6yljle/Xt5vuQys+igby9vY22Lr6QpaX8nH9/envpLjRmrAF8fLysvegpSXt/ay/Vr8WWhO2AJ6fnwdbVz2VlSFL9/NSPlce6pEem9poTdhm7OnpaZD11FNXPaHVy/Hx8ddtCliOmrgxJcI2Y0NtU6vDVk5iZczykg4dWa1WfxwPl+MmaLQmbDP18PAw2Lr6tqfVQUshy0sOWvp635RW38LYhG2G7u7uBl/nT6J2cnLyNa2lJcet/ugqZkyBsM3Q6+vr3sNWRi0FLd3moOV41a/Jz5XREzpaELaZubm52ct6+6a1PKmlMxhOT0+/fW+9/a0MGrS2uri4aP0e2ML19fVo01oKWlrKCax8Pk9w+eNpObWZ0mhpdX9/3/QNsJ3Ly8u9rDeHLQet3EmQJ7M8veWQ1dvbYCp8FD3QE9tLfed/pp+TQ1dHrNzWlpTb1kSOKXB1QCAcYZuZq6urbwfLDrHUB+CWj+uzDurTrJK/nTsKray6rmv2w9lNOvxirEM9ymVT7GBKXI9tpoY+7GPT4R4ppOlwj7ycnZ39vp+fq8NXT3QwJmGbsdvb21EP0K1jlm7zczls5RQnbLRir+iMnZ+fj35KVRmyMmb1djZRoyUTWwD/e0L8tifB19vc6m1vwkZrwhbE4+PjaJctyqErr81W7zWt1wtjErZAdr3w5K4XmuzbO2paYwqELaD/uVT4rpcGFzWmRNgC2+UfvNRh6pvg+nYUiBpTImwHYtvLiG8KXPm4vl++BloRtgP003+o3BervqlM1JgaYeOfVw6pY9UXL0FjSoQNCMfVPYBwhA0IR9iAcIQNCEfYgHCEDQhH2IBwhA0IR9iAcIQNCEfYgHCEDQhH2IBwhA0IR9iAcIQNWETzCw9/NkFh7GVNAAAAAElFTkSuQmCC""}}]}, {""role"": ""assistant"", ""content"": ""Final Answer: 0.25""}, {""role"": ""user"", ""content"": [{""type"": ""text"", ""text"": ""\nConsider the image provided.\n\nFinal Answer:\n""}, {""type"": ""image_url"", ""image_url"": {""url"": ""data:image/png;base64,iVBORw0KGgoAAAANSUhEUgAAATYAAABcCAYAAADkpJkhAAADyElEQVR4nO3du07jQBiA0QTCReKFzPvQ8E68ATU9JRI9NS0dDRRIkNWAZjOZtdhN1onNP+dIVm7Ea23xMb4N8+VyuZwBBHIw9gYADE3YgHCEDQhH2IBwhA0IR9iAcIQNCEfYgHCEDQhH2IBwhA0IR9iAcIQNCEfYgHCEDQhH2IBwhA0IR9iAcIQNCEfYgHCEDQhH2IBwhA0IR9iAcIQNCEfYgHDmXdctx94IgCHNZ7OZsAGh2BUFwhE2IBxhA8JZdF039jYADGq+XC6dPABCsSsKhCNsQDjCBoQjbEA4wgaEI2xAOMIGhCNsQDjCBoQjbEA4i7E3gC8fHx9bf/fgwO8nKLlXdM/2+d89n6d5RKE9RmwTG41tEyMBg3VGbDvy/v4+2LrqcPWFTNxgRdgG9vb2Nti6yljl5/Xjd8+hVXZFB/L6+jro+vpClpfydf3z6feUuNE6YRvA8/PzXoKWlnQGtH6v/i60Ttj+09PT06Drq0dlZcjS87yUn5WXe6TXRm20Tti29Pj4ONi66lFXPUKrl8PDw8/HFLAcNXGDFWGbwDG1OmzlSKyMWV7S5SOLxeKPa+Jy3ASN1gnbFu7v7wddX9/xtDpoKWR5yUFL7/eN0upHaI2wbej29nYn6/2XqB0dHX2O1tKS41bvuooZCNvGXl5e9hK2MmopaOkxBy3Hq/5O/qyMntDRImHbwPX19c7W3TdayyO1dBfD8fHx2s/Wx9/KoEHrFufn52Nvw49xeXm519FaClpayhFY+XkeweXd03LUZpRGyxZ3d3djb8OPcXFxsbN157DloJUnCfLILI/ecsjq423AF7uiI93YXuq7/zP9Wzl0dcTKY21JeWxN5MAMukBAaYjgV/wGrq6udr4rmnc78xnRdOIgLaenp7OTk5Pfj2nJn+Uzp/n7+SLfvG5oyaLrurG34UdJAdnnpR7lkt+vb7ESLlhnPraJXPbx3eUe5agtLfVILT3W4atvpoeWCNuWbm5u9n6Bbh2z9Jg/69sNFTZa5azols7Ozka5paoMWRmz+k4EUaNlRmwTuCF+05vg62Nu9bE3YaN1wjaAh4eHvU5blENXzs1WT0BZrxdaImwTmHhy24km+86OGq2BsE1uqvBtpwYXNVgRton9gZc6TH0juL4TBaIGK8I20WnEvwtc+bp+Xn4HWiVsE/6Dyn2x6huViRqsE7YfMHNIHau/vYbWCRsQjmmLgHCEDQhH2IBwhA0IR9iAcIQNCEfYgHCEDQhH2IBwhA0IR9iAcIQNCEfYgHCEDQhH2IBwhA2YRfMLNyg35zXTJSIAAAAASUVORK5CYII=""}}]}]",Final Answer: 0.2
openai/gpt-4o-2024-08-06,sample_010,0.3832,0.3832,0.3832,0.25,"[{""role"": ""system"", ""content"": ""You are a lines length ratio estimator.\n        You are given an image of two lines.\n\n        Estimate the ratio of the shorter line to the longer line as a decimal number between 0 and 1.\n\n        Do not explain or reason. Only output the final answer as a number after Final Answer:\n""}, {""role"": ""user"", ""content"": [{""type"": ""text"", ""text"": ""\nConsider the image provided.\n\nFinal Answer:\n""}, {""type"": ""image_url"", ""image_url"": {""url"": ""data:image/png;base64,iVBORw0KGgoAAAANSUhEUgAAATYAAABcCAYAAADkpJkhAAADxklEQVR4nO3dv04iXRzHYVDUwhvC+zExXpu1vaWJvbWtnY0WJsrmbHI2Z887r9nFYWb58jzJBBAZsfn4Y/653Gw2mwVAkKO53wDA2IQNiCNsQBxhA+IIGxBH2IA4wgbEETYgjrABcYQNiCNsQBxhA+IIGxBH2IA4wgbEETYgjrABcYQNiCNsQBxhA+IIGxBH2IA4wgbEETYgjrABcYQNiLNcr9ebud8EwJiWi8VC2IAoPooCcYQNiCNsQJzVer2e+z0AjGq52WzsPACi+CgKxBE2II6wAXGEDYgjbEAcYQPiCBsQR9iAOMIGxBE2IM5q7jfwr/r8/Nz6tUdH/l7AnA7+XNEpf/3lslzXE9i1g5zY/nQa2yZE4gXzO5iJ7ePjY5T19OEaCpm4wbziw/b+/j7KetpY1fv97Vf3genEfhR9e3sbbV1DIatL+7j//vI3Q9xgepFhe3l52XnQylL2fvZf618LTC8ubM/Pz6Otq5/K2pCV+3Vpn2sP9SiPTW0wvZiwPT09jbKefurqJ7R+OT4+/nlbAlajJm4wr5iwjbVNrQ9bO4m1MatLOXRktVr953i4GjdBg+lFhO3h4WG0dQ1tT+uDVkJWlxq08vWhKa2/BXZv78N2d3c3+jr/JGonJyc/p7Wy1Lj1H13FDOax92F7fX3dedjaqJWgldsatBqv/jX1uTZ6QgfT2Ouw3dzc7GS9Q9NandTKGQynp6e/fW+//a0NGjC91cXFxWJfXV9fTzatlaCVpZ3A2ufrBFc/nrZTmykNprW6v79f7KvLy8udrLeGrQat3UlQJ7M6vdWQ9dvbgPns9UfRsU5sbw2d/1l+Tg1dH7F2W1vRblsTOZiHKyICcfY6bFdXV78dLDvG0h+A2z7uzzroT7Mq/u/cUWA6q/V6vdhn5fCLqQ71aJevYgfMK+J6bGMf9vHV4R4lpOVwj7qcnZ39ul+f68PXT3TAbkWErbi9vZ30AN0+ZuW2PlfD1k5xwgbT2eu9oq3z8/PJT6lqQ9bGrN/OJmowrZiJbawT4v/2JPh+m1u/7U3YYHpxYSseHx8nu2xRDV17bbZ+r2m/XmC3IsP2nQtPbnuhyaG9o6Y1mEds2Ma4VPi2lwYXNZhXfNi+8w9e+jANTXBDOwpEDeZ1MGH7zmXEvwpc+7i/374GmM5Bhm2bf6g8FKuhqUzUYH4HH7a/vXJIH6uheAkazEvYgDh7fXUPgCHCBsQRNiCOsAFxhA2II2xAHGED4ggbEEfYgDjCBsQRNiCOsAFxhA2II2xAHGED4ggbsEjzA5yMNkFpGj6SAAAAAElFTkSuQmCC""}}]}, {""role"": ""assistant"", ""content"": ""Final Answer: 0.2""}, {""role"": ""user"", ""content"": [{""type"": ""text"", ""text"": ""\nConsider the image provided.\n\nFinal Answer:\n""}, {""type"": ""image_url"", ""image_url"": {""url"": ""data:image/png;base64,iVBORw0KGgoAAAANSUhEUgAAATYAAABcCAYAAADkpJkhAAADz0lEQVR4nO3du04bQRiAURuWi8QLLe9DwzvxBtT0lEj01LR0NFAggaNBmmgy2ZDEnlkn/54jrdbGeOIi+jx7Zb3ZbDYrgEAO9v0BAFoTNiAcYQPCETYgHGEDwhE2IBxhA8IRNiAcYQPCETYgHGEDwhE2IBxhA8IRNiAcYQPCETYgHGEDwhE2IBxhA8IRNiAcYQPCETYgHGEDwhE2IBxhA8IRNiCc9TiOm31/CICW1qvVStiAUGyKAuEIGxCOsAHhDOM47vszADS13mw2Dh4AodgUBcIRNiAcYQPCETYgHGEDwhE2IBxhA8IRNiAcYQPCETYgnGHfH4D/z8fHx9bvPTjwXUp/rhXll+b8r7Fep3ueQhtmbGw9G9smRgLGHMzYWL2/vzcbqw7XVMjEjd6EbcHe3t6ajVXGKj+u1189hpZsii7Q6+tr0/GmQpaX8nn9++k7VdzoQdgW5vn5eZagpSUdAa1/Vr8XehC2BXl6emo6Xj0rK0OWHuelfK083SM9N2ujB2FbgMfHx2Zj1bOueoZWL4eHh5/rFLAcNXGjN2FbgJb71OqwlTOxMmZ5SaePDMPw0zlxOW6CRg/CFtz9/X3T8ab2p9VBSyHLSw5a+vnULK1eQwvCFtjt7W2Xcf8kakdHR5+ztbTkuNWbrmJGL8IW2MvLyyxhK6OWgpbWOWg5XvV78mtl9ISOVoQtqOvr625jT83W8kwtXcVwfHz8w+/W+9/KoEEPw/n5eZeB2a/Ly8tZZ2spaGkpZ2Dl63kGlzdPy1mbWRqtDXd3d80HZf8uLi66jZ3DloNWHiTIM7M8e8shq/e3QU82RYNqeWF7aer6z/Rv5dDVESv3tSXlvjWRoxd3/QPCSV+7vjaDurq66r4pmjc78xHRdOAgLaenp6uTk5Pv67Tk1/KR0/z+fJJvHht2NYzjuPMg/JtSQOY81aNc8s/rS6yEizm4H1twPU77+Op0j3LWlpZ6ppbWdfjqi+lhV8K2ADc3N7OfoFvHLK3za1ObocJGS46KLsDZ2dleLqkqQ1bGrL4SQdRozYxtQVpcEP+3F8HX+9zqfW/CRg/CtjAPDw+z3rYoh668N1t9A8p6XNiVsC3QLjee3PZGk1NHR83W6EXYFmzXW4Vve2twUaM3YWPrP/BSh2lqBjd1oEDU6E3Y2Pk24l8FrnxePy7fAy0JG03+oPJUrKZmZaLGHISNpncOqWP1u+fQg7AB4bhtERCOsAHhCBsQjrAB4QgbEI6wAeEIGxCOsAHhCBsQjrAB4QgbEI6wAeEIGxCOsAHhCBsQjrABq2i+AV6ZN+f7P3/YAAAAAElFTkSuQmCC""}}]}, {""role"": ""assistant"", ""content"": ""Final Answer: 0.3""}, {""role"": ""user"", ""content"": [{""type"": ""text"", ""text"": ""\nConsider the image provided.\n\nFinal Answer:\n""}, {""type"": ""image_url"", ""image_url"": {""url"": ""data:image/png;base64,iVBORw0KGgoAAAANSUhEUgAAATYAAABcCAYAAADkpJkhAAADx0lEQVR4nO3dvU7jSgCG4QTCj8QNhfuh4Z64A2p6SiR6alo6GiiQIEez0qzmzLHYPcjY8cfzSFYSQryWVnoz/hvWu91utwIIcjD3BgCMTdiAOMIGxBE2II6wAXGEDYgjbEAcYQPiCBsQR9iAOMIGxBE2II6wAXGEDYgjbEAcYQPiCBsQR9iAOMIGxBE2II6wAXGEDYgjbEAcYQPiCBsQR9iAOOvtdrubeyMAxrRerVbCBkSxKwrEETYgjrABcTbb7XbubQAY1Xq32zl5AESxKwrEETYgjrABcYQNiCNsQBxhA+IIGxBH2IA4wgbEETYgzmbuDWAcHx8fX/7swYHvN7K4V3RhpvzvWq/LPKSwPEZsYaOxr8RIwEhjxLan3t/fR1tXH66hkIkbSYRtz7y9vY22rjZW9Xn/+NlzWCq7onvi9fV11PUNhawu7ev+98v3nLixdMK2B56fnycJWlnKGdD+Z/1nYemEbWZPT0+jrq8flbUhK8/r0r7XXu5RXhu1sXTCNpPHx8fR1tWPuvoRWr8cHh7+eiwBq1ETN5IIW8AxtT5s7UisjVldyuUjm83mP9fE1bgJGksnbDO4v78fdX1Dx9P6oJWQ1aUGrfx8aJTWP8LSCNvEbm9vv2W9fxO1o6OjX6O1stS49buuYkYCYZvYy8vLJGFro1aCVh5r0Gq8+s/U99roCR1LJGwTur6+/rZ1D43W6kit3MVwfHz8r9/tj7+1QYOl25yfn8+9DT/G5eXlpKO1ErSytCOw9v06gqu7p+2ozSiNJdvc3d3NvQ0/xsXFxbetu4atBq09SVBHZnX0VkPWH2+DFHZFF3pje2vo/s/yb9XQ9RFrj7UV7bE1kSOBGQaBOOUr3lf0hK6urr59V7TudtYzouXEQVlOT09XJycnvx/LUt+rZ07r5+tFvnXdsCSb7XY79zb8KCUgU17q0S715/0tVsJFGvOxhVz28dnlHu2orSz9SK089uHrb6aHJRG2mdzc3Ex+gW4fs/JY3xvaDRU2lspZ0ZmcnZ3NcktVG7I2Zv2dCKLGkhmxBdwQ/39vgu+PufXH3oSNpRO2PfDw8DDptEU1dO3cbP0ElP16YUmELWDiya9ONDl0dtRojQTCFjZV+FenBhc1kghb2B946cM0NIIbOlEgaiQRttBpxD8LXPu6f95+BpZK2IL/oPJQrIZGZaJGGmH7ATOH9LH602tYOmED4pi2CIgjbEAcYQPiCBsQR9iAOMIGxBE2II6wAXGEDYgjbEAcYQPiCBsQR9iAOMIGxBE2II6wAas0/wBdpDfnoKPWyAAAAABJRU5ErkJggg==""}}]}, {""role"": ""assistant"", ""content"": ""Final Answer: 0.25""}, {""role"": ""user"", ""content"": [{""type"": ""text"", ""text"": ""\nConsider the image provided.\n\nFinal Answer:\n""}, {""type"": ""image_url"", ""image_url"": {""url"": ""data:image/png;base64,iVBORw0KGgoAAAANSUhEUgAAATYAAABcCAYAAADkpJkhAAADt0lEQVR4nO3dvU7jQBSA0QQCFLyQeR8kxLNR01Mi0VPT0tFAgQReDdHsjgdvtPE6cbg+R7ISCPFaW3zc+I9l27btAiCQo6k3AGBswgaEI2xAOMIGhCNsQDjCBoQjbEA4wgaEI2xAOMIGhCNsQDjCBoQjbEA4wgaEI2xAOMIGhCNsQDjCBoQjbEA4wgaEI2xAOMIGhCNsQDjCBoQjbEA4wgaEs2yapp16IwDGtFwsFsIGhOKjKBCOsAHhCBsQzqppmqm3AWBUy7ZtHTwAQvFRFAhH2IBwhA0IR9iAcIQNCEfYgHCEDQhH2IBwhA0IR9iAcFZTbwBrn5+fg997dOT3E5RcK7pn+/zvXi7TfURhfkxsBzSNDQmReMF3JrYd+fj4GGU9dbj6QiZu0CVsI3t/fx9lPWWs8vP6cdNzmDMfRUfy9vY22rr6QpaX8uv659PvKHEDYRvFy8vLzoOWlnT0s/5e/V5A2P7b8/PzaOuqp7IyZOl5XsrXylM90temNhC2wZ6enkZZTz111RNavRwfH389poDlqIkbdAnbxPvU6rCVk1gZs7ykU0dWq9W38+Fy3AQNhG2Qh4eH0dbVtz+tDloKWV5y0NL3+6a0+hHmSNi2dHd3N/o6/yVqJycnX9NaWnLc6o+uYgZrwral19fXnYetjFoKWnrMQcvxqt+TXyujJ3TMlbBt4ebmZifr7ZvW8qSWrmA4PT3t/Gy9/60MGrBYrC4uLqbehh/j+vp6b9NaClpaygmsfD1PcPnjaTm1mdKYu9X9/f3U2/BjXF5e7mS9OWw5aOVBgjyZ5ekth6ze3wb84aPoBBe2l/qu/0z/Tg5dHbFyX1tS7lsTOVhzh0IgHGHbwtXVVedk2TGW+gTc8uv6qoP6Mqvkb9eOwpytmqaZeht+lHT6xb5O9SiXTbEDutyP7QBO+9h0ukcKaTrdIy9nZ2e/n+fX6vDVEx3MjbANdHt7u9cTdOuYpcf8Wg5bOcUJG3PmqOhA5+fne7+kqgxZGbN6P5uoMXcmtokviN/2Ivh6n1u9703YQNhG8fj4uLfbFuXQlfdmq4+a1uuFuRG2iW88OfRGk31HR01rsCZsB3Sr8KG3Bhc16BK2A/oDL3WY+ia4vgMFogZdwnaAtxHfFLjy6/p5+R6YM2E70D+o3BervqlM1OA7YTvwO4fUseqLl6BBl7AB4bi7BxCOsAHhCBsQjrAB4QgbEI6wAeEIGxCOsAHhCBsQjrAB4QgbEI6wAeEIGxCOsAHhCBsQjrABi2h+ASl0NkFWMNjMAAAAAElFTkSuQmCC""}}]}, {""role"": ""assistant"", ""content"": ""Final Answer: 0.3""}, {""role"": ""user"", ""content"": [{""type"": ""text"", ""text"": ""\nConsider the image provided.\n\nFinal Answer:\n""}, {""type"": ""image_url"", ""image_url"": {""url"": ""data:image/png;base64,iVBORw0KGgoAAAANSUhEUgAAATYAAABcCAYAAADkpJkhAAADwElEQVR4nO3dsU7jSgCG0QAGCl4ovA8S4tmo6SmR6Klp6WigQIJczUpzNTvXF+0G24E/50hWkg3xpvo0sT3jg81ms1kBBDnc9RcAmJqwAXGEDYgjbEAcYQPiCBsQR9iAOMIGxBE2II6wAXGEDYgjbEAcYQPiCBsQR9iAOMIGxBE2II6wAXGEDYgjbEAcYQPiCBsQR9iAOMIGxBE2II6wAXEO1uv1ZtdfAmBKB6vVStiAKH6KAnGEDYgjbECcYb1e7/o7AEzqYLPZOHkARPFTFIgjbEAcYQPiCBsQR9iAOMIGxBE2II6wAXGEDYgjbECcYfWDfHx8bP3Zw0MNh33xLeeKLvmVDg7KWptAkuGnjca2CZF4wX7Z6Yjt/f19kv304RoLmbjB/thJ2N7e3ibZTxur+rx//Ow5kGnRn6Kvr6+T7WssZHVrX/d/XzoubpBtsbA9Pz/PHrSylbOf/b/1nwWyLRK2p6enyfbVj8rakJXndWvfay/1KK+N2iDbrGF7fHycZD/9qKsfofXb0dHRr8cSsBo1cYP9MfyEY2p92NqRWBuzupVLR4Zh+M/1cDVuggbZZgvb/f39ZPsaO57WB62ErG41aOXfx0Zp/SOQZZaw3d7eTr7PP4na8fHxr9Fa2Wrc+p+uYgb5Zgnby8vL7GFro1aCVh5r0Gq8+s/U99roCR3kmTxs19fXqzmMjdbqSK3MYDg5Ofntb/vjb23QgGzD+fn5pDu8urpaLTVaK0ErWzsCa9+vI7j687QdtRmlQa7h7u5u0h1eXFys5lDDVoPWniSoI7M6eqsh64+3Afth+K4T21tj8z/L/1ND10esPdZWtMfWRA7yWX0RiDN52C4vL3+7WHaKrb8At33dzzrop1kV/zd3FMg0rNfryXdaLr9Y6lKPdvssdsD+mG09tqkv+/jsco8S0nK5R91OT0//fV7f68PXj+iAHLMuNHlzc7PoBbp9zMpjfa+GrR3FCRtkmnUS/NnZ2eJTqtqQtTHrj7OJGuRaZGnwr06I/9tJ8P0xt/7Ym7BBtsXuefDw8LDYskU1dO3abP1Z036/QI5Fb+ay7cKT2y40OXZ21GgN8u3kLlVfWSp826XBRQ32x07vK7rNDV76MI2N4MZOFIga7I+dhu0ry4h/Frj2df+8/QyQ6duEbZsbKo/FamxUJmqwX75l2P525ZA+VmPxEjTYHz8qbAB/wrJFQBxhA+IIGxBH2IA4wgbEETYgjrABcYQNiCNsQBxhA+IIGxBH2IA4wgbEETYgjrABcYQNWKX5B1S3NkEoUplJAAAAAElFTkSuQmCC""}}]}, {""role"": ""assistant"", ""content"": ""Final Answer: 0.2""}, {""role"": ""user"", ""content"": [{""type"": ""text"", ""text"": ""\nConsider the image provided.\n\nFinal Answer:\n""}, {""type"": ""image_url"", ""image_url"": {""url"": ""data:image/png;base64,iVBORw0KGgoAAAANSUhEUgAAATYAAABcCAYAAADkpJkhAAADwElEQVR4nO3dsU7jSgCG0QAGCl4ovA8S4tmo6SmR6Klp6WigQIJczUpzNTvXF+0G24E/50hWkg3xpvo0sT3jg81ms1kBBDnc9RcAmJqwAXGEDYgjbEAcYQPiCBsQR9iAOMIGxBE2II6wAXGEDYgjbEAcYQPiCBsQR9iAOMIGxBE2II6wAXGEDYgjbEAcYQPiCBsQR9iAOMIGxBE2II6wAXEO1uv1ZtdfAmBKB6vVStiAKH6KAnGEDYgjbECcYb1e7/o7AEzqYLPZOHkARPFTFIgjbEAcYQPiCBsQR9iAOMIGxBE2II6wAXGEDYgjbECcYfWDfHx8bP3Zw0MNh33xLeeKLvmVDg7KWptAkuGnjca2CZF4wX7Z6Yjt/f19kv304RoLmbjB/thJ2N7e3ibZTxur+rx//Ow5kGnRn6Kvr6+T7WssZHVrX/d/XzoubpBtsbA9Pz/PHrSylbOf/b/1nwWyLRK2p6enyfbVj8rakJXndWvfay/1KK+N2iDbrGF7fHycZD/9qKsfofXb0dHRr8cSsBo1cYP9MfyEY2p92NqRWBuzupVLR4Zh+M/1cDVuggbZZgvb/f39ZPsaO57WB62ErG41aOXfx0Zp/SOQZZaw3d7eTr7PP4na8fHxr9Fa2Wrc+p+uYgb5Zgnby8vL7GFro1aCVh5r0Gq8+s/U99roCR3kmTxs19fXqzmMjdbqSK3MYDg5Ofntb/vjb23QgGzD+fn5pDu8urpaLTVaK0ErWzsCa9+vI7j687QdtRmlQa7h7u5u0h1eXFys5lDDVoPWniSoI7M6eqsh64+3Afth+K4T21tj8z/L/1ND10esPdZWtMfWRA7yWX0RiDN52C4vL3+7WHaKrb8At33dzzrop1kV/zd3FMg0rNfryXdaLr9Y6lKPdvssdsD+mG09tqkv+/jsco8S0nK5R91OT0//fV7f68PXj+iAHLMuNHlzc7PoBbp9zMpjfa+GrR3FCRtkmnUS/NnZ2eJTqtqQtTHrj7OJGuRaZGnwr06I/9tJ8P0xt/7Ym7BBtsXuefDw8LDYskU1dO3abP1Z036/QI5Fb+ay7cKT2y40OXZ21GgN8u3kLlVfWSp826XBRQ32x07vK7rNDV76MI2N4MZOFIga7I+dhu0ry4h/Frj2df+8/QyQ6duEbZsbKo/FamxUJmqwX75l2P525ZA+VmPxEjTYHz8qbAB/wrJFQBxhA+IIGxBH2IA4wgbEETYgjrABcYQNiCNsQBxhA+IIGxBH2IA4wgbEETYgjrABcYQNWKX5B1S3NkEoUplJAAAAAElFTkSuQmCC""}}]}, {""role"": ""assistant"", ""content"": ""Final Answer: 0.2""}, {""role"": ""user"", ""content"": [{""type"": ""text"", ""text"": ""\nConsider the image provided.\n\nFinal Answer:\n""}, {""type"": ""image_url"", ""image_url"": {""url"": ""data:image/png;base64,iVBORw0KGgoAAAANSUhEUgAAATYAAABcCAYAAADkpJkhAAADqklEQVR4nO3dvU7jQBSAUQcMFLyQeR8kxLNR01Mi0VPT0tFAgQRZDdKshllv2NgTZ3VzjmQlIYREFJ/GPzNZrdfrdQcQyNG+PwBAa8IGhCNsQDjCBoQjbEA4wgaEI2xAOMIGhCNsQDjCBoQjbEA4wgaEI2xAOMIGhCNsQDjCBoQjbEA4wgaEI2xAOMIGhCNsQDjCBoQjbEA4wgaEI2xAOMIGhLMahmG97w8B0NKq6zphA0KxKwqEI2xAOMIGhNMPw7DvzwDQ1Gq9Xjt5AIRiVxQIR9iAcIQNCEfYgHCEDQhH2IBwhA0IR9iAcIQNCEfYgHD6fb755+fn5NceHWkysMe5oktOR12t0tqZwCHr9z0amxIi8QIWG7F9fHw0+Tt1uMZCJm7ATsP2/v7e5sMUscr369tN9wFm74q+vb01+y+OhSxv5eP691OXxQ1oEraXl5du10FLWzr7Wf+sfi3A7LA9Pz93rdSjsjJk6X7eyufKSz3SY6M2YHLYnp6euhbqUVc9Qqu34+Pjr9sUsBw1cQOahK3VMbU6bOVIrIxZ3tKlI33f/3E9XI6boAGTwvbw8NC1MnY8rQ5aClnectDSz8dGafUtcNj+KWx3d3fN3/hfonZycvI1Wktbjlu96ypmwKSwvb6+drsOWxm1FLR0m4OW41W/Jj9XRk/ogB/DdnNzs5M3Hhut5ZFamsFwenr67Xfr429l0ABK/cXFRbfJ9fV1t9RoLQUtbeUIrHw+j+Dy7mk5ajNKA7L+/v6+2+Ty8rLbhRy2HLTyJEEemeXRWw5ZfbwNYNKuaKuJ7aWx+Z/pfXLo6oiVx9qS8tiayAE1qzUChxe2q6urbxfLttjqC3DLx/Wsg3qaVfK3uaMAST8Mw4//iXT5xVKXepTbptgBzF6PrfVlH5su90ghTZd75O3s7Oz3/fxcHb56RAccrq0Wmry9vV30At06Zuk2P5fDVo7ihA3YehL8+fn54lOqypCVMauPs4kaMGtp8LkT4redBF8fc6uPvQkb0OQ7Dx4fHxdbtiiHrlybrT5rWv9d4HDN+jKXqQtPTl1ocuzsqNEasJNvqZqzVPjUpcFFDVjke0WnfMFLHaaxEdzYiQJRAxYJ25xlxDcFrnxc3y9fA7DTsE35QuWxWI2NykQN2HvYtl05pI7VWLwEDfgvwwawC5YtAsIRNiAcYQPCETYgHGEDwhE2IBxhA8IRNiAcYQPCETYgHGEDwhE2IBxhA8IRNiAcYQPCETagi+YXGFo2QVpGsFsAAAAASUVORK5CYII=""}}]}, {""role"": ""assistant"", ""content"": ""Final Answer: 0.15""}, {""role"": ""user"", ""content"": [{""type"": ""text"", ""text"": ""\nConsider the image provided.\n\nFinal Answer:\n""}, {""type"": ""image_url"", ""image_url"": {""url"": ""data:image/png;base64,iVBORw0KGgoAAAANSUhEUgAAATYAAABcCAYAAADkpJkhAAADyUlEQVR4nO3dvU7jQBSA0QQCFLyQeR8kxLNR01Mi0VPT0tFAgQRZDdKshllvlmQdj31zjmQlIcREQvq48R/L9Xq9XgAEctT6DQAMTdiAcIQNCEfYgHCEDQhH2IBwhA0IR9iAcIQNCEfYgHCEDQhH2IBwhA0IR9iAcIQNCEfYgHCEDQhH2IBwhA0IR9iAcIQNCEfYgHCEDQhH2IBwhA0IR9iAcJZd161bvwmAIS0Xi4WwAaH4KAqEI2xAOMIGhLPquq71ewAY1HK9Xtt5AITioygQjrAB4QgbEI6wAeEIGxCOsAHhCBsQjrAB4QgbEI6wAeGsWr8BpuPz83Pn1x4d+RvJdDhX9ACN+StfLtO1TGFcJrYD8dNpbJcQiRdTY2IL7OPjY5D11OHqC5m4MSXCFtD7+/sg6yljle/Xt5vuQys+igby9vY22Lr6QpaX8nH9/envpLjRmrAF8fLysvegpSXt/ay/Vr8WWhO2AJ6fnwdbVz2VlSFL9/NSPlce6pEem9poTdhm7OnpaZD11FNXPaHVy/Hx8ddtCliOmrgxJcI2Y0NtU6vDVk5iZczykg4dWa1WfxwPl+MmaLQmbDP18PAw2Lr6tqfVQUshy0sOWvp635RW38LYhG2G7u7uBl/nT6J2cnLyNa2lJcet/ugqZkyBsM3Q6+vr3sNWRi0FLd3moOV41a/Jz5XREzpaELaZubm52ct6+6a1PKmlMxhOT0+/fW+9/a0MGrS2uri4aP0e2ML19fVo01oKWlrKCax8Pk9w+eNpObWZ0mhpdX9/3/QNsJ3Ly8u9rDeHLQet3EmQJ7M8veWQ1dvbYCp8FD3QE9tLfed/pp+TQ1dHrNzWlpTb1kSOKXB1QCAcYZuZq6urbwfLDrHUB+CWj+uzDurTrJK/nTsKray6rmv2w9lNOvxirEM9ymVT7GBKXI9tpoY+7GPT4R4ppOlwj7ycnZ39vp+fq8NXT3QwJmGbsdvb21EP0K1jlm7zczls5RQnbLRir+iMnZ+fj35KVRmyMmb1djZRoyUTWwD/e0L8tifB19vc6m1vwkZrwhbE4+PjaJctyqErr81W7zWt1wtjErZAdr3w5K4XmuzbO2paYwqELaD/uVT4rpcGFzWmRNgC2+UfvNRh6pvg+nYUiBpTImwHYtvLiG8KXPm4vl++BloRtgP003+o3BervqlM1JgaYeOfVw6pY9UXL0FjSoQNCMfVPYBwhA0IR9iAcIQNCEfYgHCEDQhH2IBwhA0IR9iAcIQNCEfYgHCEDQhH2IBwhA0IR9iAcIQNWETzCw9/NkFh7GVNAAAAAElFTkSuQmCC""}}]}, {""role"": ""assistant"", ""content"": ""Final Answer: 0.25""}, {""role"": ""user"", ""content"": [{""type"": ""text"", ""text"": ""\nConsider the image provided.\n\nFinal Answer:\n""}, {""type"": ""image_url"", ""image_url"": {""url"": ""data:image/png;base64,iVBORw0KGgoAAAANSUhEUgAAATYAAABcCAYAAADkpJkhAAADyElEQVR4nO3du07jQBiA0QTCReKFzPvQ8E68ATU9JRI9NS0dDRRIkNWAZjOZtdhN1onNP+dIVm7Ea23xMb4N8+VyuZwBBHIw9gYADE3YgHCEDQhH2IBwhA0IR9iAcIQNCEfYgHCEDQhH2IBwhA0IR9iAcIQNCEfYgHCEDQhH2IBwhA0IR9iAcIQNCEfYgHCEDQhH2IBwhA0IR9iAcIQNCEfYgHDmXdctx94IgCHNZ7OZsAGh2BUFwhE2IBxhA8JZdF039jYADGq+XC6dPABCsSsKhCNsQDjCBoQjbEA4wgaEI2xAOMIGhCNsQDjCBoQjbEA4i7E3gC8fHx9bf/fgwO8nKLlXdM/2+d89n6d5RKE9RmwTG41tEyMBg3VGbDvy/v4+2LrqcPWFTNxgRdgG9vb2Nti6yljl5/Xjd8+hVXZFB/L6+jro+vpClpfydf3z6feUuNE6YRvA8/PzXoKWlnQGtH6v/i60Ttj+09PT06Drq0dlZcjS87yUn5WXe6TXRm20Tti29Pj4ONi66lFXPUKrl8PDw8/HFLAcNXGDFWGbwDG1OmzlSKyMWV7S5SOLxeKPa+Jy3ASN1gnbFu7v7wddX9/xtDpoKWR5yUFL7/eN0upHaI2wbej29nYn6/2XqB0dHX2O1tKS41bvuooZCNvGXl5e9hK2MmopaOkxBy3Hq/5O/qyMntDRImHbwPX19c7W3TdayyO1dBfD8fHx2s/Wx9/KoEHrFufn52Nvw49xeXm519FaClpayhFY+XkeweXd03LUZpRGyxZ3d3djb8OPcXFxsbN157DloJUnCfLILI/ecsjq423AF7uiI93YXuq7/zP9Wzl0dcTKY21JeWxN5MAMukBAaYjgV/wGrq6udr4rmnc78xnRdOIgLaenp7OTk5Pfj2nJn+Uzp/n7+SLfvG5oyaLrurG34UdJAdnnpR7lkt+vb7ESLlhnPraJXPbx3eUe5agtLfVILT3W4atvpoeWCNuWbm5u9n6Bbh2z9Jg/69sNFTZa5azols7Ozka5paoMWRmz+k4EUaNlRmwTuCF+05vg62Nu9bE3YaN1wjaAh4eHvU5blENXzs1WT0BZrxdaImwTmHhy24km+86OGq2BsE1uqvBtpwYXNVgRton9gZc6TH0juL4TBaIGK8I20WnEvwtc+bp+Xn4HWiVsE/6Dyn2x6huViRqsE7YfMHNIHau/vYbWCRsQjmmLgHCEDQhH2IBwhA0IR9iAcIQNCEfYgHCEDQhH2IBwhA0IR9iAcIQNCEfYgHCEDQhH2IBwhA2YRfMLNyg35zXTJSIAAAAASUVORK5CYII=""}}]}, {""role"": ""assistant"", ""content"": ""Final Answer: 0.2""}, {""role"": ""user"", ""content"": [{""type"": ""text"", ""text"": ""\nConsider the image provided.\n\nFinal Answer:\n""}, {""type"": ""image_url"", ""image_url"": {""url"": ""data:image/png;base64,iVBORw0KGgoAAAANSUhEUgAAATYAAABcCAYAAADkpJkhAAADwElEQVR4nO3dzUojSwCG4UTjD3hD7f248Z68A9fuXQruXbt150YXgmYooYY6dRrPmZB0T388DzRJjOlpGHhT/Veut9vtdgUQ5GjuDQDYN2ED4ggbEEfYgDjCBsQRNiCOsAFxhA2II2xAHGED4ggbEEfYgDjCBsQRNiCOsAFxhA2II2xAHGED4ggbEEfYgDjCBsQRNiCOsAFxhA2II2xAHGED4qyHYdjOvREA+7RerVbCBkSxKwrEETYgjrABcTbDMMy9DQB7td5ut04eAFHsigJxhA2II2xAHGED4ggbEEfYgDjCBsQRNiCOsAFxhA2Is5l7A9jd19fXzp89OvKdRi73ii7AlP9F63WZexSWzYgtYDS2S4wEjGRGbH+Rz8/Pva2rD9dYyMSNVML2F/j4+NjbutpY1ef940/PIYFd0Rm9v7/vdX1jIatL+7r//fLdJm4kEbaZvL6+ThK0spQzoP3P+s9CEmGbwcvLy17X14/K2pCV53Vp32sv9yivjdpIImwTen5+3tu6+lFXP0Lrl+Pj4+/HErAaNXEjlbAt9JhaH7Z2JNbGrC7l8pHNZvOva+Jq3ASNJMI2kcfHx72ub+x4Wh+0ErK61KCVn4+N0vpHWDJhm8D9/f1B1vt/onZycvI9WitLjVu/6ypmpBG2Cby9vU0StjZqJWjlsQatxqv/TH2vjZ7QsXTCdmC3t7cHW/fYaK2O1MpdDKenp//43f74Wxs0SLK5vLycexuiXV9fTzpaK0ErSzsCa9+vI7i6e9qO2ozSSLF5eHiYexuiXV1dHWzdNWw1aO1Jgjoyq6O3GrL+eBsksiu6oBvbW2P3f5Z/q4auj1h7rK1oj62JHGnMNgjEKV/3vq4P7Obm5uC7onW3s54RLScOynJ+fr46Ozv7/ViW+l49c1o/Xy/yreuGpdoMwzD3NsQrAZnyUo92qT/vb7ESLpKZj23Bl338dLlHO2orSz9SK499+Pqb6WGphG1Cd3d3k1+g28esPNb3xnZDhY0EzopO6OLiYpZbqtqQtTHr70QQNVIYsS30hvg/vQm+P+bWH3sTNpII20yenp4mnbaohq6dm62fgLJfLyyVsC104sldJ5ocOztqtEYaYQuYKnzXqcFFjVTCFvAHXvowjY3gxk4UiBqphC1oGvGfAte+7p+3n4EEwhb2B5XHYjU2KhM1kglb6Mwhfaz+6zUkETYgjmmLgDjCBsQRNiCOsAFxhA2II2xAHGED4ggbEEfYgDjCBsQRNiCOsAFxhA2II2xAHGED4ggbsErzC5ZpN+ejRMMqAAAAAElFTkSuQmCC""}}]}]",Final Answer: 0.25
openai/gpt-4o-2024-08-06,sample_001,0.2498,0.2498,0.2498,0.25,"[{""role"": ""system"", ""content"": ""You are a lines length ratio estimator.\n        You are given an image of two lines.\n\n        Estimate the ratio of the shorter line to the longer line as a decimal number between 0 and 1.\n\n        Do not explain or reason. Only output the final answer as a number after Final Answer:\n""}, {""role"": ""user"", ""content"": [{""type"": ""text"", ""text"": ""\nConsider the image provided.\n\nFinal Answer:\n""}, {""type"": ""image_url"", ""image_url"": {""url"": ""data:image/png;base64,iVBORw0KGgoAAAANSUhEUgAAATYAAABcCAYAAADkpJkhAAADxklEQVR4nO3dv04iXRzHYVDUwhvC+zExXpu1vaWJvbWtnY0WJsrmbHI2Z887r9nFYWb58jzJBBAZsfn4Y/653Gw2mwVAkKO53wDA2IQNiCNsQBxhA+IIGxBH2IA4wgbEETYgjrABcYQNiCNsQBxhA+IIGxBH2IA4wgbEETYgjrABcYQNiCNsQBxhA+IIGxBH2IA4wgbEETYgjrABcYQNiLNcr9ebud8EwJiWi8VC2IAoPooCcYQNiCNsQJzVer2e+z0AjGq52WzsPACi+CgKxBE2II6wAXGEDYgjbEAcYQPiCBsQR9iAOMIGxBE2IM5q7jfwr/r8/Nz6tUdH/l7AnA7+XNEpf/3lslzXE9i1g5zY/nQa2yZE4gXzO5iJ7ePjY5T19OEaCpm4wbziw/b+/j7KetpY1fv97Vf3genEfhR9e3sbbV1DIatL+7j//vI3Q9xgepFhe3l52XnQylL2fvZf618LTC8ubM/Pz6Otq5/K2pCV+3Vpn2sP9SiPTW0wvZiwPT09jbKefurqJ7R+OT4+/nlbAlajJm4wr5iwjbVNrQ9bO4m1MatLOXRktVr953i4GjdBg+lFhO3h4WG0dQ1tT+uDVkJWlxq08vWhKa2/BXZv78N2d3c3+jr/JGonJyc/p7Wy1Lj1H13FDOax92F7fX3dedjaqJWgldsatBqv/jX1uTZ6QgfT2Ouw3dzc7GS9Q9NandTKGQynp6e/fW+//a0NGjC91cXFxWJfXV9fTzatlaCVpZ3A2ufrBFc/nrZTmykNprW6v79f7KvLy8udrLeGrQat3UlQJ7M6vdWQ9dvbgPns9UfRsU5sbw2d/1l+Tg1dH7F2W1vRblsTOZiHKyICcfY6bFdXV78dLDvG0h+A2z7uzzroT7Mq/u/cUWA6q/V6vdhn5fCLqQ71aJevYgfMK+J6bGMf9vHV4R4lpOVwj7qcnZ39ul+f68PXT3TAbkWErbi9vZ30AN0+ZuW2PlfD1k5xwgbT2eu9oq3z8/PJT6lqQ9bGrN/OJmowrZiJbawT4v/2JPh+m1u/7U3YYHpxYSseHx8nu2xRDV17bbZ+r2m/XmC3IsP2nQtPbnuhyaG9o6Y1mEds2Ma4VPi2lwYXNZhXfNi+8w9e+jANTXBDOwpEDeZ1MGH7zmXEvwpc+7i/374GmM5Bhm2bf6g8FKuhqUzUYH4HH7a/vXJIH6uheAkazEvYgDh7fXUPgCHCBsQRNiCOsAFxhA2II2xAHGED4ggbEEfYgDjCBsQRNiCOsAFxhA2II2xAHGED4ggbsEjzA5yMNkFpGj6SAAAAAElFTkSuQmCC""}}]}]",0.25
openai/gpt-4o-2024-08-06,sample_002,0.4803,0.4803,0.4803,0.33,"[{""role"": ""system"", ""content"": ""You are a lines length ratio estimator.\n        You are given an image of two lines.\n\n        Estimate the ratio of the shorter line to the longer line as a decimal number between 0 and 1.\n\n        Do not explain or reason. Only output the final answer as a number after Final Answer:\n""}, {""role"": ""user"", ""content"": [{""type"": ""text"", ""text"": ""\nConsider the image provided.\n\nFinal Answer:\n""}, {""type"": ""image_url"", ""image_url"": {""url"": ""data:image/png;base64,iVBORw0KGgoAAAANSUhEUgAAATYAAABcCAYAAADkpJkhAAADxklEQVR4nO3dv04iXRzHYVDUwhvC+zExXpu1vaWJvbWtnY0WJsrmbHI2Z887r9nFYWb58jzJBBAZsfn4Y/653Gw2mwVAkKO53wDA2IQNiCNsQBxhA+IIGxBH2IA4wgbEETYgjrABcYQNiCNsQBxhA+IIGxBH2IA4wgbEETYgjrABcYQNiCNsQBxhA+IIGxBH2IA4wgbEETYgjrABcYQNiLNcr9ebud8EwJiWi8VC2IAoPooCcYQNiCNsQJzVer2e+z0AjGq52WzsPACi+CgKxBE2II6wAXGEDYgjbEAcYQPiCBsQR9iAOMIGxBE2IM5q7jfwr/r8/Nz6tUdH/l7AnA7+XNEpf/3lslzXE9i1g5zY/nQa2yZE4gXzO5iJ7ePjY5T19OEaCpm4wbziw/b+/j7KetpY1fv97Vf3genEfhR9e3sbbV1DIatL+7j//vI3Q9xgepFhe3l52XnQylL2fvZf618LTC8ubM/Pz6Otq5/K2pCV+3Vpn2sP9SiPTW0wvZiwPT09jbKefurqJ7R+OT4+/nlbAlajJm4wr5iwjbVNrQ9bO4m1MatLOXRktVr953i4GjdBg+lFhO3h4WG0dQ1tT+uDVkJWlxq08vWhKa2/BXZv78N2d3c3+jr/JGonJyc/p7Wy1Lj1H13FDOax92F7fX3dedjaqJWgldsatBqv/jX1uTZ6QgfT2Ouw3dzc7GS9Q9NandTKGQynp6e/fW+//a0NGjC91cXFxWJfXV9fTzatlaCVpZ3A2ufrBFc/nrZTmykNprW6v79f7KvLy8udrLeGrQat3UlQJ7M6vdWQ9dvbgPns9UfRsU5sbw2d/1l+Tg1dH7F2W1vRblsTOZiHKyICcfY6bFdXV78dLDvG0h+A2z7uzzroT7Mq/u/cUWA6q/V6vdhn5fCLqQ71aJevYgfMK+J6bGMf9vHV4R4lpOVwj7qcnZ39ul+f68PXT3TAbkWErbi9vZ30AN0+ZuW2PlfD1k5xwgbT2eu9oq3z8/PJT6lqQ9bGrN/OJmowrZiJbawT4v/2JPh+m1u/7U3YYHpxYSseHx8nu2xRDV17bbZ+r2m/XmC3IsP2nQtPbnuhyaG9o6Y1mEds2Ma4VPi2lwYXNZhXfNi+8w9e+jANTXBDOwpEDeZ1MGH7zmXEvwpc+7i/374GmM5Bhm2bf6g8FKuhqUzUYH4HH7a/vXJIH6uheAkazEvYgDh7fXUPgCHCBsQRNiCOsAFxhA2II2xAHGED4ggbEEfYgDjCBsQRNiCOsAFxhA2II2xAHGED4ggbsEjzA5yMNkFpGj6SAAAAAElFTkSuQmCC""}}]}, {""role"": ""assistant"", ""content"": ""0.25""}, {""role"": ""user"", ""content"": [{""type"": ""text"", ""text"": ""\nConsider the image provided.\n\nFinal Answer:\n""}, {""type"": ""image_url"", ""image_url"": {""url"": ""data:image/png;base64,iVBORw0KGgoAAAANSUhEUgAAATYAAABcCAYAAADkpJkhAAADz0lEQVR4nO3du04bQRiAURuWi8QLLe9DwzvxBtT0lEj01LR0NFAggaNBmmgy2ZDEnlkn/54jrdbGeOIi+jx7Zb3ZbDYrgEAO9v0BAFoTNiAcYQPCETYgHGEDwhE2IBxhA8IRNiAcYQPCETYgHGEDwhE2IBxhA8IRNiAcYQPCETYgHGEDwhE2IBxhA8IRNiAcYQPCETYgHGEDwhE2IBxhA8IRNiCc9TiOm31/CICW1qvVStiAUGyKAuEIGxCOsAHhDOM47vszADS13mw2Dh4AodgUBcIRNiAcYQPCETYgHGEDwhE2IBxhA8IRNiAcYQPCETYgnGHfH4D/z8fHx9bvPTjwXUp/rhXll+b8r7Fep3ueQhtmbGw9G9smRgLGHMzYWL2/vzcbqw7XVMjEjd6EbcHe3t6ajVXGKj+u1189hpZsii7Q6+tr0/GmQpaX8nn9++k7VdzoQdgW5vn5eZagpSUdAa1/Vr8XehC2BXl6emo6Xj0rK0OWHuelfK083SM9N2ujB2FbgMfHx2Zj1bOueoZWL4eHh5/rFLAcNXGjN2FbgJb71OqwlTOxMmZ5SaePDMPw0zlxOW6CRg/CFtz9/X3T8ab2p9VBSyHLSw5a+vnULK1eQwvCFtjt7W2Xcf8kakdHR5+ztbTkuNWbrmJGL8IW2MvLyyxhK6OWgpbWOWg5XvV78mtl9ISOVoQtqOvr625jT83W8kwtXcVwfHz8w+/W+9/KoEEPw/n5eZeB2a/Ly8tZZ2spaGkpZ2Dl63kGlzdPy1mbWRqtDXd3d80HZf8uLi66jZ3DloNWHiTIM7M8e8shq/e3QU82RYNqeWF7aer6z/Rv5dDVESv3tSXlvjWRoxd3/QPCSV+7vjaDurq66r4pmjc78xHRdOAgLaenp6uTk5Pv67Tk1/KR0/z+fJJvHht2NYzjuPMg/JtSQOY81aNc8s/rS6yEizm4H1twPU77+Op0j3LWlpZ6ppbWdfjqi+lhV8K2ADc3N7OfoFvHLK3za1ObocJGS46KLsDZ2dleLqkqQ1bGrL4SQdRozYxtQVpcEP+3F8HX+9zqfW/CRg/CtjAPDw+z3rYoh668N1t9A8p6XNiVsC3QLjee3PZGk1NHR83W6EXYFmzXW4Vve2twUaM3YWPrP/BSh2lqBjd1oEDU6E3Y2Pk24l8FrnxePy7fAy0JG03+oPJUrKZmZaLGHISNpncOqWP1u+fQg7AB4bhtERCOsAHhCBsQjrAB4QgbEI6wAeEIGxCOsAHhCBsQjrAB4QgbEI6wAeEIGxCOsAHhCBsQjrABq2i+AV6ZN+f7P3/YAAAAAElFTkSuQmCC""}}]}]",0.33
openai/gpt-4o-2024-08-06,sample_003,0.3928,0.3928,0.3928,0.25,"[{""role"": ""system"", ""content"": ""You are a lines length ratio estimator.\n        You are given an image of two lines.\n\n        Estimate the ratio of the shorter line to the longer line as a decimal number between 0 and 1.\n\n        Do not explain or reason. Only output the final answer as a number after Final Answer:\n""}, {""role"": ""user"", ""content"": [{""type"": ""text"", ""text"": ""\nConsider the image provided.\n\nFinal Answer:\n""}, {""type"": ""image_url"", ""image_url"": {""url"": ""data:image/png;base64,iVBORw0KGgoAAAANSUhEUgAAATYAAABcCAYAAADkpJkhAAADxklEQVR4nO3dv04iXRzHYVDUwhvC+zExXpu1vaWJvbWtnY0WJsrmbHI2Z887r9nFYWb58jzJBBAZsfn4Y/653Gw2mwVAkKO53wDA2IQNiCNsQBxhA+IIGxBH2IA4wgbEETYgjrABcYQNiCNsQBxhA+IIGxBH2IA4wgbEETYgjrABcYQNiCNsQBxhA+IIGxBH2IA4wgbEETYgjrABcYQNiLNcr9ebud8EwJiWi8VC2IAoPooCcYQNiCNsQJzVer2e+z0AjGq52WzsPACi+CgKxBE2II6wAXGEDYgjbEAcYQPiCBsQR9iAOMIGxBE2IM5q7jfwr/r8/Nz6tUdH/l7AnA7+XNEpf/3lslzXE9i1g5zY/nQa2yZE4gXzO5iJ7ePjY5T19OEaCpm4wbziw/b+/j7KetpY1fv97Vf3genEfhR9e3sbbV1DIatL+7j//vI3Q9xgepFhe3l52XnQylL2fvZf618LTC8ubM/Pz6Otq5/K2pCV+3Vpn2sP9SiPTW0wvZiwPT09jbKefurqJ7R+OT4+/nlbAlajJm4wr5iwjbVNrQ9bO4m1MatLOXRktVr953i4GjdBg+lFhO3h4WG0dQ1tT+uDVkJWlxq08vWhKa2/BXZv78N2d3c3+jr/JGonJyc/p7Wy1Lj1H13FDOax92F7fX3dedjaqJWgldsatBqv/jX1uTZ6QgfT2Ouw3dzc7GS9Q9NandTKGQynp6e/fW+//a0NGjC91cXFxWJfXV9fTzatlaCVpZ3A2ufrBFc/nrZTmykNprW6v79f7KvLy8udrLeGrQat3UlQJ7M6vdWQ9dvbgPns9UfRsU5sbw2d/1l+Tg1dH7F2W1vRblsTOZiHKyICcfY6bFdXV78dLDvG0h+A2z7uzzroT7Mq/u/cUWA6q/V6vdhn5fCLqQ71aJevYgfMK+J6bGMf9vHV4R4lpOVwj7qcnZ39ul+f68PXT3TAbkWErbi9vZ30AN0+ZuW2PlfD1k5xwgbT2eu9oq3z8/PJT6lqQ9bGrN/OJmowrZiJbawT4v/2JPh+m1u/7U3YYHpxYSseHx8nu2xRDV17bbZ+r2m/XmC3IsP2nQtPbnuhyaG9o6Y1mEds2Ma4VPi2lwYXNZhXfNi+8w9e+jANTXBDOwpEDeZ1MGH7zmXEvwpc+7i/374GmM5Bhm2bf6g8FKuhqUzUYH4HH7a/vXJIH6uheAkazEvYgDh7fXUPgCHCBsQRNiCOsAFxhA2II2xAHGED4ggbEEfYgDjCBsQRNiCOsAFxhA2II2xAHGED4ggbsEjzA5yMNkFpGj6SAAAAAElFTkSuQmCC""}}]}, {""role"": ""assistant"", ""content"": ""0.25""}, {""role"": ""user"", ""content"": [{""type"": ""text"", ""text"": ""\nConsider the image provided.\n\nFinal Answer:\n""}, {""type"": ""image_url"", ""image_url"": {""url"": ""data:image/png;base64,iVBORw0KGgoAAAANSUhEUgAAATYAAABcCAYAAADkpJkhAAADz0lEQVR4nO3du04bQRiAURuWi8QLLe9DwzvxBtT0lEj01LR0NFAggaNBmmgy2ZDEnlkn/54jrdbGeOIi+jx7Zb3ZbDYrgEAO9v0BAFoTNiAcYQPCETYgHGEDwhE2IBxhA8IRNiAcYQPCETYgHGEDwhE2IBxhA8IRNiAcYQPCETYgHGEDwhE2IBxhA8IRNiAcYQPCETYgHGEDwhE2IBxhA8IRNiCc9TiOm31/CICW1qvVStiAUGyKAuEIGxCOsAHhDOM47vszADS13mw2Dh4AodgUBcIRNiAcYQPCETYgHGEDwhE2IBxhA8IRNiAcYQPCETYgnGHfH4D/z8fHx9bvPTjwXUp/rhXll+b8r7Fep3ueQhtmbGw9G9smRgLGHMzYWL2/vzcbqw7XVMjEjd6EbcHe3t6ajVXGKj+u1189hpZsii7Q6+tr0/GmQpaX8nn9++k7VdzoQdgW5vn5eZagpSUdAa1/Vr8XehC2BXl6emo6Xj0rK0OWHuelfK083SM9N2ujB2FbgMfHx2Zj1bOueoZWL4eHh5/rFLAcNXGjN2FbgJb71OqwlTOxMmZ5SaePDMPw0zlxOW6CRg/CFtz9/X3T8ab2p9VBSyHLSw5a+vnULK1eQwvCFtjt7W2Xcf8kakdHR5+ztbTkuNWbrmJGL8IW2MvLyyxhK6OWgpbWOWg5XvV78mtl9ISOVoQtqOvr625jT83W8kwtXcVwfHz8w+/W+9/KoEEPw/n5eZeB2a/Ly8tZZ2spaGkpZ2Dl63kGlzdPy1mbWRqtDXd3d80HZf8uLi66jZ3DloNWHiTIM7M8e8shq/e3QU82RYNqeWF7aer6z/Rv5dDVESv3tSXlvjWRoxd3/QPCSV+7vjaDurq66r4pmjc78xHRdOAgLaenp6uTk5Pv67Tk1/KR0/z+fJJvHht2NYzjuPMg/JtSQOY81aNc8s/rS6yEizm4H1twPU77+Op0j3LWlpZ6ppbWdfjqi+lhV8K2ADc3N7OfoFvHLK3za1ObocJGS46KLsDZ2dleLqkqQ1bGrL4SQdRozYxtQVpcEP+3F8HX+9zqfW/CRg/CtjAPDw+z3rYoh668N1t9A8p6XNiVsC3QLjee3PZGk1NHR83W6EXYFmzXW4Vve2twUaM3YWPrP/BSh2lqBjd1oEDU6E3Y2Pk24l8FrnxePy7fAy0JG03+oPJUrKZmZaLGHISNpncOqWP1u+fQg7AB4bhtERCOsAHhCBsQjrAB4QgbEI6wAeEIGxCOsAHhCBsQjrAB4QgbEI6wAeEIGxCOsAHhCBsQjrABq2i+AV6ZN+f7P3/YAAAAAElFTkSuQmCC""}}]}, {""role"": ""assistant"", ""content"": ""0.33""}, {""role"": ""user"", ""content"": [{""type"": ""text"", ""text"": ""\nConsider the image provided.\n\nFinal Answer:\n""}, {""type"": ""image_url"", ""image_url"": {""url"": ""data:image/png;base64,iVBORw0KGgoAAAANSUhEUgAAATYAAABcCAYAAADkpJkhAAADx0lEQVR4nO3dvU7jSgCG4QTCj8QNhfuh4Z64A2p6SiR6alo6GiiQIEez0qzmzLHYPcjY8cfzSFYSQryWVnoz/hvWu91utwIIcjD3BgCMTdiAOMIGxBE2II6wAXGEDYgjbEAcYQPiCBsQR9iAOMIGxBE2II6wAXGEDYgjbEAcYQPiCBsQR9iAOMIGxBE2II6wAXGEDYgjbEAcYQPiCBsQR9iAOOvtdrubeyMAxrRerVbCBkSxKwrEETYgjrABcTbb7XbubQAY1Xq32zl5AESxKwrEETYgjrABcYQNiCNsQBxhA+IIGxBH2IA4wgbEETYgzmbuDWAcHx8fX/7swYHvN7K4V3RhpvzvWq/LPKSwPEZsYaOxr8RIwEhjxLan3t/fR1tXH66hkIkbSYRtz7y9vY22rjZW9Xn/+NlzWCq7onvi9fV11PUNhawu7ev+98v3nLixdMK2B56fnycJWlnKGdD+Z/1nYemEbWZPT0+jrq8flbUhK8/r0r7XXu5RXhu1sXTCNpPHx8fR1tWPuvoRWr8cHh7+eiwBq1ETN5IIW8AxtT5s7UisjVldyuUjm83mP9fE1bgJGksnbDO4v78fdX1Dx9P6oJWQ1aUGrfx8aJTWP8LSCNvEbm9vv2W9fxO1o6OjX6O1stS49buuYkYCYZvYy8vLJGFro1aCVh5r0Gq8+s/U99roCR1LJGwTur6+/rZ1D43W6kit3MVwfHz8r9/tj7+1QYOl25yfn8+9DT/G5eXlpKO1ErSytCOw9v06gqu7p+2ozSiNJdvc3d3NvQ0/xsXFxbetu4atBq09SVBHZnX0VkPWH2+DFHZFF3pje2vo/s/yb9XQ9RFrj7UV7bE1kSOBGQaBOOUr3lf0hK6urr59V7TudtYzouXEQVlOT09XJycnvx/LUt+rZ07r5+tFvnXdsCSb7XY79zb8KCUgU17q0S715/0tVsJFGvOxhVz28dnlHu2orSz9SK089uHrb6aHJRG2mdzc3Ex+gW4fs/JY3xvaDRU2lspZ0ZmcnZ3NcktVG7I2Zv2dCKLGkhmxBdwQ/39vgu+PufXH3oSNpRO2PfDw8DDptEU1dO3cbP0ElP16YUmELWDiya9ONDl0dtRojQTCFjZV+FenBhc1kghb2B946cM0NIIbOlEgaiQRttBpxD8LXPu6f95+BpZK2IL/oPJQrIZGZaJGGmH7ATOH9LH602tYOmED4pi2CIgjbEAcYQPiCBsQR9iAOMIGxBE2II6wAXGEDYgjbEAcYQPiCBsQR9iAOMIGxBE2II6wAas0/wBdpDfnoKPWyAAAAABJRU5ErkJggg==""}}]}]",0.25
openai/gpt-4o-2024-08-06,sample_004,0.3395,0.3395,0.3395,0.33,"[{""role"": ""system"", ""content"": ""You are a lines length ratio estimator.\n        You are given an image of two lines.\n\n        Estimate the ratio of the shorter line to the longer line as a decimal number between 0 and 1.\n\n        Do not explain or reason. Only output the final answer as a number after Final Answer:\n""}, {""role"": ""user"", ""content"": [{""type"": ""text"", ""text"": ""\nConsider the image provided.\n\nFinal Answer:\n""}, {""type"": ""image_url"", ""image_url"": {""url"": ""data:image/png;base64,iVBORw0KGgoAAAANSUhEUgAAATYAAABcCAYAAADkpJkhAAADxklEQVR4nO3dv04iXRzHYVDUwhvC+zExXpu1vaWJvbWtnY0WJsrmbHI2Z887r9nFYWb58jzJBBAZsfn4Y/653Gw2mwVAkKO53wDA2IQNiCNsQBxhA+IIGxBH2IA4wgbEETYgjrABcYQNiCNsQBxhA+IIGxBH2IA4wgbEETYgjrABcYQNiCNsQBxhA+IIGxBH2IA4wgbEETYgjrABcYQNiLNcr9ebud8EwJiWi8VC2IAoPooCcYQNiCNsQJzVer2e+z0AjGq52WzsPACi+CgKxBE2II6wAXGEDYgjbEAcYQPiCBsQR9iAOMIGxBE2IM5q7jfwr/r8/Nz6tUdH/l7AnA7+XNEpf/3lslzXE9i1g5zY/nQa2yZE4gXzO5iJ7ePjY5T19OEaCpm4wbziw/b+/j7KetpY1fv97Vf3genEfhR9e3sbbV1DIatL+7j//vI3Q9xgepFhe3l52XnQylL2fvZf618LTC8ubM/Pz6Otq5/K2pCV+3Vpn2sP9SiPTW0wvZiwPT09jbKefurqJ7R+OT4+/nlbAlajJm4wr5iwjbVNrQ9bO4m1MatLOXRktVr953i4GjdBg+lFhO3h4WG0dQ1tT+uDVkJWlxq08vWhKa2/BXZv78N2d3c3+jr/JGonJyc/p7Wy1Lj1H13FDOax92F7fX3dedjaqJWgldsatBqv/jX1uTZ6QgfT2Ouw3dzc7GS9Q9NandTKGQynp6e/fW+//a0NGjC91cXFxWJfXV9fTzatlaCVpZ3A2ufrBFc/nrZTmykNprW6v79f7KvLy8udrLeGrQat3UlQJ7M6vdWQ9dvbgPns9UfRsU5sbw2d/1l+Tg1dH7F2W1vRblsTOZiHKyICcfY6bFdXV78dLDvG0h+A2z7uzzroT7Mq/u/cUWA6q/V6vdhn5fCLqQ71aJevYgfMK+J6bGMf9vHV4R4lpOVwj7qcnZ39ul+f68PXT3TAbkWErbi9vZ30AN0+ZuW2PlfD1k5xwgbT2eu9oq3z8/PJT6lqQ9bGrN/OJmowrZiJbawT4v/2JPh+m1u/7U3YYHpxYSseHx8nu2xRDV17bbZ+r2m/XmC3IsP2nQtPbnuhyaG9o6Y1mEds2Ma4VPi2lwYXNZhXfNi+8w9e+jANTXBDOwpEDeZ1MGH7zmXEvwpc+7i/374GmM5Bhm2bf6g8FKuhqUzUYH4HH7a/vXJIH6uheAkazEvYgDh7fXUPgCHCBsQRNiCOsAFxhA2II2xAHGED4ggbEEfYgDjCBsQRNiCOsAFxhA2II2xAHGED4ggbsEjzA5yMNkFpGj6SAAAAAElFTkSuQmCC""}}]}, {""role"": ""assistant"", ""content"": ""0.25""}, {""role"": ""user"", ""content"": [{""type"": ""text"", ""text"": ""\nConsider the image provided.\n\nFinal Answer:\n""}, {""type"": ""image_url"", ""image_url"": {""url"": ""data:image/png;base64,iVBORw0KGgoAAAANSUhEUgAAATYAAABcCAYAAADkpJkhAAADz0lEQVR4nO3du04bQRiAURuWi8QLLe9DwzvxBtT0lEj01LR0NFAggaNBmmgy2ZDEnlkn/54jrdbGeOIi+jx7Zb3ZbDYrgEAO9v0BAFoTNiAcYQPCETYgHGEDwhE2IBxhA8IRNiAcYQPCETYgHGEDwhE2IBxhA8IRNiAcYQPCETYgHGEDwhE2IBxhA8IRNiAcYQPCETYgHGEDwhE2IBxhA8IRNiCc9TiOm31/CICW1qvVStiAUGyKAuEIGxCOsAHhDOM47vszADS13mw2Dh4AodgUBcIRNiAcYQPCETYgHGEDwhE2IBxhA8IRNiAcYQPCETYgnGHfH4D/z8fHx9bvPTjwXUp/rhXll+b8r7Fep3ueQhtmbGw9G9smRgLGHMzYWL2/vzcbqw7XVMjEjd6EbcHe3t6ajVXGKj+u1189hpZsii7Q6+tr0/GmQpaX8nn9++k7VdzoQdgW5vn5eZagpSUdAa1/Vr8XehC2BXl6emo6Xj0rK0OWHuelfK083SM9N2ujB2FbgMfHx2Zj1bOueoZWL4eHh5/rFLAcNXGjN2FbgJb71OqwlTOxMmZ5SaePDMPw0zlxOW6CRg/CFtz9/X3T8ab2p9VBSyHLSw5a+vnULK1eQwvCFtjt7W2Xcf8kakdHR5+ztbTkuNWbrmJGL8IW2MvLyyxhK6OWgpbWOWg5XvV78mtl9ISOVoQtqOvr625jT83W8kwtXcVwfHz8w+/W+9/KoEEPw/n5eZeB2a/Ly8tZZ2spaGkpZ2Dl63kGlzdPy1mbWRqtDXd3d80HZf8uLi66jZ3DloNWHiTIM7M8e8shq/e3QU82RYNqeWF7aer6z/Rv5dDVESv3tSXlvjWRoxd3/QPCSV+7vjaDurq66r4pmjc78xHRdOAgLaenp6uTk5Pv67Tk1/KR0/z+fJJvHht2NYzjuPMg/JtSQOY81aNc8s/rS6yEizm4H1twPU77+Op0j3LWlpZ6ppbWdfjqi+lhV8K2ADc3N7OfoFvHLK3za1ObocJGS46KLsDZ2dleLqkqQ1bGrL4SQdRozYxtQVpcEP+3F8HX+9zqfW/CRg/CtjAPDw+z3rYoh668N1t9A8p6XNiVsC3QLjee3PZGk1NHR83W6EXYFmzXW4Vve2twUaM3YWPrP/BSh2lqBjd1oEDU6E3Y2Pk24l8FrnxePy7fAy0JG03+oPJUrKZmZaLGHISNpncOqWP1u+fQg7AB4bhtERCOsAHhCBsQjrAB4QgbEI6wAeEIGxCOsAHhCBsQjrAB4QgbEI6wAeEIGxCOsAHhCBsQjrABq2i+AV6ZN+f7P3/YAAAAAElFTkSuQmCC""}}]}, {""role"": ""assistant"", ""content"": ""0.33""}, {""role"": ""user"", ""content"": [{""type"": ""text"", ""text"": ""\nConsider the image provided.\n\nFinal Answer:\n""}, {""type"": ""image_url"", ""image_url"": {""url"": ""data:image/png;base64,iVBORw0KGgoAAAANSUhEUgAAATYAAABcCAYAAADkpJkhAAADx0lEQVR4nO3dvU7jSgCG4QTCj8QNhfuh4Z64A2p6SiR6alo6GiiQIEez0qzmzLHYPcjY8cfzSFYSQryWVnoz/hvWu91utwIIcjD3BgCMTdiAOMIGxBE2II6wAXGEDYgjbEAcYQPiCBsQR9iAOMIGxBE2II6wAXGEDYgjbEAcYQPiCBsQR9iAOMIGxBE2II6wAXGEDYgjbEAcYQPiCBsQR9iAOOvtdrubeyMAxrRerVbCBkSxKwrEETYgjrABcTbb7XbubQAY1Xq32zl5AESxKwrEETYgjrABcYQNiCNsQBxhA+IIGxBH2IA4wgbEETYgzmbuDWAcHx8fX/7swYHvN7K4V3RhpvzvWq/LPKSwPEZsYaOxr8RIwEhjxLan3t/fR1tXH66hkIkbSYRtz7y9vY22rjZW9Xn/+NlzWCq7onvi9fV11PUNhawu7ev+98v3nLixdMK2B56fnycJWlnKGdD+Z/1nYemEbWZPT0+jrq8flbUhK8/r0r7XXu5RXhu1sXTCNpPHx8fR1tWPuvoRWr8cHh7+eiwBq1ETN5IIW8AxtT5s7UisjVldyuUjm83mP9fE1bgJGksnbDO4v78fdX1Dx9P6oJWQ1aUGrfx8aJTWP8LSCNvEbm9vv2W9fxO1o6OjX6O1stS49buuYkYCYZvYy8vLJGFro1aCVh5r0Gq8+s/U99roCR1LJGwTur6+/rZ1D43W6kit3MVwfHz8r9/tj7+1QYOl25yfn8+9DT/G5eXlpKO1ErSytCOw9v06gqu7p+2ozSiNJdvc3d3NvQ0/xsXFxbetu4atBq09SVBHZnX0VkPWH2+DFHZFF3pje2vo/s/yb9XQ9RFrj7UV7bE1kSOBGQaBOOUr3lf0hK6urr59V7TudtYzouXEQVlOT09XJycnvx/LUt+rZ07r5+tFvnXdsCSb7XY79zb8KCUgU17q0S715/0tVsJFGvOxhVz28dnlHu2orSz9SK089uHrb6aHJRG2mdzc3Ex+gW4fs/JY3xvaDRU2lspZ0ZmcnZ3NcktVG7I2Zv2dCKLGkhmxBdwQ/39vgu+PufXH3oSNpRO2PfDw8DDptEU1dO3cbP0ElP16YUmELWDiya9ONDl0dtRojQTCFjZV+FenBhc1kghb2B946cM0NIIbOlEgaiQRttBpxD8LXPu6f95+BpZK2IL/oPJQrIZGZaJGGmH7ATOH9LH602tYOmED4pi2CIgjbEAcYQPiCBsQR9iAOMIGxBE2II6wAXGEDYgjbEAcYQPiCBsQR9iAOMIGxBE2II6wAas0/wBdpDfnoKPWyAAAAABJRU5ErkJggg==""}}]}, {""role"": ""assistant"", ""content"": ""0.25""}, {""role"": ""user"", ""content"": [{""type"": ""text"", ""text"": ""\nConsider the image provided.\n\nFinal Answer:\n""}, {""type"": ""image_url"", ""image_url"": {""url"": ""data:image/png;base64,iVBORw0KGgoAAAANSUhEUgAAATYAAABcCAYAAADkpJkhAAADt0lEQVR4nO3dvU7jQBSA0QQCFLyQeR8kxLNR01Mi0VPT0tFAgQReDdHsjgdvtPE6cbg+R7ISCPFaW3zc+I9l27btAiCQo6k3AGBswgaEI2xAOMIGhCNsQDjCBoQjbEA4wgaEI2xAOMIGhCNsQDjCBoQjbEA4wgaEI2xAOMIGhCNsQDjCBoQjbEA4wgaEI2xAOMIGhCNsQDjCBoQjbEA4wgaEs2yapp16IwDGtFwsFsIGhOKjKBCOsAHhCBsQzqppmqm3AWBUy7ZtHTwAQvFRFAhH2IBwhA0IR9iAcIQNCEfYgHCEDQhH2IBwhA0IR9iAcFZTbwBrn5+fg997dOT3E5RcK7pn+/zvXi7TfURhfkxsBzSNDQmReMF3JrYd+fj4GGU9dbj6QiZu0CVsI3t/fx9lPWWs8vP6cdNzmDMfRUfy9vY22rr6QpaX8uv659PvKHEDYRvFy8vLzoOWlnT0s/5e/V5A2P7b8/PzaOuqp7IyZOl5XsrXylM90temNhC2wZ6enkZZTz111RNavRwfH389poDlqIkbdAnbxPvU6rCVk1gZs7ykU0dWq9W38+Fy3AQNhG2Qh4eH0dbVtz+tDloKWV5y0NL3+6a0+hHmSNi2dHd3N/o6/yVqJycnX9NaWnLc6o+uYgZrwral19fXnYetjFoKWnrMQcvxqt+TXyujJ3TMlbBt4ebmZifr7ZvW8qSWrmA4PT3t/Gy9/60MGrBYrC4uLqbehh/j+vp6b9NaClpaygmsfD1PcPnjaTm1mdKYu9X9/f3U2/BjXF5e7mS9OWw5aOVBgjyZ5ekth6ze3wb84aPoBBe2l/qu/0z/Tg5dHbFyX1tS7lsTOVhzh0IgHGHbwtXVVedk2TGW+gTc8uv6qoP6Mqvkb9eOwpytmqaZeht+lHT6xb5O9SiXTbEDutyP7QBO+9h0ukcKaTrdIy9nZ2e/n+fX6vDVEx3MjbANdHt7u9cTdOuYpcf8Wg5bOcUJG3PmqOhA5+fne7+kqgxZGbN6P5uoMXcmtokviN/2Ivh6n1u9703YQNhG8fj4uLfbFuXQlfdmq4+a1uuFuRG2iW88OfRGk31HR01rsCZsB3Sr8KG3Bhc16BK2A/oDL3WY+ia4vgMFogZdwnaAtxHfFLjy6/p5+R6YM2E70D+o3BervqlM1OA7YTvwO4fUseqLl6BBl7AB4bi7BxCOsAHhCBsQjrAB4QgbEI6wAeEIGxCOsAHhCBsQjrAB4QgbEI6wAeEIGxCOsAHhCBsQjrABi2h+ASl0NkFWMNjMAAAAAElFTkSuQmCC""}}]}]",0.33
openai/gpt-4o-2024-08-06,sample_005,0.1624,0.1624,0.1624,0.2,"[{""role"": ""system"", ""content"": ""You are a lines length ratio estimator.\n        You are given an image of two lines.\n\n        Estimate the ratio of the shorter line to the longer line as a decimal number between 0 and 1.\n\n        Do not explain or reason. Only output the final answer as a number after Final Answer:\n""}, {""role"": ""user"", ""content"": [{""type"": ""text"", ""text"": ""\nConsider the image provided.\n\nFinal Answer:\n""}, {""type"": ""image_url"", ""image_url"": {""url"": ""data:image/png;base64,iVBORw0KGgoAAAANSUhEUgAAATYAAABcCAYAAADkpJkhAAADxklEQVR4nO3dv04iXRzHYVDUwhvC+zExXpu1vaWJvbWtnY0WJsrmbHI2Z887r9nFYWb58jzJBBAZsfn4Y/653Gw2mwVAkKO53wDA2IQNiCNsQBxhA+IIGxBH2IA4wgbEETYgjrABcYQNiCNsQBxhA+IIGxBH2IA4wgbEETYgjrABcYQNiCNsQBxhA+IIGxBH2IA4wgbEETYgjrABcYQNiLNcr9ebud8EwJiWi8VC2IAoPooCcYQNiCNsQJzVer2e+z0AjGq52WzsPACi+CgKxBE2II6wAXGEDYgjbEAcYQPiCBsQR9iAOMIGxBE2IM5q7jfwr/r8/Nz6tUdH/l7AnA7+XNEpf/3lslzXE9i1g5zY/nQa2yZE4gXzO5iJ7ePjY5T19OEaCpm4wbziw/b+/j7KetpY1fv97Vf3genEfhR9e3sbbV1DIatL+7j//vI3Q9xgepFhe3l52XnQylL2fvZf618LTC8ubM/Pz6Otq5/K2pCV+3Vpn2sP9SiPTW0wvZiwPT09jbKefurqJ7R+OT4+/nlbAlajJm4wr5iwjbVNrQ9bO4m1MatLOXRktVr953i4GjdBg+lFhO3h4WG0dQ1tT+uDVkJWlxq08vWhKa2/BXZv78N2d3c3+jr/JGonJyc/p7Wy1Lj1H13FDOax92F7fX3dedjaqJWgldsatBqv/jX1uTZ6QgfT2Ouw3dzc7GS9Q9NandTKGQynp6e/fW+//a0NGjC91cXFxWJfXV9fTzatlaCVpZ3A2ufrBFc/nrZTmykNprW6v79f7KvLy8udrLeGrQat3UlQJ7M6vdWQ9dvbgPns9UfRsU5sbw2d/1l+Tg1dH7F2W1vRblsTOZiHKyICcfY6bFdXV78dLDvG0h+A2z7uzzroT7Mq/u/cUWA6q/V6vdhn5fCLqQ71aJevYgfMK+J6bGMf9vHV4R4lpOVwj7qcnZ39ul+f68PXT3TAbkWErbi9vZ30AN0+ZuW2PlfD1k5xwgbT2eu9oq3z8/PJT6lqQ9bGrN/OJmowrZiJbawT4v/2JPh+m1u/7U3YYHpxYSseHx8nu2xRDV17bbZ+r2m/XmC3IsP2nQtPbnuhyaG9o6Y1mEds2Ma4VPi2lwYXNZhXfNi+8w9e+jANTXBDOwpEDeZ1MGH7zmXEvwpc+7i/374GmM5Bhm2bf6g8FKuhqUzUYH4HH7a/vXJIH6uheAkazEvYgDh7fXUPgCHCBsQRNiCOsAFxhA2II2xAHGED4ggbEEfYgDjCBsQRNiCOsAFxhA2II2xAHGED4ggbsEjzA5yMNkFpGj6SAAAAAElFTkSuQmCC""}}]}, {""role"": ""assistant"", ""content"": ""0.25""}, {""role"": ""user"", ""content"": [{""type"": ""text"", ""text"": ""\nConsider the image provided.\n\nFinal Answer:\n""}, {""type"": ""image_url"", ""image_url"": {""url"": ""data:image/png;base64,iVBORw0KGgoAAAANSUhEUgAAATYAAABcCAYAAADkpJkhAAADz0lEQVR4nO3du04bQRiAURuWi8QLLe9DwzvxBtT0lEj01LR0NFAggaNBmmgy2ZDEnlkn/54jrdbGeOIi+jx7Zb3ZbDYrgEAO9v0BAFoTNiAcYQPCETYgHGEDwhE2IBxhA8IRNiAcYQPCETYgHGEDwhE2IBxhA8IRNiAcYQPCETYgHGEDwhE2IBxhA8IRNiAcYQPCETYgHGEDwhE2IBxhA8IRNiCc9TiOm31/CICW1qvVStiAUGyKAuEIGxCOsAHhDOM47vszADS13mw2Dh4AodgUBcIRNiAcYQPCETYgHGEDwhE2IBxhA8IRNiAcYQPCETYgnGHfH4D/z8fHx9bvPTjwXUp/rhXll+b8r7Fep3ueQhtmbGw9G9smRgLGHMzYWL2/vzcbqw7XVMjEjd6EbcHe3t6ajVXGKj+u1189hpZsii7Q6+tr0/GmQpaX8nn9++k7VdzoQdgW5vn5eZagpSUdAa1/Vr8XehC2BXl6emo6Xj0rK0OWHuelfK083SM9N2ujB2FbgMfHx2Zj1bOueoZWL4eHh5/rFLAcNXGjN2FbgJb71OqwlTOxMmZ5SaePDMPw0zlxOW6CRg/CFtz9/X3T8ab2p9VBSyHLSw5a+vnULK1eQwvCFtjt7W2Xcf8kakdHR5+ztbTkuNWbrmJGL8IW2MvLyyxhK6OWgpbWOWg5XvV78mtl9ISOVoQtqOvr625jT83W8kwtXcVwfHz8w+/W+9/KoEEPw/n5eZeB2a/Ly8tZZ2spaGkpZ2Dl63kGlzdPy1mbWRqtDXd3d80HZf8uLi66jZ3DloNWHiTIM7M8e8shq/e3QU82RYNqeWF7aer6z/Rv5dDVESv3tSXlvjWRoxd3/QPCSV+7vjaDurq66r4pmjc78xHRdOAgLaenp6uTk5Pv67Tk1/KR0/z+fJJvHht2NYzjuPMg/JtSQOY81aNc8s/rS6yEizm4H1twPU77+Op0j3LWlpZ6ppbWdfjqi+lhV8K2ADc3N7OfoFvHLK3za1ObocJGS46KLsDZ2dleLqkqQ1bGrL4SQdRozYxtQVpcEP+3F8HX+9zqfW/CRg/CtjAPDw+z3rYoh668N1t9A8p6XNiVsC3QLjee3PZGk1NHR83W6EXYFmzXW4Vve2twUaM3YWPrP/BSh2lqBjd1oEDU6E3Y2Pk24l8FrnxePy7fAy0JG03+oPJUrKZmZaLGHISNpncOqWP1u+fQg7AB4bhtERCOsAHhCBsQjrAB4QgbEI6wAeEIGxCOsAHhCBsQjrAB4QgbEI6wAeEIGxCOsAHhCBsQjrABq2i+AV6ZN+f7P3/YAAAAAElFTkSuQmCC""}}]}, {""role"": ""assistant"", ""content"": ""0.33""}, {""role"": ""user"", ""content"": [{""type"": ""text"", ""text"": ""\nConsider the image provided.\n\nFinal Answer:\n""}, {""type"": ""image_url"", ""image_url"": {""url"": ""data:image/png;base64,iVBORw0KGgoAAAANSUhEUgAAATYAAABcCAYAAADkpJkhAAADx0lEQVR4nO3dvU7jSgCG4QTCj8QNhfuh4Z64A2p6SiR6alo6GiiQIEez0qzmzLHYPcjY8cfzSFYSQryWVnoz/hvWu91utwIIcjD3BgCMTdiAOMIGxBE2II6wAXGEDYgjbEAcYQPiCBsQR9iAOMIGxBE2II6wAXGEDYgjbEAcYQPiCBsQR9iAOMIGxBE2II6wAXGEDYgjbEAcYQPiCBsQR9iAOOvtdrubeyMAxrRerVbCBkSxKwrEETYgjrABcTbb7XbubQAY1Xq32zl5AESxKwrEETYgjrABcYQNiCNsQBxhA+IIGxBH2IA4wgbEETYgzmbuDWAcHx8fX/7swYHvN7K4V3RhpvzvWq/LPKSwPEZsYaOxr8RIwEhjxLan3t/fR1tXH66hkIkbSYRtz7y9vY22rjZW9Xn/+NlzWCq7onvi9fV11PUNhawu7ev+98v3nLixdMK2B56fnycJWlnKGdD+Z/1nYemEbWZPT0+jrq8flbUhK8/r0r7XXu5RXhu1sXTCNpPHx8fR1tWPuvoRWr8cHh7+eiwBq1ETN5IIW8AxtT5s7UisjVldyuUjm83mP9fE1bgJGksnbDO4v78fdX1Dx9P6oJWQ1aUGrfx8aJTWP8LSCNvEbm9vv2W9fxO1o6OjX6O1stS49buuYkYCYZvYy8vLJGFro1aCVh5r0Gq8+s/U99roCR1LJGwTur6+/rZ1D43W6kit3MVwfHz8r9/tj7+1QYOl25yfn8+9DT/G5eXlpKO1ErSytCOw9v06gqu7p+2ozSiNJdvc3d3NvQ0/xsXFxbetu4atBq09SVBHZnX0VkPWH2+DFHZFF3pje2vo/s/yb9XQ9RFrj7UV7bE1kSOBGQaBOOUr3lf0hK6urr59V7TudtYzouXEQVlOT09XJycnvx/LUt+rZ07r5+tFvnXdsCSb7XY79zb8KCUgU17q0S715/0tVsJFGvOxhVz28dnlHu2orSz9SK089uHrb6aHJRG2mdzc3Ex+gW4fs/JY3xvaDRU2lspZ0ZmcnZ3NcktVG7I2Zv2dCKLGkhmxBdwQ/39vgu+PufXH3oSNpRO2PfDw8DDptEU1dO3cbP0ElP16YUmELWDiya9ONDl0dtRojQTCFjZV+FenBhc1kghb2B946cM0NIIbOlEgaiQRttBpxD8LXPu6f95+BpZK2IL/oPJQrIZGZaJGGmH7ATOH9LH602tYOmED4pi2CIgjbEAcYQPiCBsQR9iAOMIGxBE2II6wAXGEDYgjbEAcYQPiCBsQR9iAOMIGxBE2II6wAas0/wBdpDfnoKPWyAAAAABJRU5ErkJggg==""}}]}, {""role"": ""assistant"", ""content"": ""0.25""}, {""role"": ""user"", ""content"": [{""type"": ""text"", ""text"": ""\nConsider the image provided.\n\nFinal Answer:\n""}, {""type"": ""image_url"", ""image_url"": {""url"": ""data:image/png;base64,iVBORw0KGgoAAAANSUhEUgAAATYAAABcCAYAAADkpJkhAAADt0lEQVR4nO3dvU7jQBSA0QQCFLyQeR8kxLNR01Mi0VPT0tFAgQReDdHsjgdvtPE6cbg+R7ISCPFaW3zc+I9l27btAiCQo6k3AGBswgaEI2xAOMIGhCNsQDjCBoQjbEA4wgaEI2xAOMIGhCNsQDjCBoQjbEA4wgaEI2xAOMIGhCNsQDjCBoQjbEA4wgaEI2xAOMIGhCNsQDjCBoQjbEA4wgaEs2yapp16IwDGtFwsFsIGhOKjKBCOsAHhCBsQzqppmqm3AWBUy7ZtHTwAQvFRFAhH2IBwhA0IR9iAcIQNCEfYgHCEDQhH2IBwhA0IR9iAcFZTbwBrn5+fg997dOT3E5RcK7pn+/zvXi7TfURhfkxsBzSNDQmReMF3JrYd+fj4GGU9dbj6QiZu0CVsI3t/fx9lPWWs8vP6cdNzmDMfRUfy9vY22rr6QpaX8uv659PvKHEDYRvFy8vLzoOWlnT0s/5e/V5A2P7b8/PzaOuqp7IyZOl5XsrXylM90temNhC2wZ6enkZZTz111RNavRwfH389poDlqIkbdAnbxPvU6rCVk1gZs7ykU0dWq9W38+Fy3AQNhG2Qh4eH0dbVtz+tDloKWV5y0NL3+6a0+hHmSNi2dHd3N/o6/yVqJycnX9NaWnLc6o+uYgZrwral19fXnYetjFoKWnrMQcvxqt+TXyujJ3TMlbBt4ebmZifr7ZvW8qSWrmA4PT3t/Gy9/60MGrBYrC4uLqbehh/j+vp6b9NaClpaygmsfD1PcPnjaTm1mdKYu9X9/f3U2/BjXF5e7mS9OWw5aOVBgjyZ5ekth6ze3wb84aPoBBe2l/qu/0z/Tg5dHbFyX1tS7lsTOVhzh0IgHGHbwtXVVedk2TGW+gTc8uv6qoP6Mqvkb9eOwpytmqaZeht+lHT6xb5O9SiXTbEDutyP7QBO+9h0ukcKaTrdIy9nZ2e/n+fX6vDVEx3MjbANdHt7u9cTdOuYpcf8Wg5bOcUJG3PmqOhA5+fne7+kqgxZGbN6P5uoMXcmtokviN/2Ivh6n1u9703YQNhG8fj4uLfbFuXQlfdmq4+a1uuFuRG2iW88OfRGk31HR01rsCZsB3Sr8KG3Bhc16BK2A/oDL3WY+ia4vgMFogZdwnaAtxHfFLjy6/p5+R6YM2E70D+o3BervqlM1OA7YTvwO4fUseqLl6BBl7AB4bi7BxCOsAHhCBsQjrAB4QgbEI6wAeEIGxCOsAHhCBsQjrAB4QgbEI6wAeEIGxCOsAHhCBsQjrABi2h+ASl0NkFWMNjMAAAAAElFTkSuQmCC""}}]}, {""role"": ""assistant"", ""content"": ""0.33""}, {""role"": ""user"", ""content"": [{""type"": ""text"", ""text"": ""\nConsider the image provided.\n\nFinal Answer:\n""}, {""type"": ""image_url"", ""image_url"": {""url"": ""data:image/png;base64,iVBORw0KGgoAAAANSUhEUgAAATYAAABcCAYAAADkpJkhAAADwElEQVR4nO3dsU7jSgCG0QAGCl4ovA8S4tmo6SmR6Klp6WigQIJczUpzNTvXF+0G24E/50hWkg3xpvo0sT3jg81ms1kBBDnc9RcAmJqwAXGEDYgjbEAcYQPiCBsQR9iAOMIGxBE2II6wAXGEDYgjbEAcYQPiCBsQR9iAOMIGxBE2II6wAXGEDYgjbEAcYQPiCBsQR9iAOMIGxBE2II6wAXEO1uv1ZtdfAmBKB6vVStiAKH6KAnGEDYgjbECcYb1e7/o7AEzqYLPZOHkARPFTFIgjbEAcYQPiCBsQR9iAOMIGxBE2II6wAXGEDYgjbECcYfWDfHx8bP3Zw0MNh33xLeeKLvmVDg7KWptAkuGnjca2CZF4wX7Z6Yjt/f19kv304RoLmbjB/thJ2N7e3ibZTxur+rx//Ow5kGnRn6Kvr6+T7WssZHVrX/d/XzoubpBtsbA9Pz/PHrSylbOf/b/1nwWyLRK2p6enyfbVj8rakJXndWvfay/1KK+N2iDbrGF7fHycZD/9qKsfofXb0dHRr8cSsBo1cYP9MfyEY2p92NqRWBuzupVLR4Zh+M/1cDVuggbZZgvb/f39ZPsaO57WB62ErG41aOXfx0Zp/SOQZZaw3d7eTr7PP4na8fHxr9Fa2Wrc+p+uYgb5Zgnby8vL7GFro1aCVh5r0Gq8+s/U99roCR3kmTxs19fXqzmMjdbqSK3MYDg5Ofntb/vjb23QgGzD+fn5pDu8urpaLTVaK0ErWzsCa9+vI7j687QdtRmlQa7h7u5u0h1eXFys5lDDVoPWniSoI7M6eqsh64+3Afth+K4T21tj8z/L/1ND10esPdZWtMfWRA7yWX0RiDN52C4vL3+7WHaKrb8At33dzzrop1kV/zd3FMg0rNfryXdaLr9Y6lKPdvssdsD+mG09tqkv+/jsco8S0nK5R91OT0//fV7f68PXj+iAHLMuNHlzc7PoBbp9zMpjfa+GrR3FCRtkmnUS/NnZ2eJTqtqQtTHrj7OJGuRaZGnwr06I/9tJ8P0xt/7Ym7BBtsXuefDw8LDYskU1dO3abP1Z036/QI5Fb+ay7cKT2y40OXZ21GgN8u3kLlVfWSp826XBRQ32x07vK7rNDV76MI2N4MZOFIga7I+dhu0ry4h/Frj2df+8/QyQ6duEbZsbKo/FamxUJmqwX75l2P525ZA+VmPxEjTYHz8qbAB/wrJFQBxhA+IIGxBH2IA4wgbEETYgjrABcYQNiCNsQBxhA+IIGxBH2IA4wgbEETYgjrABcYQNWKX5B1S3NkEoUplJAAAAAElFTkSuQmCC""}}]}]",0.2
openai/gpt-4o-2024-08-06,sample_006,0.1624,0.1624,0.1624,0.25,"[{""role"": ""system"", ""content"": ""You are a lines length ratio estimator.\n        You are given an image of two lines.\n\n        Estimate the ratio of the shorter line to the longer line as a decimal number between 0 and 1.\n\n        Do not explain or reason. Only output the final answer as a number after Final Answer:\n""}, {""role"": ""user"", ""content"": [{""type"": ""text"", ""text"": ""\nConsider the image provided.\n\nFinal Answer:\n""}, {""type"": ""image_url"", ""image_url"": {""url"": ""data:image/png;base64,iVBORw0KGgoAAAANSUhEUgAAATYAAABcCAYAAADkpJkhAAADxklEQVR4nO3dv04iXRzHYVDUwhvC+zExXpu1vaWJvbWtnY0WJsrmbHI2Z887r9nFYWb58jzJBBAZsfn4Y/653Gw2mwVAkKO53wDA2IQNiCNsQBxhA+IIGxBH2IA4wgbEETYgjrABcYQNiCNsQBxhA+IIGxBH2IA4wgbEETYgjrABcYQNiCNsQBxhA+IIGxBH2IA4wgbEETYgjrABcYQNiLNcr9ebud8EwJiWi8VC2IAoPooCcYQNiCNsQJzVer2e+z0AjGq52WzsPACi+CgKxBE2II6wAXGEDYgjbEAcYQPiCBsQR9iAOMIGxBE2IM5q7jfwr/r8/Nz6tUdH/l7AnA7+XNEpf/3lslzXE9i1g5zY/nQa2yZE4gXzO5iJ7ePjY5T19OEaCpm4wbziw/b+/j7KetpY1fv97Vf3genEfhR9e3sbbV1DIatL+7j//vI3Q9xgepFhe3l52XnQylL2fvZf618LTC8ubM/Pz6Otq5/K2pCV+3Vpn2sP9SiPTW0wvZiwPT09jbKefurqJ7R+OT4+/nlbAlajJm4wr5iwjbVNrQ9bO4m1MatLOXRktVr953i4GjdBg+lFhO3h4WG0dQ1tT+uDVkJWlxq08vWhKa2/BXZv78N2d3c3+jr/JGonJyc/p7Wy1Lj1H13FDOax92F7fX3dedjaqJWgldsatBqv/jX1uTZ6QgfT2Ouw3dzc7GS9Q9NandTKGQynp6e/fW+//a0NGjC91cXFxWJfXV9fTzatlaCVpZ3A2ufrBFc/nrZTmykNprW6v79f7KvLy8udrLeGrQat3UlQJ7M6vdWQ9dvbgPns9UfRsU5sbw2d/1l+Tg1dH7F2W1vRblsTOZiHKyICcfY6bFdXV78dLDvG0h+A2z7uzzroT7Mq/u/cUWA6q/V6vdhn5fCLqQ71aJevYgfMK+J6bGMf9vHV4R4lpOVwj7qcnZ39ul+f68PXT3TAbkWErbi9vZ30AN0+ZuW2PlfD1k5xwgbT2eu9oq3z8/PJT6lqQ9bGrN/OJmowrZiJbawT4v/2JPh+m1u/7U3YYHpxYSseHx8nu2xRDV17bbZ+r2m/XmC3IsP2nQtPbnuhyaG9o6Y1mEds2Ma4VPi2lwYXNZhXfNi+8w9e+jANTXBDOwpEDeZ1MGH7zmXEvwpc+7i/374GmM5Bhm2bf6g8FKuhqUzUYH4HH7a/vXJIH6uheAkazEvYgDh7fXUPgCHCBsQRNiCOsAFxhA2II2xAHGED4ggbEEfYgDjCBsQRNiCOsAFxhA2II2xAHGED4ggbsEjzA5yMNkFpGj6SAAAAAElFTkSuQmCC""}}]}, {""role"": ""assistant"", ""content"": ""0.25""}, {""role"": ""user"", ""content"": [{""type"": ""text"", ""text"": ""\nConsider the image provided.\n\nFinal Answer:\n""}, {""type"": ""image_url"", ""image_url"": {""url"": ""data:image/png;base64,iVBORw0KGgoAAAANSUhEUgAAATYAAABcCAYAAADkpJkhAAADz0lEQVR4nO3du04bQRiAURuWi8QLLe9DwzvxBtT0lEj01LR0NFAggaNBmmgy2ZDEnlkn/54jrdbGeOIi+jx7Zb3ZbDYrgEAO9v0BAFoTNiAcYQPCETYgHGEDwhE2IBxhA8IRNiAcYQPCETYgHGEDwhE2IBxhA8IRNiAcYQPCETYgHGEDwhE2IBxhA8IRNiAcYQPCETYgHGEDwhE2IBxhA8IRNiCc9TiOm31/CICW1qvVStiAUGyKAuEIGxCOsAHhDOM47vszADS13mw2Dh4AodgUBcIRNiAcYQPCETYgHGEDwhE2IBxhA8IRNiAcYQPCETYgnGHfH4D/z8fHx9bvPTjwXUp/rhXll+b8r7Fep3ueQhtmbGw9G9smRgLGHMzYWL2/vzcbqw7XVMjEjd6EbcHe3t6ajVXGKj+u1189hpZsii7Q6+tr0/GmQpaX8nn9++k7VdzoQdgW5vn5eZagpSUdAa1/Vr8XehC2BXl6emo6Xj0rK0OWHuelfK083SM9N2ujB2FbgMfHx2Zj1bOueoZWL4eHh5/rFLAcNXGjN2FbgJb71OqwlTOxMmZ5SaePDMPw0zlxOW6CRg/CFtz9/X3T8ab2p9VBSyHLSw5a+vnULK1eQwvCFtjt7W2Xcf8kakdHR5+ztbTkuNWbrmJGL8IW2MvLyyxhK6OWgpbWOWg5XvV78mtl9ISOVoQtqOvr625jT83W8kwtXcVwfHz8w+/W+9/KoEEPw/n5eZeB2a/Ly8tZZ2spaGkpZ2Dl63kGlzdPy1mbWRqtDXd3d80HZf8uLi66jZ3DloNWHiTIM7M8e8shq/e3QU82RYNqeWF7aer6z/Rv5dDVESv3tSXlvjWRoxd3/QPCSV+7vjaDurq66r4pmjc78xHRdOAgLaenp6uTk5Pv67Tk1/KR0/z+fJJvHht2NYzjuPMg/JtSQOY81aNc8s/rS6yEizm4H1twPU77+Op0j3LWlpZ6ppbWdfjqi+lhV8K2ADc3N7OfoFvHLK3za1ObocJGS46KLsDZ2dleLqkqQ1bGrL4SQdRozYxtQVpcEP+3F8HX+9zqfW/CRg/CtjAPDw+z3rYoh668N1t9A8p6XNiVsC3QLjee3PZGk1NHR83W6EXYFmzXW4Vve2twUaM3YWPrP/BSh2lqBjd1oEDU6E3Y2Pk24l8FrnxePy7fAy0JG03+oPJUrKZmZaLGHISNpncOqWP1u+fQg7AB4bhtERCOsAHhCBsQjrAB4QgbEI6wAeEIGxCOsAHhCBsQjrAB4QgbEI6wAeEIGxCOsAHhCBsQjrABq2i+AV6ZN+f7P3/YAAAAAElFTkSuQmCC""}}]}, {""role"": ""assistant"", ""content"": ""0.33""}, {""role"": ""user"", ""content"": [{""type"": ""text"", ""text"": ""\nConsider the image provided.\n\nFinal Answer:\n""}, {""type"": ""image_url"", ""image_url"": {""url"": ""data:image/png;base64,iVBORw0KGgoAAAANSUhEUgAAATYAAABcCAYAAADkpJkhAAADx0lEQVR4nO3dvU7jSgCG4QTCj8QNhfuh4Z64A2p6SiR6alo6GiiQIEez0qzmzLHYPcjY8cfzSFYSQryWVnoz/hvWu91utwIIcjD3BgCMTdiAOMIGxBE2II6wAXGEDYgjbEAcYQPiCBsQR9iAOMIGxBE2II6wAXGEDYgjbEAcYQPiCBsQR9iAOMIGxBE2II6wAXGEDYgjbEAcYQPiCBsQR9iAOOvtdrubeyMAxrRerVbCBkSxKwrEETYgjrABcTbb7XbubQAY1Xq32zl5AESxKwrEETYgjrABcYQNiCNsQBxhA+IIGxBH2IA4wgbEETYgzmbuDWAcHx8fX/7swYHvN7K4V3RhpvzvWq/LPKSwPEZsYaOxr8RIwEhjxLan3t/fR1tXH66hkIkbSYRtz7y9vY22rjZW9Xn/+NlzWCq7onvi9fV11PUNhawu7ev+98v3nLixdMK2B56fnycJWlnKGdD+Z/1nYemEbWZPT0+jrq8flbUhK8/r0r7XXu5RXhu1sXTCNpPHx8fR1tWPuvoRWr8cHh7+eiwBq1ETN5IIW8AxtT5s7UisjVldyuUjm83mP9fE1bgJGksnbDO4v78fdX1Dx9P6oJWQ1aUGrfx8aJTWP8LSCNvEbm9vv2W9fxO1o6OjX6O1stS49buuYkYCYZvYy8vLJGFro1aCVh5r0Gq8+s/U99roCR1LJGwTur6+/rZ1D43W6kit3MVwfHz8r9/tj7+1QYOl25yfn8+9DT/G5eXlpKO1ErSytCOw9v06gqu7p+2ozSiNJdvc3d3NvQ0/xsXFxbetu4atBq09SVBHZnX0VkPWH2+DFHZFF3pje2vo/s/yb9XQ9RFrj7UV7bE1kSOBGQaBOOUr3lf0hK6urr59V7TudtYzouXEQVlOT09XJycnvx/LUt+rZ07r5+tFvnXdsCSb7XY79zb8KCUgU17q0S715/0tVsJFGvOxhVz28dnlHu2orSz9SK089uHrb6aHJRG2mdzc3Ex+gW4fs/JY3xvaDRU2lspZ0ZmcnZ3NcktVG7I2Zv2dCKLGkhmxBdwQ/39vgu+PufXH3oSNpRO2PfDw8DDptEU1dO3cbP0ElP16YUmELWDiya9ONDl0dtRojQTCFjZV+FenBhc1kghb2B946cM0NIIbOlEgaiQRttBpxD8LXPu6f95+BpZK2IL/oPJQrIZGZaJGGmH7ATOH9LH602tYOmED4pi2CIgjbEAcYQPiCBsQR9iAOMIGxBE2II6wAXGEDYgjbEAcYQPiCBsQR9iAOMIGxBE2II6wAas0/wBdpDfnoKPWyAAAAABJRU5ErkJggg==""}}]}, {""role"": ""assistant"", ""content"": ""0.25""}, {""role"": ""user"", ""content"": [{""type"": ""text"", ""text"": ""\nConsider the image provided.\n\nFinal Answer:\n""}, {""type"": ""image_url"", ""image_url"": {""url"": ""data:image/png;base64,iVBORw0KGgoAAAANSUhEUgAAATYAAABcCAYAAADkpJkhAAADt0lEQVR4nO3dvU7jQBSA0QQCFLyQeR8kxLNR01Mi0VPT0tFAgQReDdHsjgdvtPE6cbg+R7ISCPFaW3zc+I9l27btAiCQo6k3AGBswgaEI2xAOMIGhCNsQDjCBoQjbEA4wgaEI2xAOMIGhCNsQDjCBoQjbEA4wgaEI2xAOMIGhCNsQDjCBoQjbEA4wgaEI2xAOMIGhCNsQDjCBoQjbEA4wgaEs2yapp16IwDGtFwsFsIGhOKjKBCOsAHhCBsQzqppmqm3AWBUy7ZtHTwAQvFRFAhH2IBwhA0IR9iAcIQNCEfYgHCEDQhH2IBwhA0IR9iAcFZTbwBrn5+fg997dOT3E5RcK7pn+/zvXi7TfURhfkxsBzSNDQmReMF3JrYd+fj4GGU9dbj6QiZu0CVsI3t/fx9lPWWs8vP6cdNzmDMfRUfy9vY22rr6QpaX8uv659PvKHEDYRvFy8vLzoOWlnT0s/5e/V5A2P7b8/PzaOuqp7IyZOl5XsrXylM90temNhC2wZ6enkZZTz111RNavRwfH389poDlqIkbdAnbxPvU6rCVk1gZs7ykU0dWq9W38+Fy3AQNhG2Qh4eH0dbVtz+tDloKWV5y0NL3+6a0+hHmSNi2dHd3N/o6/yVqJycnX9NaWnLc6o+uYgZrwral19fXnYetjFoKWnrMQcvxqt+TXyujJ3TMlbBt4ebmZifr7ZvW8qSWrmA4PT3t/Gy9/60MGrBYrC4uLqbehh/j+vp6b9NaClpaygmsfD1PcPnjaTm1mdKYu9X9/f3U2/BjXF5e7mS9OWw5aOVBgjyZ5ekth6ze3wb84aPoBBe2l/qu/0z/Tg5dHbFyX1tS7lsTOVhzh0IgHGHbwtXVVedk2TGW+gTc8uv6qoP6Mqvkb9eOwpytmqaZeht+lHT6xb5O9SiXTbEDutyP7QBO+9h0ukcKaTrdIy9nZ2e/n+fX6vDVEx3MjbANdHt7u9cTdOuYpcf8Wg5bOcUJG3PmqOhA5+fne7+kqgxZGbN6P5uoMXcmtokviN/2Ivh6n1u9703YQNhG8fj4uLfbFuXQlfdmq4+a1uuFuRG2iW88OfRGk31HR01rsCZsB3Sr8KG3Bhc16BK2A/oDL3WY+ia4vgMFogZdwnaAtxHfFLjy6/p5+R6YM2E70D+o3BervqlM1OA7YTvwO4fUseqLl6BBl7AB4bi7BxCOsAHhCBsQjrAB4QgbEI6wAeEIGxCOsAHhCBsQjrAB4QgbEI6wAeEIGxCOsAHhCBsQjrABi2h+ASl0NkFWMNjMAAAAAElFTkSuQmCC""}}]}, {""role"": ""assistant"", ""content"": ""0.33""}, {""role"": ""user"", ""content"": [{""type"": ""text"", ""text"": ""\nConsider the image provided.\n\nFinal Answer:\n""}, {""type"": ""image_url"", ""image_url"": {""url"": ""data:image/png;base64,iVBORw0KGgoAAAANSUhEUgAAATYAAABcCAYAAADkpJkhAAADwElEQVR4nO3dsU7jSgCG0QAGCl4ovA8S4tmo6SmR6Klp6WigQIJczUpzNTvXF+0G24E/50hWkg3xpvo0sT3jg81ms1kBBDnc9RcAmJqwAXGEDYgjbEAcYQPiCBsQR9iAOMIGxBE2II6wAXGEDYgjbEAcYQPiCBsQR9iAOMIGxBE2II6wAXGEDYgjbEAcYQPiCBsQR9iAOMIGxBE2II6wAXEO1uv1ZtdfAmBKB6vVStiAKH6KAnGEDYgjbECcYb1e7/o7AEzqYLPZOHkARPFTFIgjbEAcYQPiCBsQR9iAOMIGxBE2II6wAXGEDYgjbECcYfWDfHx8bP3Zw0MNh33xLeeKLvmVDg7KWptAkuGnjca2CZF4wX7Z6Yjt/f19kv304RoLmbjB/thJ2N7e3ibZTxur+rx//Ow5kGnRn6Kvr6+T7WssZHVrX/d/XzoubpBtsbA9Pz/PHrSylbOf/b/1nwWyLRK2p6enyfbVj8rakJXndWvfay/1KK+N2iDbrGF7fHycZD/9qKsfofXb0dHRr8cSsBo1cYP9MfyEY2p92NqRWBuzupVLR4Zh+M/1cDVuggbZZgvb/f39ZPsaO57WB62ErG41aOXfx0Zp/SOQZZaw3d7eTr7PP4na8fHxr9Fa2Wrc+p+uYgb5Zgnby8vL7GFro1aCVh5r0Gq8+s/U99roCR3kmTxs19fXqzmMjdbqSK3MYDg5Ofntb/vjb23QgGzD+fn5pDu8urpaLTVaK0ErWzsCa9+vI7j687QdtRmlQa7h7u5u0h1eXFys5lDDVoPWniSoI7M6eqsh64+3Afth+K4T21tj8z/L/1ND10esPdZWtMfWRA7yWX0RiDN52C4vL3+7WHaKrb8At33dzzrop1kV/zd3FMg0rNfryXdaLr9Y6lKPdvssdsD+mG09tqkv+/jsco8S0nK5R91OT0//fV7f68PXj+iAHLMuNHlzc7PoBbp9zMpjfa+GrR3FCRtkmnUS/NnZ2eJTqtqQtTHrj7OJGuRaZGnwr06I/9tJ8P0xt/7Ym7BBtsXuefDw8LDYskU1dO3abP1Z036/QI5Fb+ay7cKT2y40OXZ21GgN8u3kLlVfWSp826XBRQ32x07vK7rNDV76MI2N4MZOFIga7I+dhu0ry4h/Frj2df+8/QyQ6duEbZsbKo/FamxUJmqwX75l2P525ZA+VmPxEjTYHz8qbAB/wrJFQBxhA+IIGxBH2IA4wgbEETYgjrABcYQNiCNsQBxhA+IIGxBH2IA4wgbEETYgjrABcYQNWKX5B1S3NkEoUplJAAAAAElFTkSuQmCC""}}]}, {""role"": ""assistant"", ""content"": ""0.2""}, {""role"": ""user"", ""content"": [{""type"": ""text"", ""text"": ""\nConsider the image provided.\n\nFinal Answer:\n""}, {""type"": ""image_url"", ""image_url"": {""url"": ""data:image/png;base64,iVBORw0KGgoAAAANSUhEUgAAATYAAABcCAYAAADkpJkhAAADwElEQVR4nO3dsU7jSgCG0QAGCl4ovA8S4tmo6SmR6Klp6WigQIJczUpzNTvXF+0G24E/50hWkg3xpvo0sT3jg81ms1kBBDnc9RcAmJqwAXGEDYgjbEAcYQPiCBsQR9iAOMIGxBE2II6wAXGEDYgjbEAcYQPiCBsQR9iAOMIGxBE2II6wAXGEDYgjbEAcYQPiCBsQR9iAOMIGxBE2II6wAXEO1uv1ZtdfAmBKB6vVStiAKH6KAnGEDYgjbECcYb1e7/o7AEzqYLPZOHkARPFTFIgjbEAcYQPiCBsQR9iAOMIGxBE2II6wAXGEDYgjbECcYfWDfHx8bP3Zw0MNh33xLeeKLvmVDg7KWptAkuGnjca2CZF4wX7Z6Yjt/f19kv304RoLmbjB/thJ2N7e3ibZTxur+rx//Ow5kGnRn6Kvr6+T7WssZHVrX/d/XzoubpBtsbA9Pz/PHrSylbOf/b/1nwWyLRK2p6enyfbVj8rakJXndWvfay/1KK+N2iDbrGF7fHycZD/9qKsfofXb0dHRr8cSsBo1cYP9MfyEY2p92NqRWBuzupVLR4Zh+M/1cDVuggbZZgvb/f39ZPsaO57WB62ErG41aOXfx0Zp/SOQZZaw3d7eTr7PP4na8fHxr9Fa2Wrc+p+uYgb5Zgnby8vL7GFro1aCVh5r0Gq8+s/U99roCR3kmTxs19fXqzmMjdbqSK3MYDg5Ofntb/vjb23QgGzD+fn5pDu8urpaLTVaK0ErWzsCa9+vI7j687QdtRmlQa7h7u5u0h1eXFys5lDDVoPWniSoI7M6eqsh64+3Afth+K4T21tj8z/L/1ND10esPdZWtMfWRA7yWX0RiDN52C4vL3+7WHaKrb8At33dzzrop1kV/zd3FMg0rNfryXdaLr9Y6lKPdvssdsD+mG09tqkv+/jsco8S0nK5R91OT0//fV7f68PXj+iAHLMuNHlzc7PoBbp9zMpjfa+GrR3FCRtkmnUS/NnZ2eJTqtqQtTHrj7OJGuRaZGnwr06I/9tJ8P0xt/7Ym7BBtsXuefDw8LDYskU1dO3abP1Z036/QI5Fb+ay7cKT2y40OXZ21GgN8u3kLlVfWSp826XBRQ32x07vK7rNDV76MI2N4MZOFIga7I+dhu0ry4h/Frj2df+8/QyQ6duEbZsbKo/FamxUJmqwX75l2P525ZA+VmPxEjTYHz8qbAB/wrJFQBxhA+IIGxBH2IA4wgbEETYgjrABcYQNiCNsQBxhA+IIGxBH2IA4wgbEETYgjrABcYQNWKX5B1S3NkEoUplJAAAAAElFTkSuQmCC""}}]}]",0.25
openai/gpt-4o-2024-08-06,sample_007,0.1232,0.1232,0.1232,0.2,"[{""role"": ""system"", ""content"": ""You are a lines length ratio estimator.\n        You are given an image of two lines.\n\n        Estimate the ratio of the shorter line to the longer line as a decimal number between 0 and 1.\n\n        Do not explain or reason. Only output the final answer as a number after Final Answer:\n""}, {""role"": ""user"", ""content"": [{""type"": ""text"", ""text"": ""\nConsider the image provided.\n\nFinal Answer:\n""}, {""type"": ""image_url"", ""image_url"": {""url"": ""data:image/png;base64,iVBORw0KGgoAAAANSUhEUgAAATYAAABcCAYAAADkpJkhAAADxklEQVR4nO3dv04iXRzHYVDUwhvC+zExXpu1vaWJvbWtnY0WJsrmbHI2Z887r9nFYWb58jzJBBAZsfn4Y/653Gw2mwVAkKO53wDA2IQNiCNsQBxhA+IIGxBH2IA4wgbEETYgjrABcYQNiCNsQBxhA+IIGxBH2IA4wgbEETYgjrABcYQNiCNsQBxhA+IIGxBH2IA4wgbEETYgjrABcYQNiLNcr9ebud8EwJiWi8VC2IAoPooCcYQNiCNsQJzVer2e+z0AjGq52WzsPACi+CgKxBE2II6wAXGEDYgjbEAcYQPiCBsQR9iAOMIGxBE2IM5q7jfwr/r8/Nz6tUdH/l7AnA7+XNEpf/3lslzXE9i1g5zY/nQa2yZE4gXzO5iJ7ePjY5T19OEaCpm4wbziw/b+/j7KetpY1fv97Vf3genEfhR9e3sbbV1DIatL+7j//vI3Q9xgepFhe3l52XnQylL2fvZf618LTC8ubM/Pz6Otq5/K2pCV+3Vpn2sP9SiPTW0wvZiwPT09jbKefurqJ7R+OT4+/nlbAlajJm4wr5iwjbVNrQ9bO4m1MatLOXRktVr953i4GjdBg+lFhO3h4WG0dQ1tT+uDVkJWlxq08vWhKa2/BXZv78N2d3c3+jr/JGonJyc/p7Wy1Lj1H13FDOax92F7fX3dedjaqJWgldsatBqv/jX1uTZ6QgfT2Ouw3dzc7GS9Q9NandTKGQynp6e/fW+//a0NGjC91cXFxWJfXV9fTzatlaCVpZ3A2ufrBFc/nrZTmykNprW6v79f7KvLy8udrLeGrQat3UlQJ7M6vdWQ9dvbgPns9UfRsU5sbw2d/1l+Tg1dH7F2W1vRblsTOZiHKyICcfY6bFdXV78dLDvG0h+A2z7uzzroT7Mq/u/cUWA6q/V6vdhn5fCLqQ71aJevYgfMK+J6bGMf9vHV4R4lpOVwj7qcnZ39ul+f68PXT3TAbkWErbi9vZ30AN0+ZuW2PlfD1k5xwgbT2eu9oq3z8/PJT6lqQ9bGrN/OJmowrZiJbawT4v/2JPh+m1u/7U3YYHpxYSseHx8nu2xRDV17bbZ+r2m/XmC3IsP2nQtPbnuhyaG9o6Y1mEds2Ma4VPi2lwYXNZhXfNi+8w9e+jANTXBDOwpEDeZ1MGH7zmXEvwpc+7i/374GmM5Bhm2bf6g8FKuhqUzUYH4HH7a/vXJIH6uheAkazEvYgDh7fXUPgCHCBsQRNiCOsAFxhA2II2xAHGED4ggbEEfYgDjCBsQRNiCOsAFxhA2II2xAHGED4ggbsEjzA5yMNkFpGj6SAAAAAElFTkSuQmCC""}}]}, {""role"": ""assistant"", ""content"": ""0.25""}, {""role"": ""user"", ""content"": [{""type"": ""text"", ""text"": ""\nConsider the image provided.\n\nFinal Answer:\n""}, {""type"": ""image_url"", ""image_url"": {""url"": ""data:image/png;base64,iVBORw0KGgoAAAANSUhEUgAAATYAAABcCAYAAADkpJkhAAADz0lEQVR4nO3du04bQRiAURuWi8QLLe9DwzvxBtT0lEj01LR0NFAggaNBmmgy2ZDEnlkn/54jrdbGeOIi+jx7Zb3ZbDYrgEAO9v0BAFoTNiAcYQPCETYgHGEDwhE2IBxhA8IRNiAcYQPCETYgHGEDwhE2IBxhA8IRNiAcYQPCETYgHGEDwhE2IBxhA8IRNiAcYQPCETYgHGEDwhE2IBxhA8IRNiCc9TiOm31/CICW1qvVStiAUGyKAuEIGxCOsAHhDOM47vszADS13mw2Dh4AodgUBcIRNiAcYQPCETYgHGEDwhE2IBxhA8IRNiAcYQPCETYgnGHfH4D/z8fHx9bvPTjwXUp/rhXll+b8r7Fep3ueQhtmbGw9G9smRgLGHMzYWL2/vzcbqw7XVMjEjd6EbcHe3t6ajVXGKj+u1189hpZsii7Q6+tr0/GmQpaX8nn9++k7VdzoQdgW5vn5eZagpSUdAa1/Vr8XehC2BXl6emo6Xj0rK0OWHuelfK083SM9N2ujB2FbgMfHx2Zj1bOueoZWL4eHh5/rFLAcNXGjN2FbgJb71OqwlTOxMmZ5SaePDMPw0zlxOW6CRg/CFtz9/X3T8ab2p9VBSyHLSw5a+vnULK1eQwvCFtjt7W2Xcf8kakdHR5+ztbTkuNWbrmJGL8IW2MvLyyxhK6OWgpbWOWg5XvV78mtl9ISOVoQtqOvr625jT83W8kwtXcVwfHz8w+/W+9/KoEEPw/n5eZeB2a/Ly8tZZ2spaGkpZ2Dl63kGlzdPy1mbWRqtDXd3d80HZf8uLi66jZ3DloNWHiTIM7M8e8shq/e3QU82RYNqeWF7aer6z/Rv5dDVESv3tSXlvjWRoxd3/QPCSV+7vjaDurq66r4pmjc78xHRdOAgLaenp6uTk5Pv67Tk1/KR0/z+fJJvHht2NYzjuPMg/JtSQOY81aNc8s/rS6yEizm4H1twPU77+Op0j3LWlpZ6ppbWdfjqi+lhV8K2ADc3N7OfoFvHLK3za1ObocJGS46KLsDZ2dleLqkqQ1bGrL4SQdRozYxtQVpcEP+3F8HX+9zqfW/CRg/CtjAPDw+z3rYoh668N1t9A8p6XNiVsC3QLjee3PZGk1NHR83W6EXYFmzXW4Vve2twUaM3YWPrP/BSh2lqBjd1oEDU6E3Y2Pk24l8FrnxePy7fAy0JG03+oPJUrKZmZaLGHISNpncOqWP1u+fQg7AB4bhtERCOsAHhCBsQjrAB4QgbEI6wAeEIGxCOsAHhCBsQjrAB4QgbEI6wAeEIGxCOsAHhCBsQjrABq2i+AV6ZN+f7P3/YAAAAAElFTkSuQmCC""}}]}, {""role"": ""assistant"", ""content"": ""0.33""}, {""role"": ""user"", ""content"": [{""type"": ""text"", ""text"": ""\nConsider the image provided.\n\nFinal Answer:\n""}, {""type"": ""image_url"", ""image_url"": {""url"": ""data:image/png;base64,iVBORw0KGgoAAAANSUhEUgAAATYAAABcCAYAAADkpJkhAAADx0lEQVR4nO3dvU7jSgCG4QTCj8QNhfuh4Z64A2p6SiR6alo6GiiQIEez0qzmzLHYPcjY8cfzSFYSQryWVnoz/hvWu91utwIIcjD3BgCMTdiAOMIGxBE2II6wAXGEDYgjbEAcYQPiCBsQR9iAOMIGxBE2II6wAXGEDYgjbEAcYQPiCBsQR9iAOMIGxBE2II6wAXGEDYgjbEAcYQPiCBsQR9iAOOvtdrubeyMAxrRerVbCBkSxKwrEETYgjrABcTbb7XbubQAY1Xq32zl5AESxKwrEETYgjrABcYQNiCNsQBxhA+IIGxBH2IA4wgbEETYgzmbuDWAcHx8fX/7swYHvN7K4V3RhpvzvWq/LPKSwPEZsYaOxr8RIwEhjxLan3t/fR1tXH66hkIkbSYRtz7y9vY22rjZW9Xn/+NlzWCq7onvi9fV11PUNhawu7ev+98v3nLixdMK2B56fnycJWlnKGdD+Z/1nYemEbWZPT0+jrq8flbUhK8/r0r7XXu5RXhu1sXTCNpPHx8fR1tWPuvoRWr8cHh7+eiwBq1ETN5IIW8AxtT5s7UisjVldyuUjm83mP9fE1bgJGksnbDO4v78fdX1Dx9P6oJWQ1aUGrfx8aJTWP8LSCNvEbm9vv2W9fxO1o6OjX6O1stS49buuYkYCYZvYy8vLJGFro1aCVh5r0Gq8+s/U99roCR1LJGwTur6+/rZ1D43W6kit3MVwfHz8r9/tj7+1QYOl25yfn8+9DT/G5eXlpKO1ErSytCOw9v06gqu7p+2ozSiNJdvc3d3NvQ0/xsXFxbetu4atBq09SVBHZnX0VkPWH2+DFHZFF3pje2vo/s/yb9XQ9RFrj7UV7bE1kSOBGQaBOOUr3lf0hK6urr59V7TudtYzouXEQVlOT09XJycnvx/LUt+rZ07r5+tFvnXdsCSb7XY79zb8KCUgU17q0S715/0tVsJFGvOxhVz28dnlHu2orSz9SK089uHrb6aHJRG2mdzc3Ex+gW4fs/JY3xvaDRU2lspZ0ZmcnZ3NcktVG7I2Zv2dCKLGkhmxBdwQ/39vgu+PufXH3oSNpRO2PfDw8DDptEU1dO3cbP0ElP16YUmELWDiya9ONDl0dtRojQTCFjZV+FenBhc1kghb2B946cM0NIIbOlEgaiQRttBpxD8LXPu6f95+BpZK2IL/oPJQrIZGZaJGGmH7ATOH9LH602tYOmED4pi2CIgjbEAcYQPiCBsQR9iAOMIGxBE2II6wAXGEDYgjbEAcYQPiCBsQR9iAOMIGxBE2II6wAas0/wBdpDfnoKPWyAAAAABJRU5ErkJggg==""}}]}, {""role"": ""assistant"", ""content"": ""0.25""}, {""role"": ""user"", ""content"": [{""type"": ""text"", ""text"": ""\nConsider the image provided.\n\nFinal Answer:\n""}, {""type"": ""image_url"", ""image_url"": {""url"": ""data:image/png;base64,iVBORw0KGgoAAAANSUhEUgAAATYAAABcCAYAAADkpJkhAAADt0lEQVR4nO3dvU7jQBSA0QQCFLyQeR8kxLNR01Mi0VPT0tFAgQReDdHsjgdvtPE6cbg+R7ISCPFaW3zc+I9l27btAiCQo6k3AGBswgaEI2xAOMIGhCNsQDjCBoQjbEA4wgaEI2xAOMIGhCNsQDjCBoQjbEA4wgaEI2xAOMIGhCNsQDjCBoQjbEA4wgaEI2xAOMIGhCNsQDjCBoQjbEA4wgaEs2yapp16IwDGtFwsFsIGhOKjKBCOsAHhCBsQzqppmqm3AWBUy7ZtHTwAQvFRFAhH2IBwhA0IR9iAcIQNCEfYgHCEDQhH2IBwhA0IR9iAcFZTbwBrn5+fg997dOT3E5RcK7pn+/zvXi7TfURhfkxsBzSNDQmReMF3JrYd+fj4GGU9dbj6QiZu0CVsI3t/fx9lPWWs8vP6cdNzmDMfRUfy9vY22rr6QpaX8uv659PvKHEDYRvFy8vLzoOWlnT0s/5e/V5A2P7b8/PzaOuqp7IyZOl5XsrXylM90temNhC2wZ6enkZZTz111RNavRwfH389poDlqIkbdAnbxPvU6rCVk1gZs7ykU0dWq9W38+Fy3AQNhG2Qh4eH0dbVtz+tDloKWV5y0NL3+6a0+hHmSNi2dHd3N/o6/yVqJycnX9NaWnLc6o+uYgZrwral19fXnYetjFoKWnrMQcvxqt+TXyujJ3TMlbBt4ebmZifr7ZvW8qSWrmA4PT3t/Gy9/60MGrBYrC4uLqbehh/j+vp6b9NaClpaygmsfD1PcPnjaTm1mdKYu9X9/f3U2/BjXF5e7mS9OWw5aOVBgjyZ5ekth6ze3wb84aPoBBe2l/qu/0z/Tg5dHbFyX1tS7lsTOVhzh0IgHGHbwtXVVedk2TGW+gTc8uv6qoP6Mqvkb9eOwpytmqaZeht+lHT6xb5O9SiXTbEDutyP7QBO+9h0ukcKaTrdIy9nZ2e/n+fX6vDVEx3MjbANdHt7u9cTdOuYpcf8Wg5bOcUJG3PmqOhA5+fne7+kqgxZGbN6P5uoMXcmtokviN/2Ivh6n1u9703YQNhG8fj4uLfbFuXQlfdmq4+a1uuFuRG2iW88OfRGk31HR01rsCZsB3Sr8KG3Bhc16BK2A/oDL3WY+ia4vgMFogZdwnaAtxHfFLjy6/p5+R6YM2E70D+o3BervqlM1OA7YTvwO4fUseqLl6BBl7AB4bi7BxCOsAHhCBsQjrAB4QgbEI6wAeEIGxCOsAHhCBsQjrAB4QgbEI6wAeEIGxCOsAHhCBsQjrABi2h+ASl0NkFWMNjMAAAAAElFTkSuQmCC""}}]}, {""role"": ""assistant"", ""content"": ""0.33""}, {""role"": ""user"", ""content"": [{""type"": ""text"", ""text"": ""\nConsider the image provided.\n\nFinal Answer:\n""}, {""type"": ""image_url"", ""image_url"": {""url"": ""data:image/png;base64,iVBORw0KGgoAAAANSUhEUgAAATYAAABcCAYAAADkpJkhAAADwElEQVR4nO3dsU7jSgCG0QAGCl4ovA8S4tmo6SmR6Klp6WigQIJczUpzNTvXF+0G24E/50hWkg3xpvo0sT3jg81ms1kBBDnc9RcAmJqwAXGEDYgjbEAcYQPiCBsQR9iAOMIGxBE2II6wAXGEDYgjbEAcYQPiCBsQR9iAOMIGxBE2II6wAXGEDYgjbEAcYQPiCBsQR9iAOMIGxBE2II6wAXEO1uv1ZtdfAmBKB6vVStiAKH6KAnGEDYgjbECcYb1e7/o7AEzqYLPZOHkARPFTFIgjbEAcYQPiCBsQR9iAOMIGxBE2II6wAXGEDYgjbECcYfWDfHx8bP3Zw0MNh33xLeeKLvmVDg7KWptAkuGnjca2CZF4wX7Z6Yjt/f19kv304RoLmbjB/thJ2N7e3ibZTxur+rx//Ow5kGnRn6Kvr6+T7WssZHVrX/d/XzoubpBtsbA9Pz/PHrSylbOf/b/1nwWyLRK2p6enyfbVj8rakJXndWvfay/1KK+N2iDbrGF7fHycZD/9qKsfofXb0dHRr8cSsBo1cYP9MfyEY2p92NqRWBuzupVLR4Zh+M/1cDVuggbZZgvb/f39ZPsaO57WB62ErG41aOXfx0Zp/SOQZZaw3d7eTr7PP4na8fHxr9Fa2Wrc+p+uYgb5Zgnby8vL7GFro1aCVh5r0Gq8+s/U99roCR3kmTxs19fXqzmMjdbqSK3MYDg5Ofntb/vjb23QgGzD+fn5pDu8urpaLTVaK0ErWzsCa9+vI7j687QdtRmlQa7h7u5u0h1eXFys5lDDVoPWniSoI7M6eqsh64+3Afth+K4T21tj8z/L/1ND10esPdZWtMfWRA7yWX0RiDN52C4vL3+7WHaKrb8At33dzzrop1kV/zd3FMg0rNfryXdaLr9Y6lKPdvssdsD+mG09tqkv+/jsco8S0nK5R91OT0//fV7f68PXj+iAHLMuNHlzc7PoBbp9zMpjfa+GrR3FCRtkmnUS/NnZ2eJTqtqQtTHrj7OJGuRaZGnwr06I/9tJ8P0xt/7Ym7BBtsXuefDw8LDYskU1dO3abP1Z036/QI5Fb+ay7cKT2y40OXZ21GgN8u3kLlVfWSp826XBRQ32x07vK7rNDV76MI2N4MZOFIga7I+dhu0ry4h/Frj2df+8/QyQ6duEbZsbKo/FamxUJmqwX75l2P525ZA+VmPxEjTYHz8qbAB/wrJFQBxhA+IIGxBH2IA4wgbEETYgjrABcYQNiCNsQBxhA+IIGxBH2IA4wgbEETYgjrABcYQNWKX5B1S3NkEoUplJAAAAAElFTkSuQmCC""}}]}, {""role"": ""assistant"", ""content"": ""0.2""}, {""role"": ""user"", ""content"": [{""type"": ""text"", ""text"": ""\nConsider the image provided.\n\nFinal Answer:\n""}, {""type"": ""image_url"", ""image_url"": {""url"": ""data:image/png;base64,iVBORw0KGgoAAAANSUhEUgAAATYAAABcCAYAAADkpJkhAAADwElEQVR4nO3dsU7jSgCG0QAGCl4ovA8S4tmo6SmR6Klp6WigQIJczUpzNTvXF+0G24E/50hWkg3xpvo0sT3jg81ms1kBBDnc9RcAmJqwAXGEDYgjbEAcYQPiCBsQR9iAOMIGxBE2II6wAXGEDYgjbEAcYQPiCBsQR9iAOMIGxBE2II6wAXGEDYgjbEAcYQPiCBsQR9iAOMIGxBE2II6wAXEO1uv1ZtdfAmBKB6vVStiAKH6KAnGEDYgjbECcYb1e7/o7AEzqYLPZOHkARPFTFIgjbEAcYQPiCBsQR9iAOMIGxBE2II6wAXGEDYgjbECcYfWDfHx8bP3Zw0MNh33xLeeKLvmVDg7KWptAkuGnjca2CZF4wX7Z6Yjt/f19kv304RoLmbjB/thJ2N7e3ibZTxur+rx//Ow5kGnRn6Kvr6+T7WssZHVrX/d/XzoubpBtsbA9Pz/PHrSylbOf/b/1nwWyLRK2p6enyfbVj8rakJXndWvfay/1KK+N2iDbrGF7fHycZD/9qKsfofXb0dHRr8cSsBo1cYP9MfyEY2p92NqRWBuzupVLR4Zh+M/1cDVuggbZZgvb/f39ZPsaO57WB62ErG41aOXfx0Zp/SOQZZaw3d7eTr7PP4na8fHxr9Fa2Wrc+p+uYgb5Zgnby8vL7GFro1aCVh5r0Gq8+s/U99roCR3kmTxs19fXqzmMjdbqSK3MYDg5Ofntb/vjb23QgGzD+fn5pDu8urpaLTVaK0ErWzsCa9+vI7j687QdtRmlQa7h7u5u0h1eXFys5lDDVoPWniSoI7M6eqsh64+3Afth+K4T21tj8z/L/1ND10esPdZWtMfWRA7yWX0RiDN52C4vL3+7WHaKrb8At33dzzrop1kV/zd3FMg0rNfryXdaLr9Y6lKPdvssdsD+mG09tqkv+/jsco8S0nK5R91OT0//fV7f68PXj+iAHLMuNHlzc7PoBbp9zMpjfa+GrR3FCRtkmnUS/NnZ2eJTqtqQtTHrj7OJGuRaZGnwr06I/9tJ8P0xt/7Ym7BBtsXuefDw8LDYskU1dO3abP1Z036/QI5Fb+ay7cKT2y40OXZ21GgN8u3kLlVfWSp826XBRQ32x07vK7rNDV76MI2N4MZOFIga7I+dhu0ry4h/Frj2df+8/QyQ6duEbZsbKo/FamxUJmqwX75l2P525ZA+VmPxEjTYHz8qbAB/wrJFQBxhA+IIGxBH2IA4wgbEETYgjrABcYQNiCNsQBxhA+IIGxBH2IA4wgbEETYgjrABcYQNWKX5B1S3NkEoUplJAAAAAElFTkSuQmCC""}}]}, {""role"": ""assistant"", ""content"": ""0.25""}, {""role"": ""user"", ""content"": [{""type"": ""text"", ""text"": ""\nConsider the image provided.\n\nFinal Answer:\n""}, {""type"": ""image_url"", ""image_url"": {""url"": ""data:image/png;base64,iVBORw0KGgoAAAANSUhEUgAAATYAAABcCAYAAADkpJkhAAADqklEQVR4nO3dvU7jQBSAUQcMFLyQeR8kxLNR01Mi0VPT0tFAgQRZDdKshllv2NgTZ3VzjmQlIYREFJ/GPzNZrdfrdQcQyNG+PwBAa8IGhCNsQDjCBoQjbEA4wgaEI2xAOMIGhCNsQDjCBoQjbEA4wgaEI2xAOMIGhCNsQDjCBoQjbEA4wgaEI2xAOMIGhCNsQDjCBoQjbEA4wgaEI2xAOMIGhLMahmG97w8B0NKq6zphA0KxKwqEI2xAOMIGhNMPw7DvzwDQ1Gq9Xjt5AIRiVxQIR9iAcIQNCEfYgHCEDQhH2IBwhA0IR9iAcIQNCEfYgHD6fb755+fn5NceHWkysMe5oktOR12t0tqZwCHr9z0amxIi8QIWG7F9fHw0+Tt1uMZCJm7ATsP2/v7e5sMUscr369tN9wFm74q+vb01+y+OhSxv5eP691OXxQ1oEraXl5du10FLWzr7Wf+sfi3A7LA9Pz93rdSjsjJk6X7eyufKSz3SY6M2YHLYnp6euhbqUVc9Qqu34+Pjr9sUsBw1cQOahK3VMbU6bOVIrIxZ3tKlI33f/3E9XI6boAGTwvbw8NC1MnY8rQ5aClnectDSz8dGafUtcNj+KWx3d3fN3/hfonZycvI1Wktbjlu96ypmwKSwvb6+drsOWxm1FLR0m4OW41W/Jj9XRk/ogB/DdnNzs5M3Hhut5ZFamsFwenr67Xfr429l0ABK/cXFRbfJ9fV1t9RoLQUtbeUIrHw+j+Dy7mk5ajNKA7L+/v6+2+Ty8rLbhRy2HLTyJEEemeXRWw5ZfbwNYNKuaKuJ7aWx+Z/pfXLo6oiVx9qS8tiayAE1qzUChxe2q6urbxfLttjqC3DLx/Wsg3qaVfK3uaMAST8Mw4//iXT5xVKXepTbptgBzF6PrfVlH5su90ghTZd75O3s7Oz3/fxcHb56RAccrq0Wmry9vV30At06Zuk2P5fDVo7ihA3YehL8+fn54lOqypCVMauPs4kaMGtp8LkT4redBF8fc6uPvQkb0OQ7Dx4fHxdbtiiHrlybrT5rWv9d4HDN+jKXqQtPTl1ocuzsqNEasJNvqZqzVPjUpcFFDVjke0WnfMFLHaaxEdzYiQJRAxYJ25xlxDcFrnxc3y9fA7DTsE35QuWxWI2NykQN2HvYtl05pI7VWLwEDfgvwwawC5YtAsIRNiAcYQPCETYgHGEDwhE2IBxhA8IRNiAcYQPCETYgHGEDwhE2IBxhA8IRNiAcYQPCETagi+YXGFo2QVpGsFsAAAAASUVORK5CYII=""}}]}]",0.2
openai/gpt-4o-2024-08-06,sample_008,0.4465,0.4465,0.4465,0.33,"[{""role"": ""system"", ""content"": ""You are a lines length ratio estimator.\n        You are given an image of two lines.\n\n        Estimate the ratio of the shorter line to the longer line as a decimal number between 0 and 1.\n\n        Do not explain or reason. Only output the final answer as a number after Final Answer:\n""}, {""role"": ""user"", ""content"": [{""type"": ""text"", ""text"": ""\nConsider the image provided.\n\nFinal Answer:\n""}, {""type"": ""image_url"", ""image_url"": {""url"": ""data:image/png;base64,iVBORw0KGgoAAAANSUhEUgAAATYAAABcCAYAAADkpJkhAAADxklEQVR4nO3dv04iXRzHYVDUwhvC+zExXpu1vaWJvbWtnY0WJsrmbHI2Z887r9nFYWb58jzJBBAZsfn4Y/653Gw2mwVAkKO53wDA2IQNiCNsQBxhA+IIGxBH2IA4wgbEETYgjrABcYQNiCNsQBxhA+IIGxBH2IA4wgbEETYgjrABcYQNiCNsQBxhA+IIGxBH2IA4wgbEETYgjrABcYQNiLNcr9ebud8EwJiWi8VC2IAoPooCcYQNiCNsQJzVer2e+z0AjGq52WzsPACi+CgKxBE2II6wAXGEDYgjbEAcYQPiCBsQR9iAOMIGxBE2IM5q7jfwr/r8/Nz6tUdH/l7AnA7+XNEpf/3lslzXE9i1g5zY/nQa2yZE4gXzO5iJ7ePjY5T19OEaCpm4wbziw/b+/j7KetpY1fv97Vf3genEfhR9e3sbbV1DIatL+7j//vI3Q9xgepFhe3l52XnQylL2fvZf618LTC8ubM/Pz6Otq5/K2pCV+3Vpn2sP9SiPTW0wvZiwPT09jbKefurqJ7R+OT4+/nlbAlajJm4wr5iwjbVNrQ9bO4m1MatLOXRktVr953i4GjdBg+lFhO3h4WG0dQ1tT+uDVkJWlxq08vWhKa2/BXZv78N2d3c3+jr/JGonJyc/p7Wy1Lj1H13FDOax92F7fX3dedjaqJWgldsatBqv/jX1uTZ6QgfT2Ouw3dzc7GS9Q9NandTKGQynp6e/fW+//a0NGjC91cXFxWJfXV9fTzatlaCVpZ3A2ufrBFc/nrZTmykNprW6v79f7KvLy8udrLeGrQat3UlQJ7M6vdWQ9dvbgPns9UfRsU5sbw2d/1l+Tg1dH7F2W1vRblsTOZiHKyICcfY6bFdXV78dLDvG0h+A2z7uzzroT7Mq/u/cUWA6q/V6vdhn5fCLqQ71aJevYgfMK+J6bGMf9vHV4R4lpOVwj7qcnZ39ul+f68PXT3TAbkWErbi9vZ30AN0+ZuW2PlfD1k5xwgbT2eu9oq3z8/PJT6lqQ9bGrN/OJmowrZiJbawT4v/2JPh+m1u/7U3YYHpxYSseHx8nu2xRDV17bbZ+r2m/XmC3IsP2nQtPbnuhyaG9o6Y1mEds2Ma4VPi2lwYXNZhXfNi+8w9e+jANTXBDOwpEDeZ1MGH7zmXEvwpc+7i/374GmM5Bhm2bf6g8FKuhqUzUYH4HH7a/vXJIH6uheAkazEvYgDh7fXUPgCHCBsQRNiCOsAFxhA2II2xAHGED4ggbEEfYgDjCBsQRNiCOsAFxhA2II2xAHGED4ggbsEjzA5yMNkFpGj6SAAAAAElFTkSuQmCC""}}]}, {""role"": ""assistant"", ""content"": ""0.25""}, {""role"": ""user"", ""content"": [{""type"": ""text"", ""text"": ""\nConsider the image provided.\n\nFinal Answer:\n""}, {""type"": ""image_url"", ""image_url"": {""url"": ""data:image/png;base64,iVBORw0KGgoAAAANSUhEUgAAATYAAABcCAYAAADkpJkhAAADz0lEQVR4nO3du04bQRiAURuWi8QLLe9DwzvxBtT0lEj01LR0NFAggaNBmmgy2ZDEnlkn/54jrdbGeOIi+jx7Zb3ZbDYrgEAO9v0BAFoTNiAcYQPCETYgHGEDwhE2IBxhA8IRNiAcYQPCETYgHGEDwhE2IBxhA8IRNiAcYQPCETYgHGEDwhE2IBxhA8IRNiAcYQPCETYgHGEDwhE2IBxhA8IRNiCc9TiOm31/CICW1qvVStiAUGyKAuEIGxCOsAHhDOM47vszADS13mw2Dh4AodgUBcIRNiAcYQPCETYgHGEDwhE2IBxhA8IRNiAcYQPCETYgnGHfH4D/z8fHx9bvPTjwXUp/rhXll+b8r7Fep3ueQhtmbGw9G9smRgLGHMzYWL2/vzcbqw7XVMjEjd6EbcHe3t6ajVXGKj+u1189hpZsii7Q6+tr0/GmQpaX8nn9++k7VdzoQdgW5vn5eZagpSUdAa1/Vr8XehC2BXl6emo6Xj0rK0OWHuelfK083SM9N2ujB2FbgMfHx2Zj1bOueoZWL4eHh5/rFLAcNXGjN2FbgJb71OqwlTOxMmZ5SaePDMPw0zlxOW6CRg/CFtz9/X3T8ab2p9VBSyHLSw5a+vnULK1eQwvCFtjt7W2Xcf8kakdHR5+ztbTkuNWbrmJGL8IW2MvLyyxhK6OWgpbWOWg5XvV78mtl9ISOVoQtqOvr625jT83W8kwtXcVwfHz8w+/W+9/KoEEPw/n5eZeB2a/Ly8tZZ2spaGkpZ2Dl63kGlzdPy1mbWRqtDXd3d80HZf8uLi66jZ3DloNWHiTIM7M8e8shq/e3QU82RYNqeWF7aer6z/Rv5dDVESv3tSXlvjWRoxd3/QPCSV+7vjaDurq66r4pmjc78xHRdOAgLaenp6uTk5Pv67Tk1/KR0/z+fJJvHht2NYzjuPMg/JtSQOY81aNc8s/rS6yEizm4H1twPU77+Op0j3LWlpZ6ppbWdfjqi+lhV8K2ADc3N7OfoFvHLK3za1ObocJGS46KLsDZ2dleLqkqQ1bGrL4SQdRozYxtQVpcEP+3F8HX+9zqfW/CRg/CtjAPDw+z3rYoh668N1t9A8p6XNiVsC3QLjee3PZGk1NHR83W6EXYFmzXW4Vve2twUaM3YWPrP/BSh2lqBjd1oEDU6E3Y2Pk24l8FrnxePy7fAy0JG03+oPJUrKZmZaLGHISNpncOqWP1u+fQg7AB4bhtERCOsAHhCBsQjrAB4QgbEI6wAeEIGxCOsAHhCBsQjrAB4QgbEI6wAeEIGxCOsAHhCBsQjrABq2i+AV6ZN+f7P3/YAAAAAElFTkSuQmCC""}}]}, {""role"": ""assistant"", ""content"": ""0.33""}, {""role"": ""user"", ""content"": [{""type"": ""text"", ""text"": ""\nConsider the image provided.\n\nFinal Answer:\n""}, {""type"": ""image_url"", ""image_url"": {""url"": ""data:image/png;base64,iVBORw0KGgoAAAANSUhEUgAAATYAAABcCAYAAADkpJkhAAADx0lEQVR4nO3dvU7jSgCG4QTCj8QNhfuh4Z64A2p6SiR6alo6GiiQIEez0qzmzLHYPcjY8cfzSFYSQryWVnoz/hvWu91utwIIcjD3BgCMTdiAOMIGxBE2II6wAXGEDYgjbEAcYQPiCBsQR9iAOMIGxBE2II6wAXGEDYgjbEAcYQPiCBsQR9iAOMIGxBE2II6wAXGEDYgjbEAcYQPiCBsQR9iAOOvtdrubeyMAxrRerVbCBkSxKwrEETYgjrABcTbb7XbubQAY1Xq32zl5AESxKwrEETYgjrABcYQNiCNsQBxhA+IIGxBH2IA4wgbEETYgzmbuDWAcHx8fX/7swYHvN7K4V3RhpvzvWq/LPKSwPEZsYaOxr8RIwEhjxLan3t/fR1tXH66hkIkbSYRtz7y9vY22rjZW9Xn/+NlzWCq7onvi9fV11PUNhawu7ev+98v3nLixdMK2B56fnycJWlnKGdD+Z/1nYemEbWZPT0+jrq8flbUhK8/r0r7XXu5RXhu1sXTCNpPHx8fR1tWPuvoRWr8cHh7+eiwBq1ETN5IIW8AxtT5s7UisjVldyuUjm83mP9fE1bgJGksnbDO4v78fdX1Dx9P6oJWQ1aUGrfx8aJTWP8LSCNvEbm9vv2W9fxO1o6OjX6O1stS49buuYkYCYZvYy8vLJGFro1aCVh5r0Gq8+s/U99roCR1LJGwTur6+/rZ1D43W6kit3MVwfHz8r9/tj7+1QYOl25yfn8+9DT/G5eXlpKO1ErSytCOw9v06gqu7p+2ozSiNJdvc3d3NvQ0/xsXFxbetu4atBq09SVBHZnX0VkPWH2+DFHZFF3pje2vo/s/yb9XQ9RFrj7UV7bE1kSOBGQaBOOUr3lf0hK6urr59V7TudtYzouXEQVlOT09XJycnvx/LUt+rZ07r5+tFvnXdsCSb7XY79zb8KCUgU17q0S715/0tVsJFGvOxhVz28dnlHu2orSz9SK089uHrb6aHJRG2mdzc3Ex+gW4fs/JY3xvaDRU2lspZ0ZmcnZ3NcktVG7I2Zv2dCKLGkhmxBdwQ/39vgu+PufXH3oSNpRO2PfDw8DDptEU1dO3cbP0ElP16YUmELWDiya9ONDl0dtRojQTCFjZV+FenBhc1kghb2B946cM0NIIbOlEgaiQRttBpxD8LXPu6f95+BpZK2IL/oPJQrIZGZaJGGmH7ATOH9LH602tYOmED4pi2CIgjbEAcYQPiCBsQR9iAOMIGxBE2II6wAXGEDYgjbEAcYQPiCBsQR9iAOMIGxBE2II6wAas0/wBdpDfnoKPWyAAAAABJRU5ErkJggg==""}}]}, {""role"": ""assistant"", ""content"": ""0.25""}, {""role"": ""user"", ""content"": [{""type"": ""text"", ""text"": ""\nConsider the image provided.\n\nFinal Answer:\n""}, {""type"": ""image_url"", ""image_url"": {""url"": ""data:image/png;base64,iVBORw0KGgoAAAANSUhEUgAAATYAAABcCAYAAADkpJkhAAADt0lEQVR4nO3dvU7jQBSA0QQCFLyQeR8kxLNR01Mi0VPT0tFAgQReDdHsjgdvtPE6cbg+R7ISCPFaW3zc+I9l27btAiCQo6k3AGBswgaEI2xAOMIGhCNsQDjCBoQjbEA4wgaEI2xAOMIGhCNsQDjCBoQjbEA4wgaEI2xAOMIGhCNsQDjCBoQjbEA4wgaEI2xAOMIGhCNsQDjCBoQjbEA4wgaEs2yapp16IwDGtFwsFsIGhOKjKBCOsAHhCBsQzqppmqm3AWBUy7ZtHTwAQvFRFAhH2IBwhA0IR9iAcIQNCEfYgHCEDQhH2IBwhA0IR9iAcFZTbwBrn5+fg997dOT3E5RcK7pn+/zvXi7TfURhfkxsBzSNDQmReMF3JrYd+fj4GGU9dbj6QiZu0CVsI3t/fx9lPWWs8vP6cdNzmDMfRUfy9vY22rr6QpaX8uv659PvKHEDYRvFy8vLzoOWlnT0s/5e/V5A2P7b8/PzaOuqp7IyZOl5XsrXylM90temNhC2wZ6enkZZTz111RNavRwfH389poDlqIkbdAnbxPvU6rCVk1gZs7ykU0dWq9W38+Fy3AQNhG2Qh4eH0dbVtz+tDloKWV5y0NL3+6a0+hHmSNi2dHd3N/o6/yVqJycnX9NaWnLc6o+uYgZrwral19fXnYetjFoKWnrMQcvxqt+TXyujJ3TMlbBt4ebmZifr7ZvW8qSWrmA4PT3t/Gy9/60MGrBYrC4uLqbehh/j+vp6b9NaClpaygmsfD1PcPnjaTm1mdKYu9X9/f3U2/BjXF5e7mS9OWw5aOVBgjyZ5ekth6ze3wb84aPoBBe2l/qu/0z/Tg5dHbFyX1tS7lsTOVhzh0IgHGHbwtXVVedk2TGW+gTc8uv6qoP6Mqvkb9eOwpytmqaZeht+lHT6xb5O9SiXTbEDutyP7QBO+9h0ukcKaTrdIy9nZ2e/n+fX6vDVEx3MjbANdHt7u9cTdOuYpcf8Wg5bOcUJG3PmqOhA5+fne7+kqgxZGbN6P5uoMXcmtokviN/2Ivh6n1u9703YQNhG8fj4uLfbFuXQlfdmq4+a1uuFuRG2iW88OfRGk31HR01rsCZsB3Sr8KG3Bhc16BK2A/oDL3WY+ia4vgMFogZdwnaAtxHfFLjy6/p5+R6YM2E70D+o3BervqlM1OA7YTvwO4fUseqLl6BBl7AB4bi7BxCOsAHhCBsQjrAB4QgbEI6wAeEIGxCOsAHhCBsQjrAB4QgbEI6wAeEIGxCOsAHhCBsQjrABi2h+ASl0NkFWMNjMAAAAAElFTkSuQmCC""}}]}, {""role"": ""assistant"", ""content"": ""0.33""}, {""role"": ""user"", ""content"": [{""type"": ""text"", ""text"": ""\nConsider the image provided.\n\nFinal Answer:\n""}, {""type"": ""image_url"", ""image_url"": {""url"": ""data:image/png;base64,iVBORw0KGgoAAAANSUhEUgAAATYAAABcCAYAAADkpJkhAAADwElEQVR4nO3dsU7jSgCG0QAGCl4ovA8S4tmo6SmR6Klp6WigQIJczUpzNTvXF+0G24E/50hWkg3xpvo0sT3jg81ms1kBBDnc9RcAmJqwAXGEDYgjbEAcYQPiCBsQR9iAOMIGxBE2II6wAXGEDYgjbEAcYQPiCBsQR9iAOMIGxBE2II6wAXGEDYgjbEAcYQPiCBsQR9iAOMIGxBE2II6wAXEO1uv1ZtdfAmBKB6vVStiAKH6KAnGEDYgjbECcYb1e7/o7AEzqYLPZOHkARPFTFIgjbEAcYQPiCBsQR9iAOMIGxBE2II6wAXGEDYgjbECcYfWDfHx8bP3Zw0MNh33xLeeKLvmVDg7KWptAkuGnjca2CZF4wX7Z6Yjt/f19kv304RoLmbjB/thJ2N7e3ibZTxur+rx//Ow5kGnRn6Kvr6+T7WssZHVrX/d/XzoubpBtsbA9Pz/PHrSylbOf/b/1nwWyLRK2p6enyfbVj8rakJXndWvfay/1KK+N2iDbrGF7fHycZD/9qKsfofXb0dHRr8cSsBo1cYP9MfyEY2p92NqRWBuzupVLR4Zh+M/1cDVuggbZZgvb/f39ZPsaO57WB62ErG41aOXfx0Zp/SOQZZaw3d7eTr7PP4na8fHxr9Fa2Wrc+p+uYgb5Zgnby8vL7GFro1aCVh5r0Gq8+s/U99roCR3kmTxs19fXqzmMjdbqSK3MYDg5Ofntb/vjb23QgGzD+fn5pDu8urpaLTVaK0ErWzsCa9+vI7j687QdtRmlQa7h7u5u0h1eXFys5lDDVoPWniSoI7M6eqsh64+3Afth+K4T21tj8z/L/1ND10esPdZWtMfWRA7yWX0RiDN52C4vL3+7WHaKrb8At33dzzrop1kV/zd3FMg0rNfryXdaLr9Y6lKPdvssdsD+mG09tqkv+/jsco8S0nK5R91OT0//fV7f68PXj+iAHLMuNHlzc7PoBbp9zMpjfa+GrR3FCRtkmnUS/NnZ2eJTqtqQtTHrj7OJGuRaZGnwr06I/9tJ8P0xt/7Ym7BBtsXuefDw8LDYskU1dO3abP1Z036/QI5Fb+ay7cKT2y40OXZ21GgN8u3kLlVfWSp826XBRQ32x07vK7rNDV76MI2N4MZOFIga7I+dhu0ry4h/Frj2df+8/QyQ6duEbZsbKo/FamxUJmqwX75l2P525ZA+VmPxEjTYHz8qbAB/wrJFQBxhA+IIGxBH2IA4wgbEETYgjrABcYQNiCNsQBxhA+IIGxBH2IA4wgbEETYgjrABcYQNWKX5B1S3NkEoUplJAAAAAElFTkSuQmCC""}}]}, {""role"": ""assistant"", ""content"": ""0.2""}, {""role"": ""user"", ""content"": [{""type"": ""text"", ""text"": ""\nConsider the image provided.\n\nFinal Answer:\n""}, {""type"": ""image_url"", ""image_url"": {""url"": ""data:image/png;base64,iVBORw0KGgoAAAANSUhEUgAAATYAAABcCAYAAADkpJkhAAADwElEQVR4nO3dsU7jSgCG0QAGCl4ovA8S4tmo6SmR6Klp6WigQIJczUpzNTvXF+0G24E/50hWkg3xpvo0sT3jg81ms1kBBDnc9RcAmJqwAXGEDYgjbEAcYQPiCBsQR9iAOMIGxBE2II6wAXGEDYgjbEAcYQPiCBsQR9iAOMIGxBE2II6wAXGEDYgjbEAcYQPiCBsQR9iAOMIGxBE2II6wAXEO1uv1ZtdfAmBKB6vVStiAKH6KAnGEDYgjbECcYb1e7/o7AEzqYLPZOHkARPFTFIgjbEAcYQPiCBsQR9iAOMIGxBE2II6wAXGEDYgjbECcYfWDfHx8bP3Zw0MNh33xLeeKLvmVDg7KWptAkuGnjca2CZF4wX7Z6Yjt/f19kv304RoLmbjB/thJ2N7e3ibZTxur+rx//Ow5kGnRn6Kvr6+T7WssZHVrX/d/XzoubpBtsbA9Pz/PHrSylbOf/b/1nwWyLRK2p6enyfbVj8rakJXndWvfay/1KK+N2iDbrGF7fHycZD/9qKsfofXb0dHRr8cSsBo1cYP9MfyEY2p92NqRWBuzupVLR4Zh+M/1cDVuggbZZgvb/f39ZPsaO57WB62ErG41aOXfx0Zp/SOQZZaw3d7eTr7PP4na8fHxr9Fa2Wrc+p+uYgb5Zgnby8vL7GFro1aCVh5r0Gq8+s/U99roCR3kmTxs19fXqzmMjdbqSK3MYDg5Ofntb/vjb23QgGzD+fn5pDu8urpaLTVaK0ErWzsCa9+vI7j687QdtRmlQa7h7u5u0h1eXFys5lDDVoPWniSoI7M6eqsh64+3Afth+K4T21tj8z/L/1ND10esPdZWtMfWRA7yWX0RiDN52C4vL3+7WHaKrb8At33dzzrop1kV/zd3FMg0rNfryXdaLr9Y6lKPdvssdsD+mG09tqkv+/jsco8S0nK5R91OT0//fV7f68PXj+iAHLMuNHlzc7PoBbp9zMpjfa+GrR3FCRtkmnUS/NnZ2eJTqtqQtTHrj7OJGuRaZGnwr06I/9tJ8P0xt/7Ym7BBtsXuefDw8LDYskU1dO3abP1Z036/QI5Fb+ay7cKT2y40OXZ21GgN8u3kLlVfWSp826XBRQ32x07vK7rNDV76MI2N4MZOFIga7I+dhu0ry4h/Frj2df+8/QyQ6duEbZsbKo/FamxUJmqwX75l2P525ZA+VmPxEjTYHz8qbAB/wrJFQBxhA+IIGxBH2IA4wgbEETYgjrABcYQNiCNsQBxhA+IIGxBH2IA4wgbEETYgjrABcYQNWKX5B1S3NkEoUplJAAAAAElFTkSuQmCC""}}]}, {""role"": ""assistant"", ""content"": ""0.25""}, {""role"": ""user"", ""content"": [{""type"": ""text"", ""text"": ""\nConsider the image provided.\n\nFinal Answer:\n""}, {""type"": ""image_url"", ""image_url"": {""url"": ""data:image/png;base64,iVBORw0KGgoAAAANSUhEUgAAATYAAABcCAYAAADkpJkhAAADqklEQVR4nO3dvU7jQBSAUQcMFLyQeR8kxLNR01Mi0VPT0tFAgQRZDdKshllv2NgTZ3VzjmQlIYREFJ/GPzNZrdfrdQcQyNG+PwBAa8IGhCNsQDjCBoQjbEA4wgaEI2xAOMIGhCNsQDjCBoQjbEA4wgaEI2xAOMIGhCNsQDjCBoQjbEA4wgaEI2xAOMIGhCNsQDjCBoQjbEA4wgaEI2xAOMIGhLMahmG97w8B0NKq6zphA0KxKwqEI2xAOMIGhNMPw7DvzwDQ1Gq9Xjt5AIRiVxQIR9iAcIQNCEfYgHCEDQhH2IBwhA0IR9iAcIQNCEfYgHD6fb755+fn5NceHWkysMe5oktOR12t0tqZwCHr9z0amxIi8QIWG7F9fHw0+Tt1uMZCJm7ATsP2/v7e5sMUscr369tN9wFm74q+vb01+y+OhSxv5eP691OXxQ1oEraXl5du10FLWzr7Wf+sfi3A7LA9Pz93rdSjsjJk6X7eyufKSz3SY6M2YHLYnp6euhbqUVc9Qqu34+Pjr9sUsBw1cQOahK3VMbU6bOVIrIxZ3tKlI33f/3E9XI6boAGTwvbw8NC1MnY8rQ5aClnectDSz8dGafUtcNj+KWx3d3fN3/hfonZycvI1Wktbjlu96ypmwKSwvb6+drsOWxm1FLR0m4OW41W/Jj9XRk/ogB/DdnNzs5M3Hhut5ZFamsFwenr67Xfr429l0ABK/cXFRbfJ9fV1t9RoLQUtbeUIrHw+j+Dy7mk5ajNKA7L+/v6+2+Ty8rLbhRy2HLTyJEEemeXRWw5ZfbwNYNKuaKuJ7aWx+Z/pfXLo6oiVx9qS8tiayAE1qzUChxe2q6urbxfLttjqC3DLx/Wsg3qaVfK3uaMAST8Mw4//iXT5xVKXepTbptgBzF6PrfVlH5su90ghTZd75O3s7Oz3/fxcHb56RAccrq0Wmry9vV30At06Zuk2P5fDVo7ihA3YehL8+fn54lOqypCVMauPs4kaMGtp8LkT4redBF8fc6uPvQkb0OQ7Dx4fHxdbtiiHrlybrT5rWv9d4HDN+jKXqQtPTl1ocuzsqNEasJNvqZqzVPjUpcFFDVjke0WnfMFLHaaxEdzYiQJRAxYJ25xlxDcFrnxc3y9fA7DTsE35QuWxWI2NykQN2HvYtl05pI7VWLwEDfgvwwawC5YtAsIRNiAcYQPCETYgHGEDwhE2IBxhA8IRNiAcYQPCETYgHGEDwhE2IBxhA8IRNiAcYQPCETagi+YXGFo2QVpGsFsAAAAASUVORK5CYII=""}}]}, {""role"": ""assistant"", ""content"": ""0.2""}, {""role"": ""user"", ""content"": [{""type"": ""text"", ""text"": ""\nConsider the image provided.\n\nFinal Answer:\n""}, {""type"": ""image_url"", ""image_url"": {""url"": ""data:image/png;base64,iVBORw0KGgoAAAANSUhEUgAAATYAAABcCAYAAADkpJkhAAADyUlEQVR4nO3dvU7jQBSA0QQCFLyQeR8kxLNR01Mi0VPT0tFAgQRZDdKshllvlmQdj31zjmQlIcREQvq48R/L9Xq9XgAEctT6DQAMTdiAcIQNCEfYgHCEDQhH2IBwhA0IR9iAcIQNCEfYgHCEDQhH2IBwhA0IR9iAcIQNCEfYgHCEDQhH2IBwhA0IR9iAcIQNCEfYgHCEDQhH2IBwhA0IR9iAcJZd161bvwmAIS0Xi4WwAaH4KAqEI2xAOMIGhLPquq71ewAY1HK9Xtt5AITioygQjrAB4QgbEI6wAeEIGxCOsAHhCBsQjrAB4QgbEI6wAeGsWr8BpuPz83Pn1x4d+RvJdDhX9ACN+StfLtO1TGFcJrYD8dNpbJcQiRdTY2IL7OPjY5D11OHqC5m4MSXCFtD7+/sg6yljle/Xt5vuQys+igby9vY22Lr6QpaX8nH9/envpLjRmrAF8fLysvegpSXt/ay/Vr8WWhO2AJ6fnwdbVz2VlSFL9/NSPlce6pEem9poTdhm7OnpaZD11FNXPaHVy/Hx8ddtCliOmrgxJcI2Y0NtU6vDVk5iZczykg4dWa1WfxwPl+MmaLQmbDP18PAw2Lr6tqfVQUshy0sOWvp635RW38LYhG2G7u7uBl/nT6J2cnLyNa2lJcet/ugqZkyBsM3Q6+vr3sNWRi0FLd3moOV41a/Jz5XREzpaELaZubm52ct6+6a1PKmlMxhOT0+/fW+9/a0MGrS2uri4aP0e2ML19fVo01oKWlrKCax8Pk9w+eNpObWZ0mhpdX9/3/QNsJ3Ly8u9rDeHLQet3EmQJ7M8veWQ1dvbYCp8FD3QE9tLfed/pp+TQ1dHrNzWlpTb1kSOKXB1QCAcYZuZq6urbwfLDrHUB+CWj+uzDurTrJK/nTsKray6rmv2w9lNOvxirEM9ymVT7GBKXI9tpoY+7GPT4R4ppOlwj7ycnZ39vp+fq8NXT3QwJmGbsdvb21EP0K1jlm7zczls5RQnbLRir+iMnZ+fj35KVRmyMmb1djZRoyUTWwD/e0L8tifB19vc6m1vwkZrwhbE4+PjaJctyqErr81W7zWt1wtjErZAdr3w5K4XmuzbO2paYwqELaD/uVT4rpcGFzWmRNgC2+UfvNRh6pvg+nYUiBpTImwHYtvLiG8KXPm4vl++BloRtgP003+o3BervqlM1JgaYeOfVw6pY9UXL0FjSoQNCMfVPYBwhA0IR9iAcIQNCEfYgHCEDQhH2IBwhA0IR9iAcIQNCEfYgHCEDQhH2IBwhA0IR9iAcIQNWETzCw9/NkFh7GVNAAAAAElFTkSuQmCC""}}]}]",0.33
openai/gpt-4o-2024-08-06,sample_009,0.3404,0.3404,0.3404,0.33,"[{""role"": ""system"", ""content"": ""You are a lines length ratio estimator.\n        You are given an image of two lines.\n\n        Estimate the ratio of the shorter line to the longer line as a decimal number between 0 and 1.\n\n        Do not explain or reason. Only output the final answer as a number after Final Answer:\n""}, {""role"": ""user"", ""content"": [{""type"": ""text"", ""text"": ""\nConsider the image provided.\n\nFinal Answer:\n""}, {""type"": ""image_url"", ""image_url"": {""url"": ""data:image/png;base64,iVBORw0KGgoAAAANSUhEUgAAATYAAABcCAYAAADkpJkhAAADxklEQVR4nO3dv04iXRzHYVDUwhvC+zExXpu1vaWJvbWtnY0WJsrmbHI2Z887r9nFYWb58jzJBBAZsfn4Y/653Gw2mwVAkKO53wDA2IQNiCNsQBxhA+IIGxBH2IA4wgbEETYgjrABcYQNiCNsQBxhA+IIGxBH2IA4wgbEETYgjrABcYQNiCNsQBxhA+IIGxBH2IA4wgbEETYgjrABcYQNiLNcr9ebud8EwJiWi8VC2IAoPooCcYQNiCNsQJzVer2e+z0AjGq52WzsPACi+CgKxBE2II6wAXGEDYgjbEAcYQPiCBsQR9iAOMIGxBE2IM5q7jfwr/r8/Nz6tUdH/l7AnA7+XNEpf/3lslzXE9i1g5zY/nQa2yZE4gXzO5iJ7ePjY5T19OEaCpm4wbziw/b+/j7KetpY1fv97Vf3genEfhR9e3sbbV1DIatL+7j//vI3Q9xgepFhe3l52XnQylL2fvZf618LTC8ubM/Pz6Otq5/K2pCV+3Vpn2sP9SiPTW0wvZiwPT09jbKefurqJ7R+OT4+/nlbAlajJm4wr5iwjbVNrQ9bO4m1MatLOXRktVr953i4GjdBg+lFhO3h4WG0dQ1tT+uDVkJWlxq08vWhKa2/BXZv78N2d3c3+jr/JGonJyc/p7Wy1Lj1H13FDOax92F7fX3dedjaqJWgldsatBqv/jX1uTZ6QgfT2Ouw3dzc7GS9Q9NandTKGQynp6e/fW+//a0NGjC91cXFxWJfXV9fTzatlaCVpZ3A2ufrBFc/nrZTmykNprW6v79f7KvLy8udrLeGrQat3UlQJ7M6vdWQ9dvbgPns9UfRsU5sbw2d/1l+Tg1dH7F2W1vRblsTOZiHKyICcfY6bFdXV78dLDvG0h+A2z7uzzroT7Mq/u/cUWA6q/V6vdhn5fCLqQ71aJevYgfMK+J6bGMf9vHV4R4lpOVwj7qcnZ39ul+f68PXT3TAbkWErbi9vZ30AN0+ZuW2PlfD1k5xwgbT2eu9oq3z8/PJT6lqQ9bGrN/OJmowrZiJbawT4v/2JPh+m1u/7U3YYHpxYSseHx8nu2xRDV17bbZ+r2m/XmC3IsP2nQtPbnuhyaG9o6Y1mEds2Ma4VPi2lwYXNZhXfNi+8w9e+jANTXBDOwpEDeZ1MGH7zmXEvwpc+7i/374GmM5Bhm2bf6g8FKuhqUzUYH4HH7a/vXJIH6uheAkazEvYgDh7fXUPgCHCBsQRNiCOsAFxhA2II2xAHGED4ggbEEfYgDjCBsQRNiCOsAFxhA2II2xAHGED4ggbsEjzA5yMNkFpGj6SAAAAAElFTkSuQmCC""}}]}, {""role"": ""assistant"", ""content"": ""0.25""}, {""role"": ""user"", ""content"": [{""type"": ""text"", ""text"": ""\nConsider the image provided.\n\nFinal Answer:\n""}, {""type"": ""image_url"", ""image_url"": {""url"": ""data:image/png;base64,iVBORw0KGgoAAAANSUhEUgAAATYAAABcCAYAAADkpJkhAAADz0lEQVR4nO3du04bQRiAURuWi8QLLe9DwzvxBtT0lEj01LR0NFAggaNBmmgy2ZDEnlkn/54jrdbGeOIi+jx7Zb3ZbDYrgEAO9v0BAFoTNiAcYQPCETYgHGEDwhE2IBxhA8IRNiAcYQPCETYgHGEDwhE2IBxhA8IRNiAcYQPCETYgHGEDwhE2IBxhA8IRNiAcYQPCETYgHGEDwhE2IBxhA8IRNiCc9TiOm31/CICW1qvVStiAUGyKAuEIGxCOsAHhDOM47vszADS13mw2Dh4AodgUBcIRNiAcYQPCETYgHGEDwhE2IBxhA8IRNiAcYQPCETYgnGHfH4D/z8fHx9bvPTjwXUp/rhXll+b8r7Fep3ueQhtmbGw9G9smRgLGHMzYWL2/vzcbqw7XVMjEjd6EbcHe3t6ajVXGKj+u1189hpZsii7Q6+tr0/GmQpaX8nn9++k7VdzoQdgW5vn5eZagpSUdAa1/Vr8XehC2BXl6emo6Xj0rK0OWHuelfK083SM9N2ujB2FbgMfHx2Zj1bOueoZWL4eHh5/rFLAcNXGjN2FbgJb71OqwlTOxMmZ5SaePDMPw0zlxOW6CRg/CFtz9/X3T8ab2p9VBSyHLSw5a+vnULK1eQwvCFtjt7W2Xcf8kakdHR5+ztbTkuNWbrmJGL8IW2MvLyyxhK6OWgpbWOWg5XvV78mtl9ISOVoQtqOvr625jT83W8kwtXcVwfHz8w+/W+9/KoEEPw/n5eZeB2a/Ly8tZZ2spaGkpZ2Dl63kGlzdPy1mbWRqtDXd3d80HZf8uLi66jZ3DloNWHiTIM7M8e8shq/e3QU82RYNqeWF7aer6z/Rv5dDVESv3tSXlvjWRoxd3/QPCSV+7vjaDurq66r4pmjc78xHRdOAgLaenp6uTk5Pv67Tk1/KR0/z+fJJvHht2NYzjuPMg/JtSQOY81aNc8s/rS6yEizm4H1twPU77+Op0j3LWlpZ6ppbWdfjqi+lhV8K2ADc3N7OfoFvHLK3za1ObocJGS46KLsDZ2dleLqkqQ1bGrL4SQdRozYxtQVpcEP+3F8HX+9zqfW/CRg/CtjAPDw+z3rYoh668N1t9A8p6XNiVsC3QLjee3PZGk1NHR83W6EXYFmzXW4Vve2twUaM3YWPrP/BSh2lqBjd1oEDU6E3Y2Pk24l8FrnxePy7fAy0JG03+oPJUrKZmZaLGHISNpncOqWP1u+fQg7AB4bhtERCOsAHhCBsQjrAB4QgbEI6wAeEIGxCOsAHhCBsQjrAB4QgbEI6wAeEIGxCOsAHhCBsQjrABq2i+AV6ZN+f7P3/YAAAAAElFTkSuQmCC""}}]}, {""role"": ""assistant"", ""content"": ""0.33""}, {""role"": ""user"", ""content"": [{""type"": ""text"", ""text"": ""\nConsider the image provided.\n\nFinal Answer:\n""}, {""type"": ""image_url"", ""image_url"": {""url"": ""data:image/png;base64,iVBORw0KGgoAAAANSUhEUgAAATYAAABcCAYAAADkpJkhAAADx0lEQVR4nO3dvU7jSgCG4QTCj8QNhfuh4Z64A2p6SiR6alo6GiiQIEez0qzmzLHYPcjY8cfzSFYSQryWVnoz/hvWu91utwIIcjD3BgCMTdiAOMIGxBE2II6wAXGEDYgjbEAcYQPiCBsQR9iAOMIGxBE2II6wAXGEDYgjbEAcYQPiCBsQR9iAOMIGxBE2II6wAXGEDYgjbEAcYQPiCBsQR9iAOOvtdrubeyMAxrRerVbCBkSxKwrEETYgjrABcTbb7XbubQAY1Xq32zl5AESxKwrEETYgjrABcYQNiCNsQBxhA+IIGxBH2IA4wgbEETYgzmbuDWAcHx8fX/7swYHvN7K4V3RhpvzvWq/LPKSwPEZsYaOxr8RIwEhjxLan3t/fR1tXH66hkIkbSYRtz7y9vY22rjZW9Xn/+NlzWCq7onvi9fV11PUNhawu7ev+98v3nLixdMK2B56fnycJWlnKGdD+Z/1nYemEbWZPT0+jrq8flbUhK8/r0r7XXu5RXhu1sXTCNpPHx8fR1tWPuvoRWr8cHh7+eiwBq1ETN5IIW8AxtT5s7UisjVldyuUjm83mP9fE1bgJGksnbDO4v78fdX1Dx9P6oJWQ1aUGrfx8aJTWP8LSCNvEbm9vv2W9fxO1o6OjX6O1stS49buuYkYCYZvYy8vLJGFro1aCVh5r0Gq8+s/U99roCR1LJGwTur6+/rZ1D43W6kit3MVwfHz8r9/tj7+1QYOl25yfn8+9DT/G5eXlpKO1ErSytCOw9v06gqu7p+2ozSiNJdvc3d3NvQ0/xsXFxbetu4atBq09SVBHZnX0VkPWH2+DFHZFF3pje2vo/s/yb9XQ9RFrj7UV7bE1kSOBGQaBOOUr3lf0hK6urr59V7TudtYzouXEQVlOT09XJycnvx/LUt+rZ07r5+tFvnXdsCSb7XY79zb8KCUgU17q0S715/0tVsJFGvOxhVz28dnlHu2orSz9SK089uHrb6aHJRG2mdzc3Ex+gW4fs/JY3xvaDRU2lspZ0ZmcnZ3NcktVG7I2Zv2dCKLGkhmxBdwQ/39vgu+PufXH3oSNpRO2PfDw8DDptEU1dO3cbP0ElP16YUmELWDiya9ONDl0dtRojQTCFjZV+FenBhc1kghb2B946cM0NIIbOlEgaiQRttBpxD8LXPu6f95+BpZK2IL/oPJQrIZGZaJGGmH7ATOH9LH602tYOmED4pi2CIgjbEAcYQPiCBsQR9iAOMIGxBE2II6wAXGEDYgjbEAcYQPiCBsQR9iAOMIGxBE2II6wAas0/wBdpDfnoKPWyAAAAABJRU5ErkJggg==""}}]}, {""role"": ""assistant"", ""content"": ""0.25""}, {""role"": ""user"", ""content"": [{""type"": ""text"", ""text"": ""\nConsider the image provided.\n\nFinal Answer:\n""}, {""type"": ""image_url"", ""image_url"": {""url"": ""data:image/png;base64,iVBORw0KGgoAAAANSUhEUgAAATYAAABcCAYAAADkpJkhAAADt0lEQVR4nO3dvU7jQBSA0QQCFLyQeR8kxLNR01Mi0VPT0tFAgQReDdHsjgdvtPE6cbg+R7ISCPFaW3zc+I9l27btAiCQo6k3AGBswgaEI2xAOMIGhCNsQDjCBoQjbEA4wgaEI2xAOMIGhCNsQDjCBoQjbEA4wgaEI2xAOMIGhCNsQDjCBoQjbEA4wgaEI2xAOMIGhCNsQDjCBoQjbEA4wgaEs2yapp16IwDGtFwsFsIGhOKjKBCOsAHhCBsQzqppmqm3AWBUy7ZtHTwAQvFRFAhH2IBwhA0IR9iAcIQNCEfYgHCEDQhH2IBwhA0IR9iAcFZTbwBrn5+fg997dOT3E5RcK7pn+/zvXi7TfURhfkxsBzSNDQmReMF3JrYd+fj4GGU9dbj6QiZu0CVsI3t/fx9lPWWs8vP6cdNzmDMfRUfy9vY22rr6QpaX8uv659PvKHEDYRvFy8vLzoOWlnT0s/5e/V5A2P7b8/PzaOuqp7IyZOl5XsrXylM90temNhC2wZ6enkZZTz111RNavRwfH389poDlqIkbdAnbxPvU6rCVk1gZs7ykU0dWq9W38+Fy3AQNhG2Qh4eH0dbVtz+tDloKWV5y0NL3+6a0+hHmSNi2dHd3N/o6/yVqJycnX9NaWnLc6o+uYgZrwral19fXnYetjFoKWnrMQcvxqt+TXyujJ3TMlbBt4ebmZifr7ZvW8qSWrmA4PT3t/Gy9/60MGrBYrC4uLqbehh/j+vp6b9NaClpaygmsfD1PcPnjaTm1mdKYu9X9/f3U2/BjXF5e7mS9OWw5aOVBgjyZ5ekth6ze3wb84aPoBBe2l/qu/0z/Tg5dHbFyX1tS7lsTOVhzh0IgHGHbwtXVVedk2TGW+gTc8uv6qoP6Mqvkb9eOwpytmqaZeht+lHT6xb5O9SiXTbEDutyP7QBO+9h0ukcKaTrdIy9nZ2e/n+fX6vDVEx3MjbANdHt7u9cTdOuYpcf8Wg5bOcUJG3PmqOhA5+fne7+kqgxZGbN6P5uoMXcmtokviN/2Ivh6n1u9703YQNhG8fj4uLfbFuXQlfdmq4+a1uuFuRG2iW88OfRGk31HR01rsCZsB3Sr8KG3Bhc16BK2A/oDL3WY+ia4vgMFogZdwnaAtxHfFLjy6/p5+R6YM2E70D+o3BervqlM1OA7YTvwO4fUseqLl6BBl7AB4bi7BxCOsAHhCBsQjrAB4QgbEI6wAeEIGxCOsAHhCBsQjrAB4QgbEI6wAeEIGxCOsAHhCBsQjrABi2h+ASl0NkFWMNjMAAAAAElFTkSuQmCC""}}]}, {""role"": ""assistant"", ""content"": ""0.33""}, {""role"": ""user"", ""content"": [{""type"": ""text"", ""text"": ""\nConsider the image provided.\n\nFinal Answer:\n""}, {""type"": ""image_url"", ""image_url"": {""url"": ""data:image/png;base64,iVBORw0KGgoAAAANSUhEUgAAATYAAABcCAYAAADkpJkhAAADwElEQVR4nO3dsU7jSgCG0QAGCl4ovA8S4tmo6SmR6Klp6WigQIJczUpzNTvXF+0G24E/50hWkg3xpvo0sT3jg81ms1kBBDnc9RcAmJqwAXGEDYgjbEAcYQPiCBsQR9iAOMIGxBE2II6wAXGEDYgjbEAcYQPiCBsQR9iAOMIGxBE2II6wAXGEDYgjbEAcYQPiCBsQR9iAOMIGxBE2II6wAXEO1uv1ZtdfAmBKB6vVStiAKH6KAnGEDYgjbECcYb1e7/o7AEzqYLPZOHkARPFTFIgjbEAcYQPiCBsQR9iAOMIGxBE2II6wAXGEDYgjbECcYfWDfHx8bP3Zw0MNh33xLeeKLvmVDg7KWptAkuGnjca2CZF4wX7Z6Yjt/f19kv304RoLmbjB/thJ2N7e3ibZTxur+rx//Ow5kGnRn6Kvr6+T7WssZHVrX/d/XzoubpBtsbA9Pz/PHrSylbOf/b/1nwWyLRK2p6enyfbVj8rakJXndWvfay/1KK+N2iDbrGF7fHycZD/9qKsfofXb0dHRr8cSsBo1cYP9MfyEY2p92NqRWBuzupVLR4Zh+M/1cDVuggbZZgvb/f39ZPsaO57WB62ErG41aOXfx0Zp/SOQZZaw3d7eTr7PP4na8fHxr9Fa2Wrc+p+uYgb5Zgnby8vL7GFro1aCVh5r0Gq8+s/U99roCR3kmTxs19fXqzmMjdbqSK3MYDg5Ofntb/vjb23QgGzD+fn5pDu8urpaLTVaK0ErWzsCa9+vI7j687QdtRmlQa7h7u5u0h1eXFys5lDDVoPWniSoI7M6eqsh64+3Afth+K4T21tj8z/L/1ND10esPdZWtMfWRA7yWX0RiDN52C4vL3+7WHaKrb8At33dzzrop1kV/zd3FMg0rNfryXdaLr9Y6lKPdvssdsD+mG09tqkv+/jsco8S0nK5R91OT0//fV7f68PXj+iAHLMuNHlzc7PoBbp9zMpjfa+GrR3FCRtkmnUS/NnZ2eJTqtqQtTHrj7OJGuRaZGnwr06I/9tJ8P0xt/7Ym7BBtsXuefDw8LDYskU1dO3abP1Z036/QI5Fb+ay7cKT2y40OXZ21GgN8u3kLlVfWSp826XBRQ32x07vK7rNDV76MI2N4MZOFIga7I+dhu0ry4h/Frj2df+8/QyQ6duEbZsbKo/FamxUJmqwX75l2P525ZA+VmPxEjTYHz8qbAB/wrJFQBxhA+IIGxBH2IA4wgbEETYgjrABcYQNiCNsQBxhA+IIGxBH2IA4wgbEETYgjrABcYQNWKX5B1S3NkEoUplJAAAAAElFTkSuQmCC""}}]}, {""role"": ""assistant"", ""content"": ""0.2""}, {""role"": ""user"", ""content"": [{""type"": ""text"", ""text"": ""\nConsider the image provided.\n\nFinal Answer:\n""}, {""type"": ""image_url"", ""image_url"": {""url"": ""data:image/png;base64,iVBORw0KGgoAAAANSUhEUgAAATYAAABcCAYAAADkpJkhAAADwElEQVR4nO3dsU7jSgCG0QAGCl4ovA8S4tmo6SmR6Klp6WigQIJczUpzNTvXF+0G24E/50hWkg3xpvo0sT3jg81ms1kBBDnc9RcAmJqwAXGEDYgjbEAcYQPiCBsQR9iAOMIGxBE2II6wAXGEDYgjbEAcYQPiCBsQR9iAOMIGxBE2II6wAXGEDYgjbEAcYQPiCBsQR9iAOMIGxBE2II6wAXEO1uv1ZtdfAmBKB6vVStiAKH6KAnGEDYgjbECcYb1e7/o7AEzqYLPZOHkARPFTFIgjbEAcYQPiCBsQR9iAOMIGxBE2II6wAXGEDYgjbECcYfWDfHx8bP3Zw0MNh33xLeeKLvmVDg7KWptAkuGnjca2CZF4wX7Z6Yjt/f19kv304RoLmbjB/thJ2N7e3ibZTxur+rx//Ow5kGnRn6Kvr6+T7WssZHVrX/d/XzoubpBtsbA9Pz/PHrSylbOf/b/1nwWyLRK2p6enyfbVj8rakJXndWvfay/1KK+N2iDbrGF7fHycZD/9qKsfofXb0dHRr8cSsBo1cYP9MfyEY2p92NqRWBuzupVLR4Zh+M/1cDVuggbZZgvb/f39ZPsaO57WB62ErG41aOXfx0Zp/SOQZZaw3d7eTr7PP4na8fHxr9Fa2Wrc+p+uYgb5Zgnby8vL7GFro1aCVh5r0Gq8+s/U99roCR3kmTxs19fXqzmMjdbqSK3MYDg5Ofntb/vjb23QgGzD+fn5pDu8urpaLTVaK0ErWzsCa9+vI7j687QdtRmlQa7h7u5u0h1eXFys5lDDVoPWniSoI7M6eqsh64+3Afth+K4T21tj8z/L/1ND10esPdZWtMfWRA7yWX0RiDN52C4vL3+7WHaKrb8At33dzzrop1kV/zd3FMg0rNfryXdaLr9Y6lKPdvssdsD+mG09tqkv+/jsco8S0nK5R91OT0//fV7f68PXj+iAHLMuNHlzc7PoBbp9zMpjfa+GrR3FCRtkmnUS/NnZ2eJTqtqQtTHrj7OJGuRaZGnwr06I/9tJ8P0xt/7Ym7BBtsXuefDw8LDYskU1dO3abP1Z036/QI5Fb+ay7cKT2y40OXZ21GgN8u3kLlVfWSp826XBRQ32x07vK7rNDV76MI2N4MZOFIga7I+dhu0ry4h/Frj2df+8/QyQ6duEbZsbKo/FamxUJmqwX75l2P525ZA+VmPxEjTYHz8qbAB/wrJFQBxhA+IIGxBH2IA4wgbEETYgjrABcYQNiCNsQBxhA+IIGxBH2IA4wgbEETYgjrABcYQNWKX5B1S3NkEoUplJAAAAAElFTkSuQmCC""}}]}, {""role"": ""assistant"", ""content"": ""0.25""}, {""role"": ""user"", ""content"": [{""type"": ""text"", ""text"": ""\nConsider the image provided.\n\nFinal Answer:\n""}, {""type"": ""image_url"", ""image_url"": {""url"": ""data:image/png;base64,iVBORw0KGgoAAAANSUhEUgAAATYAAABcCAYAAADkpJkhAAADqklEQVR4nO3dvU7jQBSAUQcMFLyQeR8kxLNR01Mi0VPT0tFAgQRZDdKshllv2NgTZ3VzjmQlIYREFJ/GPzNZrdfrdQcQyNG+PwBAa8IGhCNsQDjCBoQjbEA4wgaEI2xAOMIGhCNsQDjCBoQjbEA4wgaEI2xAOMIGhCNsQDjCBoQjbEA4wgaEI2xAOMIGhCNsQDjCBoQjbEA4wgaEI2xAOMIGhLMahmG97w8B0NKq6zphA0KxKwqEI2xAOMIGhNMPw7DvzwDQ1Gq9Xjt5AIRiVxQIR9iAcIQNCEfYgHCEDQhH2IBwhA0IR9iAcIQNCEfYgHD6fb755+fn5NceHWkysMe5oktOR12t0tqZwCHr9z0amxIi8QIWG7F9fHw0+Tt1uMZCJm7ATsP2/v7e5sMUscr369tN9wFm74q+vb01+y+OhSxv5eP691OXxQ1oEraXl5du10FLWzr7Wf+sfi3A7LA9Pz93rdSjsjJk6X7eyufKSz3SY6M2YHLYnp6euhbqUVc9Qqu34+Pjr9sUsBw1cQOahK3VMbU6bOVIrIxZ3tKlI33f/3E9XI6boAGTwvbw8NC1MnY8rQ5aClnectDSz8dGafUtcNj+KWx3d3fN3/hfonZycvI1Wktbjlu96ypmwKSwvb6+drsOWxm1FLR0m4OW41W/Jj9XRk/ogB/DdnNzs5M3Hhut5ZFamsFwenr67Xfr429l0ABK/cXFRbfJ9fV1t9RoLQUtbeUIrHw+j+Dy7mk5ajNKA7L+/v6+2+Ty8rLbhRy2HLTyJEEemeXRWw5ZfbwNYNKuaKuJ7aWx+Z/pfXLo6oiVx9qS8tiayAE1qzUChxe2q6urbxfLttjqC3DLx/Wsg3qaVfK3uaMAST8Mw4//iXT5xVKXepTbptgBzF6PrfVlH5su90ghTZd75O3s7Oz3/fxcHb56RAccrq0Wmry9vV30At06Zuk2P5fDVo7ihA3YehL8+fn54lOqypCVMauPs4kaMGtp8LkT4redBF8fc6uPvQkb0OQ7Dx4fHxdbtiiHrlybrT5rWv9d4HDN+jKXqQtPTl1ocuzsqNEasJNvqZqzVPjUpcFFDVjke0WnfMFLHaaxEdzYiQJRAxYJ25xlxDcFrnxc3y9fA7DTsE35QuWxWI2NykQN2HvYtl05pI7VWLwEDfgvwwawC5YtAsIRNiAcYQPCETYgHGEDwhE2IBxhA8IRNiAcYQPCETYgHGEDwhE2IBxhA8IRNiAcYQPCETagi+YXGFo2QVpGsFsAAAAASUVORK5CYII=""}}]}, {""role"": ""assistant"", ""content"": ""0.2""}, {""role"": ""user"", ""content"": [{""type"": ""text"", ""text"": ""\nConsider the image provided.\n\nFinal Answer:\n""}, {""type"": ""image_url"", ""image_url"": {""url"": ""data:image/png;base64,iVBORw0KGgoAAAANSUhEUgAAATYAAABcCAYAAADkpJkhAAADyUlEQVR4nO3dvU7jQBSA0QQCFLyQeR8kxLNR01Mi0VPT0tFAgQRZDdKshllvlmQdj31zjmQlIcREQvq48R/L9Xq9XgAEctT6DQAMTdiAcIQNCEfYgHCEDQhH2IBwhA0IR9iAcIQNCEfYgHCEDQhH2IBwhA0IR9iAcIQNCEfYgHCEDQhH2IBwhA0IR9iAcIQNCEfYgHCEDQhH2IBwhA0IR9iAcJZd161bvwmAIS0Xi4WwAaH4KAqEI2xAOMIGhLPquq71ewAY1HK9Xtt5AITioygQjrAB4QgbEI6wAeEIGxCOsAHhCBsQjrAB4QgbEI6wAeGsWr8BpuPz83Pn1x4d+RvJdDhX9ACN+StfLtO1TGFcJrYD8dNpbJcQiRdTY2IL7OPjY5D11OHqC5m4MSXCFtD7+/sg6yljle/Xt5vuQys+igby9vY22Lr6QpaX8nH9/envpLjRmrAF8fLysvegpSXt/ay/Vr8WWhO2AJ6fnwdbVz2VlSFL9/NSPlce6pEem9poTdhm7OnpaZD11FNXPaHVy/Hx8ddtCliOmrgxJcI2Y0NtU6vDVk5iZczykg4dWa1WfxwPl+MmaLQmbDP18PAw2Lr6tqfVQUshy0sOWvp635RW38LYhG2G7u7uBl/nT6J2cnLyNa2lJcet/ugqZkyBsM3Q6+vr3sNWRi0FLd3moOV41a/Jz5XREzpaELaZubm52ct6+6a1PKmlMxhOT0+/fW+9/a0MGrS2uri4aP0e2ML19fVo01oKWlrKCax8Pk9w+eNpObWZ0mhpdX9/3/QNsJ3Ly8u9rDeHLQet3EmQJ7M8veWQ1dvbYCp8FD3QE9tLfed/pp+TQ1dHrNzWlpTb1kSOKXB1QCAcYZuZq6urbwfLDrHUB+CWj+uzDurTrJK/nTsKray6rmv2w9lNOvxirEM9ymVT7GBKXI9tpoY+7GPT4R4ppOlwj7ycnZ39vp+fq8NXT3QwJmGbsdvb21EP0K1jlm7zczls5RQnbLRir+iMnZ+fj35KVRmyMmb1djZRoyUTWwD/e0L8tifB19vc6m1vwkZrwhbE4+PjaJctyqErr81W7zWt1wtjErZAdr3w5K4XmuzbO2paYwqELaD/uVT4rpcGFzWmRNgC2+UfvNRh6pvg+nYUiBpTImwHYtvLiG8KXPm4vl++BloRtgP003+o3BervqlM1JgaYeOfVw6pY9UXL0FjSoQNCMfVPYBwhA0IR9iAcIQNCEfYgHCEDQhH2IBwhA0IR9iAcIQNCEfYgHCEDQhH2IBwhA0IR9iAcIQNWETzCw9/NkFh7GVNAAAAAElFTkSuQmCC""}}]}, {""role"": ""assistant"", ""content"": ""0.33""}, {""role"": ""user"", ""content"": [{""type"": ""text"", ""text"": ""\nConsider the image provided.\n\nFinal Answer:\n""}, {""type"": ""image_url"", ""image_url"": {""url"": ""data:image/png;base64,iVBORw0KGgoAAAANSUhEUgAAATYAAABcCAYAAADkpJkhAAADyElEQVR4nO3du07jQBiA0QTCReKFzPvQ8E68ATU9JRI9NS0dDRRIkNWAZjOZtdhN1onNP+dIVm7Ea23xMb4N8+VyuZwBBHIw9gYADE3YgHCEDQhH2IBwhA0IR9iAcIQNCEfYgHCEDQhH2IBwhA0IR9iAcIQNCEfYgHCEDQhH2IBwhA0IR9iAcIQNCEfYgHCEDQhH2IBwhA0IR9iAcIQNCEfYgHDmXdctx94IgCHNZ7OZsAGh2BUFwhE2IBxhA8JZdF039jYADGq+XC6dPABCsSsKhCNsQDjCBoQjbEA4wgaEI2xAOMIGhCNsQDjCBoQjbEA4i7E3gC8fHx9bf/fgwO8nKLlXdM/2+d89n6d5RKE9RmwTG41tEyMBg3VGbDvy/v4+2LrqcPWFTNxgRdgG9vb2Nti6yljl5/Xjd8+hVXZFB/L6+jro+vpClpfydf3z6feUuNE6YRvA8/PzXoKWlnQGtH6v/i60Ttj+09PT06Drq0dlZcjS87yUn5WXe6TXRm20Tti29Pj4ONi66lFXPUKrl8PDw8/HFLAcNXGDFWGbwDG1OmzlSKyMWV7S5SOLxeKPa+Jy3ASN1gnbFu7v7wddX9/xtDpoKWR5yUFL7/eN0upHaI2wbej29nYn6/2XqB0dHX2O1tKS41bvuooZCNvGXl5e9hK2MmopaOkxBy3Hq/5O/qyMntDRImHbwPX19c7W3TdayyO1dBfD8fHx2s/Wx9/KoEHrFufn52Nvw49xeXm519FaClpayhFY+XkeweXd03LUZpRGyxZ3d3djb8OPcXFxsbN157DloJUnCfLILI/ecsjq423AF7uiI93YXuq7/zP9Wzl0dcTKY21JeWxN5MAMukBAaYjgV/wGrq6udr4rmnc78xnRdOIgLaenp7OTk5Pfj2nJn+Uzp/n7+SLfvG5oyaLrurG34UdJAdnnpR7lkt+vb7ESLlhnPraJXPbx3eUe5agtLfVILT3W4atvpoeWCNuWbm5u9n6Bbh2z9Jg/69sNFTZa5azols7Ozka5paoMWRmz+k4EUaNlRmwTuCF+05vg62Nu9bE3YaN1wjaAh4eHvU5blENXzs1WT0BZrxdaImwTmHhy24km+86OGq2BsE1uqvBtpwYXNVgRton9gZc6TH0juL4TBaIGK8I20WnEvwtc+bp+Xn4HWiVsE/6Dyn2x6huViRqsE7YfMHNIHau/vYbWCRsQjmmLgHCEDQhH2IBwhA0IR9iAcIQNCEfYgHCEDQhH2IBwhA0IR9iAcIQNCEfYgHCEDQhH2IBwhA2YRfMLNyg35zXTJSIAAAAASUVORK5CYII=""}}]}]",0.33
openai/gpt-4o-2024-08-06,sample_010,0.3832,0.3832,0.3832,0.25,"[{""role"": ""system"", ""content"": ""You are a lines length ratio estimator.\n        You are given an image of two lines.\n\n        Estimate the ratio of the shorter line to the longer line as a decimal number between 0 and 1.\n\n        Do not explain or reason. Only output the final answer as a number after Final Answer:\n""}, {""role"": ""user"", ""content"": [{""type"": ""text"", ""text"": ""\nConsider the image provided.\n\nFinal Answer:\n""}, {""type"": ""image_url"", ""image_url"": {""url"": ""data:image/png;base64,iVBORw0KGgoAAAANSUhEUgAAATYAAABcCAYAAADkpJkhAAADxklEQVR4nO3dv04iXRzHYVDUwhvC+zExXpu1vaWJvbWtnY0WJsrmbHI2Z887r9nFYWb58jzJBBAZsfn4Y/653Gw2mwVAkKO53wDA2IQNiCNsQBxhA+IIGxBH2IA4wgbEETYgjrABcYQNiCNsQBxhA+IIGxBH2IA4wgbEETYgjrABcYQNiCNsQBxhA+IIGxBH2IA4wgbEETYgjrABcYQNiLNcr9ebud8EwJiWi8VC2IAoPooCcYQNiCNsQJzVer2e+z0AjGq52WzsPACi+CgKxBE2II6wAXGEDYgjbEAcYQPiCBsQR9iAOMIGxBE2IM5q7jfwr/r8/Nz6tUdH/l7AnA7+XNEpf/3lslzXE9i1g5zY/nQa2yZE4gXzO5iJ7ePjY5T19OEaCpm4wbziw/b+/j7KetpY1fv97Vf3genEfhR9e3sbbV1DIatL+7j//vI3Q9xgepFhe3l52XnQylL2fvZf618LTC8ubM/Pz6Otq5/K2pCV+3Vpn2sP9SiPTW0wvZiwPT09jbKefurqJ7R+OT4+/nlbAlajJm4wr5iwjbVNrQ9bO4m1MatLOXRktVr953i4GjdBg+lFhO3h4WG0dQ1tT+uDVkJWlxq08vWhKa2/BXZv78N2d3c3+jr/JGonJyc/p7Wy1Lj1H13FDOax92F7fX3dedjaqJWgldsatBqv/jX1uTZ6QgfT2Ouw3dzc7GS9Q9NandTKGQynp6e/fW+//a0NGjC91cXFxWJfXV9fTzatlaCVpZ3A2ufrBFc/nrZTmykNprW6v79f7KvLy8udrLeGrQat3UlQJ7M6vdWQ9dvbgPns9UfRsU5sbw2d/1l+Tg1dH7F2W1vRblsTOZiHKyICcfY6bFdXV78dLDvG0h+A2z7uzzroT7Mq/u/cUWA6q/V6vdhn5fCLqQ71aJevYgfMK+J6bGMf9vHV4R4lpOVwj7qcnZ39ul+f68PXT3TAbkWErbi9vZ30AN0+ZuW2PlfD1k5xwgbT2eu9oq3z8/PJT6lqQ9bGrN/OJmowrZiJbawT4v/2JPh+m1u/7U3YYHpxYSseHx8nu2xRDV17bbZ+r2m/XmC3IsP2nQtPbnuhyaG9o6Y1mEds2Ma4VPi2lwYXNZhXfNi+8w9e+jANTXBDOwpEDeZ1MGH7zmXEvwpc+7i/374GmM5Bhm2bf6g8FKuhqUzUYH4HH7a/vXJIH6uheAkazEvYgDh7fXUPgCHCBsQRNiCOsAFxhA2II2xAHGED4ggbEEfYgDjCBsQRNiCOsAFxhA2II2xAHGED4ggbsEjzA5yMNkFpGj6SAAAAAElFTkSuQmCC""}}]}, {""role"": ""assistant"", ""content"": ""0.25""}, {""role"": ""user"", ""content"": [{""type"": ""text"", ""text"": ""\nConsider the image provided.\n\nFinal Answer:\n""}, {""type"": ""image_url"", ""image_url"": {""url"": ""data:image/png;base64,iVBORw0KGgoAAAANSUhEUgAAATYAAABcCAYAAADkpJkhAAADz0lEQVR4nO3du04bQRiAURuWi8QLLe9DwzvxBtT0lEj01LR0NFAggaNBmmgy2ZDEnlkn/54jrdbGeOIi+jx7Zb3ZbDYrgEAO9v0BAFoTNiAcYQPCETYgHGEDwhE2IBxhA8IRNiAcYQPCETYgHGEDwhE2IBxhA8IRNiAcYQPCETYgHGEDwhE2IBxhA8IRNiAcYQPCETYgHGEDwhE2IBxhA8IRNiCc9TiOm31/CICW1qvVStiAUGyKAuEIGxCOsAHhDOM47vszADS13mw2Dh4AodgUBcIRNiAcYQPCETYgHGEDwhE2IBxhA8IRNiAcYQPCETYgnGHfH4D/z8fHx9bvPTjwXUp/rhXll+b8r7Fep3ueQhtmbGw9G9smRgLGHMzYWL2/vzcbqw7XVMjEjd6EbcHe3t6ajVXGKj+u1189hpZsii7Q6+tr0/GmQpaX8nn9++k7VdzoQdgW5vn5eZagpSUdAa1/Vr8XehC2BXl6emo6Xj0rK0OWHuelfK083SM9N2ujB2FbgMfHx2Zj1bOueoZWL4eHh5/rFLAcNXGjN2FbgJb71OqwlTOxMmZ5SaePDMPw0zlxOW6CRg/CFtz9/X3T8ab2p9VBSyHLSw5a+vnULK1eQwvCFtjt7W2Xcf8kakdHR5+ztbTkuNWbrmJGL8IW2MvLyyxhK6OWgpbWOWg5XvV78mtl9ISOVoQtqOvr625jT83W8kwtXcVwfHz8w+/W+9/KoEEPw/n5eZeB2a/Ly8tZZ2spaGkpZ2Dl63kGlzdPy1mbWRqtDXd3d80HZf8uLi66jZ3DloNWHiTIM7M8e8shq/e3QU82RYNqeWF7aer6z/Rv5dDVESv3tSXlvjWRoxd3/QPCSV+7vjaDurq66r4pmjc78xHRdOAgLaenp6uTk5Pv67Tk1/KR0/z+fJJvHht2NYzjuPMg/JtSQOY81aNc8s/rS6yEizm4H1twPU77+Op0j3LWlpZ6ppbWdfjqi+lhV8K2ADc3N7OfoFvHLK3za1ObocJGS46KLsDZ2dleLqkqQ1bGrL4SQdRozYxtQVpcEP+3F8HX+9zqfW/CRg/CtjAPDw+z3rYoh668N1t9A8p6XNiVsC3QLjee3PZGk1NHR83W6EXYFmzXW4Vve2twUaM3YWPrP/BSh2lqBjd1oEDU6E3Y2Pk24l8FrnxePy7fAy0JG03+oPJUrKZmZaLGHISNpncOqWP1u+fQg7AB4bhtERCOsAHhCBsQjrAB4QgbEI6wAeEIGxCOsAHhCBsQjrAB4QgbEI6wAeEIGxCOsAHhCBsQjrABq2i+AV6ZN+f7P3/YAAAAAElFTkSuQmCC""}}]}, {""role"": ""assistant"", ""content"": ""0.33""}, {""role"": ""user"", ""content"": [{""type"": ""text"", ""text"": ""\nConsider the image provided.\n\nFinal Answer:\n""}, {""type"": ""image_url"", ""image_url"": {""url"": ""data:image/png;base64,iVBORw0KGgoAAAANSUhEUgAAATYAAABcCAYAAADkpJkhAAADx0lEQVR4nO3dvU7jSgCG4QTCj8QNhfuh4Z64A2p6SiR6alo6GiiQIEez0qzmzLHYPcjY8cfzSFYSQryWVnoz/hvWu91utwIIcjD3BgCMTdiAOMIGxBE2II6wAXGEDYgjbEAcYQPiCBsQR9iAOMIGxBE2II6wAXGEDYgjbEAcYQPiCBsQR9iAOMIGxBE2II6wAXGEDYgjbEAcYQPiCBsQR9iAOOvtdrubeyMAxrRerVbCBkSxKwrEETYgjrABcTbb7XbubQAY1Xq32zl5AESxKwrEETYgjrABcYQNiCNsQBxhA+IIGxBH2IA4wgbEETYgzmbuDWAcHx8fX/7swYHvN7K4V3RhpvzvWq/LPKSwPEZsYaOxr8RIwEhjxLan3t/fR1tXH66hkIkbSYRtz7y9vY22rjZW9Xn/+NlzWCq7onvi9fV11PUNhawu7ev+98v3nLixdMK2B56fnycJWlnKGdD+Z/1nYemEbWZPT0+jrq8flbUhK8/r0r7XXu5RXhu1sXTCNpPHx8fR1tWPuvoRWr8cHh7+eiwBq1ETN5IIW8AxtT5s7UisjVldyuUjm83mP9fE1bgJGksnbDO4v78fdX1Dx9P6oJWQ1aUGrfx8aJTWP8LSCNvEbm9vv2W9fxO1o6OjX6O1stS49buuYkYCYZvYy8vLJGFro1aCVh5r0Gq8+s/U99roCR1LJGwTur6+/rZ1D43W6kit3MVwfHz8r9/tj7+1QYOl25yfn8+9DT/G5eXlpKO1ErSytCOw9v06gqu7p+2ozSiNJdvc3d3NvQ0/xsXFxbetu4atBq09SVBHZnX0VkPWH2+DFHZFF3pje2vo/s/yb9XQ9RFrj7UV7bE1kSOBGQaBOOUr3lf0hK6urr59V7TudtYzouXEQVlOT09XJycnvx/LUt+rZ07r5+tFvnXdsCSb7XY79zb8KCUgU17q0S715/0tVsJFGvOxhVz28dnlHu2orSz9SK089uHrb6aHJRG2mdzc3Ex+gW4fs/JY3xvaDRU2lspZ0ZmcnZ3NcktVG7I2Zv2dCKLGkhmxBdwQ/39vgu+PufXH3oSNpRO2PfDw8DDptEU1dO3cbP0ElP16YUmELWDiya9ONDl0dtRojQTCFjZV+FenBhc1kghb2B946cM0NIIbOlEgaiQRttBpxD8LXPu6f95+BpZK2IL/oPJQrIZGZaJGGmH7ATOH9LH602tYOmED4pi2CIgjbEAcYQPiCBsQR9iAOMIGxBE2II6wAXGEDYgjbEAcYQPiCBsQR9iAOMIGxBE2II6wAas0/wBdpDfnoKPWyAAAAABJRU5ErkJggg==""}}]}, {""role"": ""assistant"", ""content"": ""0.25""}, {""role"": ""user"", ""content"": [{""type"": ""text"", ""text"": ""\nConsider the image provided.\n\nFinal Answer:\n""}, {""type"": ""image_url"", ""image_url"": {""url"": ""data:image/png;base64,iVBORw0KGgoAAAANSUhEUgAAATYAAABcCAYAAADkpJkhAAADt0lEQVR4nO3dvU7jQBSA0QQCFLyQeR8kxLNR01Mi0VPT0tFAgQReDdHsjgdvtPE6cbg+R7ISCPFaW3zc+I9l27btAiCQo6k3AGBswgaEI2xAOMIGhCNsQDjCBoQjbEA4wgaEI2xAOMIGhCNsQDjCBoQjbEA4wgaEI2xAOMIGhCNsQDjCBoQjbEA4wgaEI2xAOMIGhCNsQDjCBoQjbEA4wgaEs2yapp16IwDGtFwsFsIGhOKjKBCOsAHhCBsQzqppmqm3AWBUy7ZtHTwAQvFRFAhH2IBwhA0IR9iAcIQNCEfYgHCEDQhH2IBwhA0IR9iAcFZTbwBrn5+fg997dOT3E5RcK7pn+/zvXi7TfURhfkxsBzSNDQmReMF3JrYd+fj4GGU9dbj6QiZu0CVsI3t/fx9lPWWs8vP6cdNzmDMfRUfy9vY22rr6QpaX8uv659PvKHEDYRvFy8vLzoOWlnT0s/5e/V5A2P7b8/PzaOuqp7IyZOl5XsrXylM90temNhC2wZ6enkZZTz111RNavRwfH389poDlqIkbdAnbxPvU6rCVk1gZs7ykU0dWq9W38+Fy3AQNhG2Qh4eH0dbVtz+tDloKWV5y0NL3+6a0+hHmSNi2dHd3N/o6/yVqJycnX9NaWnLc6o+uYgZrwral19fXnYetjFoKWnrMQcvxqt+TXyujJ3TMlbBt4ebmZifr7ZvW8qSWrmA4PT3t/Gy9/60MGrBYrC4uLqbehh/j+vp6b9NaClpaygmsfD1PcPnjaTm1mdKYu9X9/f3U2/BjXF5e7mS9OWw5aOVBgjyZ5ekth6ze3wb84aPoBBe2l/qu/0z/Tg5dHbFyX1tS7lsTOVhzh0IgHGHbwtXVVedk2TGW+gTc8uv6qoP6Mqvkb9eOwpytmqaZeht+lHT6xb5O9SiXTbEDutyP7QBO+9h0ukcKaTrdIy9nZ2e/n+fX6vDVEx3MjbANdHt7u9cTdOuYpcf8Wg5bOcUJG3PmqOhA5+fne7+kqgxZGbN6P5uoMXcmtokviN/2Ivh6n1u9703YQNhG8fj4uLfbFuXQlfdmq4+a1uuFuRG2iW88OfRGk31HR01rsCZsB3Sr8KG3Bhc16BK2A/oDL3WY+ia4vgMFogZdwnaAtxHfFLjy6/p5+R6YM2E70D+o3BervqlM1OA7YTvwO4fUseqLl6BBl7AB4bi7BxCOsAHhCBsQjrAB4QgbEI6wAeEIGxCOsAHhCBsQjrAB4QgbEI6wAeEIGxCOsAHhCBsQjrABi2h+ASl0NkFWMNjMAAAAAElFTkSuQmCC""}}]}, {""role"": ""assistant"", ""content"": ""0.33""}, {""role"": ""user"", ""content"": [{""type"": ""text"", ""text"": ""\nConsider the image provided.\n\nFinal Answer:\n""}, {""type"": ""image_url"", ""image_url"": {""url"": ""data:image/png;base64,iVBORw0KGgoAAAANSUhEUgAAATYAAABcCAYAAADkpJkhAAADwElEQVR4nO3dsU7jSgCG0QAGCl4ovA8S4tmo6SmR6Klp6WigQIJczUpzNTvXF+0G24E/50hWkg3xpvo0sT3jg81ms1kBBDnc9RcAmJqwAXGEDYgjbEAcYQPiCBsQR9iAOMIGxBE2II6wAXGEDYgjbEAcYQPiCBsQR9iAOMIGxBE2II6wAXGEDYgjbEAcYQPiCBsQR9iAOMIGxBE2II6wAXEO1uv1ZtdfAmBKB6vVStiAKH6KAnGEDYgjbECcYb1e7/o7AEzqYLPZOHkARPFTFIgjbEAcYQPiCBsQR9iAOMIGxBE2II6wAXGEDYgjbECcYfWDfHx8bP3Zw0MNh33xLeeKLvmVDg7KWptAkuGnjca2CZF4wX7Z6Yjt/f19kv304RoLmbjB/thJ2N7e3ibZTxur+rx//Ow5kGnRn6Kvr6+T7WssZHVrX/d/XzoubpBtsbA9Pz/PHrSylbOf/b/1nwWyLRK2p6enyfbVj8rakJXndWvfay/1KK+N2iDbrGF7fHycZD/9qKsfofXb0dHRr8cSsBo1cYP9MfyEY2p92NqRWBuzupVLR4Zh+M/1cDVuggbZZgvb/f39ZPsaO57WB62ErG41aOXfx0Zp/SOQZZaw3d7eTr7PP4na8fHxr9Fa2Wrc+p+uYgb5Zgnby8vL7GFro1aCVh5r0Gq8+s/U99roCR3kmTxs19fXqzmMjdbqSK3MYDg5Ofntb/vjb23QgGzD+fn5pDu8urpaLTVaK0ErWzsCa9+vI7j687QdtRmlQa7h7u5u0h1eXFys5lDDVoPWniSoI7M6eqsh64+3Afth+K4T21tj8z/L/1ND10esPdZWtMfWRA7yWX0RiDN52C4vL3+7WHaKrb8At33dzzrop1kV/zd3FMg0rNfryXdaLr9Y6lKPdvssdsD+mG09tqkv+/jsco8S0nK5R91OT0//fV7f68PXj+iAHLMuNHlzc7PoBbp9zMpjfa+GrR3FCRtkmnUS/NnZ2eJTqtqQtTHrj7OJGuRaZGnwr06I/9tJ8P0xt/7Ym7BBtsXuefDw8LDYskU1dO3abP1Z036/QI5Fb+ay7cKT2y40OXZ21GgN8u3kLlVfWSp826XBRQ32x07vK7rNDV76MI2N4MZOFIga7I+dhu0ry4h/Frj2df+8/QyQ6duEbZsbKo/FamxUJmqwX75l2P525ZA+VmPxEjTYHz8qbAB/wrJFQBxhA+IIGxBH2IA4wgbEETYgjrABcYQNiCNsQBxhA+IIGxBH2IA4wgbEETYgjrABcYQNWKX5B1S3NkEoUplJAAAAAElFTkSuQmCC""}}]}, {""role"": ""assistant"", ""content"": ""0.2""}, {""role"": ""user"", ""content"": [{""type"": ""text"", ""text"": ""\nConsider the image provided.\n\nFinal Answer:\n""}, {""type"": ""image_url"", ""image_url"": {""url"": ""data:image/png;base64,iVBORw0KGgoAAAANSUhEUgAAATYAAABcCAYAAADkpJkhAAADwElEQVR4nO3dsU7jSgCG0QAGCl4ovA8S4tmo6SmR6Klp6WigQIJczUpzNTvXF+0G24E/50hWkg3xpvo0sT3jg81ms1kBBDnc9RcAmJqwAXGEDYgjbEAcYQPiCBsQR9iAOMIGxBE2II6wAXGEDYgjbEAcYQPiCBsQR9iAOMIGxBE2II6wAXGEDYgjbEAcYQPiCBsQR9iAOMIGxBE2II6wAXEO1uv1ZtdfAmBKB6vVStiAKH6KAnGEDYgjbECcYb1e7/o7AEzqYLPZOHkARPFTFIgjbEAcYQPiCBsQR9iAOMIGxBE2II6wAXGEDYgjbECcYfWDfHx8bP3Zw0MNh33xLeeKLvmVDg7KWptAkuGnjca2CZF4wX7Z6Yjt/f19kv304RoLmbjB/thJ2N7e3ibZTxur+rx//Ow5kGnRn6Kvr6+T7WssZHVrX/d/XzoubpBtsbA9Pz/PHrSylbOf/b/1nwWyLRK2p6enyfbVj8rakJXndWvfay/1KK+N2iDbrGF7fHycZD/9qKsfofXb0dHRr8cSsBo1cYP9MfyEY2p92NqRWBuzupVLR4Zh+M/1cDVuggbZZgvb/f39ZPsaO57WB62ErG41aOXfx0Zp/SOQZZaw3d7eTr7PP4na8fHxr9Fa2Wrc+p+uYgb5Zgnby8vL7GFro1aCVh5r0Gq8+s/U99roCR3kmTxs19fXqzmMjdbqSK3MYDg5Ofntb/vjb23QgGzD+fn5pDu8urpaLTVaK0ErWzsCa9+vI7j687QdtRmlQa7h7u5u0h1eXFys5lDDVoPWniSoI7M6eqsh64+3Afth+K4T21tj8z/L/1ND10esPdZWtMfWRA7yWX0RiDN52C4vL3+7WHaKrb8At33dzzrop1kV/zd3FMg0rNfryXdaLr9Y6lKPdvssdsD+mG09tqkv+/jsco8S0nK5R91OT0//fV7f68PXj+iAHLMuNHlzc7PoBbp9zMpjfa+GrR3FCRtkmnUS/NnZ2eJTqtqQtTHrj7OJGuRaZGnwr06I/9tJ8P0xt/7Ym7BBtsXuefDw8LDYskU1dO3abP1Z036/QI5Fb+ay7cKT2y40OXZ21GgN8u3kLlVfWSp826XBRQ32x07vK7rNDV76MI2N4MZOFIga7I+dhu0ry4h/Frj2df+8/QyQ6duEbZsbKo/FamxUJmqwX75l2P525ZA+VmPxEjTYHz8qbAB/wrJFQBxhA+IIGxBH2IA4wgbEETYgjrABcYQNiCNsQBxhA+IIGxBH2IA4wgbEETYgjrABcYQNWKX5B1S3NkEoUplJAAAAAElFTkSuQmCC""}}]}, {""role"": ""assistant"", ""content"": ""0.25""}, {""role"": ""user"", ""content"": [{""type"": ""text"", ""text"": ""\nConsider the image provided.\n\nFinal Answer:\n""}, {""type"": ""image_url"", ""image_url"": {""url"": ""data:image/png;base64,iVBORw0KGgoAAAANSUhEUgAAATYAAABcCAYAAADkpJkhAAADqklEQVR4nO3dvU7jQBSAUQcMFLyQeR8kxLNR01Mi0VPT0tFAgQRZDdKshllv2NgTZ3VzjmQlIYREFJ/GPzNZrdfrdQcQyNG+PwBAa8IGhCNsQDjCBoQjbEA4wgaEI2xAOMIGhCNsQDjCBoQjbEA4wgaEI2xAOMIGhCNsQDjCBoQjbEA4wgaEI2xAOMIGhCNsQDjCBoQjbEA4wgaEI2xAOMIGhLMahmG97w8B0NKq6zphA0KxKwqEI2xAOMIGhNMPw7DvzwDQ1Gq9Xjt5AIRiVxQIR9iAcIQNCEfYgHCEDQhH2IBwhA0IR9iAcIQNCEfYgHD6fb755+fn5NceHWkysMe5oktOR12t0tqZwCHr9z0amxIi8QIWG7F9fHw0+Tt1uMZCJm7ATsP2/v7e5sMUscr369tN9wFm74q+vb01+y+OhSxv5eP691OXxQ1oEraXl5du10FLWzr7Wf+sfi3A7LA9Pz93rdSjsjJk6X7eyufKSz3SY6M2YHLYnp6euhbqUVc9Qqu34+Pjr9sUsBw1cQOahK3VMbU6bOVIrIxZ3tKlI33f/3E9XI6boAGTwvbw8NC1MnY8rQ5aClnectDSz8dGafUtcNj+KWx3d3fN3/hfonZycvI1Wktbjlu96ypmwKSwvb6+drsOWxm1FLR0m4OW41W/Jj9XRk/ogB/DdnNzs5M3Hhut5ZFamsFwenr67Xfr429l0ABK/cXFRbfJ9fV1t9RoLQUtbeUIrHw+j+Dy7mk5ajNKA7L+/v6+2+Ty8rLbhRy2HLTyJEEemeXRWw5ZfbwNYNKuaKuJ7aWx+Z/pfXLo6oiVx9qS8tiayAE1qzUChxe2q6urbxfLttjqC3DLx/Wsg3qaVfK3uaMAST8Mw4//iXT5xVKXepTbptgBzF6PrfVlH5su90ghTZd75O3s7Oz3/fxcHb56RAccrq0Wmry9vV30At06Zuk2P5fDVo7ihA3YehL8+fn54lOqypCVMauPs4kaMGtp8LkT4redBF8fc6uPvQkb0OQ7Dx4fHxdbtiiHrlybrT5rWv9d4HDN+jKXqQtPTl1ocuzsqNEasJNvqZqzVPjUpcFFDVjke0WnfMFLHaaxEdzYiQJRAxYJ25xlxDcFrnxc3y9fA7DTsE35QuWxWI2NykQN2HvYtl05pI7VWLwEDfgvwwawC5YtAsIRNiAcYQPCETYgHGEDwhE2IBxhA8IRNiAcYQPCETYgHGEDwhE2IBxhA8IRNiAcYQPCETagi+YXGFo2QVpGsFsAAAAASUVORK5CYII=""}}]}, {""role"": ""assistant"", ""content"": ""0.2""}, {""role"": ""user"", ""content"": [{""type"": ""text"", ""text"": ""\nConsider the image provided.\n\nFinal Answer:\n""}, {""type"": ""image_url"", ""image_url"": {""url"": ""data:image/png;base64,iVBORw0KGgoAAAANSUhEUgAAATYAAABcCAYAAADkpJkhAAADyUlEQVR4nO3dvU7jQBSA0QQCFLyQeR8kxLNR01Mi0VPT0tFAgQRZDdKshllvlmQdj31zjmQlIcREQvq48R/L9Xq9XgAEctT6DQAMTdiAcIQNCEfYgHCEDQhH2IBwhA0IR9iAcIQNCEfYgHCEDQhH2IBwhA0IR9iAcIQNCEfYgHCEDQhH2IBwhA0IR9iAcIQNCEfYgHCEDQhH2IBwhA0IR9iAcJZd161bvwmAIS0Xi4WwAaH4KAqEI2xAOMIGhLPquq71ewAY1HK9Xtt5AITioygQjrAB4QgbEI6wAeEIGxCOsAHhCBsQjrAB4QgbEI6wAeGsWr8BpuPz83Pn1x4d+RvJdDhX9ACN+StfLtO1TGFcJrYD8dNpbJcQiRdTY2IL7OPjY5D11OHqC5m4MSXCFtD7+/sg6yljle/Xt5vuQys+igby9vY22Lr6QpaX8nH9/envpLjRmrAF8fLysvegpSXt/ay/Vr8WWhO2AJ6fnwdbVz2VlSFL9/NSPlce6pEem9poTdhm7OnpaZD11FNXPaHVy/Hx8ddtCliOmrgxJcI2Y0NtU6vDVk5iZczykg4dWa1WfxwPl+MmaLQmbDP18PAw2Lr6tqfVQUshy0sOWvp635RW38LYhG2G7u7uBl/nT6J2cnLyNa2lJcet/ugqZkyBsM3Q6+vr3sNWRi0FLd3moOV41a/Jz5XREzpaELaZubm52ct6+6a1PKmlMxhOT0+/fW+9/a0MGrS2uri4aP0e2ML19fVo01oKWlrKCax8Pk9w+eNpObWZ0mhpdX9/3/QNsJ3Ly8u9rDeHLQet3EmQJ7M8veWQ1dvbYCp8FD3QE9tLfed/pp+TQ1dHrNzWlpTb1kSOKXB1QCAcYZuZq6urbwfLDrHUB+CWj+uzDurTrJK/nTsKray6rmv2w9lNOvxirEM9ymVT7GBKXI9tpoY+7GPT4R4ppOlwj7ycnZ39vp+fq8NXT3QwJmGbsdvb21EP0K1jlm7zczls5RQnbLRir+iMnZ+fj35KVRmyMmb1djZRoyUTWwD/e0L8tifB19vc6m1vwkZrwhbE4+PjaJctyqErr81W7zWt1wtjErZAdr3w5K4XmuzbO2paYwqELaD/uVT4rpcGFzWmRNgC2+UfvNRh6pvg+nYUiBpTImwHYtvLiG8KXPm4vl++BloRtgP003+o3BervqlM1JgaYeOfVw6pY9UXL0FjSoQNCMfVPYBwhA0IR9iAcIQNCEfYgHCEDQhH2IBwhA0IR9iAcIQNCEfYgHCEDQhH2IBwhA0IR9iAcIQNWETzCw9/NkFh7GVNAAAAAElFTkSuQmCC""}}]}, {""role"": ""assistant"", ""content"": ""0.33""}, {""role"": ""user"", ""content"": [{""type"": ""text"", ""text"": ""\nConsider the image provided.\n\nFinal Answer:\n""}, {""type"": ""image_url"", ""image_url"": {""url"": ""data:image/png;base64,iVBORw0KGgoAAAANSUhEUgAAATYAAABcCAYAAADkpJkhAAADyElEQVR4nO3du07jQBiA0QTCReKFzPvQ8E68ATU9JRI9NS0dDRRIkNWAZjOZtdhN1onNP+dIVm7Ea23xMb4N8+VyuZwBBHIw9gYADE3YgHCEDQhH2IBwhA0IR9iAcIQNCEfYgHCEDQhH2IBwhA0IR9iAcIQNCEfYgHCEDQhH2IBwhA0IR9iAcIQNCEfYgHCEDQhH2IBwhA0IR9iAcIQNCEfYgHDmXdctx94IgCHNZ7OZsAGh2BUFwhE2IBxhA8JZdF039jYADGq+XC6dPABCsSsKhCNsQDjCBoQjbEA4wgaEI2xAOMIGhCNsQDjCBoQjbEA4i7E3gC8fHx9bf/fgwO8nKLlXdM/2+d89n6d5RKE9RmwTG41tEyMBg3VGbDvy/v4+2LrqcPWFTNxgRdgG9vb2Nti6yljl5/Xjd8+hVXZFB/L6+jro+vpClpfydf3z6feUuNE6YRvA8/PzXoKWlnQGtH6v/i60Ttj+09PT06Drq0dlZcjS87yUn5WXe6TXRm20Tti29Pj4ONi66lFXPUKrl8PDw8/HFLAcNXGDFWGbwDG1OmzlSKyMWV7S5SOLxeKPa+Jy3ASN1gnbFu7v7wddX9/xtDpoKWR5yUFL7/eN0upHaI2wbej29nYn6/2XqB0dHX2O1tKS41bvuooZCNvGXl5e9hK2MmopaOkxBy3Hq/5O/qyMntDRImHbwPX19c7W3TdayyO1dBfD8fHx2s/Wx9/KoEHrFufn52Nvw49xeXm519FaClpayhFY+XkeweXd03LUZpRGyxZ3d3djb8OPcXFxsbN157DloJUnCfLILI/ecsjq423AF7uiI93YXuq7/zP9Wzl0dcTKY21JeWxN5MAMukBAaYjgV/wGrq6udr4rmnc78xnRdOIgLaenp7OTk5Pfj2nJn+Uzp/n7+SLfvG5oyaLrurG34UdJAdnnpR7lkt+vb7ESLlhnPraJXPbx3eUe5agtLfVILT3W4atvpoeWCNuWbm5u9n6Bbh2z9Jg/69sNFTZa5azols7Ozka5paoMWRmz+k4EUaNlRmwTuCF+05vg62Nu9bE3YaN1wjaAh4eHvU5blENXzs1WT0BZrxdaImwTmHhy24km+86OGq2BsE1uqvBtpwYXNVgRton9gZc6TH0juL4TBaIGK8I20WnEvwtc+bp+Xn4HWiVsE/6Dyn2x6huViRqsE7YfMHNIHau/vYbWCRsQjmmLgHCEDQhH2IBwhA0IR9iAcIQNCEfYgHCEDQhH2IBwhA0IR9iAcIQNCEfYgHCEDQhH2IBwhA2YRfMLNyg35zXTJSIAAAAASUVORK5CYII=""}}]}, {""role"": ""assistant"", ""content"": ""0.33""}, {""role"": ""user"", ""content"": [{""type"": ""text"", ""text"": ""\nConsider the image provided.\n\nFinal Answer:\n""}, {""type"": ""image_url"", ""image_url"": {""url"": ""data:image/png;base64,iVBORw0KGgoAAAANSUhEUgAAATYAAABcCAYAAADkpJkhAAADwElEQVR4nO3dzUojSwCG4UTjD3hD7f248Z68A9fuXQruXbt150YXgmYooYY6dRrPmZB0T388DzRJjOlpGHhT/Veut9vtdgUQ5GjuDQDYN2ED4ggbEEfYgDjCBsQRNiCOsAFxhA2II2xAHGED4ggbEEfYgDjCBsQRNiCOsAFxhA2II2xAHGED4ggbEEfYgDjCBsQRNiCOsAFxhA2II2xAHGED4qyHYdjOvREA+7RerVbCBkSxKwrEETYgjrABcTbDMMy9DQB7td5ut04eAFHsigJxhA2II2xAHGED4ggbEEfYgDjCBsQRNiCOsAFxhA2Is5l7A9jd19fXzp89OvKdRi73ii7AlP9F63WZexSWzYgtYDS2S4wEjGRGbH+Rz8/Pva2rD9dYyMSNVML2F/j4+NjbutpY1ef940/PIYFd0Rm9v7/vdX1jIatL+7r//fLdJm4kEbaZvL6+ThK0spQzoP3P+s9CEmGbwcvLy17X14/K2pCV53Vp32sv9yivjdpIImwTen5+3tu6+lFXP0Lrl+Pj4+/HErAaNXEjlbAt9JhaH7Z2JNbGrC7l8pHNZvOva+Jq3ASNJMI2kcfHx72ub+x4Wh+0ErK61KCVn4+N0vpHWDJhm8D9/f1B1vt/onZycvI9WitLjVu/6ypmpBG2Cby9vU0StjZqJWjlsQatxqv/TH2vjZ7QsXTCdmC3t7cHW/fYaK2O1MpdDKenp//43f74Wxs0SLK5vLycexuiXV9fTzpaK0ErSzsCa9+vI7i6e9qO2ozSSLF5eHiYexuiXV1dHWzdNWw1aO1Jgjoyq6O3GrL+eBsksiu6oBvbW2P3f5Z/q4auj1h7rK1oj62JHGnMNgjEKV/3vq4P7Obm5uC7onW3s54RLScOynJ+fr46Ozv7/ViW+l49c1o/Xy/yreuGpdoMwzD3NsQrAZnyUo92qT/vb7ESLpKZj23Bl338dLlHO2orSz9SK499+Pqb6WGphG1Cd3d3k1+g28esPNb3xnZDhY0EzopO6OLiYpZbqtqQtTHr70QQNVIYsS30hvg/vQm+P+bWH3sTNpII20yenp4mnbaohq6dm62fgLJfLyyVsC104sldJ5ocOztqtEYaYQuYKnzXqcFFjVTCFvAHXvowjY3gxk4UiBqphC1oGvGfAte+7p+3n4EEwhb2B5XHYjU2KhM1kglb6Mwhfaz+6zUkETYgjmmLgDjCBsQRNiCOsAFxhA2II2xAHGED4ggbEEfYgDjCBsQRNiCOsAFxhA2II2xAHGED4ggbsErzC5ZpN+ejRMMqAAAAAElFTkSuQmCC""}}]}]",0.25
openai/gpt-4o-2024-08-06,sample_001,0.2498,0.2498,0.2498,0.25,"[{""role"": ""system"", ""content"": ""You are a lines length ratio estimator.\n        You are given an image of two lines.\n\n        Estimate the ratio of the shorter line to the longer line as a decimal number between 0 and 1.\n\n        Do not explain or reason. Only output the final answer as a number after Final Answer:\n""}, {""role"": ""user"", ""content"": [{""type"": ""text"", ""text"": ""\nConsider the image provided.\n\nFinal Answer:\n""}, {""type"": ""image_url"", ""image_url"": {""url"": ""data:image/png;base64,iVBORw0KGgoAAAANSUhEUgAAATYAAABcCAYAAADkpJkhAAADxklEQVR4nO3dv04iXRzHYVDUwhvC+zExXpu1vaWJvbWtnY0WJsrmbHI2Z887r9nFYWb58jzJBBAZsfn4Y/653Gw2mwVAkKO53wDA2IQNiCNsQBxhA+IIGxBH2IA4wgbEETYgjrABcYQNiCNsQBxhA+IIGxBH2IA4wgbEETYgjrABcYQNiCNsQBxhA+IIGxBH2IA4wgbEETYgjrABcYQNiLNcr9ebud8EwJiWi8VC2IAoPooCcYQNiCNsQJzVer2e+z0AjGq52WzsPACi+CgKxBE2II6wAXGEDYgjbEAcYQPiCBsQR9iAOMIGxBE2IM5q7jfwr/r8/Nz6tUdH/l7AnA7+XNEpf/3lslzXE9i1g5zY/nQa2yZE4gXzO5iJ7ePjY5T19OEaCpm4wbziw/b+/j7KetpY1fv97Vf3genEfhR9e3sbbV1DIatL+7j//vI3Q9xgepFhe3l52XnQylL2fvZf618LTC8ubM/Pz6Otq5/K2pCV+3Vpn2sP9SiPTW0wvZiwPT09jbKefurqJ7R+OT4+/nlbAlajJm4wr5iwjbVNrQ9bO4m1MatLOXRktVr953i4GjdBg+lFhO3h4WG0dQ1tT+uDVkJWlxq08vWhKa2/BXZv78N2d3c3+jr/JGonJyc/p7Wy1Lj1H13FDOax92F7fX3dedjaqJWgldsatBqv/jX1uTZ6QgfT2Ouw3dzc7GS9Q9NandTKGQynp6e/fW+//a0NGjC91cXFxWJfXV9fTzatlaCVpZ3A2ufrBFc/nrZTmykNprW6v79f7KvLy8udrLeGrQat3UlQJ7M6vdWQ9dvbgPns9UfRsU5sbw2d/1l+Tg1dH7F2W1vRblsTOZiHKyICcfY6bFdXV78dLDvG0h+A2z7uzzroT7Mq/u/cUWA6q/V6vdhn5fCLqQ71aJevYgfMK+J6bGMf9vHV4R4lpOVwj7qcnZ39ul+f68PXT3TAbkWErbi9vZ30AN0+ZuW2PlfD1k5xwgbT2eu9oq3z8/PJT6lqQ9bGrN/OJmowrZiJbawT4v/2JPh+m1u/7U3YYHpxYSseHx8nu2xRDV17bbZ+r2m/XmC3IsP2nQtPbnuhyaG9o6Y1mEds2Ma4VPi2lwYXNZhXfNi+8w9e+jANTXBDOwpEDeZ1MGH7zmXEvwpc+7i/374GmM5Bhm2bf6g8FKuhqUzUYH4HH7a/vXJIH6uheAkazEvYgDh7fXUPgCHCBsQRNiCOsAFxhA2II2xAHGED4ggbEEfYgDjCBsQRNiCOsAFxhA2II2xAHGED4ggbsEjzA5yMNkFpGj6SAAAAAElFTkSuQmCC""}}]}]",0.25
openai/gpt-4o-2024-08-06,sample_002,0.4803,0.4803,0.4803,0.3,"[{""role"": ""system"", ""content"": ""You are a lines length ratio estimator.\n        You are given an image of two lines.\n\n        Estimate the ratio of the shorter line to the longer line as a decimal number between 0 and 1.\n\n        Do not explain or reason. Only output the final answer as a number after Final Answer:\n""}, {""role"": ""user"", ""content"": [{""type"": ""text"", ""text"": ""\nConsider the image provided.\n\nFinal Answer:\n""}, {""type"": ""image_url"", ""image_url"": {""url"": ""data:image/png;base64,iVBORw0KGgoAAAANSUhEUgAAATYAAABcCAYAAADkpJkhAAADxklEQVR4nO3dv04iXRzHYVDUwhvC+zExXpu1vaWJvbWtnY0WJsrmbHI2Z887r9nFYWb58jzJBBAZsfn4Y/653Gw2mwVAkKO53wDA2IQNiCNsQBxhA+IIGxBH2IA4wgbEETYgjrABcYQNiCNsQBxhA+IIGxBH2IA4wgbEETYgjrABcYQNiCNsQBxhA+IIGxBH2IA4wgbEETYgjrABcYQNiLNcr9ebud8EwJiWi8VC2IAoPooCcYQNiCNsQJzVer2e+z0AjGq52WzsPACi+CgKxBE2II6wAXGEDYgjbEAcYQPiCBsQR9iAOMIGxBE2IM5q7jfwr/r8/Nz6tUdH/l7AnA7+XNEpf/3lslzXE9i1g5zY/nQa2yZE4gXzO5iJ7ePjY5T19OEaCpm4wbziw/b+/j7KetpY1fv97Vf3genEfhR9e3sbbV1DIatL+7j//vI3Q9xgepFhe3l52XnQylL2fvZf618LTC8ubM/Pz6Otq5/K2pCV+3Vpn2sP9SiPTW0wvZiwPT09jbKefurqJ7R+OT4+/nlbAlajJm4wr5iwjbVNrQ9bO4m1MatLOXRktVr953i4GjdBg+lFhO3h4WG0dQ1tT+uDVkJWlxq08vWhKa2/BXZv78N2d3c3+jr/JGonJyc/p7Wy1Lj1H13FDOax92F7fX3dedjaqJWgldsatBqv/jX1uTZ6QgfT2Ouw3dzc7GS9Q9NandTKGQynp6e/fW+//a0NGjC91cXFxWJfXV9fTzatlaCVpZ3A2ufrBFc/nrZTmykNprW6v79f7KvLy8udrLeGrQat3UlQJ7M6vdWQ9dvbgPns9UfRsU5sbw2d/1l+Tg1dH7F2W1vRblsTOZiHKyICcfY6bFdXV78dLDvG0h+A2z7uzzroT7Mq/u/cUWA6q/V6vdhn5fCLqQ71aJevYgfMK+J6bGMf9vHV4R4lpOVwj7qcnZ39ul+f68PXT3TAbkWErbi9vZ30AN0+ZuW2PlfD1k5xwgbT2eu9oq3z8/PJT6lqQ9bGrN/OJmowrZiJbawT4v/2JPh+m1u/7U3YYHpxYSseHx8nu2xRDV17bbZ+r2m/XmC3IsP2nQtPbnuhyaG9o6Y1mEds2Ma4VPi2lwYXNZhXfNi+8w9e+jANTXBDOwpEDeZ1MGH7zmXEvwpc+7i/374GmM5Bhm2bf6g8FKuhqUzUYH4HH7a/vXJIH6uheAkazEvYgDh7fXUPgCHCBsQRNiCOsAFxhA2II2xAHGED4ggbEEfYgDjCBsQRNiCOsAFxhA2II2xAHGED4ggbsEjzA5yMNkFpGj6SAAAAAElFTkSuQmCC""}}]}, {""role"": ""assistant"", ""content"": ""0.25""}, {""role"": ""user"", ""content"": [{""type"": ""text"", ""text"": ""\nConsider the image provided.\n\nFinal Answer:\n""}, {""type"": ""image_url"", ""image_url"": {""url"": ""data:image/png;base64,iVBORw0KGgoAAAANSUhEUgAAATYAAABcCAYAAADkpJkhAAADz0lEQVR4nO3du04bQRiAURuWi8QLLe9DwzvxBtT0lEj01LR0NFAggaNBmmgy2ZDEnlkn/54jrdbGeOIi+jx7Zb3ZbDYrgEAO9v0BAFoTNiAcYQPCETYgHGEDwhE2IBxhA8IRNiAcYQPCETYgHGEDwhE2IBxhA8IRNiAcYQPCETYgHGEDwhE2IBxhA8IRNiAcYQPCETYgHGEDwhE2IBxhA8IRNiCc9TiOm31/CICW1qvVStiAUGyKAuEIGxCOsAHhDOM47vszADS13mw2Dh4AodgUBcIRNiAcYQPCETYgHGEDwhE2IBxhA8IRNiAcYQPCETYgnGHfH4D/z8fHx9bvPTjwXUp/rhXll+b8r7Fep3ueQhtmbGw9G9smRgLGHMzYWL2/vzcbqw7XVMjEjd6EbcHe3t6ajVXGKj+u1189hpZsii7Q6+tr0/GmQpaX8nn9++k7VdzoQdgW5vn5eZagpSUdAa1/Vr8XehC2BXl6emo6Xj0rK0OWHuelfK083SM9N2ujB2FbgMfHx2Zj1bOueoZWL4eHh5/rFLAcNXGjN2FbgJb71OqwlTOxMmZ5SaePDMPw0zlxOW6CRg/CFtz9/X3T8ab2p9VBSyHLSw5a+vnULK1eQwvCFtjt7W2Xcf8kakdHR5+ztbTkuNWbrmJGL8IW2MvLyyxhK6OWgpbWOWg5XvV78mtl9ISOVoQtqOvr625jT83W8kwtXcVwfHz8w+/W+9/KoEEPw/n5eZeB2a/Ly8tZZ2spaGkpZ2Dl63kGlzdPy1mbWRqtDXd3d80HZf8uLi66jZ3DloNWHiTIM7M8e8shq/e3QU82RYNqeWF7aer6z/Rv5dDVESv3tSXlvjWRoxd3/QPCSV+7vjaDurq66r4pmjc78xHRdOAgLaenp6uTk5Pv67Tk1/KR0/z+fJJvHht2NYzjuPMg/JtSQOY81aNc8s/rS6yEizm4H1twPU77+Op0j3LWlpZ6ppbWdfjqi+lhV8K2ADc3N7OfoFvHLK3za1ObocJGS46KLsDZ2dleLqkqQ1bGrL4SQdRozYxtQVpcEP+3F8HX+9zqfW/CRg/CtjAPDw+z3rYoh668N1t9A8p6XNiVsC3QLjee3PZGk1NHR83W6EXYFmzXW4Vve2twUaM3YWPrP/BSh2lqBjd1oEDU6E3Y2Pk24l8FrnxePy7fAy0JG03+oPJUrKZmZaLGHISNpncOqWP1u+fQg7AB4bhtERCOsAHhCBsQjrAB4QgbEI6wAeEIGxCOsAHhCBsQjrAB4QgbEI6wAeEIGxCOsAHhCBsQjrABq2i+AV6ZN+f7P3/YAAAAAElFTkSuQmCC""}}]}]",0.3
openai/gpt-4o-2024-08-06,sample_003,0.3928,0.3928,0.3928,0.35,"[{""role"": ""system"", ""content"": ""You are a lines length ratio estimator.\n        You are given an image of two lines.\n\n        Estimate the ratio of the shorter line to the longer line as a decimal number between 0 and 1.\n\n        Do not explain or reason. Only output the final answer as a number after Final Answer:\n""}, {""role"": ""user"", ""content"": [{""type"": ""text"", ""text"": ""\nConsider the image provided.\n\nFinal Answer:\n""}, {""type"": ""image_url"", ""image_url"": {""url"": ""data:image/png;base64,iVBORw0KGgoAAAANSUhEUgAAATYAAABcCAYAAADkpJkhAAADxklEQVR4nO3dv04iXRzHYVDUwhvC+zExXpu1vaWJvbWtnY0WJsrmbHI2Z887r9nFYWb58jzJBBAZsfn4Y/653Gw2mwVAkKO53wDA2IQNiCNsQBxhA+IIGxBH2IA4wgbEETYgjrABcYQNiCNsQBxhA+IIGxBH2IA4wgbEETYgjrABcYQNiCNsQBxhA+IIGxBH2IA4wgbEETYgjrABcYQNiLNcr9ebud8EwJiWi8VC2IAoPooCcYQNiCNsQJzVer2e+z0AjGq52WzsPACi+CgKxBE2II6wAXGEDYgjbEAcYQPiCBsQR9iAOMIGxBE2IM5q7jfwr/r8/Nz6tUdH/l7AnA7+XNEpf/3lslzXE9i1g5zY/nQa2yZE4gXzO5iJ7ePjY5T19OEaCpm4wbziw/b+/j7KetpY1fv97Vf3genEfhR9e3sbbV1DIatL+7j//vI3Q9xgepFhe3l52XnQylL2fvZf618LTC8ubM/Pz6Otq5/K2pCV+3Vpn2sP9SiPTW0wvZiwPT09jbKefurqJ7R+OT4+/nlbAlajJm4wr5iwjbVNrQ9bO4m1MatLOXRktVr953i4GjdBg+lFhO3h4WG0dQ1tT+uDVkJWlxq08vWhKa2/BXZv78N2d3c3+jr/JGonJyc/p7Wy1Lj1H13FDOax92F7fX3dedjaqJWgldsatBqv/jX1uTZ6QgfT2Ouw3dzc7GS9Q9NandTKGQynp6e/fW+//a0NGjC91cXFxWJfXV9fTzatlaCVpZ3A2ufrBFc/nrZTmykNprW6v79f7KvLy8udrLeGrQat3UlQJ7M6vdWQ9dvbgPns9UfRsU5sbw2d/1l+Tg1dH7F2W1vRblsTOZiHKyICcfY6bFdXV78dLDvG0h+A2z7uzzroT7Mq/u/cUWA6q/V6vdhn5fCLqQ71aJevYgfMK+J6bGMf9vHV4R4lpOVwj7qcnZ39ul+f68PXT3TAbkWErbi9vZ30AN0+ZuW2PlfD1k5xwgbT2eu9oq3z8/PJT6lqQ9bGrN/OJmowrZiJbawT4v/2JPh+m1u/7U3YYHpxYSseHx8nu2xRDV17bbZ+r2m/XmC3IsP2nQtPbnuhyaG9o6Y1mEds2Ma4VPi2lwYXNZhXfNi+8w9e+jANTXBDOwpEDeZ1MGH7zmXEvwpc+7i/374GmM5Bhm2bf6g8FKuhqUzUYH4HH7a/vXJIH6uheAkazEvYgDh7fXUPgCHCBsQRNiCOsAFxhA2II2xAHGED4ggbEEfYgDjCBsQRNiCOsAFxhA2II2xAHGED4ggbsEjzA5yMNkFpGj6SAAAAAElFTkSuQmCC""}}]}, {""role"": ""assistant"", ""content"": ""0.25""}, {""role"": ""user"", ""content"": [{""type"": ""text"", ""text"": ""\nConsider the image provided.\n\nFinal Answer:\n""}, {""type"": ""image_url"", ""image_url"": {""url"": ""data:image/png;base64,iVBORw0KGgoAAAANSUhEUgAAATYAAABcCAYAAADkpJkhAAADz0lEQVR4nO3du04bQRiAURuWi8QLLe9DwzvxBtT0lEj01LR0NFAggaNBmmgy2ZDEnlkn/54jrdbGeOIi+jx7Zb3ZbDYrgEAO9v0BAFoTNiAcYQPCETYgHGEDwhE2IBxhA8IRNiAcYQPCETYgHGEDwhE2IBxhA8IRNiAcYQPCETYgHGEDwhE2IBxhA8IRNiAcYQPCETYgHGEDwhE2IBxhA8IRNiCc9TiOm31/CICW1qvVStiAUGyKAuEIGxCOsAHhDOM47vszADS13mw2Dh4AodgUBcIRNiAcYQPCETYgHGEDwhE2IBxhA8IRNiAcYQPCETYgnGHfH4D/z8fHx9bvPTjwXUp/rhXll+b8r7Fep3ueQhtmbGw9G9smRgLGHMzYWL2/vzcbqw7XVMjEjd6EbcHe3t6ajVXGKj+u1189hpZsii7Q6+tr0/GmQpaX8nn9++k7VdzoQdgW5vn5eZagpSUdAa1/Vr8XehC2BXl6emo6Xj0rK0OWHuelfK083SM9N2ujB2FbgMfHx2Zj1bOueoZWL4eHh5/rFLAcNXGjN2FbgJb71OqwlTOxMmZ5SaePDMPw0zlxOW6CRg/CFtz9/X3T8ab2p9VBSyHLSw5a+vnULK1eQwvCFtjt7W2Xcf8kakdHR5+ztbTkuNWbrmJGL8IW2MvLyyxhK6OWgpbWOWg5XvV78mtl9ISOVoQtqOvr625jT83W8kwtXcVwfHz8w+/W+9/KoEEPw/n5eZeB2a/Ly8tZZ2spaGkpZ2Dl63kGlzdPy1mbWRqtDXd3d80HZf8uLi66jZ3DloNWHiTIM7M8e8shq/e3QU82RYNqeWF7aer6z/Rv5dDVESv3tSXlvjWRoxd3/QPCSV+7vjaDurq66r4pmjc78xHRdOAgLaenp6uTk5Pv67Tk1/KR0/z+fJJvHht2NYzjuPMg/JtSQOY81aNc8s/rS6yEizm4H1twPU77+Op0j3LWlpZ6ppbWdfjqi+lhV8K2ADc3N7OfoFvHLK3za1ObocJGS46KLsDZ2dleLqkqQ1bGrL4SQdRozYxtQVpcEP+3F8HX+9zqfW/CRg/CtjAPDw+z3rYoh668N1t9A8p6XNiVsC3QLjee3PZGk1NHR83W6EXYFmzXW4Vve2twUaM3YWPrP/BSh2lqBjd1oEDU6E3Y2Pk24l8FrnxePy7fAy0JG03+oPJUrKZmZaLGHISNpncOqWP1u+fQg7AB4bhtERCOsAHhCBsQjrAB4QgbEI6wAeEIGxCOsAHhCBsQjrAB4QgbEI6wAeEIGxCOsAHhCBsQjrABq2i+AV6ZN+f7P3/YAAAAAElFTkSuQmCC""}}]}, {""role"": ""assistant"", ""content"": ""0.3""}, {""role"": ""user"", ""content"": [{""type"": ""text"", ""text"": ""\nConsider the image provided.\n\nFinal Answer:\n""}, {""type"": ""image_url"", ""image_url"": {""url"": ""data:image/png;base64,iVBORw0KGgoAAAANSUhEUgAAATYAAABcCAYAAADkpJkhAAADx0lEQVR4nO3dvU7jSgCG4QTCj8QNhfuh4Z64A2p6SiR6alo6GiiQIEez0qzmzLHYPcjY8cfzSFYSQryWVnoz/hvWu91utwIIcjD3BgCMTdiAOMIGxBE2II6wAXGEDYgjbEAcYQPiCBsQR9iAOMIGxBE2II6wAXGEDYgjbEAcYQPiCBsQR9iAOMIGxBE2II6wAXGEDYgjbEAcYQPiCBsQR9iAOOvtdrubeyMAxrRerVbCBkSxKwrEETYgjrABcTbb7XbubQAY1Xq32zl5AESxKwrEETYgjrABcYQNiCNsQBxhA+IIGxBH2IA4wgbEETYgzmbuDWAcHx8fX/7swYHvN7K4V3RhpvzvWq/LPKSwPEZsYaOxr8RIwEhjxLan3t/fR1tXH66hkIkbSYRtz7y9vY22rjZW9Xn/+NlzWCq7onvi9fV11PUNhawu7ev+98v3nLixdMK2B56fnycJWlnKGdD+Z/1nYemEbWZPT0+jrq8flbUhK8/r0r7XXu5RXhu1sXTCNpPHx8fR1tWPuvoRWr8cHh7+eiwBq1ETN5IIW8AxtT5s7UisjVldyuUjm83mP9fE1bgJGksnbDO4v78fdX1Dx9P6oJWQ1aUGrfx8aJTWP8LSCNvEbm9vv2W9fxO1o6OjX6O1stS49buuYkYCYZvYy8vLJGFro1aCVh5r0Gq8+s/U99roCR1LJGwTur6+/rZ1D43W6kit3MVwfHz8r9/tj7+1QYOl25yfn8+9DT/G5eXlpKO1ErSytCOw9v06gqu7p+2ozSiNJdvc3d3NvQ0/xsXFxbetu4atBq09SVBHZnX0VkPWH2+DFHZFF3pje2vo/s/yb9XQ9RFrj7UV7bE1kSOBGQaBOOUr3lf0hK6urr59V7TudtYzouXEQVlOT09XJycnvx/LUt+rZ07r5+tFvnXdsCSb7XY79zb8KCUgU17q0S715/0tVsJFGvOxhVz28dnlHu2orSz9SK089uHrb6aHJRG2mdzc3Ex+gW4fs/JY3xvaDRU2lspZ0ZmcnZ3NcktVG7I2Zv2dCKLGkhmxBdwQ/39vgu+PufXH3oSNpRO2PfDw8DDptEU1dO3cbP0ElP16YUmELWDiya9ONDl0dtRojQTCFjZV+FenBhc1kghb2B946cM0NIIbOlEgaiQRttBpxD8LXPu6f95+BpZK2IL/oPJQrIZGZaJGGmH7ATOH9LH602tYOmED4pi2CIgjbEAcYQPiCBsQR9iAOMIGxBE2II6wAXGEDYgjbEAcYQPiCBsQR9iAOMIGxBE2II6wAas0/wBdpDfnoKPWyAAAAABJRU5ErkJggg==""}}]}]",0.35
openai/gpt-4o-2024-08-06,sample_004,0.3395,0.3395,0.3395,0.4,"[{""role"": ""system"", ""content"": ""You are a lines length ratio estimator.\n        You are given an image of two lines.\n\n        Estimate the ratio of the shorter line to the longer line as a decimal number between 0 and 1.\n\n        Do not explain or reason. Only output the final answer as a number after Final Answer:\n""}, {""role"": ""user"", ""content"": [{""type"": ""text"", ""text"": ""\nConsider the image provided.\n\nFinal Answer:\n""}, {""type"": ""image_url"", ""image_url"": {""url"": ""data:image/png;base64,iVBORw0KGgoAAAANSUhEUgAAATYAAABcCAYAAADkpJkhAAADxklEQVR4nO3dv04iXRzHYVDUwhvC+zExXpu1vaWJvbWtnY0WJsrmbHI2Z887r9nFYWb58jzJBBAZsfn4Y/653Gw2mwVAkKO53wDA2IQNiCNsQBxhA+IIGxBH2IA4wgbEETYgjrABcYQNiCNsQBxhA+IIGxBH2IA4wgbEETYgjrABcYQNiCNsQBxhA+IIGxBH2IA4wgbEETYgjrABcYQNiLNcr9ebud8EwJiWi8VC2IAoPooCcYQNiCNsQJzVer2e+z0AjGq52WzsPACi+CgKxBE2II6wAXGEDYgjbEAcYQPiCBsQR9iAOMIGxBE2IM5q7jfwr/r8/Nz6tUdH/l7AnA7+XNEpf/3lslzXE9i1g5zY/nQa2yZE4gXzO5iJ7ePjY5T19OEaCpm4wbziw/b+/j7KetpY1fv97Vf3genEfhR9e3sbbV1DIatL+7j//vI3Q9xgepFhe3l52XnQylL2fvZf618LTC8ubM/Pz6Otq5/K2pCV+3Vpn2sP9SiPTW0wvZiwPT09jbKefurqJ7R+OT4+/nlbAlajJm4wr5iwjbVNrQ9bO4m1MatLOXRktVr953i4GjdBg+lFhO3h4WG0dQ1tT+uDVkJWlxq08vWhKa2/BXZv78N2d3c3+jr/JGonJyc/p7Wy1Lj1H13FDOax92F7fX3dedjaqJWgldsatBqv/jX1uTZ6QgfT2Ouw3dzc7GS9Q9NandTKGQynp6e/fW+//a0NGjC91cXFxWJfXV9fTzatlaCVpZ3A2ufrBFc/nrZTmykNprW6v79f7KvLy8udrLeGrQat3UlQJ7M6vdWQ9dvbgPns9UfRsU5sbw2d/1l+Tg1dH7F2W1vRblsTOZiHKyICcfY6bFdXV78dLDvG0h+A2z7uzzroT7Mq/u/cUWA6q/V6vdhn5fCLqQ71aJevYgfMK+J6bGMf9vHV4R4lpOVwj7qcnZ39ul+f68PXT3TAbkWErbi9vZ30AN0+ZuW2PlfD1k5xwgbT2eu9oq3z8/PJT6lqQ9bGrN/OJmowrZiJbawT4v/2JPh+m1u/7U3YYHpxYSseHx8nu2xRDV17bbZ+r2m/XmC3IsP2nQtPbnuhyaG9o6Y1mEds2Ma4VPi2lwYXNZhXfNi+8w9e+jANTXBDOwpEDeZ1MGH7zmXEvwpc+7i/374GmM5Bhm2bf6g8FKuhqUzUYH4HH7a/vXJIH6uheAkazEvYgDh7fXUPgCHCBsQRNiCOsAFxhA2II2xAHGED4ggbEEfYgDjCBsQRNiCOsAFxhA2II2xAHGED4ggbsEjzA5yMNkFpGj6SAAAAAElFTkSuQmCC""}}]}, {""role"": ""assistant"", ""content"": ""0.25""}, {""role"": ""user"", ""content"": [{""type"": ""text"", ""text"": ""\nConsider the image provided.\n\nFinal Answer:\n""}, {""type"": ""image_url"", ""image_url"": {""url"": ""data:image/png;base64,iVBORw0KGgoAAAANSUhEUgAAATYAAABcCAYAAADkpJkhAAADz0lEQVR4nO3du04bQRiAURuWi8QLLe9DwzvxBtT0lEj01LR0NFAggaNBmmgy2ZDEnlkn/54jrdbGeOIi+jx7Zb3ZbDYrgEAO9v0BAFoTNiAcYQPCETYgHGEDwhE2IBxhA8IRNiAcYQPCETYgHGEDwhE2IBxhA8IRNiAcYQPCETYgHGEDwhE2IBxhA8IRNiAcYQPCETYgHGEDwhE2IBxhA8IRNiCc9TiOm31/CICW1qvVStiAUGyKAuEIGxCOsAHhDOM47vszADS13mw2Dh4AodgUBcIRNiAcYQPCETYgHGEDwhE2IBxhA8IRNiAcYQPCETYgnGHfH4D/z8fHx9bvPTjwXUp/rhXll+b8r7Fep3ueQhtmbGw9G9smRgLGHMzYWL2/vzcbqw7XVMjEjd6EbcHe3t6ajVXGKj+u1189hpZsii7Q6+tr0/GmQpaX8nn9++k7VdzoQdgW5vn5eZagpSUdAa1/Vr8XehC2BXl6emo6Xj0rK0OWHuelfK083SM9N2ujB2FbgMfHx2Zj1bOueoZWL4eHh5/rFLAcNXGjN2FbgJb71OqwlTOxMmZ5SaePDMPw0zlxOW6CRg/CFtz9/X3T8ab2p9VBSyHLSw5a+vnULK1eQwvCFtjt7W2Xcf8kakdHR5+ztbTkuNWbrmJGL8IW2MvLyyxhK6OWgpbWOWg5XvV78mtl9ISOVoQtqOvr625jT83W8kwtXcVwfHz8w+/W+9/KoEEPw/n5eZeB2a/Ly8tZZ2spaGkpZ2Dl63kGlzdPy1mbWRqtDXd3d80HZf8uLi66jZ3DloNWHiTIM7M8e8shq/e3QU82RYNqeWF7aer6z/Rv5dDVESv3tSXlvjWRoxd3/QPCSV+7vjaDurq66r4pmjc78xHRdOAgLaenp6uTk5Pv67Tk1/KR0/z+fJJvHht2NYzjuPMg/JtSQOY81aNc8s/rS6yEizm4H1twPU77+Op0j3LWlpZ6ppbWdfjqi+lhV8K2ADc3N7OfoFvHLK3za1ObocJGS46KLsDZ2dleLqkqQ1bGrL4SQdRozYxtQVpcEP+3F8HX+9zqfW/CRg/CtjAPDw+z3rYoh668N1t9A8p6XNiVsC3QLjee3PZGk1NHR83W6EXYFmzXW4Vve2twUaM3YWPrP/BSh2lqBjd1oEDU6E3Y2Pk24l8FrnxePy7fAy0JG03+oPJUrKZmZaLGHISNpncOqWP1u+fQg7AB4bhtERCOsAHhCBsQjrAB4QgbEI6wAeEIGxCOsAHhCBsQjrAB4QgbEI6wAeEIGxCOsAHhCBsQjrABq2i+AV6ZN+f7P3/YAAAAAElFTkSuQmCC""}}]}, {""role"": ""assistant"", ""content"": ""0.3""}, {""role"": ""user"", ""content"": [{""type"": ""text"", ""text"": ""\nConsider the image provided.\n\nFinal Answer:\n""}, {""type"": ""image_url"", ""image_url"": {""url"": ""data:image/png;base64,iVBORw0KGgoAAAANSUhEUgAAATYAAABcCAYAAADkpJkhAAADx0lEQVR4nO3dvU7jSgCG4QTCj8QNhfuh4Z64A2p6SiR6alo6GiiQIEez0qzmzLHYPcjY8cfzSFYSQryWVnoz/hvWu91utwIIcjD3BgCMTdiAOMIGxBE2II6wAXGEDYgjbEAcYQPiCBsQR9iAOMIGxBE2II6wAXGEDYgjbEAcYQPiCBsQR9iAOMIGxBE2II6wAXGEDYgjbEAcYQPiCBsQR9iAOOvtdrubeyMAxrRerVbCBkSxKwrEETYgjrABcTbb7XbubQAY1Xq32zl5AESxKwrEETYgjrABcYQNiCNsQBxhA+IIGxBH2IA4wgbEETYgzmbuDWAcHx8fX/7swYHvN7K4V3RhpvzvWq/LPKSwPEZsYaOxr8RIwEhjxLan3t/fR1tXH66hkIkbSYRtz7y9vY22rjZW9Xn/+NlzWCq7onvi9fV11PUNhawu7ev+98v3nLixdMK2B56fnycJWlnKGdD+Z/1nYemEbWZPT0+jrq8flbUhK8/r0r7XXu5RXhu1sXTCNpPHx8fR1tWPuvoRWr8cHh7+eiwBq1ETN5IIW8AxtT5s7UisjVldyuUjm83mP9fE1bgJGksnbDO4v78fdX1Dx9P6oJWQ1aUGrfx8aJTWP8LSCNvEbm9vv2W9fxO1o6OjX6O1stS49buuYkYCYZvYy8vLJGFro1aCVh5r0Gq8+s/U99roCR1LJGwTur6+/rZ1D43W6kit3MVwfHz8r9/tj7+1QYOl25yfn8+9DT/G5eXlpKO1ErSytCOw9v06gqu7p+2ozSiNJdvc3d3NvQ0/xsXFxbetu4atBq09SVBHZnX0VkPWH2+DFHZFF3pje2vo/s/yb9XQ9RFrj7UV7bE1kSOBGQaBOOUr3lf0hK6urr59V7TudtYzouXEQVlOT09XJycnvx/LUt+rZ07r5+tFvnXdsCSb7XY79zb8KCUgU17q0S715/0tVsJFGvOxhVz28dnlHu2orSz9SK089uHrb6aHJRG2mdzc3Ex+gW4fs/JY3xvaDRU2lspZ0ZmcnZ3NcktVG7I2Zv2dCKLGkhmxBdwQ/39vgu+PufXH3oSNpRO2PfDw8DDptEU1dO3cbP0ElP16YUmELWDiya9ONDl0dtRojQTCFjZV+FenBhc1kghb2B946cM0NIIbOlEgaiQRttBpxD8LXPu6f95+BpZK2IL/oPJQrIZGZaJGGmH7ATOH9LH602tYOmED4pi2CIgjbEAcYQPiCBsQR9iAOMIGxBE2II6wAXGEDYgjbEAcYQPiCBsQR9iAOMIGxBE2II6wAas0/wBdpDfnoKPWyAAAAABJRU5ErkJggg==""}}]}, {""role"": ""assistant"", ""content"": ""0.35""}, {""role"": ""user"", ""content"": [{""type"": ""text"", ""text"": ""\nConsider the image provided.\n\nFinal Answer:\n""}, {""type"": ""image_url"", ""image_url"": {""url"": ""data:image/png;base64,iVBORw0KGgoAAAANSUhEUgAAATYAAABcCAYAAADkpJkhAAADt0lEQVR4nO3dvU7jQBSA0QQCFLyQeR8kxLNR01Mi0VPT0tFAgQReDdHsjgdvtPE6cbg+R7ISCPFaW3zc+I9l27btAiCQo6k3AGBswgaEI2xAOMIGhCNsQDjCBoQjbEA4wgaEI2xAOMIGhCNsQDjCBoQjbEA4wgaEI2xAOMIGhCNsQDjCBoQjbEA4wgaEI2xAOMIGhCNsQDjCBoQjbEA4wgaEs2yapp16IwDGtFwsFsIGhOKjKBCOsAHhCBsQzqppmqm3AWBUy7ZtHTwAQvFRFAhH2IBwhA0IR9iAcIQNCEfYgHCEDQhH2IBwhA0IR9iAcFZTbwBrn5+fg997dOT3E5RcK7pn+/zvXi7TfURhfkxsBzSNDQmReMF3JrYd+fj4GGU9dbj6QiZu0CVsI3t/fx9lPWWs8vP6cdNzmDMfRUfy9vY22rr6QpaX8uv659PvKHEDYRvFy8vLzoOWlnT0s/5e/V5A2P7b8/PzaOuqp7IyZOl5XsrXylM90temNhC2wZ6enkZZTz111RNavRwfH389poDlqIkbdAnbxPvU6rCVk1gZs7ykU0dWq9W38+Fy3AQNhG2Qh4eH0dbVtz+tDloKWV5y0NL3+6a0+hHmSNi2dHd3N/o6/yVqJycnX9NaWnLc6o+uYgZrwral19fXnYetjFoKWnrMQcvxqt+TXyujJ3TMlbBt4ebmZifr7ZvW8qSWrmA4PT3t/Gy9/60MGrBYrC4uLqbehh/j+vp6b9NaClpaygmsfD1PcPnjaTm1mdKYu9X9/f3U2/BjXF5e7mS9OWw5aOVBgjyZ5ekth6ze3wb84aPoBBe2l/qu/0z/Tg5dHbFyX1tS7lsTOVhzh0IgHGHbwtXVVedk2TGW+gTc8uv6qoP6Mqvkb9eOwpytmqaZeht+lHT6xb5O9SiXTbEDutyP7QBO+9h0ukcKaTrdIy9nZ2e/n+fX6vDVEx3MjbANdHt7u9cTdOuYpcf8Wg5bOcUJG3PmqOhA5+fne7+kqgxZGbN6P5uoMXcmtokviN/2Ivh6n1u9703YQNhG8fj4uLfbFuXQlfdmq4+a1uuFuRG2iW88OfRGk31HR01rsCZsB3Sr8KG3Bhc16BK2A/oDL3WY+ia4vgMFogZdwnaAtxHfFLjy6/p5+R6YM2E70D+o3BervqlM1OA7YTvwO4fUseqLl6BBl7AB4bi7BxCOsAHhCBsQjrAB4QgbEI6wAeEIGxCOsAHhCBsQjrAB4QgbEI6wAeEIGxCOsAHhCBsQjrABi2h+ASl0NkFWMNjMAAAAAElFTkSuQmCC""}}]}]",0.4
openai/gpt-4o-2024-08-06,sample_005,0.1624,0.1624,0.1624,0.3,"[{""role"": ""system"", ""content"": ""You are a lines length ratio estimator.\n        You are given an image of two lines.\n\n        Estimate the ratio of the shorter line to the longer line as a decimal number between 0 and 1.\n\n        Do not explain or reason. Only output the final answer as a number after Final Answer:\n""}, {""role"": ""user"", ""content"": [{""type"": ""text"", ""text"": ""\nConsider the image provided.\n\nFinal Answer:\n""}, {""type"": ""image_url"", ""image_url"": {""url"": ""data:image/png;base64,iVBORw0KGgoAAAANSUhEUgAAATYAAABcCAYAAADkpJkhAAADxklEQVR4nO3dv04iXRzHYVDUwhvC+zExXpu1vaWJvbWtnY0WJsrmbHI2Z887r9nFYWb58jzJBBAZsfn4Y/653Gw2mwVAkKO53wDA2IQNiCNsQBxhA+IIGxBH2IA4wgbEETYgjrABcYQNiCNsQBxhA+IIGxBH2IA4wgbEETYgjrABcYQNiCNsQBxhA+IIGxBH2IA4wgbEETYgjrABcYQNiLNcr9ebud8EwJiWi8VC2IAoPooCcYQNiCNsQJzVer2e+z0AjGq52WzsPACi+CgKxBE2II6wAXGEDYgjbEAcYQPiCBsQR9iAOMIGxBE2IM5q7jfwr/r8/Nz6tUdH/l7AnA7+XNEpf/3lslzXE9i1g5zY/nQa2yZE4gXzO5iJ7ePjY5T19OEaCpm4wbziw/b+/j7KetpY1fv97Vf3genEfhR9e3sbbV1DIatL+7j//vI3Q9xgepFhe3l52XnQylL2fvZf618LTC8ubM/Pz6Otq5/K2pCV+3Vpn2sP9SiPTW0wvZiwPT09jbKefurqJ7R+OT4+/nlbAlajJm4wr5iwjbVNrQ9bO4m1MatLOXRktVr953i4GjdBg+lFhO3h4WG0dQ1tT+uDVkJWlxq08vWhKa2/BXZv78N2d3c3+jr/JGonJyc/p7Wy1Lj1H13FDOax92F7fX3dedjaqJWgldsatBqv/jX1uTZ6QgfT2Ouw3dzc7GS9Q9NandTKGQynp6e/fW+//a0NGjC91cXFxWJfXV9fTzatlaCVpZ3A2ufrBFc/nrZTmykNprW6v79f7KvLy8udrLeGrQat3UlQJ7M6vdWQ9dvbgPns9UfRsU5sbw2d/1l+Tg1dH7F2W1vRblsTOZiHKyICcfY6bFdXV78dLDvG0h+A2z7uzzroT7Mq/u/cUWA6q/V6vdhn5fCLqQ71aJevYgfMK+J6bGMf9vHV4R4lpOVwj7qcnZ39ul+f68PXT3TAbkWErbi9vZ30AN0+ZuW2PlfD1k5xwgbT2eu9oq3z8/PJT6lqQ9bGrN/OJmowrZiJbawT4v/2JPh+m1u/7U3YYHpxYSseHx8nu2xRDV17bbZ+r2m/XmC3IsP2nQtPbnuhyaG9o6Y1mEds2Ma4VPi2lwYXNZhXfNi+8w9e+jANTXBDOwpEDeZ1MGH7zmXEvwpc+7i/374GmM5Bhm2bf6g8FKuhqUzUYH4HH7a/vXJIH6uheAkazEvYgDh7fXUPgCHCBsQRNiCOsAFxhA2II2xAHGED4ggbEEfYgDjCBsQRNiCOsAFxhA2II2xAHGED4ggbsEjzA5yMNkFpGj6SAAAAAElFTkSuQmCC""}}]}, {""role"": ""assistant"", ""content"": ""0.25""}, {""role"": ""user"", ""content"": [{""type"": ""text"", ""text"": ""\nConsider the image provided.\n\nFinal Answer:\n""}, {""type"": ""image_url"", ""image_url"": {""url"": ""data:image/png;base64,iVBORw0KGgoAAAANSUhEUgAAATYAAABcCAYAAADkpJkhAAADz0lEQVR4nO3du04bQRiAURuWi8QLLe9DwzvxBtT0lEj01LR0NFAggaNBmmgy2ZDEnlkn/54jrdbGeOIi+jx7Zb3ZbDYrgEAO9v0BAFoTNiAcYQPCETYgHGEDwhE2IBxhA8IRNiAcYQPCETYgHGEDwhE2IBxhA8IRNiAcYQPCETYgHGEDwhE2IBxhA8IRNiAcYQPCETYgHGEDwhE2IBxhA8IRNiCc9TiOm31/CICW1qvVStiAUGyKAuEIGxCOsAHhDOM47vszADS13mw2Dh4AodgUBcIRNiAcYQPCETYgHGEDwhE2IBxhA8IRNiAcYQPCETYgnGHfH4D/z8fHx9bvPTjwXUp/rhXll+b8r7Fep3ueQhtmbGw9G9smRgLGHMzYWL2/vzcbqw7XVMjEjd6EbcHe3t6ajVXGKj+u1189hpZsii7Q6+tr0/GmQpaX8nn9++k7VdzoQdgW5vn5eZagpSUdAa1/Vr8XehC2BXl6emo6Xj0rK0OWHuelfK083SM9N2ujB2FbgMfHx2Zj1bOueoZWL4eHh5/rFLAcNXGjN2FbgJb71OqwlTOxMmZ5SaePDMPw0zlxOW6CRg/CFtz9/X3T8ab2p9VBSyHLSw5a+vnULK1eQwvCFtjt7W2Xcf8kakdHR5+ztbTkuNWbrmJGL8IW2MvLyyxhK6OWgpbWOWg5XvV78mtl9ISOVoQtqOvr625jT83W8kwtXcVwfHz8w+/W+9/KoEEPw/n5eZeB2a/Ly8tZZ2spaGkpZ2Dl63kGlzdPy1mbWRqtDXd3d80HZf8uLi66jZ3DloNWHiTIM7M8e8shq/e3QU82RYNqeWF7aer6z/Rv5dDVESv3tSXlvjWRoxd3/QPCSV+7vjaDurq66r4pmjc78xHRdOAgLaenp6uTk5Pv67Tk1/KR0/z+fJJvHht2NYzjuPMg/JtSQOY81aNc8s/rS6yEizm4H1twPU77+Op0j3LWlpZ6ppbWdfjqi+lhV8K2ADc3N7OfoFvHLK3za1ObocJGS46KLsDZ2dleLqkqQ1bGrL4SQdRozYxtQVpcEP+3F8HX+9zqfW/CRg/CtjAPDw+z3rYoh668N1t9A8p6XNiVsC3QLjee3PZGk1NHR83W6EXYFmzXW4Vve2twUaM3YWPrP/BSh2lqBjd1oEDU6E3Y2Pk24l8FrnxePy7fAy0JG03+oPJUrKZmZaLGHISNpncOqWP1u+fQg7AB4bhtERCOsAHhCBsQjrAB4QgbEI6wAeEIGxCOsAHhCBsQjrAB4QgbEI6wAeEIGxCOsAHhCBsQjrABq2i+AV6ZN+f7P3/YAAAAAElFTkSuQmCC""}}]}, {""role"": ""assistant"", ""content"": ""0.3""}, {""role"": ""user"", ""content"": [{""type"": ""text"", ""text"": ""\nConsider the image provided.\n\nFinal Answer:\n""}, {""type"": ""image_url"", ""image_url"": {""url"": ""data:image/png;base64,iVBORw0KGgoAAAANSUhEUgAAATYAAABcCAYAAADkpJkhAAADx0lEQVR4nO3dvU7jSgCG4QTCj8QNhfuh4Z64A2p6SiR6alo6GiiQIEez0qzmzLHYPcjY8cfzSFYSQryWVnoz/hvWu91utwIIcjD3BgCMTdiAOMIGxBE2II6wAXGEDYgjbEAcYQPiCBsQR9iAOMIGxBE2II6wAXGEDYgjbEAcYQPiCBsQR9iAOMIGxBE2II6wAXGEDYgjbEAcYQPiCBsQR9iAOOvtdrubeyMAxrRerVbCBkSxKwrEETYgjrABcTbb7XbubQAY1Xq32zl5AESxKwrEETYgjrABcYQNiCNsQBxhA+IIGxBH2IA4wgbEETYgzmbuDWAcHx8fX/7swYHvN7K4V3RhpvzvWq/LPKSwPEZsYaOxr8RIwEhjxLan3t/fR1tXH66hkIkbSYRtz7y9vY22rjZW9Xn/+NlzWCq7onvi9fV11PUNhawu7ev+98v3nLixdMK2B56fnycJWlnKGdD+Z/1nYemEbWZPT0+jrq8flbUhK8/r0r7XXu5RXhu1sXTCNpPHx8fR1tWPuvoRWr8cHh7+eiwBq1ETN5IIW8AxtT5s7UisjVldyuUjm83mP9fE1bgJGksnbDO4v78fdX1Dx9P6oJWQ1aUGrfx8aJTWP8LSCNvEbm9vv2W9fxO1o6OjX6O1stS49buuYkYCYZvYy8vLJGFro1aCVh5r0Gq8+s/U99roCR1LJGwTur6+/rZ1D43W6kit3MVwfHz8r9/tj7+1QYOl25yfn8+9DT/G5eXlpKO1ErSytCOw9v06gqu7p+2ozSiNJdvc3d3NvQ0/xsXFxbetu4atBq09SVBHZnX0VkPWH2+DFHZFF3pje2vo/s/yb9XQ9RFrj7UV7bE1kSOBGQaBOOUr3lf0hK6urr59V7TudtYzouXEQVlOT09XJycnvx/LUt+rZ07r5+tFvnXdsCSb7XY79zb8KCUgU17q0S715/0tVsJFGvOxhVz28dnlHu2orSz9SK089uHrb6aHJRG2mdzc3Ex+gW4fs/JY3xvaDRU2lspZ0ZmcnZ3NcktVG7I2Zv2dCKLGkhmxBdwQ/39vgu+PufXH3oSNpRO2PfDw8DDptEU1dO3cbP0ElP16YUmELWDiya9ONDl0dtRojQTCFjZV+FenBhc1kghb2B946cM0NIIbOlEgaiQRttBpxD8LXPu6f95+BpZK2IL/oPJQrIZGZaJGGmH7ATOH9LH602tYOmED4pi2CIgjbEAcYQPiCBsQR9iAOMIGxBE2II6wAXGEDYgjbEAcYQPiCBsQR9iAOMIGxBE2II6wAas0/wBdpDfnoKPWyAAAAABJRU5ErkJggg==""}}]}, {""role"": ""assistant"", ""content"": ""0.35""}, {""role"": ""user"", ""content"": [{""type"": ""text"", ""text"": ""\nConsider the image provided.\n\nFinal Answer:\n""}, {""type"": ""image_url"", ""image_url"": {""url"": ""data:image/png;base64,iVBORw0KGgoAAAANSUhEUgAAATYAAABcCAYAAADkpJkhAAADt0lEQVR4nO3dvU7jQBSA0QQCFLyQeR8kxLNR01Mi0VPT0tFAgQReDdHsjgdvtPE6cbg+R7ISCPFaW3zc+I9l27btAiCQo6k3AGBswgaEI2xAOMIGhCNsQDjCBoQjbEA4wgaEI2xAOMIGhCNsQDjCBoQjbEA4wgaEI2xAOMIGhCNsQDjCBoQjbEA4wgaEI2xAOMIGhCNsQDjCBoQjbEA4wgaEs2yapp16IwDGtFwsFsIGhOKjKBCOsAHhCBsQzqppmqm3AWBUy7ZtHTwAQvFRFAhH2IBwhA0IR9iAcIQNCEfYgHCEDQhH2IBwhA0IR9iAcFZTbwBrn5+fg997dOT3E5RcK7pn+/zvXi7TfURhfkxsBzSNDQmReMF3JrYd+fj4GGU9dbj6QiZu0CVsI3t/fx9lPWWs8vP6cdNzmDMfRUfy9vY22rr6QpaX8uv659PvKHEDYRvFy8vLzoOWlnT0s/5e/V5A2P7b8/PzaOuqp7IyZOl5XsrXylM90temNhC2wZ6enkZZTz111RNavRwfH389poDlqIkbdAnbxPvU6rCVk1gZs7ykU0dWq9W38+Fy3AQNhG2Qh4eH0dbVtz+tDloKWV5y0NL3+6a0+hHmSNi2dHd3N/o6/yVqJycnX9NaWnLc6o+uYgZrwral19fXnYetjFoKWnrMQcvxqt+TXyujJ3TMlbBt4ebmZifr7ZvW8qSWrmA4PT3t/Gy9/60MGrBYrC4uLqbehh/j+vp6b9NaClpaygmsfD1PcPnjaTm1mdKYu9X9/f3U2/BjXF5e7mS9OWw5aOVBgjyZ5ekth6ze3wb84aPoBBe2l/qu/0z/Tg5dHbFyX1tS7lsTOVhzh0IgHGHbwtXVVedk2TGW+gTc8uv6qoP6Mqvkb9eOwpytmqaZeht+lHT6xb5O9SiXTbEDutyP7QBO+9h0ukcKaTrdIy9nZ2e/n+fX6vDVEx3MjbANdHt7u9cTdOuYpcf8Wg5bOcUJG3PmqOhA5+fne7+kqgxZGbN6P5uoMXcmtokviN/2Ivh6n1u9703YQNhG8fj4uLfbFuXQlfdmq4+a1uuFuRG2iW88OfRGk31HR01rsCZsB3Sr8KG3Bhc16BK2A/oDL3WY+ia4vgMFogZdwnaAtxHfFLjy6/p5+R6YM2E70D+o3BervqlM1OA7YTvwO4fUseqLl6BBl7AB4bi7BxCOsAHhCBsQjrAB4QgbEI6wAeEIGxCOsAHhCBsQjrAB4QgbEI6wAeEIGxCOsAHhCBsQjrABi2h+ASl0NkFWMNjMAAAAAElFTkSuQmCC""}}]}, {""role"": ""assistant"", ""content"": ""0.4""}, {""role"": ""user"", ""content"": [{""type"": ""text"", ""text"": ""\nConsider the image provided.\n\nFinal Answer:\n""}, {""type"": ""image_url"", ""image_url"": {""url"": ""data:image/png;base64,iVBORw0KGgoAAAANSUhEUgAAATYAAABcCAYAAADkpJkhAAADwElEQVR4nO3dsU7jSgCG0QAGCl4ovA8S4tmo6SmR6Klp6WigQIJczUpzNTvXF+0G24E/50hWkg3xpvo0sT3jg81ms1kBBDnc9RcAmJqwAXGEDYgjbEAcYQPiCBsQR9iAOMIGxBE2II6wAXGEDYgjbEAcYQPiCBsQR9iAOMIGxBE2II6wAXGEDYgjbEAcYQPiCBsQR9iAOMIGxBE2II6wAXEO1uv1ZtdfAmBKB6vVStiAKH6KAnGEDYgjbECcYb1e7/o7AEzqYLPZOHkARPFTFIgjbEAcYQPiCBsQR9iAOMIGxBE2II6wAXGEDYgjbECcYfWDfHx8bP3Zw0MNh33xLeeKLvmVDg7KWptAkuGnjca2CZF4wX7Z6Yjt/f19kv304RoLmbjB/thJ2N7e3ibZTxur+rx//Ow5kGnRn6Kvr6+T7WssZHVrX/d/XzoubpBtsbA9Pz/PHrSylbOf/b/1nwWyLRK2p6enyfbVj8rakJXndWvfay/1KK+N2iDbrGF7fHycZD/9qKsfofXb0dHRr8cSsBo1cYP9MfyEY2p92NqRWBuzupVLR4Zh+M/1cDVuggbZZgvb/f39ZPsaO57WB62ErG41aOXfx0Zp/SOQZZaw3d7eTr7PP4na8fHxr9Fa2Wrc+p+uYgb5Zgnby8vL7GFro1aCVh5r0Gq8+s/U99roCR3kmTxs19fXqzmMjdbqSK3MYDg5Ofntb/vjb23QgGzD+fn5pDu8urpaLTVaK0ErWzsCa9+vI7j687QdtRmlQa7h7u5u0h1eXFys5lDDVoPWniSoI7M6eqsh64+3Afth+K4T21tj8z/L/1ND10esPdZWtMfWRA7yWX0RiDN52C4vL3+7WHaKrb8At33dzzrop1kV/zd3FMg0rNfryXdaLr9Y6lKPdvssdsD+mG09tqkv+/jsco8S0nK5R91OT0//fV7f68PXj+iAHLMuNHlzc7PoBbp9zMpjfa+GrR3FCRtkmnUS/NnZ2eJTqtqQtTHrj7OJGuRaZGnwr06I/9tJ8P0xt/7Ym7BBtsXuefDw8LDYskU1dO3abP1Z036/QI5Fb+ay7cKT2y40OXZ21GgN8u3kLlVfWSp826XBRQ32x07vK7rNDV76MI2N4MZOFIga7I+dhu0ry4h/Frj2df+8/QyQ6duEbZsbKo/FamxUJmqwX75l2P525ZA+VmPxEjTYHz8qbAB/wrJFQBxhA+IIGxBH2IA4wgbEETYgjrABcYQNiCNsQBxhA+IIGxBH2IA4wgbEETYgjrABcYQNWKX5B1S3NkEoUplJAAAAAElFTkSuQmCC""}}]}]",0.3
openai/gpt-4o-2024-08-06,sample_006,0.1624,0.1624,0.1624,0.25,"[{""role"": ""system"", ""content"": ""You are a lines length ratio estimator.\n        You are given an image of two lines.\n\n        Estimate the ratio of the shorter line to the longer line as a decimal number between 0 and 1.\n\n        Do not explain or reason. Only output the final answer as a number after Final Answer:\n""}, {""role"": ""user"", ""content"": [{""type"": ""text"", ""text"": ""\nConsider the image provided.\n\nFinal Answer:\n""}, {""type"": ""image_url"", ""image_url"": {""url"": ""data:image/png;base64,iVBORw0KGgoAAAANSUhEUgAAATYAAABcCAYAAADkpJkhAAADxklEQVR4nO3dv04iXRzHYVDUwhvC+zExXpu1vaWJvbWtnY0WJsrmbHI2Z887r9nFYWb58jzJBBAZsfn4Y/653Gw2mwVAkKO53wDA2IQNiCNsQBxhA+IIGxBH2IA4wgbEETYgjrABcYQNiCNsQBxhA+IIGxBH2IA4wgbEETYgjrABcYQNiCNsQBxhA+IIGxBH2IA4wgbEETYgjrABcYQNiLNcr9ebud8EwJiWi8VC2IAoPooCcYQNiCNsQJzVer2e+z0AjGq52WzsPACi+CgKxBE2II6wAXGEDYgjbEAcYQPiCBsQR9iAOMIGxBE2IM5q7jfwr/r8/Nz6tUdH/l7AnA7+XNEpf/3lslzXE9i1g5zY/nQa2yZE4gXzO5iJ7ePjY5T19OEaCpm4wbziw/b+/j7KetpY1fv97Vf3genEfhR9e3sbbV1DIatL+7j//vI3Q9xgepFhe3l52XnQylL2fvZf618LTC8ubM/Pz6Otq5/K2pCV+3Vpn2sP9SiPTW0wvZiwPT09jbKefurqJ7R+OT4+/nlbAlajJm4wr5iwjbVNrQ9bO4m1MatLOXRktVr953i4GjdBg+lFhO3h4WG0dQ1tT+uDVkJWlxq08vWhKa2/BXZv78N2d3c3+jr/JGonJyc/p7Wy1Lj1H13FDOax92F7fX3dedjaqJWgldsatBqv/jX1uTZ6QgfT2Ouw3dzc7GS9Q9NandTKGQynp6e/fW+//a0NGjC91cXFxWJfXV9fTzatlaCVpZ3A2ufrBFc/nrZTmykNprW6v79f7KvLy8udrLeGrQat3UlQJ7M6vdWQ9dvbgPns9UfRsU5sbw2d/1l+Tg1dH7F2W1vRblsTOZiHKyICcfY6bFdXV78dLDvG0h+A2z7uzzroT7Mq/u/cUWA6q/V6vdhn5fCLqQ71aJevYgfMK+J6bGMf9vHV4R4lpOVwj7qcnZ39ul+f68PXT3TAbkWErbi9vZ30AN0+ZuW2PlfD1k5xwgbT2eu9oq3z8/PJT6lqQ9bGrN/OJmowrZiJbawT4v/2JPh+m1u/7U3YYHpxYSseHx8nu2xRDV17bbZ+r2m/XmC3IsP2nQtPbnuhyaG9o6Y1mEds2Ma4VPi2lwYXNZhXfNi+8w9e+jANTXBDOwpEDeZ1MGH7zmXEvwpc+7i/374GmM5Bhm2bf6g8FKuhqUzUYH4HH7a/vXJIH6uheAkazEvYgDh7fXUPgCHCBsQRNiCOsAFxhA2II2xAHGED4ggbEEfYgDjCBsQRNiCOsAFxhA2II2xAHGED4ggbsEjzA5yMNkFpGj6SAAAAAElFTkSuQmCC""}}]}, {""role"": ""assistant"", ""content"": ""0.25""}, {""role"": ""user"", ""content"": [{""type"": ""text"", ""text"": ""\nConsider the image provided.\n\nFinal Answer:\n""}, {""type"": ""image_url"", ""image_url"": {""url"": ""data:image/png;base64,iVBORw0KGgoAAAANSUhEUgAAATYAAABcCAYAAADkpJkhAAADz0lEQVR4nO3du04bQRiAURuWi8QLLe9DwzvxBtT0lEj01LR0NFAggaNBmmgy2ZDEnlkn/54jrdbGeOIi+jx7Zb3ZbDYrgEAO9v0BAFoTNiAcYQPCETYgHGEDwhE2IBxhA8IRNiAcYQPCETYgHGEDwhE2IBxhA8IRNiAcYQPCETYgHGEDwhE2IBxhA8IRNiAcYQPCETYgHGEDwhE2IBxhA8IRNiCc9TiOm31/CICW1qvVStiAUGyKAuEIGxCOsAHhDOM47vszADS13mw2Dh4AodgUBcIRNiAcYQPCETYgHGEDwhE2IBxhA8IRNiAcYQPCETYgnGHfH4D/z8fHx9bvPTjwXUp/rhXll+b8r7Fep3ueQhtmbGw9G9smRgLGHMzYWL2/vzcbqw7XVMjEjd6EbcHe3t6ajVXGKj+u1189hpZsii7Q6+tr0/GmQpaX8nn9++k7VdzoQdgW5vn5eZagpSUdAa1/Vr8XehC2BXl6emo6Xj0rK0OWHuelfK083SM9N2ujB2FbgMfHx2Zj1bOueoZWL4eHh5/rFLAcNXGjN2FbgJb71OqwlTOxMmZ5SaePDMPw0zlxOW6CRg/CFtz9/X3T8ab2p9VBSyHLSw5a+vnULK1eQwvCFtjt7W2Xcf8kakdHR5+ztbTkuNWbrmJGL8IW2MvLyyxhK6OWgpbWOWg5XvV78mtl9ISOVoQtqOvr625jT83W8kwtXcVwfHz8w+/W+9/KoEEPw/n5eZeB2a/Ly8tZZ2spaGkpZ2Dl63kGlzdPy1mbWRqtDXd3d80HZf8uLi66jZ3DloNWHiTIM7M8e8shq/e3QU82RYNqeWF7aer6z/Rv5dDVESv3tSXlvjWRoxd3/QPCSV+7vjaDurq66r4pmjc78xHRdOAgLaenp6uTk5Pv67Tk1/KR0/z+fJJvHht2NYzjuPMg/JtSQOY81aNc8s/rS6yEizm4H1twPU77+Op0j3LWlpZ6ppbWdfjqi+lhV8K2ADc3N7OfoFvHLK3za1ObocJGS46KLsDZ2dleLqkqQ1bGrL4SQdRozYxtQVpcEP+3F8HX+9zqfW/CRg/CtjAPDw+z3rYoh668N1t9A8p6XNiVsC3QLjee3PZGk1NHR83W6EXYFmzXW4Vve2twUaM3YWPrP/BSh2lqBjd1oEDU6E3Y2Pk24l8FrnxePy7fAy0JG03+oPJUrKZmZaLGHISNpncOqWP1u+fQg7AB4bhtERCOsAHhCBsQjrAB4QgbEI6wAeEIGxCOsAHhCBsQjrAB4QgbEI6wAeEIGxCOsAHhCBsQjrABq2i+AV6ZN+f7P3/YAAAAAElFTkSuQmCC""}}]}, {""role"": ""assistant"", ""content"": ""0.3""}, {""role"": ""user"", ""content"": [{""type"": ""text"", ""text"": ""\nConsider the image provided.\n\nFinal Answer:\n""}, {""type"": ""image_url"", ""image_url"": {""url"": ""data:image/png;base64,iVBORw0KGgoAAAANSUhEUgAAATYAAABcCAYAAADkpJkhAAADx0lEQVR4nO3dvU7jSgCG4QTCj8QNhfuh4Z64A2p6SiR6alo6GiiQIEez0qzmzLHYPcjY8cfzSFYSQryWVnoz/hvWu91utwIIcjD3BgCMTdiAOMIGxBE2II6wAXGEDYgjbEAcYQPiCBsQR9iAOMIGxBE2II6wAXGEDYgjbEAcYQPiCBsQR9iAOMIGxBE2II6wAXGEDYgjbEAcYQPiCBsQR9iAOOvtdrubeyMAxrRerVbCBkSxKwrEETYgjrABcTbb7XbubQAY1Xq32zl5AESxKwrEETYgjrABcYQNiCNsQBxhA+IIGxBH2IA4wgbEETYgzmbuDWAcHx8fX/7swYHvN7K4V3RhpvzvWq/LPKSwPEZsYaOxr8RIwEhjxLan3t/fR1tXH66hkIkbSYRtz7y9vY22rjZW9Xn/+NlzWCq7onvi9fV11PUNhawu7ev+98v3nLixdMK2B56fnycJWlnKGdD+Z/1nYemEbWZPT0+jrq8flbUhK8/r0r7XXu5RXhu1sXTCNpPHx8fR1tWPuvoRWr8cHh7+eiwBq1ETN5IIW8AxtT5s7UisjVldyuUjm83mP9fE1bgJGksnbDO4v78fdX1Dx9P6oJWQ1aUGrfx8aJTWP8LSCNvEbm9vv2W9fxO1o6OjX6O1stS49buuYkYCYZvYy8vLJGFro1aCVh5r0Gq8+s/U99roCR1LJGwTur6+/rZ1D43W6kit3MVwfHz8r9/tj7+1QYOl25yfn8+9DT/G5eXlpKO1ErSytCOw9v06gqu7p+2ozSiNJdvc3d3NvQ0/xsXFxbetu4atBq09SVBHZnX0VkPWH2+DFHZFF3pje2vo/s/yb9XQ9RFrj7UV7bE1kSOBGQaBOOUr3lf0hK6urr59V7TudtYzouXEQVlOT09XJycnvx/LUt+rZ07r5+tFvnXdsCSb7XY79zb8KCUgU17q0S715/0tVsJFGvOxhVz28dnlHu2orSz9SK089uHrb6aHJRG2mdzc3Ex+gW4fs/JY3xvaDRU2lspZ0ZmcnZ3NcktVG7I2Zv2dCKLGkhmxBdwQ/39vgu+PufXH3oSNpRO2PfDw8DDptEU1dO3cbP0ElP16YUmELWDiya9ONDl0dtRojQTCFjZV+FenBhc1kghb2B946cM0NIIbOlEgaiQRttBpxD8LXPu6f95+BpZK2IL/oPJQrIZGZaJGGmH7ATOH9LH602tYOmED4pi2CIgjbEAcYQPiCBsQR9iAOMIGxBE2II6wAXGEDYgjbEAcYQPiCBsQR9iAOMIGxBE2II6wAas0/wBdpDfnoKPWyAAAAABJRU5ErkJggg==""}}]}, {""role"": ""assistant"", ""content"": ""0.35""}, {""role"": ""user"", ""content"": [{""type"": ""text"", ""text"": ""\nConsider the image provided.\n\nFinal Answer:\n""}, {""type"": ""image_url"", ""image_url"": {""url"": ""data:image/png;base64,iVBORw0KGgoAAAANSUhEUgAAATYAAABcCAYAAADkpJkhAAADt0lEQVR4nO3dvU7jQBSA0QQCFLyQeR8kxLNR01Mi0VPT0tFAgQReDdHsjgdvtPE6cbg+R7ISCPFaW3zc+I9l27btAiCQo6k3AGBswgaEI2xAOMIGhCNsQDjCBoQjbEA4wgaEI2xAOMIGhCNsQDjCBoQjbEA4wgaEI2xAOMIGhCNsQDjCBoQjbEA4wgaEI2xAOMIGhCNsQDjCBoQjbEA4wgaEs2yapp16IwDGtFwsFsIGhOKjKBCOsAHhCBsQzqppmqm3AWBUy7ZtHTwAQvFRFAhH2IBwhA0IR9iAcIQNCEfYgHCEDQhH2IBwhA0IR9iAcFZTbwBrn5+fg997dOT3E5RcK7pn+/zvXi7TfURhfkxsBzSNDQmReMF3JrYd+fj4GGU9dbj6QiZu0CVsI3t/fx9lPWWs8vP6cdNzmDMfRUfy9vY22rr6QpaX8uv659PvKHEDYRvFy8vLzoOWlnT0s/5e/V5A2P7b8/PzaOuqp7IyZOl5XsrXylM90temNhC2wZ6enkZZTz111RNavRwfH389poDlqIkbdAnbxPvU6rCVk1gZs7ykU0dWq9W38+Fy3AQNhG2Qh4eH0dbVtz+tDloKWV5y0NL3+6a0+hHmSNi2dHd3N/o6/yVqJycnX9NaWnLc6o+uYgZrwral19fXnYetjFoKWnrMQcvxqt+TXyujJ3TMlbBt4ebmZifr7ZvW8qSWrmA4PT3t/Gy9/60MGrBYrC4uLqbehh/j+vp6b9NaClpaygmsfD1PcPnjaTm1mdKYu9X9/f3U2/BjXF5e7mS9OWw5aOVBgjyZ5ekth6ze3wb84aPoBBe2l/qu/0z/Tg5dHbFyX1tS7lsTOVhzh0IgHGHbwtXVVedk2TGW+gTc8uv6qoP6Mqvkb9eOwpytmqaZeht+lHT6xb5O9SiXTbEDutyP7QBO+9h0ukcKaTrdIy9nZ2e/n+fX6vDVEx3MjbANdHt7u9cTdOuYpcf8Wg5bOcUJG3PmqOhA5+fne7+kqgxZGbN6P5uoMXcmtokviN/2Ivh6n1u9703YQNhG8fj4uLfbFuXQlfdmq4+a1uuFuRG2iW88OfRGk31HR01rsCZsB3Sr8KG3Bhc16BK2A/oDL3WY+ia4vgMFogZdwnaAtxHfFLjy6/p5+R6YM2E70D+o3BervqlM1OA7YTvwO4fUseqLl6BBl7AB4bi7BxCOsAHhCBsQjrAB4QgbEI6wAeEIGxCOsAHhCBsQjrAB4QgbEI6wAeEIGxCOsAHhCBsQjrABi2h+ASl0NkFWMNjMAAAAAElFTkSuQmCC""}}]}, {""role"": ""assistant"", ""content"": ""0.4""}, {""role"": ""user"", ""content"": [{""type"": ""text"", ""text"": ""\nConsider the image provided.\n\nFinal Answer:\n""}, {""type"": ""image_url"", ""image_url"": {""url"": ""data:image/png;base64,iVBORw0KGgoAAAANSUhEUgAAATYAAABcCAYAAADkpJkhAAADwElEQVR4nO3dsU7jSgCG0QAGCl4ovA8S4tmo6SmR6Klp6WigQIJczUpzNTvXF+0G24E/50hWkg3xpvo0sT3jg81ms1kBBDnc9RcAmJqwAXGEDYgjbEAcYQPiCBsQR9iAOMIGxBE2II6wAXGEDYgjbEAcYQPiCBsQR9iAOMIGxBE2II6wAXGEDYgjbEAcYQPiCBsQR9iAOMIGxBE2II6wAXEO1uv1ZtdfAmBKB6vVStiAKH6KAnGEDYgjbECcYb1e7/o7AEzqYLPZOHkARPFTFIgjbEAcYQPiCBsQR9iAOMIGxBE2II6wAXGEDYgjbECcYfWDfHx8bP3Zw0MNh33xLeeKLvmVDg7KWptAkuGnjca2CZF4wX7Z6Yjt/f19kv304RoLmbjB/thJ2N7e3ibZTxur+rx//Ow5kGnRn6Kvr6+T7WssZHVrX/d/XzoubpBtsbA9Pz/PHrSylbOf/b/1nwWyLRK2p6enyfbVj8rakJXndWvfay/1KK+N2iDbrGF7fHycZD/9qKsfofXb0dHRr8cSsBo1cYP9MfyEY2p92NqRWBuzupVLR4Zh+M/1cDVuggbZZgvb/f39ZPsaO57WB62ErG41aOXfx0Zp/SOQZZaw3d7eTr7PP4na8fHxr9Fa2Wrc+p+uYgb5Zgnby8vL7GFro1aCVh5r0Gq8+s/U99roCR3kmTxs19fXqzmMjdbqSK3MYDg5Ofntb/vjb23QgGzD+fn5pDu8urpaLTVaK0ErWzsCa9+vI7j687QdtRmlQa7h7u5u0h1eXFys5lDDVoPWniSoI7M6eqsh64+3Afth+K4T21tj8z/L/1ND10esPdZWtMfWRA7yWX0RiDN52C4vL3+7WHaKrb8At33dzzrop1kV/zd3FMg0rNfryXdaLr9Y6lKPdvssdsD+mG09tqkv+/jsco8S0nK5R91OT0//fV7f68PXj+iAHLMuNHlzc7PoBbp9zMpjfa+GrR3FCRtkmnUS/NnZ2eJTqtqQtTHrj7OJGuRaZGnwr06I/9tJ8P0xt/7Ym7BBtsXuefDw8LDYskU1dO3abP1Z036/QI5Fb+ay7cKT2y40OXZ21GgN8u3kLlVfWSp826XBRQ32x07vK7rNDV76MI2N4MZOFIga7I+dhu0ry4h/Frj2df+8/QyQ6duEbZsbKo/FamxUJmqwX75l2P525ZA+VmPxEjTYHz8qbAB/wrJFQBxhA+IIGxBH2IA4wgbEETYgjrABcYQNiCNsQBxhA+IIGxBH2IA4wgbEETYgjrABcYQNWKX5B1S3NkEoUplJAAAAAElFTkSuQmCC""}}]}, {""role"": ""assistant"", ""content"": ""0.3""}, {""role"": ""user"", ""content"": [{""type"": ""text"", ""text"": ""\nConsider the image provided.\n\nFinal Answer:\n""}, {""type"": ""image_url"", ""image_url"": {""url"": ""data:image/png;base64,iVBORw0KGgoAAAANSUhEUgAAATYAAABcCAYAAADkpJkhAAADwElEQVR4nO3dsU7jSgCG0QAGCl4ovA8S4tmo6SmR6Klp6WigQIJczUpzNTvXF+0G24E/50hWkg3xpvo0sT3jg81ms1kBBDnc9RcAmJqwAXGEDYgjbEAcYQPiCBsQR9iAOMIGxBE2II6wAXGEDYgjbEAcYQPiCBsQR9iAOMIGxBE2II6wAXGEDYgjbEAcYQPiCBsQR9iAOMIGxBE2II6wAXEO1uv1ZtdfAmBKB6vVStiAKH6KAnGEDYgjbECcYb1e7/o7AEzqYLPZOHkARPFTFIgjbEAcYQPiCBsQR9iAOMIGxBE2II6wAXGEDYgjbECcYfWDfHx8bP3Zw0MNh33xLeeKLvmVDg7KWptAkuGnjca2CZF4wX7Z6Yjt/f19kv304RoLmbjB/thJ2N7e3ibZTxur+rx//Ow5kGnRn6Kvr6+T7WssZHVrX/d/XzoubpBtsbA9Pz/PHrSylbOf/b/1nwWyLRK2p6enyfbVj8rakJXndWvfay/1KK+N2iDbrGF7fHycZD/9qKsfofXb0dHRr8cSsBo1cYP9MfyEY2p92NqRWBuzupVLR4Zh+M/1cDVuggbZZgvb/f39ZPsaO57WB62ErG41aOXfx0Zp/SOQZZaw3d7eTr7PP4na8fHxr9Fa2Wrc+p+uYgb5Zgnby8vL7GFro1aCVh5r0Gq8+s/U99roCR3kmTxs19fXqzmMjdbqSK3MYDg5Ofntb/vjb23QgGzD+fn5pDu8urpaLTVaK0ErWzsCa9+vI7j687QdtRmlQa7h7u5u0h1eXFys5lDDVoPWniSoI7M6eqsh64+3Afth+K4T21tj8z/L/1ND10esPdZWtMfWRA7yWX0RiDN52C4vL3+7WHaKrb8At33dzzrop1kV/zd3FMg0rNfryXdaLr9Y6lKPdvssdsD+mG09tqkv+/jsco8S0nK5R91OT0//fV7f68PXj+iAHLMuNHlzc7PoBbp9zMpjfa+GrR3FCRtkmnUS/NnZ2eJTqtqQtTHrj7OJGuRaZGnwr06I/9tJ8P0xt/7Ym7BBtsXuefDw8LDYskU1dO3abP1Z036/QI5Fb+ay7cKT2y40OXZ21GgN8u3kLlVfWSp826XBRQ32x07vK7rNDV76MI2N4MZOFIga7I+dhu0ry4h/Frj2df+8/QyQ6duEbZsbKo/FamxUJmqwX75l2P525ZA+VmPxEjTYHz8qbAB/wrJFQBxhA+IIGxBH2IA4wgbEETYgjrABcYQNiCNsQBxhA+IIGxBH2IA4wgbEETYgjrABcYQNWKX5B1S3NkEoUplJAAAAAElFTkSuQmCC""}}]}]",0.25
openai/gpt-4o-2024-08-06,sample_007,0.1232,0.1232,0.1232,0.2,"[{""role"": ""system"", ""content"": ""You are a lines length ratio estimator.\n        You are given an image of two lines.\n\n        Estimate the ratio of the shorter line to the longer line as a decimal number between 0 and 1.\n\n        Do not explain or reason. Only output the final answer as a number after Final Answer:\n""}, {""role"": ""user"", ""content"": [{""type"": ""text"", ""text"": ""\nConsider the image provided.\n\nFinal Answer:\n""}, {""type"": ""image_url"", ""image_url"": {""url"": ""data:image/png;base64,iVBORw0KGgoAAAANSUhEUgAAATYAAABcCAYAAADkpJkhAAADxklEQVR4nO3dv04iXRzHYVDUwhvC+zExXpu1vaWJvbWtnY0WJsrmbHI2Z887r9nFYWb58jzJBBAZsfn4Y/653Gw2mwVAkKO53wDA2IQNiCNsQBxhA+IIGxBH2IA4wgbEETYgjrABcYQNiCNsQBxhA+IIGxBH2IA4wgbEETYgjrABcYQNiCNsQBxhA+IIGxBH2IA4wgbEETYgjrABcYQNiLNcr9ebud8EwJiWi8VC2IAoPooCcYQNiCNsQJzVer2e+z0AjGq52WzsPACi+CgKxBE2II6wAXGEDYgjbEAcYQPiCBsQR9iAOMIGxBE2IM5q7jfwr/r8/Nz6tUdH/l7AnA7+XNEpf/3lslzXE9i1g5zY/nQa2yZE4gXzO5iJ7ePjY5T19OEaCpm4wbziw/b+/j7KetpY1fv97Vf3genEfhR9e3sbbV1DIatL+7j//vI3Q9xgepFhe3l52XnQylL2fvZf618LTC8ubM/Pz6Otq5/K2pCV+3Vpn2sP9SiPTW0wvZiwPT09jbKefurqJ7R+OT4+/nlbAlajJm4wr5iwjbVNrQ9bO4m1MatLOXRktVr953i4GjdBg+lFhO3h4WG0dQ1tT+uDVkJWlxq08vWhKa2/BXZv78N2d3c3+jr/JGonJyc/p7Wy1Lj1H13FDOax92F7fX3dedjaqJWgldsatBqv/jX1uTZ6QgfT2Ouw3dzc7GS9Q9NandTKGQynp6e/fW+//a0NGjC91cXFxWJfXV9fTzatlaCVpZ3A2ufrBFc/nrZTmykNprW6v79f7KvLy8udrLeGrQat3UlQJ7M6vdWQ9dvbgPns9UfRsU5sbw2d/1l+Tg1dH7F2W1vRblsTOZiHKyICcfY6bFdXV78dLDvG0h+A2z7uzzroT7Mq/u/cUWA6q/V6vdhn5fCLqQ71aJevYgfMK+J6bGMf9vHV4R4lpOVwj7qcnZ39ul+f68PXT3TAbkWErbi9vZ30AN0+ZuW2PlfD1k5xwgbT2eu9oq3z8/PJT6lqQ9bGrN/OJmowrZiJbawT4v/2JPh+m1u/7U3YYHpxYSseHx8nu2xRDV17bbZ+r2m/XmC3IsP2nQtPbnuhyaG9o6Y1mEds2Ma4VPi2lwYXNZhXfNi+8w9e+jANTXBDOwpEDeZ1MGH7zmXEvwpc+7i/374GmM5Bhm2bf6g8FKuhqUzUYH4HH7a/vXJIH6uheAkazEvYgDh7fXUPgCHCBsQRNiCOsAFxhA2II2xAHGED4ggbEEfYgDjCBsQRNiCOsAFxhA2II2xAHGED4ggbsEjzA5yMNkFpGj6SAAAAAElFTkSuQmCC""}}]}, {""role"": ""assistant"", ""content"": ""0.25""}, {""role"": ""user"", ""content"": [{""type"": ""text"", ""text"": ""\nConsider the image provided.\n\nFinal Answer:\n""}, {""type"": ""image_url"", ""image_url"": {""url"": ""data:image/png;base64,iVBORw0KGgoAAAANSUhEUgAAATYAAABcCAYAAADkpJkhAAADz0lEQVR4nO3du04bQRiAURuWi8QLLe9DwzvxBtT0lEj01LR0NFAggaNBmmgy2ZDEnlkn/54jrdbGeOIi+jx7Zb3ZbDYrgEAO9v0BAFoTNiAcYQPCETYgHGEDwhE2IBxhA8IRNiAcYQPCETYgHGEDwhE2IBxhA8IRNiAcYQPCETYgHGEDwhE2IBxhA8IRNiAcYQPCETYgHGEDwhE2IBxhA8IRNiCc9TiOm31/CICW1qvVStiAUGyKAuEIGxCOsAHhDOM47vszADS13mw2Dh4AodgUBcIRNiAcYQPCETYgHGEDwhE2IBxhA8IRNiAcYQPCETYgnGHfH4D/z8fHx9bvPTjwXUp/rhXll+b8r7Fep3ueQhtmbGw9G9smRgLGHMzYWL2/vzcbqw7XVMjEjd6EbcHe3t6ajVXGKj+u1189hpZsii7Q6+tr0/GmQpaX8nn9++k7VdzoQdgW5vn5eZagpSUdAa1/Vr8XehC2BXl6emo6Xj0rK0OWHuelfK083SM9N2ujB2FbgMfHx2Zj1bOueoZWL4eHh5/rFLAcNXGjN2FbgJb71OqwlTOxMmZ5SaePDMPw0zlxOW6CRg/CFtz9/X3T8ab2p9VBSyHLSw5a+vnULK1eQwvCFtjt7W2Xcf8kakdHR5+ztbTkuNWbrmJGL8IW2MvLyyxhK6OWgpbWOWg5XvV78mtl9ISOVoQtqOvr625jT83W8kwtXcVwfHz8w+/W+9/KoEEPw/n5eZeB2a/Ly8tZZ2spaGkpZ2Dl63kGlzdPy1mbWRqtDXd3d80HZf8uLi66jZ3DloNWHiTIM7M8e8shq/e3QU82RYNqeWF7aer6z/Rv5dDVESv3tSXlvjWRoxd3/QPCSV+7vjaDurq66r4pmjc78xHRdOAgLaenp6uTk5Pv67Tk1/KR0/z+fJJvHht2NYzjuPMg/JtSQOY81aNc8s/rS6yEizm4H1twPU77+Op0j3LWlpZ6ppbWdfjqi+lhV8K2ADc3N7OfoFvHLK3za1ObocJGS46KLsDZ2dleLqkqQ1bGrL4SQdRozYxtQVpcEP+3F8HX+9zqfW/CRg/CtjAPDw+z3rYoh668N1t9A8p6XNiVsC3QLjee3PZGk1NHR83W6EXYFmzXW4Vve2twUaM3YWPrP/BSh2lqBjd1oEDU6E3Y2Pk24l8FrnxePy7fAy0JG03+oPJUrKZmZaLGHISNpncOqWP1u+fQg7AB4bhtERCOsAHhCBsQjrAB4QgbEI6wAeEIGxCOsAHhCBsQjrAB4QgbEI6wAeEIGxCOsAHhCBsQjrABq2i+AV6ZN+f7P3/YAAAAAElFTkSuQmCC""}}]}, {""role"": ""assistant"", ""content"": ""0.3""}, {""role"": ""user"", ""content"": [{""type"": ""text"", ""text"": ""\nConsider the image provided.\n\nFinal Answer:\n""}, {""type"": ""image_url"", ""image_url"": {""url"": ""data:image/png;base64,iVBORw0KGgoAAAANSUhEUgAAATYAAABcCAYAAADkpJkhAAADx0lEQVR4nO3dvU7jSgCG4QTCj8QNhfuh4Z64A2p6SiR6alo6GiiQIEez0qzmzLHYPcjY8cfzSFYSQryWVnoz/hvWu91utwIIcjD3BgCMTdiAOMIGxBE2II6wAXGEDYgjbEAcYQPiCBsQR9iAOMIGxBE2II6wAXGEDYgjbEAcYQPiCBsQR9iAOMIGxBE2II6wAXGEDYgjbEAcYQPiCBsQR9iAOOvtdrubeyMAxrRerVbCBkSxKwrEETYgjrABcTbb7XbubQAY1Xq32zl5AESxKwrEETYgjrABcYQNiCNsQBxhA+IIGxBH2IA4wgbEETYgzmbuDWAcHx8fX/7swYHvN7K4V3RhpvzvWq/LPKSwPEZsYaOxr8RIwEhjxLan3t/fR1tXH66hkIkbSYRtz7y9vY22rjZW9Xn/+NlzWCq7onvi9fV11PUNhawu7ev+98v3nLixdMK2B56fnycJWlnKGdD+Z/1nYemEbWZPT0+jrq8flbUhK8/r0r7XXu5RXhu1sXTCNpPHx8fR1tWPuvoRWr8cHh7+eiwBq1ETN5IIW8AxtT5s7UisjVldyuUjm83mP9fE1bgJGksnbDO4v78fdX1Dx9P6oJWQ1aUGrfx8aJTWP8LSCNvEbm9vv2W9fxO1o6OjX6O1stS49buuYkYCYZvYy8vLJGFro1aCVh5r0Gq8+s/U99roCR1LJGwTur6+/rZ1D43W6kit3MVwfHz8r9/tj7+1QYOl25yfn8+9DT/G5eXlpKO1ErSytCOw9v06gqu7p+2ozSiNJdvc3d3NvQ0/xsXFxbetu4atBq09SVBHZnX0VkPWH2+DFHZFF3pje2vo/s/yb9XQ9RFrj7UV7bE1kSOBGQaBOOUr3lf0hK6urr59V7TudtYzouXEQVlOT09XJycnvx/LUt+rZ07r5+tFvnXdsCSb7XY79zb8KCUgU17q0S715/0tVsJFGvOxhVz28dnlHu2orSz9SK089uHrb6aHJRG2mdzc3Ex+gW4fs/JY3xvaDRU2lspZ0ZmcnZ3NcktVG7I2Zv2dCKLGkhmxBdwQ/39vgu+PufXH3oSNpRO2PfDw8DDptEU1dO3cbP0ElP16YUmELWDiya9ONDl0dtRojQTCFjZV+FenBhc1kghb2B946cM0NIIbOlEgaiQRttBpxD8LXPu6f95+BpZK2IL/oPJQrIZGZaJGGmH7ATOH9LH602tYOmED4pi2CIgjbEAcYQPiCBsQR9iAOMIGxBE2II6wAXGEDYgjbEAcYQPiCBsQR9iAOMIGxBE2II6wAas0/wBdpDfnoKPWyAAAAABJRU5ErkJggg==""}}]}, {""role"": ""assistant"", ""content"": ""0.35""}, {""role"": ""user"", ""content"": [{""type"": ""text"", ""text"": ""\nConsider the image provided.\n\nFinal Answer:\n""}, {""type"": ""image_url"", ""image_url"": {""url"": ""data:image/png;base64,iVBORw0KGgoAAAANSUhEUgAAATYAAABcCAYAAADkpJkhAAADt0lEQVR4nO3dvU7jQBSA0QQCFLyQeR8kxLNR01Mi0VPT0tFAgQReDdHsjgdvtPE6cbg+R7ISCPFaW3zc+I9l27btAiCQo6k3AGBswgaEI2xAOMIGhCNsQDjCBoQjbEA4wgaEI2xAOMIGhCNsQDjCBoQjbEA4wgaEI2xAOMIGhCNsQDjCBoQjbEA4wgaEI2xAOMIGhCNsQDjCBoQjbEA4wgaEs2yapp16IwDGtFwsFsIGhOKjKBCOsAHhCBsQzqppmqm3AWBUy7ZtHTwAQvFRFAhH2IBwhA0IR9iAcIQNCEfYgHCEDQhH2IBwhA0IR9iAcFZTbwBrn5+fg997dOT3E5RcK7pn+/zvXi7TfURhfkxsBzSNDQmReMF3JrYd+fj4GGU9dbj6QiZu0CVsI3t/fx9lPWWs8vP6cdNzmDMfRUfy9vY22rr6QpaX8uv659PvKHEDYRvFy8vLzoOWlnT0s/5e/V5A2P7b8/PzaOuqp7IyZOl5XsrXylM90temNhC2wZ6enkZZTz111RNavRwfH389poDlqIkbdAnbxPvU6rCVk1gZs7ykU0dWq9W38+Fy3AQNhG2Qh4eH0dbVtz+tDloKWV5y0NL3+6a0+hHmSNi2dHd3N/o6/yVqJycnX9NaWnLc6o+uYgZrwral19fXnYetjFoKWnrMQcvxqt+TXyujJ3TMlbBt4ebmZifr7ZvW8qSWrmA4PT3t/Gy9/60MGrBYrC4uLqbehh/j+vp6b9NaClpaygmsfD1PcPnjaTm1mdKYu9X9/f3U2/BjXF5e7mS9OWw5aOVBgjyZ5ekth6ze3wb84aPoBBe2l/qu/0z/Tg5dHbFyX1tS7lsTOVhzh0IgHGHbwtXVVedk2TGW+gTc8uv6qoP6Mqvkb9eOwpytmqaZeht+lHT6xb5O9SiXTbEDutyP7QBO+9h0ukcKaTrdIy9nZ2e/n+fX6vDVEx3MjbANdHt7u9cTdOuYpcf8Wg5bOcUJG3PmqOhA5+fne7+kqgxZGbN6P5uoMXcmtokviN/2Ivh6n1u9703YQNhG8fj4uLfbFuXQlfdmq4+a1uuFuRG2iW88OfRGk31HR01rsCZsB3Sr8KG3Bhc16BK2A/oDL3WY+ia4vgMFogZdwnaAtxHfFLjy6/p5+R6YM2E70D+o3BervqlM1OA7YTvwO4fUseqLl6BBl7AB4bi7BxCOsAHhCBsQjrAB4QgbEI6wAeEIGxCOsAHhCBsQjrAB4QgbEI6wAeEIGxCOsAHhCBsQjrABi2h+ASl0NkFWMNjMAAAAAElFTkSuQmCC""}}]}, {""role"": ""assistant"", ""content"": ""0.4""}, {""role"": ""user"", ""content"": [{""type"": ""text"", ""text"": ""\nConsider the image provided.\n\nFinal Answer:\n""}, {""type"": ""image_url"", ""image_url"": {""url"": ""data:image/png;base64,iVBORw0KGgoAAAANSUhEUgAAATYAAABcCAYAAADkpJkhAAADwElEQVR4nO3dsU7jSgCG0QAGCl4ovA8S4tmo6SmR6Klp6WigQIJczUpzNTvXF+0G24E/50hWkg3xpvo0sT3jg81ms1kBBDnc9RcAmJqwAXGEDYgjbEAcYQPiCBsQR9iAOMIGxBE2II6wAXGEDYgjbEAcYQPiCBsQR9iAOMIGxBE2II6wAXGEDYgjbEAcYQPiCBsQR9iAOMIGxBE2II6wAXEO1uv1ZtdfAmBKB6vVStiAKH6KAnGEDYgjbECcYb1e7/o7AEzqYLPZOHkARPFTFIgjbEAcYQPiCBsQR9iAOMIGxBE2II6wAXGEDYgjbECcYfWDfHx8bP3Zw0MNh33xLeeKLvmVDg7KWptAkuGnjca2CZF4wX7Z6Yjt/f19kv304RoLmbjB/thJ2N7e3ibZTxur+rx//Ow5kGnRn6Kvr6+T7WssZHVrX/d/XzoubpBtsbA9Pz/PHrSylbOf/b/1nwWyLRK2p6enyfbVj8rakJXndWvfay/1KK+N2iDbrGF7fHycZD/9qKsfofXb0dHRr8cSsBo1cYP9MfyEY2p92NqRWBuzupVLR4Zh+M/1cDVuggbZZgvb/f39ZPsaO57WB62ErG41aOXfx0Zp/SOQZZaw3d7eTr7PP4na8fHxr9Fa2Wrc+p+uYgb5Zgnby8vL7GFro1aCVh5r0Gq8+s/U99roCR3kmTxs19fXqzmMjdbqSK3MYDg5Ofntb/vjb23QgGzD+fn5pDu8urpaLTVaK0ErWzsCa9+vI7j687QdtRmlQa7h7u5u0h1eXFys5lDDVoPWniSoI7M6eqsh64+3Afth+K4T21tj8z/L/1ND10esPdZWtMfWRA7yWX0RiDN52C4vL3+7WHaKrb8At33dzzrop1kV/zd3FMg0rNfryXdaLr9Y6lKPdvssdsD+mG09tqkv+/jsco8S0nK5R91OT0//fV7f68PXj+iAHLMuNHlzc7PoBbp9zMpjfa+GrR3FCRtkmnUS/NnZ2eJTqtqQtTHrj7OJGuRaZGnwr06I/9tJ8P0xt/7Ym7BBtsXuefDw8LDYskU1dO3abP1Z036/QI5Fb+ay7cKT2y40OXZ21GgN8u3kLlVfWSp826XBRQ32x07vK7rNDV76MI2N4MZOFIga7I+dhu0ry4h/Frj2df+8/QyQ6duEbZsbKo/FamxUJmqwX75l2P525ZA+VmPxEjTYHz8qbAB/wrJFQBxhA+IIGxBH2IA4wgbEETYgjrABcYQNiCNsQBxhA+IIGxBH2IA4wgbEETYgjrABcYQNWKX5B1S3NkEoUplJAAAAAElFTkSuQmCC""}}]}, {""role"": ""assistant"", ""content"": ""0.3""}, {""role"": ""user"", ""content"": [{""type"": ""text"", ""text"": ""\nConsider the image provided.\n\nFinal Answer:\n""}, {""type"": ""image_url"", ""image_url"": {""url"": ""data:image/png;base64,iVBORw0KGgoAAAANSUhEUgAAATYAAABcCAYAAADkpJkhAAADwElEQVR4nO3dsU7jSgCG0QAGCl4ovA8S4tmo6SmR6Klp6WigQIJczUpzNTvXF+0G24E/50hWkg3xpvo0sT3jg81ms1kBBDnc9RcAmJqwAXGEDYgjbEAcYQPiCBsQR9iAOMIGxBE2II6wAXGEDYgjbEAcYQPiCBsQR9iAOMIGxBE2II6wAXGEDYgjbEAcYQPiCBsQR9iAOMIGxBE2II6wAXEO1uv1ZtdfAmBKB6vVStiAKH6KAnGEDYgjbECcYb1e7/o7AEzqYLPZOHkARPFTFIgjbEAcYQPiCBsQR9iAOMIGxBE2II6wAXGEDYgjbECcYfWDfHx8bP3Zw0MNh33xLeeKLvmVDg7KWptAkuGnjca2CZF4wX7Z6Yjt/f19kv304RoLmbjB/thJ2N7e3ibZTxur+rx//Ow5kGnRn6Kvr6+T7WssZHVrX/d/XzoubpBtsbA9Pz/PHrSylbOf/b/1nwWyLRK2p6enyfbVj8rakJXndWvfay/1KK+N2iDbrGF7fHycZD/9qKsfofXb0dHRr8cSsBo1cYP9MfyEY2p92NqRWBuzupVLR4Zh+M/1cDVuggbZZgvb/f39ZPsaO57WB62ErG41aOXfx0Zp/SOQZZaw3d7eTr7PP4na8fHxr9Fa2Wrc+p+uYgb5Zgnby8vL7GFro1aCVh5r0Gq8+s/U99roCR3kmTxs19fXqzmMjdbqSK3MYDg5Ofntb/vjb23QgGzD+fn5pDu8urpaLTVaK0ErWzsCa9+vI7j687QdtRmlQa7h7u5u0h1eXFys5lDDVoPWniSoI7M6eqsh64+3Afth+K4T21tj8z/L/1ND10esPdZWtMfWRA7yWX0RiDN52C4vL3+7WHaKrb8At33dzzrop1kV/zd3FMg0rNfryXdaLr9Y6lKPdvssdsD+mG09tqkv+/jsco8S0nK5R91OT0//fV7f68PXj+iAHLMuNHlzc7PoBbp9zMpjfa+GrR3FCRtkmnUS/NnZ2eJTqtqQtTHrj7OJGuRaZGnwr06I/9tJ8P0xt/7Ym7BBtsXuefDw8LDYskU1dO3abP1Z036/QI5Fb+ay7cKT2y40OXZ21GgN8u3kLlVfWSp826XBRQ32x07vK7rNDV76MI2N4MZOFIga7I+dhu0ry4h/Frj2df+8/QyQ6duEbZsbKo/FamxUJmqwX75l2P525ZA+VmPxEjTYHz8qbAB/wrJFQBxhA+IIGxBH2IA4wgbEETYgjrABcYQNiCNsQBxhA+IIGxBH2IA4wgbEETYgjrABcYQNWKX5B1S3NkEoUplJAAAAAElFTkSuQmCC""}}]}, {""role"": ""assistant"", ""content"": ""0.25""}, {""role"": ""user"", ""content"": [{""type"": ""text"", ""text"": ""\nConsider the image provided.\n\nFinal Answer:\n""}, {""type"": ""image_url"", ""image_url"": {""url"": ""data:image/png;base64,iVBORw0KGgoAAAANSUhEUgAAATYAAABcCAYAAADkpJkhAAADqklEQVR4nO3dvU7jQBSAUQcMFLyQeR8kxLNR01Mi0VPT0tFAgQRZDdKshllv2NgTZ3VzjmQlIYREFJ/GPzNZrdfrdQcQyNG+PwBAa8IGhCNsQDjCBoQjbEA4wgaEI2xAOMIGhCNsQDjCBoQjbEA4wgaEI2xAOMIGhCNsQDjCBoQjbEA4wgaEI2xAOMIGhCNsQDjCBoQjbEA4wgaEI2xAOMIGhLMahmG97w8B0NKq6zphA0KxKwqEI2xAOMIGhNMPw7DvzwDQ1Gq9Xjt5AIRiVxQIR9iAcIQNCEfYgHCEDQhH2IBwhA0IR9iAcIQNCEfYgHD6fb755+fn5NceHWkysMe5oktOR12t0tqZwCHr9z0amxIi8QIWG7F9fHw0+Tt1uMZCJm7ATsP2/v7e5sMUscr369tN9wFm74q+vb01+y+OhSxv5eP691OXxQ1oEraXl5du10FLWzr7Wf+sfi3A7LA9Pz93rdSjsjJk6X7eyufKSz3SY6M2YHLYnp6euhbqUVc9Qqu34+Pjr9sUsBw1cQOahK3VMbU6bOVIrIxZ3tKlI33f/3E9XI6boAGTwvbw8NC1MnY8rQ5aClnectDSz8dGafUtcNj+KWx3d3fN3/hfonZycvI1Wktbjlu96ypmwKSwvb6+drsOWxm1FLR0m4OW41W/Jj9XRk/ogB/DdnNzs5M3Hhut5ZFamsFwenr67Xfr429l0ABK/cXFRbfJ9fV1t9RoLQUtbeUIrHw+j+Dy7mk5ajNKA7L+/v6+2+Ty8rLbhRy2HLTyJEEemeXRWw5ZfbwNYNKuaKuJ7aWx+Z/pfXLo6oiVx9qS8tiayAE1qzUChxe2q6urbxfLttjqC3DLx/Wsg3qaVfK3uaMAST8Mw4//iXT5xVKXepTbptgBzF6PrfVlH5su90ghTZd75O3s7Oz3/fxcHb56RAccrq0Wmry9vV30At06Zuk2P5fDVo7ihA3YehL8+fn54lOqypCVMauPs4kaMGtp8LkT4redBF8fc6uPvQkb0OQ7Dx4fHxdbtiiHrlybrT5rWv9d4HDN+jKXqQtPTl1ocuzsqNEasJNvqZqzVPjUpcFFDVjke0WnfMFLHaaxEdzYiQJRAxYJ25xlxDcFrnxc3y9fA7DTsE35QuWxWI2NykQN2HvYtl05pI7VWLwEDfgvwwawC5YtAsIRNiAcYQPCETYgHGEDwhE2IBxhA8IRNiAcYQPCETYgHGEDwhE2IBxhA8IRNiAcYQPCETagi+YXGFo2QVpGsFsAAAAASUVORK5CYII=""}}]}]",0.2
openai/gpt-4o-2024-08-06,sample_008,0.4465,0.4465,0.4465,0.3,"[{""role"": ""system"", ""content"": ""You are a lines length ratio estimator.\n        You are given an image of two lines.\n\n        Estimate the ratio of the shorter line to the longer line as a decimal number between 0 and 1.\n\n        Do not explain or reason. Only output the final answer as a number after Final Answer:\n""}, {""role"": ""user"", ""content"": [{""type"": ""text"", ""text"": ""\nConsider the image provided.\n\nFinal Answer:\n""}, {""type"": ""image_url"", ""image_url"": {""url"": ""data:image/png;base64,iVBORw0KGgoAAAANSUhEUgAAATYAAABcCAYAAADkpJkhAAADxklEQVR4nO3dv04iXRzHYVDUwhvC+zExXpu1vaWJvbWtnY0WJsrmbHI2Z887r9nFYWb58jzJBBAZsfn4Y/653Gw2mwVAkKO53wDA2IQNiCNsQBxhA+IIGxBH2IA4wgbEETYgjrABcYQNiCNsQBxhA+IIGxBH2IA4wgbEETYgjrABcYQNiCNsQBxhA+IIGxBH2IA4wgbEETYgjrABcYQNiLNcr9ebud8EwJiWi8VC2IAoPooCcYQNiCNsQJzVer2e+z0AjGq52WzsPACi+CgKxBE2II6wAXGEDYgjbEAcYQPiCBsQR9iAOMIGxBE2IM5q7jfwr/r8/Nz6tUdH/l7AnA7+XNEpf/3lslzXE9i1g5zY/nQa2yZE4gXzO5iJ7ePjY5T19OEaCpm4wbziw/b+/j7KetpY1fv97Vf3genEfhR9e3sbbV1DIatL+7j//vI3Q9xgepFhe3l52XnQylL2fvZf618LTC8ubM/Pz6Otq5/K2pCV+3Vpn2sP9SiPTW0wvZiwPT09jbKefurqJ7R+OT4+/nlbAlajJm4wr5iwjbVNrQ9bO4m1MatLOXRktVr953i4GjdBg+lFhO3h4WG0dQ1tT+uDVkJWlxq08vWhKa2/BXZv78N2d3c3+jr/JGonJyc/p7Wy1Lj1H13FDOax92F7fX3dedjaqJWgldsatBqv/jX1uTZ6QgfT2Ouw3dzc7GS9Q9NandTKGQynp6e/fW+//a0NGjC91cXFxWJfXV9fTzatlaCVpZ3A2ufrBFc/nrZTmykNprW6v79f7KvLy8udrLeGrQat3UlQJ7M6vdWQ9dvbgPns9UfRsU5sbw2d/1l+Tg1dH7F2W1vRblsTOZiHKyICcfY6bFdXV78dLDvG0h+A2z7uzzroT7Mq/u/cUWA6q/V6vdhn5fCLqQ71aJevYgfMK+J6bGMf9vHV4R4lpOVwj7qcnZ39ul+f68PXT3TAbkWErbi9vZ30AN0+ZuW2PlfD1k5xwgbT2eu9oq3z8/PJT6lqQ9bGrN/OJmowrZiJbawT4v/2JPh+m1u/7U3YYHpxYSseHx8nu2xRDV17bbZ+r2m/XmC3IsP2nQtPbnuhyaG9o6Y1mEds2Ma4VPi2lwYXNZhXfNi+8w9e+jANTXBDOwpEDeZ1MGH7zmXEvwpc+7i/374GmM5Bhm2bf6g8FKuhqUzUYH4HH7a/vXJIH6uheAkazEvYgDh7fXUPgCHCBsQRNiCOsAFxhA2II2xAHGED4ggbEEfYgDjCBsQRNiCOsAFxhA2II2xAHGED4ggbsEjzA5yMNkFpGj6SAAAAAElFTkSuQmCC""}}]}, {""role"": ""assistant"", ""content"": ""0.25""}, {""role"": ""user"", ""content"": [{""type"": ""text"", ""text"": ""\nConsider the image provided.\n\nFinal Answer:\n""}, {""type"": ""image_url"", ""image_url"": {""url"": ""data:image/png;base64,iVBORw0KGgoAAAANSUhEUgAAATYAAABcCAYAAADkpJkhAAADz0lEQVR4nO3du04bQRiAURuWi8QLLe9DwzvxBtT0lEj01LR0NFAggaNBmmgy2ZDEnlkn/54jrdbGeOIi+jx7Zb3ZbDYrgEAO9v0BAFoTNiAcYQPCETYgHGEDwhE2IBxhA8IRNiAcYQPCETYgHGEDwhE2IBxhA8IRNiAcYQPCETYgHGEDwhE2IBxhA8IRNiAcYQPCETYgHGEDwhE2IBxhA8IRNiCc9TiOm31/CICW1qvVStiAUGyKAuEIGxCOsAHhDOM47vszADS13mw2Dh4AodgUBcIRNiAcYQPCETYgHGEDwhE2IBxhA8IRNiAcYQPCETYgnGHfH4D/z8fHx9bvPTjwXUp/rhXll+b8r7Fep3ueQhtmbGw9G9smRgLGHMzYWL2/vzcbqw7XVMjEjd6EbcHe3t6ajVXGKj+u1189hpZsii7Q6+tr0/GmQpaX8nn9++k7VdzoQdgW5vn5eZagpSUdAa1/Vr8XehC2BXl6emo6Xj0rK0OWHuelfK083SM9N2ujB2FbgMfHx2Zj1bOueoZWL4eHh5/rFLAcNXGjN2FbgJb71OqwlTOxMmZ5SaePDMPw0zlxOW6CRg/CFtz9/X3T8ab2p9VBSyHLSw5a+vnULK1eQwvCFtjt7W2Xcf8kakdHR5+ztbTkuNWbrmJGL8IW2MvLyyxhK6OWgpbWOWg5XvV78mtl9ISOVoQtqOvr625jT83W8kwtXcVwfHz8w+/W+9/KoEEPw/n5eZeB2a/Ly8tZZ2spaGkpZ2Dl63kGlzdPy1mbWRqtDXd3d80HZf8uLi66jZ3DloNWHiTIM7M8e8shq/e3QU82RYNqeWF7aer6z/Rv5dDVESv3tSXlvjWRoxd3/QPCSV+7vjaDurq66r4pmjc78xHRdOAgLaenp6uTk5Pv67Tk1/KR0/z+fJJvHht2NYzjuPMg/JtSQOY81aNc8s/rS6yEizm4H1twPU77+Op0j3LWlpZ6ppbWdfjqi+lhV8K2ADc3N7OfoFvHLK3za1ObocJGS46KLsDZ2dleLqkqQ1bGrL4SQdRozYxtQVpcEP+3F8HX+9zqfW/CRg/CtjAPDw+z3rYoh668N1t9A8p6XNiVsC3QLjee3PZGk1NHR83W6EXYFmzXW4Vve2twUaM3YWPrP/BSh2lqBjd1oEDU6E3Y2Pk24l8FrnxePy7fAy0JG03+oPJUrKZmZaLGHISNpncOqWP1u+fQg7AB4bhtERCOsAHhCBsQjrAB4QgbEI6wAeEIGxCOsAHhCBsQjrAB4QgbEI6wAeEIGxCOsAHhCBsQjrABq2i+AV6ZN+f7P3/YAAAAAElFTkSuQmCC""}}]}, {""role"": ""assistant"", ""content"": ""0.3""}, {""role"": ""user"", ""content"": [{""type"": ""text"", ""text"": ""\nConsider the image provided.\n\nFinal Answer:\n""}, {""type"": ""image_url"", ""image_url"": {""url"": ""data:image/png;base64,iVBORw0KGgoAAAANSUhEUgAAATYAAABcCAYAAADkpJkhAAADx0lEQVR4nO3dvU7jSgCG4QTCj8QNhfuh4Z64A2p6SiR6alo6GiiQIEez0qzmzLHYPcjY8cfzSFYSQryWVnoz/hvWu91utwIIcjD3BgCMTdiAOMIGxBE2II6wAXGEDYgjbEAcYQPiCBsQR9iAOMIGxBE2II6wAXGEDYgjbEAcYQPiCBsQR9iAOMIGxBE2II6wAXGEDYgjbEAcYQPiCBsQR9iAOOvtdrubeyMAxrRerVbCBkSxKwrEETYgjrABcTbb7XbubQAY1Xq32zl5AESxKwrEETYgjrABcYQNiCNsQBxhA+IIGxBH2IA4wgbEETYgzmbuDWAcHx8fX/7swYHvN7K4V3RhpvzvWq/LPKSwPEZsYaOxr8RIwEhjxLan3t/fR1tXH66hkIkbSYRtz7y9vY22rjZW9Xn/+NlzWCq7onvi9fV11PUNhawu7ev+98v3nLixdMK2B56fnycJWlnKGdD+Z/1nYemEbWZPT0+jrq8flbUhK8/r0r7XXu5RXhu1sXTCNpPHx8fR1tWPuvoRWr8cHh7+eiwBq1ETN5IIW8AxtT5s7UisjVldyuUjm83mP9fE1bgJGksnbDO4v78fdX1Dx9P6oJWQ1aUGrfx8aJTWP8LSCNvEbm9vv2W9fxO1o6OjX6O1stS49buuYkYCYZvYy8vLJGFro1aCVh5r0Gq8+s/U99roCR1LJGwTur6+/rZ1D43W6kit3MVwfHz8r9/tj7+1QYOl25yfn8+9DT/G5eXlpKO1ErSytCOw9v06gqu7p+2ozSiNJdvc3d3NvQ0/xsXFxbetu4atBq09SVBHZnX0VkPWH2+DFHZFF3pje2vo/s/yb9XQ9RFrj7UV7bE1kSOBGQaBOOUr3lf0hK6urr59V7TudtYzouXEQVlOT09XJycnvx/LUt+rZ07r5+tFvnXdsCSb7XY79zb8KCUgU17q0S715/0tVsJFGvOxhVz28dnlHu2orSz9SK089uHrb6aHJRG2mdzc3Ex+gW4fs/JY3xvaDRU2lspZ0ZmcnZ3NcktVG7I2Zv2dCKLGkhmxBdwQ/39vgu+PufXH3oSNpRO2PfDw8DDptEU1dO3cbP0ElP16YUmELWDiya9ONDl0dtRojQTCFjZV+FenBhc1kghb2B946cM0NIIbOlEgaiQRttBpxD8LXPu6f95+BpZK2IL/oPJQrIZGZaJGGmH7ATOH9LH602tYOmED4pi2CIgjbEAcYQPiCBsQR9iAOMIGxBE2II6wAXGEDYgjbEAcYQPiCBsQR9iAOMIGxBE2II6wAas0/wBdpDfnoKPWyAAAAABJRU5ErkJggg==""}}]}, {""role"": ""assistant"", ""content"": ""0.35""}, {""role"": ""user"", ""content"": [{""type"": ""text"", ""text"": ""\nConsider the image provided.\n\nFinal Answer:\n""}, {""type"": ""image_url"", ""image_url"": {""url"": ""data:image/png;base64,iVBORw0KGgoAAAANSUhEUgAAATYAAABcCAYAAADkpJkhAAADt0lEQVR4nO3dvU7jQBSA0QQCFLyQeR8kxLNR01Mi0VPT0tFAgQReDdHsjgdvtPE6cbg+R7ISCPFaW3zc+I9l27btAiCQo6k3AGBswgaEI2xAOMIGhCNsQDjCBoQjbEA4wgaEI2xAOMIGhCNsQDjCBoQjbEA4wgaEI2xAOMIGhCNsQDjCBoQjbEA4wgaEI2xAOMIGhCNsQDjCBoQjbEA4wgaEs2yapp16IwDGtFwsFsIGhOKjKBCOsAHhCBsQzqppmqm3AWBUy7ZtHTwAQvFRFAhH2IBwhA0IR9iAcIQNCEfYgHCEDQhH2IBwhA0IR9iAcFZTbwBrn5+fg997dOT3E5RcK7pn+/zvXi7TfURhfkxsBzSNDQmReMF3JrYd+fj4GGU9dbj6QiZu0CVsI3t/fx9lPWWs8vP6cdNzmDMfRUfy9vY22rr6QpaX8uv659PvKHEDYRvFy8vLzoOWlnT0s/5e/V5A2P7b8/PzaOuqp7IyZOl5XsrXylM90temNhC2wZ6enkZZTz111RNavRwfH389poDlqIkbdAnbxPvU6rCVk1gZs7ykU0dWq9W38+Fy3AQNhG2Qh4eH0dbVtz+tDloKWV5y0NL3+6a0+hHmSNi2dHd3N/o6/yVqJycnX9NaWnLc6o+uYgZrwral19fXnYetjFoKWnrMQcvxqt+TXyujJ3TMlbBt4ebmZifr7ZvW8qSWrmA4PT3t/Gy9/60MGrBYrC4uLqbehh/j+vp6b9NaClpaygmsfD1PcPnjaTm1mdKYu9X9/f3U2/BjXF5e7mS9OWw5aOVBgjyZ5ekth6ze3wb84aPoBBe2l/qu/0z/Tg5dHbFyX1tS7lsTOVhzh0IgHGHbwtXVVedk2TGW+gTc8uv6qoP6Mqvkb9eOwpytmqaZeht+lHT6xb5O9SiXTbEDutyP7QBO+9h0ukcKaTrdIy9nZ2e/n+fX6vDVEx3MjbANdHt7u9cTdOuYpcf8Wg5bOcUJG3PmqOhA5+fne7+kqgxZGbN6P5uoMXcmtokviN/2Ivh6n1u9703YQNhG8fj4uLfbFuXQlfdmq4+a1uuFuRG2iW88OfRGk31HR01rsCZsB3Sr8KG3Bhc16BK2A/oDL3WY+ia4vgMFogZdwnaAtxHfFLjy6/p5+R6YM2E70D+o3BervqlM1OA7YTvwO4fUseqLl6BBl7AB4bi7BxCOsAHhCBsQjrAB4QgbEI6wAeEIGxCOsAHhCBsQjrAB4QgbEI6wAeEIGxCOsAHhCBsQjrABi2h+ASl0NkFWMNjMAAAAAElFTkSuQmCC""}}]}, {""role"": ""assistant"", ""content"": ""0.4""}, {""role"": ""user"", ""content"": [{""type"": ""text"", ""text"": ""\nConsider the image provided.\n\nFinal Answer:\n""}, {""type"": ""image_url"", ""image_url"": {""url"": ""data:image/png;base64,iVBORw0KGgoAAAANSUhEUgAAATYAAABcCAYAAADkpJkhAAADwElEQVR4nO3dsU7jSgCG0QAGCl4ovA8S4tmo6SmR6Klp6WigQIJczUpzNTvXF+0G24E/50hWkg3xpvo0sT3jg81ms1kBBDnc9RcAmJqwAXGEDYgjbEAcYQPiCBsQR9iAOMIGxBE2II6wAXGEDYgjbEAcYQPiCBsQR9iAOMIGxBE2II6wAXGEDYgjbEAcYQPiCBsQR9iAOMIGxBE2II6wAXEO1uv1ZtdfAmBKB6vVStiAKH6KAnGEDYgjbECcYb1e7/o7AEzqYLPZOHkARPFTFIgjbEAcYQPiCBsQR9iAOMIGxBE2II6wAXGEDYgjbECcYfWDfHx8bP3Zw0MNh33xLeeKLvmVDg7KWptAkuGnjca2CZF4wX7Z6Yjt/f19kv304RoLmbjB/thJ2N7e3ibZTxur+rx//Ow5kGnRn6Kvr6+T7WssZHVrX/d/XzoubpBtsbA9Pz/PHrSylbOf/b/1nwWyLRK2p6enyfbVj8rakJXndWvfay/1KK+N2iDbrGF7fHycZD/9qKsfofXb0dHRr8cSsBo1cYP9MfyEY2p92NqRWBuzupVLR4Zh+M/1cDVuggbZZgvb/f39ZPsaO57WB62ErG41aOXfx0Zp/SOQZZaw3d7eTr7PP4na8fHxr9Fa2Wrc+p+uYgb5Zgnby8vL7GFro1aCVh5r0Gq8+s/U99roCR3kmTxs19fXqzmMjdbqSK3MYDg5Ofntb/vjb23QgGzD+fn5pDu8urpaLTVaK0ErWzsCa9+vI7j687QdtRmlQa7h7u5u0h1eXFys5lDDVoPWniSoI7M6eqsh64+3Afth+K4T21tj8z/L/1ND10esPdZWtMfWRA7yWX0RiDN52C4vL3+7WHaKrb8At33dzzrop1kV/zd3FMg0rNfryXdaLr9Y6lKPdvssdsD+mG09tqkv+/jsco8S0nK5R91OT0//fV7f68PXj+iAHLMuNHlzc7PoBbp9zMpjfa+GrR3FCRtkmnUS/NnZ2eJTqtqQtTHrj7OJGuRaZGnwr06I/9tJ8P0xt/7Ym7BBtsXuefDw8LDYskU1dO3abP1Z036/QI5Fb+ay7cKT2y40OXZ21GgN8u3kLlVfWSp826XBRQ32x07vK7rNDV76MI2N4MZOFIga7I+dhu0ry4h/Frj2df+8/QyQ6duEbZsbKo/FamxUJmqwX75l2P525ZA+VmPxEjTYHz8qbAB/wrJFQBxhA+IIGxBH2IA4wgbEETYgjrABcYQNiCNsQBxhA+IIGxBH2IA4wgbEETYgjrABcYQNWKX5B1S3NkEoUplJAAAAAElFTkSuQmCC""}}]}, {""role"": ""assistant"", ""content"": ""0.3""}, {""role"": ""user"", ""content"": [{""type"": ""text"", ""text"": ""\nConsider the image provided.\n\nFinal Answer:\n""}, {""type"": ""image_url"", ""image_url"": {""url"": ""data:image/png;base64,iVBORw0KGgoAAAANSUhEUgAAATYAAABcCAYAAADkpJkhAAADwElEQVR4nO3dsU7jSgCG0QAGCl4ovA8S4tmo6SmR6Klp6WigQIJczUpzNTvXF+0G24E/50hWkg3xpvo0sT3jg81ms1kBBDnc9RcAmJqwAXGEDYgjbEAcYQPiCBsQR9iAOMIGxBE2II6wAXGEDYgjbEAcYQPiCBsQR9iAOMIGxBE2II6wAXGEDYgjbEAcYQPiCBsQR9iAOMIGxBE2II6wAXEO1uv1ZtdfAmBKB6vVStiAKH6KAnGEDYgjbECcYb1e7/o7AEzqYLPZOHkARPFTFIgjbEAcYQPiCBsQR9iAOMIGxBE2II6wAXGEDYgjbECcYfWDfHx8bP3Zw0MNh33xLeeKLvmVDg7KWptAkuGnjca2CZF4wX7Z6Yjt/f19kv304RoLmbjB/thJ2N7e3ibZTxur+rx//Ow5kGnRn6Kvr6+T7WssZHVrX/d/XzoubpBtsbA9Pz/PHrSylbOf/b/1nwWyLRK2p6enyfbVj8rakJXndWvfay/1KK+N2iDbrGF7fHycZD/9qKsfofXb0dHRr8cSsBo1cYP9MfyEY2p92NqRWBuzupVLR4Zh+M/1cDVuggbZZgvb/f39ZPsaO57WB62ErG41aOXfx0Zp/SOQZZaw3d7eTr7PP4na8fHxr9Fa2Wrc+p+uYgb5Zgnby8vL7GFro1aCVh5r0Gq8+s/U99roCR3kmTxs19fXqzmMjdbqSK3MYDg5Ofntb/vjb23QgGzD+fn5pDu8urpaLTVaK0ErWzsCa9+vI7j687QdtRmlQa7h7u5u0h1eXFys5lDDVoPWniSoI7M6eqsh64+3Afth+K4T21tj8z/L/1ND10esPdZWtMfWRA7yWX0RiDN52C4vL3+7WHaKrb8At33dzzrop1kV/zd3FMg0rNfryXdaLr9Y6lKPdvssdsD+mG09tqkv+/jsco8S0nK5R91OT0//fV7f68PXj+iAHLMuNHlzc7PoBbp9zMpjfa+GrR3FCRtkmnUS/NnZ2eJTqtqQtTHrj7OJGuRaZGnwr06I/9tJ8P0xt/7Ym7BBtsXuefDw8LDYskU1dO3abP1Z036/QI5Fb+ay7cKT2y40OXZ21GgN8u3kLlVfWSp826XBRQ32x07vK7rNDV76MI2N4MZOFIga7I+dhu0ry4h/Frj2df+8/QyQ6duEbZsbKo/FamxUJmqwX75l2P525ZA+VmPxEjTYHz8qbAB/wrJFQBxhA+IIGxBH2IA4wgbEETYgjrABcYQNiCNsQBxhA+IIGxBH2IA4wgbEETYgjrABcYQNWKX5B1S3NkEoUplJAAAAAElFTkSuQmCC""}}]}, {""role"": ""assistant"", ""content"": ""0.25""}, {""role"": ""user"", ""content"": [{""type"": ""text"", ""text"": ""\nConsider the image provided.\n\nFinal Answer:\n""}, {""type"": ""image_url"", ""image_url"": {""url"": ""data:image/png;base64,iVBORw0KGgoAAAANSUhEUgAAATYAAABcCAYAAADkpJkhAAADqklEQVR4nO3dvU7jQBSAUQcMFLyQeR8kxLNR01Mi0VPT0tFAgQRZDdKshllv2NgTZ3VzjmQlIYREFJ/GPzNZrdfrdQcQyNG+PwBAa8IGhCNsQDjCBoQjbEA4wgaEI2xAOMIGhCNsQDjCBoQjbEA4wgaEI2xAOMIGhCNsQDjCBoQjbEA4wgaEI2xAOMIGhCNsQDjCBoQjbEA4wgaEI2xAOMIGhLMahmG97w8B0NKq6zphA0KxKwqEI2xAOMIGhNMPw7DvzwDQ1Gq9Xjt5AIRiVxQIR9iAcIQNCEfYgHCEDQhH2IBwhA0IR9iAcIQNCEfYgHD6fb755+fn5NceHWkysMe5oktOR12t0tqZwCHr9z0amxIi8QIWG7F9fHw0+Tt1uMZCJm7ATsP2/v7e5sMUscr369tN9wFm74q+vb01+y+OhSxv5eP691OXxQ1oEraXl5du10FLWzr7Wf+sfi3A7LA9Pz93rdSjsjJk6X7eyufKSz3SY6M2YHLYnp6euhbqUVc9Qqu34+Pjr9sUsBw1cQOahK3VMbU6bOVIrIxZ3tKlI33f/3E9XI6boAGTwvbw8NC1MnY8rQ5aClnectDSz8dGafUtcNj+KWx3d3fN3/hfonZycvI1Wktbjlu96ypmwKSwvb6+drsOWxm1FLR0m4OW41W/Jj9XRk/ogB/DdnNzs5M3Hhut5ZFamsFwenr67Xfr429l0ABK/cXFRbfJ9fV1t9RoLQUtbeUIrHw+j+Dy7mk5ajNKA7L+/v6+2+Ty8rLbhRy2HLTyJEEemeXRWw5ZfbwNYNKuaKuJ7aWx+Z/pfXLo6oiVx9qS8tiayAE1qzUChxe2q6urbxfLttjqC3DLx/Wsg3qaVfK3uaMAST8Mw4//iXT5xVKXepTbptgBzF6PrfVlH5su90ghTZd75O3s7Oz3/fxcHb56RAccrq0Wmry9vV30At06Zuk2P5fDVo7ihA3YehL8+fn54lOqypCVMauPs4kaMGtp8LkT4redBF8fc6uPvQkb0OQ7Dx4fHxdbtiiHrlybrT5rWv9d4HDN+jKXqQtPTl1ocuzsqNEasJNvqZqzVPjUpcFFDVjke0WnfMFLHaaxEdzYiQJRAxYJ25xlxDcFrnxc3y9fA7DTsE35QuWxWI2NykQN2HvYtl05pI7VWLwEDfgvwwawC5YtAsIRNiAcYQPCETYgHGEDwhE2IBxhA8IRNiAcYQPCETYgHGEDwhE2IBxhA8IRNiAcYQPCETagi+YXGFo2QVpGsFsAAAAASUVORK5CYII=""}}]}, {""role"": ""assistant"", ""content"": ""0.2""}, {""role"": ""user"", ""content"": [{""type"": ""text"", ""text"": ""\nConsider the image provided.\n\nFinal Answer:\n""}, {""type"": ""image_url"", ""image_url"": {""url"": ""data:image/png;base64,iVBORw0KGgoAAAANSUhEUgAAATYAAABcCAYAAADkpJkhAAADyUlEQVR4nO3dvU7jQBSA0QQCFLyQeR8kxLNR01Mi0VPT0tFAgQRZDdKshllvlmQdj31zjmQlIcREQvq48R/L9Xq9XgAEctT6DQAMTdiAcIQNCEfYgHCEDQhH2IBwhA0IR9iAcIQNCEfYgHCEDQhH2IBwhA0IR9iAcIQNCEfYgHCEDQhH2IBwhA0IR9iAcIQNCEfYgHCEDQhH2IBwhA0IR9iAcJZd161bvwmAIS0Xi4WwAaH4KAqEI2xAOMIGhLPquq71ewAY1HK9Xtt5AITioygQjrAB4QgbEI6wAeEIGxCOsAHhCBsQjrAB4QgbEI6wAeGsWr8BpuPz83Pn1x4d+RvJdDhX9ACN+StfLtO1TGFcJrYD8dNpbJcQiRdTY2IL7OPjY5D11OHqC5m4MSXCFtD7+/sg6yljle/Xt5vuQys+igby9vY22Lr6QpaX8nH9/envpLjRmrAF8fLysvegpSXt/ay/Vr8WWhO2AJ6fnwdbVz2VlSFL9/NSPlce6pEem9poTdhm7OnpaZD11FNXPaHVy/Hx8ddtCliOmrgxJcI2Y0NtU6vDVk5iZczykg4dWa1WfxwPl+MmaLQmbDP18PAw2Lr6tqfVQUshy0sOWvp635RW38LYhG2G7u7uBl/nT6J2cnLyNa2lJcet/ugqZkyBsM3Q6+vr3sNWRi0FLd3moOV41a/Jz5XREzpaELaZubm52ct6+6a1PKmlMxhOT0+/fW+9/a0MGrS2uri4aP0e2ML19fVo01oKWlrKCax8Pk9w+eNpObWZ0mhpdX9/3/QNsJ3Ly8u9rDeHLQet3EmQJ7M8veWQ1dvbYCp8FD3QE9tLfed/pp+TQ1dHrNzWlpTb1kSOKXB1QCAcYZuZq6urbwfLDrHUB+CWj+uzDurTrJK/nTsKray6rmv2w9lNOvxirEM9ymVT7GBKXI9tpoY+7GPT4R4ppOlwj7ycnZ39vp+fq8NXT3QwJmGbsdvb21EP0K1jlm7zczls5RQnbLRir+iMnZ+fj35KVRmyMmb1djZRoyUTWwD/e0L8tifB19vc6m1vwkZrwhbE4+PjaJctyqErr81W7zWt1wtjErZAdr3w5K4XmuzbO2paYwqELaD/uVT4rpcGFzWmRNgC2+UfvNRh6pvg+nYUiBpTImwHYtvLiG8KXPm4vl++BloRtgP003+o3BervqlM1JgaYeOfVw6pY9UXL0FjSoQNCMfVPYBwhA0IR9iAcIQNCEfYgHCEDQhH2IBwhA0IR9iAcIQNCEfYgHCEDQhH2IBwhA0IR9iAcIQNWETzCw9/NkFh7GVNAAAAAElFTkSuQmCC""}}]}]",0.3
openai/gpt-4o-2024-08-06,sample_009,0.3404,0.3404,0.3404,0.35,"[{""role"": ""system"", ""content"": ""You are a lines length ratio estimator.\n        You are given an image of two lines.\n\n        Estimate the ratio of the shorter line to the longer line as a decimal number between 0 and 1.\n\n        Do not explain or reason. Only output the final answer as a number after Final Answer:\n""}, {""role"": ""user"", ""content"": [{""type"": ""text"", ""text"": ""\nConsider the image provided.\n\nFinal Answer:\n""}, {""type"": ""image_url"", ""image_url"": {""url"": ""data:image/png;base64,iVBORw0KGgoAAAANSUhEUgAAATYAAABcCAYAAADkpJkhAAADxklEQVR4nO3dv04iXRzHYVDUwhvC+zExXpu1vaWJvbWtnY0WJsrmbHI2Z887r9nFYWb58jzJBBAZsfn4Y/653Gw2mwVAkKO53wDA2IQNiCNsQBxhA+IIGxBH2IA4wgbEETYgjrABcYQNiCNsQBxhA+IIGxBH2IA4wgbEETYgjrABcYQNiCNsQBxhA+IIGxBH2IA4wgbEETYgjrABcYQNiLNcr9ebud8EwJiWi8VC2IAoPooCcYQNiCNsQJzVer2e+z0AjGq52WzsPACi+CgKxBE2II6wAXGEDYgjbEAcYQPiCBsQR9iAOMIGxBE2IM5q7jfwr/r8/Nz6tUdH/l7AnA7+XNEpf/3lslzXE9i1g5zY/nQa2yZE4gXzO5iJ7ePjY5T19OEaCpm4wbziw/b+/j7KetpY1fv97Vf3genEfhR9e3sbbV1DIatL+7j//vI3Q9xgepFhe3l52XnQylL2fvZf618LTC8ubM/Pz6Otq5/K2pCV+3Vpn2sP9SiPTW0wvZiwPT09jbKefurqJ7R+OT4+/nlbAlajJm4wr5iwjbVNrQ9bO4m1MatLOXRktVr953i4GjdBg+lFhO3h4WG0dQ1tT+uDVkJWlxq08vWhKa2/BXZv78N2d3c3+jr/JGonJyc/p7Wy1Lj1H13FDOax92F7fX3dedjaqJWgldsatBqv/jX1uTZ6QgfT2Ouw3dzc7GS9Q9NandTKGQynp6e/fW+//a0NGjC91cXFxWJfXV9fTzatlaCVpZ3A2ufrBFc/nrZTmykNprW6v79f7KvLy8udrLeGrQat3UlQJ7M6vdWQ9dvbgPns9UfRsU5sbw2d/1l+Tg1dH7F2W1vRblsTOZiHKyICcfY6bFdXV78dLDvG0h+A2z7uzzroT7Mq/u/cUWA6q/V6vdhn5fCLqQ71aJevYgfMK+J6bGMf9vHV4R4lpOVwj7qcnZ39ul+f68PXT3TAbkWErbi9vZ30AN0+ZuW2PlfD1k5xwgbT2eu9oq3z8/PJT6lqQ9bGrN/OJmowrZiJbawT4v/2JPh+m1u/7U3YYHpxYSseHx8nu2xRDV17bbZ+r2m/XmC3IsP2nQtPbnuhyaG9o6Y1mEds2Ma4VPi2lwYXNZhXfNi+8w9e+jANTXBDOwpEDeZ1MGH7zmXEvwpc+7i/374GmM5Bhm2bf6g8FKuhqUzUYH4HH7a/vXJIH6uheAkazEvYgDh7fXUPgCHCBsQRNiCOsAFxhA2II2xAHGED4ggbEEfYgDjCBsQRNiCOsAFxhA2II2xAHGED4ggbsEjzA5yMNkFpGj6SAAAAAElFTkSuQmCC""}}]}, {""role"": ""assistant"", ""content"": ""0.25""}, {""role"": ""user"", ""content"": [{""type"": ""text"", ""text"": ""\nConsider the image provided.\n\nFinal Answer:\n""}, {""type"": ""image_url"", ""image_url"": {""url"": ""data:image/png;base64,iVBORw0KGgoAAAANSUhEUgAAATYAAABcCAYAAADkpJkhAAADz0lEQVR4nO3du04bQRiAURuWi8QLLe9DwzvxBtT0lEj01LR0NFAggaNBmmgy2ZDEnlkn/54jrdbGeOIi+jx7Zb3ZbDYrgEAO9v0BAFoTNiAcYQPCETYgHGEDwhE2IBxhA8IRNiAcYQPCETYgHGEDwhE2IBxhA8IRNiAcYQPCETYgHGEDwhE2IBxhA8IRNiAcYQPCETYgHGEDwhE2IBxhA8IRNiCc9TiOm31/CICW1qvVStiAUGyKAuEIGxCOsAHhDOM47vszADS13mw2Dh4AodgUBcIRNiAcYQPCETYgHGEDwhE2IBxhA8IRNiAcYQPCETYgnGHfH4D/z8fHx9bvPTjwXUp/rhXll+b8r7Fep3ueQhtmbGw9G9smRgLGHMzYWL2/vzcbqw7XVMjEjd6EbcHe3t6ajVXGKj+u1189hpZsii7Q6+tr0/GmQpaX8nn9++k7VdzoQdgW5vn5eZagpSUdAa1/Vr8XehC2BXl6emo6Xj0rK0OWHuelfK083SM9N2ujB2FbgMfHx2Zj1bOueoZWL4eHh5/rFLAcNXGjN2FbgJb71OqwlTOxMmZ5SaePDMPw0zlxOW6CRg/CFtz9/X3T8ab2p9VBSyHLSw5a+vnULK1eQwvCFtjt7W2Xcf8kakdHR5+ztbTkuNWbrmJGL8IW2MvLyyxhK6OWgpbWOWg5XvV78mtl9ISOVoQtqOvr625jT83W8kwtXcVwfHz8w+/W+9/KoEEPw/n5eZeB2a/Ly8tZZ2spaGkpZ2Dl63kGlzdPy1mbWRqtDXd3d80HZf8uLi66jZ3DloNWHiTIM7M8e8shq/e3QU82RYNqeWF7aer6z/Rv5dDVESv3tSXlvjWRoxd3/QPCSV+7vjaDurq66r4pmjc78xHRdOAgLaenp6uTk5Pv67Tk1/KR0/z+fJJvHht2NYzjuPMg/JtSQOY81aNc8s/rS6yEizm4H1twPU77+Op0j3LWlpZ6ppbWdfjqi+lhV8K2ADc3N7OfoFvHLK3za1ObocJGS46KLsDZ2dleLqkqQ1bGrL4SQdRozYxtQVpcEP+3F8HX+9zqfW/CRg/CtjAPDw+z3rYoh668N1t9A8p6XNiVsC3QLjee3PZGk1NHR83W6EXYFmzXW4Vve2twUaM3YWPrP/BSh2lqBjd1oEDU6E3Y2Pk24l8FrnxePy7fAy0JG03+oPJUrKZmZaLGHISNpncOqWP1u+fQg7AB4bhtERCOsAHhCBsQjrAB4QgbEI6wAeEIGxCOsAHhCBsQjrAB4QgbEI6wAeEIGxCOsAHhCBsQjrABq2i+AV6ZN+f7P3/YAAAAAElFTkSuQmCC""}}]}, {""role"": ""assistant"", ""content"": ""0.3""}, {""role"": ""user"", ""content"": [{""type"": ""text"", ""text"": ""\nConsider the image provided.\n\nFinal Answer:\n""}, {""type"": ""image_url"", ""image_url"": {""url"": ""data:image/png;base64,iVBORw0KGgoAAAANSUhEUgAAATYAAABcCAYAAADkpJkhAAADx0lEQVR4nO3dvU7jSgCG4QTCj8QNhfuh4Z64A2p6SiR6alo6GiiQIEez0qzmzLHYPcjY8cfzSFYSQryWVnoz/hvWu91utwIIcjD3BgCMTdiAOMIGxBE2II6wAXGEDYgjbEAcYQPiCBsQR9iAOMIGxBE2II6wAXGEDYgjbEAcYQPiCBsQR9iAOMIGxBE2II6wAXGEDYgjbEAcYQPiCBsQR9iAOOvtdrubeyMAxrRerVbCBkSxKwrEETYgjrABcTbb7XbubQAY1Xq32zl5AESxKwrEETYgjrABcYQNiCNsQBxhA+IIGxBH2IA4wgbEETYgzmbuDWAcHx8fX/7swYHvN7K4V3RhpvzvWq/LPKSwPEZsYaOxr8RIwEhjxLan3t/fR1tXH66hkIkbSYRtz7y9vY22rjZW9Xn/+NlzWCq7onvi9fV11PUNhawu7ev+98v3nLixdMK2B56fnycJWlnKGdD+Z/1nYemEbWZPT0+jrq8flbUhK8/r0r7XXu5RXhu1sXTCNpPHx8fR1tWPuvoRWr8cHh7+eiwBq1ETN5IIW8AxtT5s7UisjVldyuUjm83mP9fE1bgJGksnbDO4v78fdX1Dx9P6oJWQ1aUGrfx8aJTWP8LSCNvEbm9vv2W9fxO1o6OjX6O1stS49buuYkYCYZvYy8vLJGFro1aCVh5r0Gq8+s/U99roCR1LJGwTur6+/rZ1D43W6kit3MVwfHz8r9/tj7+1QYOl25yfn8+9DT/G5eXlpKO1ErSytCOw9v06gqu7p+2ozSiNJdvc3d3NvQ0/xsXFxbetu4atBq09SVBHZnX0VkPWH2+DFHZFF3pje2vo/s/yb9XQ9RFrj7UV7bE1kSOBGQaBOOUr3lf0hK6urr59V7TudtYzouXEQVlOT09XJycnvx/LUt+rZ07r5+tFvnXdsCSb7XY79zb8KCUgU17q0S715/0tVsJFGvOxhVz28dnlHu2orSz9SK089uHrb6aHJRG2mdzc3Ex+gW4fs/JY3xvaDRU2lspZ0ZmcnZ3NcktVG7I2Zv2dCKLGkhmxBdwQ/39vgu+PufXH3oSNpRO2PfDw8DDptEU1dO3cbP0ElP16YUmELWDiya9ONDl0dtRojQTCFjZV+FenBhc1kghb2B946cM0NIIbOlEgaiQRttBpxD8LXPu6f95+BpZK2IL/oPJQrIZGZaJGGmH7ATOH9LH602tYOmED4pi2CIgjbEAcYQPiCBsQR9iAOMIGxBE2II6wAXGEDYgjbEAcYQPiCBsQR9iAOMIGxBE2II6wAas0/wBdpDfnoKPWyAAAAABJRU5ErkJggg==""}}]}, {""role"": ""assistant"", ""content"": ""0.35""}, {""role"": ""user"", ""content"": [{""type"": ""text"", ""text"": ""\nConsider the image provided.\n\nFinal Answer:\n""}, {""type"": ""image_url"", ""image_url"": {""url"": ""data:image/png;base64,iVBORw0KGgoAAAANSUhEUgAAATYAAABcCAYAAADkpJkhAAADt0lEQVR4nO3dvU7jQBSA0QQCFLyQeR8kxLNR01Mi0VPT0tFAgQReDdHsjgdvtPE6cbg+R7ISCPFaW3zc+I9l27btAiCQo6k3AGBswgaEI2xAOMIGhCNsQDjCBoQjbEA4wgaEI2xAOMIGhCNsQDjCBoQjbEA4wgaEI2xAOMIGhCNsQDjCBoQjbEA4wgaEI2xAOMIGhCNsQDjCBoQjbEA4wgaEs2yapp16IwDGtFwsFsIGhOKjKBCOsAHhCBsQzqppmqm3AWBUy7ZtHTwAQvFRFAhH2IBwhA0IR9iAcIQNCEfYgHCEDQhH2IBwhA0IR9iAcFZTbwBrn5+fg997dOT3E5RcK7pn+/zvXi7TfURhfkxsBzSNDQmReMF3JrYd+fj4GGU9dbj6QiZu0CVsI3t/fx9lPWWs8vP6cdNzmDMfRUfy9vY22rr6QpaX8uv659PvKHEDYRvFy8vLzoOWlnT0s/5e/V5A2P7b8/PzaOuqp7IyZOl5XsrXylM90temNhC2wZ6enkZZTz111RNavRwfH389poDlqIkbdAnbxPvU6rCVk1gZs7ykU0dWq9W38+Fy3AQNhG2Qh4eH0dbVtz+tDloKWV5y0NL3+6a0+hHmSNi2dHd3N/o6/yVqJycnX9NaWnLc6o+uYgZrwral19fXnYetjFoKWnrMQcvxqt+TXyujJ3TMlbBt4ebmZifr7ZvW8qSWrmA4PT3t/Gy9/60MGrBYrC4uLqbehh/j+vp6b9NaClpaygmsfD1PcPnjaTm1mdKYu9X9/f3U2/BjXF5e7mS9OWw5aOVBgjyZ5ekth6ze3wb84aPoBBe2l/qu/0z/Tg5dHbFyX1tS7lsTOVhzh0IgHGHbwtXVVedk2TGW+gTc8uv6qoP6Mqvkb9eOwpytmqaZeht+lHT6xb5O9SiXTbEDutyP7QBO+9h0ukcKaTrdIy9nZ2e/n+fX6vDVEx3MjbANdHt7u9cTdOuYpcf8Wg5bOcUJG3PmqOhA5+fne7+kqgxZGbN6P5uoMXcmtokviN/2Ivh6n1u9703YQNhG8fj4uLfbFuXQlfdmq4+a1uuFuRG2iW88OfRGk31HR01rsCZsB3Sr8KG3Bhc16BK2A/oDL3WY+ia4vgMFogZdwnaAtxHfFLjy6/p5+R6YM2E70D+o3BervqlM1OA7YTvwO4fUseqLl6BBl7AB4bi7BxCOsAHhCBsQjrAB4QgbEI6wAeEIGxCOsAHhCBsQjrAB4QgbEI6wAeEIGxCOsAHhCBsQjrABi2h+ASl0NkFWMNjMAAAAAElFTkSuQmCC""}}]}, {""role"": ""assistant"", ""content"": ""0.4""}, {""role"": ""user"", ""content"": [{""type"": ""text"", ""text"": ""\nConsider the image provided.\n\nFinal Answer:\n""}, {""type"": ""image_url"", ""image_url"": {""url"": ""data:image/png;base64,iVBORw0KGgoAAAANSUhEUgAAATYAAABcCAYAAADkpJkhAAADwElEQVR4nO3dsU7jSgCG0QAGCl4ovA8S4tmo6SmR6Klp6WigQIJczUpzNTvXF+0G24E/50hWkg3xpvo0sT3jg81ms1kBBDnc9RcAmJqwAXGEDYgjbEAcYQPiCBsQR9iAOMIGxBE2II6wAXGEDYgjbEAcYQPiCBsQR9iAOMIGxBE2II6wAXGEDYgjbEAcYQPiCBsQR9iAOMIGxBE2II6wAXEO1uv1ZtdfAmBKB6vVStiAKH6KAnGEDYgjbECcYb1e7/o7AEzqYLPZOHkARPFTFIgjbEAcYQPiCBsQR9iAOMIGxBE2II6wAXGEDYgjbECcYfWDfHx8bP3Zw0MNh33xLeeKLvmVDg7KWptAkuGnjca2CZF4wX7Z6Yjt/f19kv304RoLmbjB/thJ2N7e3ibZTxur+rx//Ow5kGnRn6Kvr6+T7WssZHVrX/d/XzoubpBtsbA9Pz/PHrSylbOf/b/1nwWyLRK2p6enyfbVj8rakJXndWvfay/1KK+N2iDbrGF7fHycZD/9qKsfofXb0dHRr8cSsBo1cYP9MfyEY2p92NqRWBuzupVLR4Zh+M/1cDVuggbZZgvb/f39ZPsaO57WB62ErG41aOXfx0Zp/SOQZZaw3d7eTr7PP4na8fHxr9Fa2Wrc+p+uYgb5Zgnby8vL7GFro1aCVh5r0Gq8+s/U99roCR3kmTxs19fXqzmMjdbqSK3MYDg5Ofntb/vjb23QgGzD+fn5pDu8urpaLTVaK0ErWzsCa9+vI7j687QdtRmlQa7h7u5u0h1eXFys5lDDVoPWniSoI7M6eqsh64+3Afth+K4T21tj8z/L/1ND10esPdZWtMfWRA7yWX0RiDN52C4vL3+7WHaKrb8At33dzzrop1kV/zd3FMg0rNfryXdaLr9Y6lKPdvssdsD+mG09tqkv+/jsco8S0nK5R91OT0//fV7f68PXj+iAHLMuNHlzc7PoBbp9zMpjfa+GrR3FCRtkmnUS/NnZ2eJTqtqQtTHrj7OJGuRaZGnwr06I/9tJ8P0xt/7Ym7BBtsXuefDw8LDYskU1dO3abP1Z036/QI5Fb+ay7cKT2y40OXZ21GgN8u3kLlVfWSp826XBRQ32x07vK7rNDV76MI2N4MZOFIga7I+dhu0ry4h/Frj2df+8/QyQ6duEbZsbKo/FamxUJmqwX75l2P525ZA+VmPxEjTYHz8qbAB/wrJFQBxhA+IIGxBH2IA4wgbEETYgjrABcYQNiCNsQBxhA+IIGxBH2IA4wgbEETYgjrABcYQNWKX5B1S3NkEoUplJAAAAAElFTkSuQmCC""}}]}, {""role"": ""assistant"", ""content"": ""0.3""}, {""role"": ""user"", ""content"": [{""type"": ""text"", ""text"": ""\nConsider the image provided.\n\nFinal Answer:\n""}, {""type"": ""image_url"", ""image_url"": {""url"": ""data:image/png;base64,iVBORw0KGgoAAAANSUhEUgAAATYAAABcCAYAAADkpJkhAAADwElEQVR4nO3dsU7jSgCG0QAGCl4ovA8S4tmo6SmR6Klp6WigQIJczUpzNTvXF+0G24E/50hWkg3xpvo0sT3jg81ms1kBBDnc9RcAmJqwAXGEDYgjbEAcYQPiCBsQR9iAOMIGxBE2II6wAXGEDYgjbEAcYQPiCBsQR9iAOMIGxBE2II6wAXGEDYgjbEAcYQPiCBsQR9iAOMIGxBE2II6wAXEO1uv1ZtdfAmBKB6vVStiAKH6KAnGEDYgjbECcYb1e7/o7AEzqYLPZOHkARPFTFIgjbEAcYQPiCBsQR9iAOMIGxBE2II6wAXGEDYgjbECcYfWDfHx8bP3Zw0MNh33xLeeKLvmVDg7KWptAkuGnjca2CZF4wX7Z6Yjt/f19kv304RoLmbjB/thJ2N7e3ibZTxur+rx//Ow5kGnRn6Kvr6+T7WssZHVrX/d/XzoubpBtsbA9Pz/PHrSylbOf/b/1nwWyLRK2p6enyfbVj8rakJXndWvfay/1KK+N2iDbrGF7fHycZD/9qKsfofXb0dHRr8cSsBo1cYP9MfyEY2p92NqRWBuzupVLR4Zh+M/1cDVuggbZZgvb/f39ZPsaO57WB62ErG41aOXfx0Zp/SOQZZaw3d7eTr7PP4na8fHxr9Fa2Wrc+p+uYgb5Zgnby8vL7GFro1aCVh5r0Gq8+s/U99roCR3kmTxs19fXqzmMjdbqSK3MYDg5Ofntb/vjb23QgGzD+fn5pDu8urpaLTVaK0ErWzsCa9+vI7j687QdtRmlQa7h7u5u0h1eXFys5lDDVoPWniSoI7M6eqsh64+3Afth+K4T21tj8z/L/1ND10esPdZWtMfWRA7yWX0RiDN52C4vL3+7WHaKrb8At33dzzrop1kV/zd3FMg0rNfryXdaLr9Y6lKPdvssdsD+mG09tqkv+/jsco8S0nK5R91OT0//fV7f68PXj+iAHLMuNHlzc7PoBbp9zMpjfa+GrR3FCRtkmnUS/NnZ2eJTqtqQtTHrj7OJGuRaZGnwr06I/9tJ8P0xt/7Ym7BBtsXuefDw8LDYskU1dO3abP1Z036/QI5Fb+ay7cKT2y40OXZ21GgN8u3kLlVfWSp826XBRQ32x07vK7rNDV76MI2N4MZOFIga7I+dhu0ry4h/Frj2df+8/QyQ6duEbZsbKo/FamxUJmqwX75l2P525ZA+VmPxEjTYHz8qbAB/wrJFQBxhA+IIGxBH2IA4wgbEETYgjrABcYQNiCNsQBxhA+IIGxBH2IA4wgbEETYgjrABcYQNWKX5B1S3NkEoUplJAAAAAElFTkSuQmCC""}}]}, {""role"": ""assistant"", ""content"": ""0.25""}, {""role"": ""user"", ""content"": [{""type"": ""text"", ""text"": ""\nConsider the image provided.\n\nFinal Answer:\n""}, {""type"": ""image_url"", ""image_url"": {""url"": ""data:image/png;base64,iVBORw0KGgoAAAANSUhEUgAAATYAAABcCAYAAADkpJkhAAADqklEQVR4nO3dvU7jQBSAUQcMFLyQeR8kxLNR01Mi0VPT0tFAgQRZDdKshllv2NgTZ3VzjmQlIYREFJ/GPzNZrdfrdQcQyNG+PwBAa8IGhCNsQDjCBoQjbEA4wgaEI2xAOMIGhCNsQDjCBoQjbEA4wgaEI2xAOMIGhCNsQDjCBoQjbEA4wgaEI2xAOMIGhCNsQDjCBoQjbEA4wgaEI2xAOMIGhLMahmG97w8B0NKq6zphA0KxKwqEI2xAOMIGhNMPw7DvzwDQ1Gq9Xjt5AIRiVxQIR9iAcIQNCEfYgHCEDQhH2IBwhA0IR9iAcIQNCEfYgHD6fb755+fn5NceHWkysMe5oktOR12t0tqZwCHr9z0amxIi8QIWG7F9fHw0+Tt1uMZCJm7ATsP2/v7e5sMUscr369tN9wFm74q+vb01+y+OhSxv5eP691OXxQ1oEraXl5du10FLWzr7Wf+sfi3A7LA9Pz93rdSjsjJk6X7eyufKSz3SY6M2YHLYnp6euhbqUVc9Qqu34+Pjr9sUsBw1cQOahK3VMbU6bOVIrIxZ3tKlI33f/3E9XI6boAGTwvbw8NC1MnY8rQ5aClnectDSz8dGafUtcNj+KWx3d3fN3/hfonZycvI1Wktbjlu96ypmwKSwvb6+drsOWxm1FLR0m4OW41W/Jj9XRk/ogB/DdnNzs5M3Hhut5ZFamsFwenr67Xfr429l0ABK/cXFRbfJ9fV1t9RoLQUtbeUIrHw+j+Dy7mk5ajNKA7L+/v6+2+Ty8rLbhRy2HLTyJEEemeXRWw5ZfbwNYNKuaKuJ7aWx+Z/pfXLo6oiVx9qS8tiayAE1qzUChxe2q6urbxfLttjqC3DLx/Wsg3qaVfK3uaMAST8Mw4//iXT5xVKXepTbptgBzF6PrfVlH5su90ghTZd75O3s7Oz3/fxcHb56RAccrq0Wmry9vV30At06Zuk2P5fDVo7ihA3YehL8+fn54lOqypCVMauPs4kaMGtp8LkT4redBF8fc6uPvQkb0OQ7Dx4fHxdbtiiHrlybrT5rWv9d4HDN+jKXqQtPTl1ocuzsqNEasJNvqZqzVPjUpcFFDVjke0WnfMFLHaaxEdzYiQJRAxYJ25xlxDcFrnxc3y9fA7DTsE35QuWxWI2NykQN2HvYtl05pI7VWLwEDfgvwwawC5YtAsIRNiAcYQPCETYgHGEDwhE2IBxhA8IRNiAcYQPCETYgHGEDwhE2IBxhA8IRNiAcYQPCETagi+YXGFo2QVpGsFsAAAAASUVORK5CYII=""}}]}, {""role"": ""assistant"", ""content"": ""0.2""}, {""role"": ""user"", ""content"": [{""type"": ""text"", ""text"": ""\nConsider the image provided.\n\nFinal Answer:\n""}, {""type"": ""image_url"", ""image_url"": {""url"": ""data:image/png;base64,iVBORw0KGgoAAAANSUhEUgAAATYAAABcCAYAAADkpJkhAAADyUlEQVR4nO3dvU7jQBSA0QQCFLyQeR8kxLNR01Mi0VPT0tFAgQRZDdKshllvlmQdj31zjmQlIcREQvq48R/L9Xq9XgAEctT6DQAMTdiAcIQNCEfYgHCEDQhH2IBwhA0IR9iAcIQNCEfYgHCEDQhH2IBwhA0IR9iAcIQNCEfYgHCEDQhH2IBwhA0IR9iAcIQNCEfYgHCEDQhH2IBwhA0IR9iAcJZd161bvwmAIS0Xi4WwAaH4KAqEI2xAOMIGhLPquq71ewAY1HK9Xtt5AITioygQjrAB4QgbEI6wAeEIGxCOsAHhCBsQjrAB4QgbEI6wAeGsWr8BpuPz83Pn1x4d+RvJdDhX9ACN+StfLtO1TGFcJrYD8dNpbJcQiRdTY2IL7OPjY5D11OHqC5m4MSXCFtD7+/sg6yljle/Xt5vuQys+igby9vY22Lr6QpaX8nH9/envpLjRmrAF8fLysvegpSXt/ay/Vr8WWhO2AJ6fnwdbVz2VlSFL9/NSPlce6pEem9poTdhm7OnpaZD11FNXPaHVy/Hx8ddtCliOmrgxJcI2Y0NtU6vDVk5iZczykg4dWa1WfxwPl+MmaLQmbDP18PAw2Lr6tqfVQUshy0sOWvp635RW38LYhG2G7u7uBl/nT6J2cnLyNa2lJcet/ugqZkyBsM3Q6+vr3sNWRi0FLd3moOV41a/Jz5XREzpaELaZubm52ct6+6a1PKmlMxhOT0+/fW+9/a0MGrS2uri4aP0e2ML19fVo01oKWlrKCax8Pk9w+eNpObWZ0mhpdX9/3/QNsJ3Ly8u9rDeHLQet3EmQJ7M8veWQ1dvbYCp8FD3QE9tLfed/pp+TQ1dHrNzWlpTb1kSOKXB1QCAcYZuZq6urbwfLDrHUB+CWj+uzDurTrJK/nTsKray6rmv2w9lNOvxirEM9ymVT7GBKXI9tpoY+7GPT4R4ppOlwj7ycnZ39vp+fq8NXT3QwJmGbsdvb21EP0K1jlm7zczls5RQnbLRir+iMnZ+fj35KVRmyMmb1djZRoyUTWwD/e0L8tifB19vc6m1vwkZrwhbE4+PjaJctyqErr81W7zWt1wtjErZAdr3w5K4XmuzbO2paYwqELaD/uVT4rpcGFzWmRNgC2+UfvNRh6pvg+nYUiBpTImwHYtvLiG8KXPm4vl++BloRtgP003+o3BervqlM1JgaYeOfVw6pY9UXL0FjSoQNCMfVPYBwhA0IR9iAcIQNCEfYgHCEDQhH2IBwhA0IR9iAcIQNCEfYgHCEDQhH2IBwhA0IR9iAcIQNWETzCw9/NkFh7GVNAAAAAElFTkSuQmCC""}}]}, {""role"": ""assistant"", ""content"": ""0.3""}, {""role"": ""user"", ""content"": [{""type"": ""text"", ""text"": ""\nConsider the image provided.\n\nFinal Answer:\n""}, {""type"": ""image_url"", ""image_url"": {""url"": ""data:image/png;base64,iVBORw0KGgoAAAANSUhEUgAAATYAAABcCAYAAADkpJkhAAADyElEQVR4nO3du07jQBiA0QTCReKFzPvQ8E68ATU9JRI9NS0dDRRIkNWAZjOZtdhN1onNP+dIVm7Ea23xMb4N8+VyuZwBBHIw9gYADE3YgHCEDQhH2IBwhA0IR9iAcIQNCEfYgHCEDQhH2IBwhA0IR9iAcIQNCEfYgHCEDQhH2IBwhA0IR9iAcIQNCEfYgHCEDQhH2IBwhA0IR9iAcIQNCEfYgHDmXdctx94IgCHNZ7OZsAGh2BUFwhE2IBxhA8JZdF039jYADGq+XC6dPABCsSsKhCNsQDjCBoQjbEA4wgaEI2xAOMIGhCNsQDjCBoQjbEA4i7E3gC8fHx9bf/fgwO8nKLlXdM/2+d89n6d5RKE9RmwTG41tEyMBg3VGbDvy/v4+2LrqcPWFTNxgRdgG9vb2Nti6yljl5/Xjd8+hVXZFB/L6+jro+vpClpfydf3z6feUuNE6YRvA8/PzXoKWlnQGtH6v/i60Ttj+09PT06Drq0dlZcjS87yUn5WXe6TXRm20Tti29Pj4ONi66lFXPUKrl8PDw8/HFLAcNXGDFWGbwDG1OmzlSKyMWV7S5SOLxeKPa+Jy3ASN1gnbFu7v7wddX9/xtDpoKWR5yUFL7/eN0upHaI2wbej29nYn6/2XqB0dHX2O1tKS41bvuooZCNvGXl5e9hK2MmopaOkxBy3Hq/5O/qyMntDRImHbwPX19c7W3TdayyO1dBfD8fHx2s/Wx9/KoEHrFufn52Nvw49xeXm519FaClpayhFY+XkeweXd03LUZpRGyxZ3d3djb8OPcXFxsbN157DloJUnCfLILI/ecsjq423AF7uiI93YXuq7/zP9Wzl0dcTKY21JeWxN5MAMukBAaYjgV/wGrq6udr4rmnc78xnRdOIgLaenp7OTk5Pfj2nJn+Uzp/n7+SLfvG5oyaLrurG34UdJAdnnpR7lkt+vb7ESLlhnPraJXPbx3eUe5agtLfVILT3W4atvpoeWCNuWbm5u9n6Bbh2z9Jg/69sNFTZa5azols7Ozka5paoMWRmz+k4EUaNlRmwTuCF+05vg62Nu9bE3YaN1wjaAh4eHvU5blENXzs1WT0BZrxdaImwTmHhy24km+86OGq2BsE1uqvBtpwYXNVgRton9gZc6TH0juL4TBaIGK8I20WnEvwtc+bp+Xn4HWiVsE/6Dyn2x6huViRqsE7YfMHNIHau/vYbWCRsQjmmLgHCEDQhH2IBwhA0IR9iAcIQNCEfYgHCEDQhH2IBwhA0IR9iAcIQNCEfYgHCEDQhH2IBwhA2YRfMLNyg35zXTJSIAAAAASUVORK5CYII=""}}]}]",0.35
openai/gpt-4o-2024-08-06,sample_010,0.3832,0.3832,0.3832,0.3,"[{""role"": ""system"", ""content"": ""You are a lines length ratio estimator.\n        You are given an image of two lines.\n\n        Estimate the ratio of the shorter line to the longer line as a decimal number between 0 and 1.\n\n        Do not explain or reason. Only output the final answer as a number after Final Answer:\n""}, {""role"": ""user"", ""content"": [{""type"": ""text"", ""text"": ""\nConsider the image provided.\n\nFinal Answer:\n""}, {""type"": ""image_url"", ""image_url"": {""url"": ""data:image/png;base64,iVBORw0KGgoAAAANSUhEUgAAATYAAABcCAYAAADkpJkhAAADxklEQVR4nO3dv04iXRzHYVDUwhvC+zExXpu1vaWJvbWtnY0WJsrmbHI2Z887r9nFYWb58jzJBBAZsfn4Y/653Gw2mwVAkKO53wDA2IQNiCNsQBxhA+IIGxBH2IA4wgbEETYgjrABcYQNiCNsQBxhA+IIGxBH2IA4wgbEETYgjrABcYQNiCNsQBxhA+IIGxBH2IA4wgbEETYgjrABcYQNiLNcr9ebud8EwJiWi8VC2IAoPooCcYQNiCNsQJzVer2e+z0AjGq52WzsPACi+CgKxBE2II6wAXGEDYgjbEAcYQPiCBsQR9iAOMIGxBE2IM5q7jfwr/r8/Nz6tUdH/l7AnA7+XNEpf/3lslzXE9i1g5zY/nQa2yZE4gXzO5iJ7ePjY5T19OEaCpm4wbziw/b+/j7KetpY1fv97Vf3genEfhR9e3sbbV1DIatL+7j//vI3Q9xgepFhe3l52XnQylL2fvZf618LTC8ubM/Pz6Otq5/K2pCV+3Vpn2sP9SiPTW0wvZiwPT09jbKefurqJ7R+OT4+/nlbAlajJm4wr5iwjbVNrQ9bO4m1MatLOXRktVr953i4GjdBg+lFhO3h4WG0dQ1tT+uDVkJWlxq08vWhKa2/BXZv78N2d3c3+jr/JGonJyc/p7Wy1Lj1H13FDOax92F7fX3dedjaqJWgldsatBqv/jX1uTZ6QgfT2Ouw3dzc7GS9Q9NandTKGQynp6e/fW+//a0NGjC91cXFxWJfXV9fTzatlaCVpZ3A2ufrBFc/nrZTmykNprW6v79f7KvLy8udrLeGrQat3UlQJ7M6vdWQ9dvbgPns9UfRsU5sbw2d/1l+Tg1dH7F2W1vRblsTOZiHKyICcfY6bFdXV78dLDvG0h+A2z7uzzroT7Mq/u/cUWA6q/V6vdhn5fCLqQ71aJevYgfMK+J6bGMf9vHV4R4lpOVwj7qcnZ39ul+f68PXT3TAbkWErbi9vZ30AN0+ZuW2PlfD1k5xwgbT2eu9oq3z8/PJT6lqQ9bGrN/OJmowrZiJbawT4v/2JPh+m1u/7U3YYHpxYSseHx8nu2xRDV17bbZ+r2m/XmC3IsP2nQtPbnuhyaG9o6Y1mEds2Ma4VPi2lwYXNZhXfNi+8w9e+jANTXBDOwpEDeZ1MGH7zmXEvwpc+7i/374GmM5Bhm2bf6g8FKuhqUzUYH4HH7a/vXJIH6uheAkazEvYgDh7fXUPgCHCBsQRNiCOsAFxhA2II2xAHGED4ggbEEfYgDjCBsQRNiCOsAFxhA2II2xAHGED4ggbsEjzA5yMNkFpGj6SAAAAAElFTkSuQmCC""}}]}, {""role"": ""assistant"", ""content"": ""0.25""}, {""role"": ""user"", ""content"": [{""type"": ""text"", ""text"": ""\nConsider the image provided.\n\nFinal Answer:\n""}, {""type"": ""image_url"", ""image_url"": {""url"": ""data:image/png;base64,iVBORw0KGgoAAAANSUhEUgAAATYAAABcCAYAAADkpJkhAAADz0lEQVR4nO3du04bQRiAURuWi8QLLe9DwzvxBtT0lEj01LR0NFAggaNBmmgy2ZDEnlkn/54jrdbGeOIi+jx7Zb3ZbDYrgEAO9v0BAFoTNiAcYQPCETYgHGEDwhE2IBxhA8IRNiAcYQPCETYgHGEDwhE2IBxhA8IRNiAcYQPCETYgHGEDwhE2IBxhA8IRNiAcYQPCETYgHGEDwhE2IBxhA8IRNiCc9TiOm31/CICW1qvVStiAUGyKAuEIGxCOsAHhDOM47vszADS13mw2Dh4AodgUBcIRNiAcYQPCETYgHGEDwhE2IBxhA8IRNiAcYQPCETYgnGHfH4D/z8fHx9bvPTjwXUp/rhXll+b8r7Fep3ueQhtmbGw9G9smRgLGHMzYWL2/vzcbqw7XVMjEjd6EbcHe3t6ajVXGKj+u1189hpZsii7Q6+tr0/GmQpaX8nn9++k7VdzoQdgW5vn5eZagpSUdAa1/Vr8XehC2BXl6emo6Xj0rK0OWHuelfK083SM9N2ujB2FbgMfHx2Zj1bOueoZWL4eHh5/rFLAcNXGjN2FbgJb71OqwlTOxMmZ5SaePDMPw0zlxOW6CRg/CFtz9/X3T8ab2p9VBSyHLSw5a+vnULK1eQwvCFtjt7W2Xcf8kakdHR5+ztbTkuNWbrmJGL8IW2MvLyyxhK6OWgpbWOWg5XvV78mtl9ISOVoQtqOvr625jT83W8kwtXcVwfHz8w+/W+9/KoEEPw/n5eZeB2a/Ly8tZZ2spaGkpZ2Dl63kGlzdPy1mbWRqtDXd3d80HZf8uLi66jZ3DloNWHiTIM7M8e8shq/e3QU82RYNqeWF7aer6z/Rv5dDVESv3tSXlvjWRoxd3/QPCSV+7vjaDurq66r4pmjc78xHRdOAgLaenp6uTk5Pv67Tk1/KR0/z+fJJvHht2NYzjuPMg/JtSQOY81aNc8s/rS6yEizm4H1twPU77+Op0j3LWlpZ6ppbWdfjqi+lhV8K2ADc3N7OfoFvHLK3za1ObocJGS46KLsDZ2dleLqkqQ1bGrL4SQdRozYxtQVpcEP+3F8HX+9zqfW/CRg/CtjAPDw+z3rYoh668N1t9A8p6XNiVsC3QLjee3PZGk1NHR83W6EXYFmzXW4Vve2twUaM3YWPrP/BSh2lqBjd1oEDU6E3Y2Pk24l8FrnxePy7fAy0JG03+oPJUrKZmZaLGHISNpncOqWP1u+fQg7AB4bhtERCOsAHhCBsQjrAB4QgbEI6wAeEIGxCOsAHhCBsQjrAB4QgbEI6wAeEIGxCOsAHhCBsQjrABq2i+AV6ZN+f7P3/YAAAAAElFTkSuQmCC""}}]}, {""role"": ""assistant"", ""content"": ""0.3""}, {""role"": ""user"", ""content"": [{""type"": ""text"", ""text"": ""\nConsider the image provided.\n\nFinal Answer:\n""}, {""type"": ""image_url"", ""image_url"": {""url"": ""data:image/png;base64,iVBORw0KGgoAAAANSUhEUgAAATYAAABcCAYAAADkpJkhAAADx0lEQVR4nO3dvU7jSgCG4QTCj8QNhfuh4Z64A2p6SiR6alo6GiiQIEez0qzmzLHYPcjY8cfzSFYSQryWVnoz/hvWu91utwIIcjD3BgCMTdiAOMIGxBE2II6wAXGEDYgjbEAcYQPiCBsQR9iAOMIGxBE2II6wAXGEDYgjbEAcYQPiCBsQR9iAOMIGxBE2II6wAXGEDYgjbEAcYQPiCBsQR9iAOOvtdrubeyMAxrRerVbCBkSxKwrEETYgjrABcTbb7XbubQAY1Xq32zl5AESxKwrEETYgjrABcYQNiCNsQBxhA+IIGxBH2IA4wgbEETYgzmbuDWAcHx8fX/7swYHvN7K4V3RhpvzvWq/LPKSwPEZsYaOxr8RIwEhjxLan3t/fR1tXH66hkIkbSYRtz7y9vY22rjZW9Xn/+NlzWCq7onvi9fV11PUNhawu7ev+98v3nLixdMK2B56fnycJWlnKGdD+Z/1nYemEbWZPT0+jrq8flbUhK8/r0r7XXu5RXhu1sXTCNpPHx8fR1tWPuvoRWr8cHh7+eiwBq1ETN5IIW8AxtT5s7UisjVldyuUjm83mP9fE1bgJGksnbDO4v78fdX1Dx9P6oJWQ1aUGrfx8aJTWP8LSCNvEbm9vv2W9fxO1o6OjX6O1stS49buuYkYCYZvYy8vLJGFro1aCVh5r0Gq8+s/U99roCR1LJGwTur6+/rZ1D43W6kit3MVwfHz8r9/tj7+1QYOl25yfn8+9DT/G5eXlpKO1ErSytCOw9v06gqu7p+2ozSiNJdvc3d3NvQ0/xsXFxbetu4atBq09SVBHZnX0VkPWH2+DFHZFF3pje2vo/s/yb9XQ9RFrj7UV7bE1kSOBGQaBOOUr3lf0hK6urr59V7TudtYzouXEQVlOT09XJycnvx/LUt+rZ07r5+tFvnXdsCSb7XY79zb8KCUgU17q0S715/0tVsJFGvOxhVz28dnlHu2orSz9SK089uHrb6aHJRG2mdzc3Ex+gW4fs/JY3xvaDRU2lspZ0ZmcnZ3NcktVG7I2Zv2dCKLGkhmxBdwQ/39vgu+PufXH3oSNpRO2PfDw8DDptEU1dO3cbP0ElP16YUmELWDiya9ONDl0dtRojQTCFjZV+FenBhc1kghb2B946cM0NIIbOlEgaiQRttBpxD8LXPu6f95+BpZK2IL/oPJQrIZGZaJGGmH7ATOH9LH602tYOmED4pi2CIgjbEAcYQPiCBsQR9iAOMIGxBE2II6wAXGEDYgjbEAcYQPiCBsQR9iAOMIGxBE2II6wAas0/wBdpDfnoKPWyAAAAABJRU5ErkJggg==""}}]}, {""role"": ""assistant"", ""content"": ""0.35""}, {""role"": ""user"", ""content"": [{""type"": ""text"", ""text"": ""\nConsider the image provided.\n\nFinal Answer:\n""}, {""type"": ""image_url"", ""image_url"": {""url"": ""data:image/png;base64,iVBORw0KGgoAAAANSUhEUgAAATYAAABcCAYAAADkpJkhAAADt0lEQVR4nO3dvU7jQBSA0QQCFLyQeR8kxLNR01Mi0VPT0tFAgQReDdHsjgdvtPE6cbg+R7ISCPFaW3zc+I9l27btAiCQo6k3AGBswgaEI2xAOMIGhCNsQDjCBoQjbEA4wgaEI2xAOMIGhCNsQDjCBoQjbEA4wgaEI2xAOMIGhCNsQDjCBoQjbEA4wgaEI2xAOMIGhCNsQDjCBoQjbEA4wgaEs2yapp16IwDGtFwsFsIGhOKjKBCOsAHhCBsQzqppmqm3AWBUy7ZtHTwAQvFRFAhH2IBwhA0IR9iAcIQNCEfYgHCEDQhH2IBwhA0IR9iAcFZTbwBrn5+fg997dOT3E5RcK7pn+/zvXi7TfURhfkxsBzSNDQmReMF3JrYd+fj4GGU9dbj6QiZu0CVsI3t/fx9lPWWs8vP6cdNzmDMfRUfy9vY22rr6QpaX8uv659PvKHEDYRvFy8vLzoOWlnT0s/5e/V5A2P7b8/PzaOuqp7IyZOl5XsrXylM90temNhC2wZ6enkZZTz111RNavRwfH389poDlqIkbdAnbxPvU6rCVk1gZs7ykU0dWq9W38+Fy3AQNhG2Qh4eH0dbVtz+tDloKWV5y0NL3+6a0+hHmSNi2dHd3N/o6/yVqJycnX9NaWnLc6o+uYgZrwral19fXnYetjFoKWnrMQcvxqt+TXyujJ3TMlbBt4ebmZifr7ZvW8qSWrmA4PT3t/Gy9/60MGrBYrC4uLqbehh/j+vp6b9NaClpaygmsfD1PcPnjaTm1mdKYu9X9/f3U2/BjXF5e7mS9OWw5aOVBgjyZ5ekth6ze3wb84aPoBBe2l/qu/0z/Tg5dHbFyX1tS7lsTOVhzh0IgHGHbwtXVVedk2TGW+gTc8uv6qoP6Mqvkb9eOwpytmqaZeht+lHT6xb5O9SiXTbEDutyP7QBO+9h0ukcKaTrdIy9nZ2e/n+fX6vDVEx3MjbANdHt7u9cTdOuYpcf8Wg5bOcUJG3PmqOhA5+fne7+kqgxZGbN6P5uoMXcmtokviN/2Ivh6n1u9703YQNhG8fj4uLfbFuXQlfdmq4+a1uuFuRG2iW88OfRGk31HR01rsCZsB3Sr8KG3Bhc16BK2A/oDL3WY+ia4vgMFogZdwnaAtxHfFLjy6/p5+R6YM2E70D+o3BervqlM1OA7YTvwO4fUseqLl6BBl7AB4bi7BxCOsAHhCBsQjrAB4QgbEI6wAeEIGxCOsAHhCBsQjrAB4QgbEI6wAeEIGxCOsAHhCBsQjrABi2h+ASl0NkFWMNjMAAAAAElFTkSuQmCC""}}]}, {""role"": ""assistant"", ""content"": ""0.4""}, {""role"": ""user"", ""content"": [{""type"": ""text"", ""text"": ""\nConsider the image provided.\n\nFinal Answer:\n""}, {""type"": ""image_url"", ""image_url"": {""url"": ""data:image/png;base64,iVBORw0KGgoAAAANSUhEUgAAATYAAABcCAYAAADkpJkhAAADwElEQVR4nO3dsU7jSgCG0QAGCl4ovA8S4tmo6SmR6Klp6WigQIJczUpzNTvXF+0G24E/50hWkg3xpvo0sT3jg81ms1kBBDnc9RcAmJqwAXGEDYgjbEAcYQPiCBsQR9iAOMIGxBE2II6wAXGEDYgjbEAcYQPiCBsQR9iAOMIGxBE2II6wAXGEDYgjbEAcYQPiCBsQR9iAOMIGxBE2II6wAXEO1uv1ZtdfAmBKB6vVStiAKH6KAnGEDYgjbECcYb1e7/o7AEzqYLPZOHkARPFTFIgjbEAcYQPiCBsQR9iAOMIGxBE2II6wAXGEDYgjbECcYfWDfHx8bP3Zw0MNh33xLeeKLvmVDg7KWptAkuGnjca2CZF4wX7Z6Yjt/f19kv304RoLmbjB/thJ2N7e3ibZTxur+rx//Ow5kGnRn6Kvr6+T7WssZHVrX/d/XzoubpBtsbA9Pz/PHrSylbOf/b/1nwWyLRK2p6enyfbVj8rakJXndWvfay/1KK+N2iDbrGF7fHycZD/9qKsfofXb0dHRr8cSsBo1cYP9MfyEY2p92NqRWBuzupVLR4Zh+M/1cDVuggbZZgvb/f39ZPsaO57WB62ErG41aOXfx0Zp/SOQZZaw3d7eTr7PP4na8fHxr9Fa2Wrc+p+uYgb5Zgnby8vL7GFro1aCVh5r0Gq8+s/U99roCR3kmTxs19fXqzmMjdbqSK3MYDg5Ofntb/vjb23QgGzD+fn5pDu8urpaLTVaK0ErWzsCa9+vI7j687QdtRmlQa7h7u5u0h1eXFys5lDDVoPWniSoI7M6eqsh64+3Afth+K4T21tj8z/L/1ND10esPdZWtMfWRA7yWX0RiDN52C4vL3+7WHaKrb8At33dzzrop1kV/zd3FMg0rNfryXdaLr9Y6lKPdvssdsD+mG09tqkv+/jsco8S0nK5R91OT0//fV7f68PXj+iAHLMuNHlzc7PoBbp9zMpjfa+GrR3FCRtkmnUS/NnZ2eJTqtqQtTHrj7OJGuRaZGnwr06I/9tJ8P0xt/7Ym7BBtsXuefDw8LDYskU1dO3abP1Z036/QI5Fb+ay7cKT2y40OXZ21GgN8u3kLlVfWSp826XBRQ32x07vK7rNDV76MI2N4MZOFIga7I+dhu0ry4h/Frj2df+8/QyQ6duEbZsbKo/FamxUJmqwX75l2P525ZA+VmPxEjTYHz8qbAB/wrJFQBxhA+IIGxBH2IA4wgbEETYgjrABcYQNiCNsQBxhA+IIGxBH2IA4wgbEETYgjrABcYQNWKX5B1S3NkEoUplJAAAAAElFTkSuQmCC""}}]}, {""role"": ""assistant"", ""content"": ""0.3""}, {""role"": ""user"", ""content"": [{""type"": ""text"", ""text"": ""\nConsider the image provided.\n\nFinal Answer:\n""}, {""type"": ""image_url"", ""image_url"": {""url"": ""data:image/png;base64,iVBORw0KGgoAAAANSUhEUgAAATYAAABcCAYAAADkpJkhAAADwElEQVR4nO3dsU7jSgCG0QAGCl4ovA8S4tmo6SmR6Klp6WigQIJczUpzNTvXF+0G24E/50hWkg3xpvo0sT3jg81ms1kBBDnc9RcAmJqwAXGEDYgjbEAcYQPiCBsQR9iAOMIGxBE2II6wAXGEDYgjbEAcYQPiCBsQR9iAOMIGxBE2II6wAXGEDYgjbEAcYQPiCBsQR9iAOMIGxBE2II6wAXEO1uv1ZtdfAmBKB6vVStiAKH6KAnGEDYgjbECcYb1e7/o7AEzqYLPZOHkARPFTFIgjbEAcYQPiCBsQR9iAOMIGxBE2II6wAXGEDYgjbECcYfWDfHx8bP3Zw0MNh33xLeeKLvmVDg7KWptAkuGnjca2CZF4wX7Z6Yjt/f19kv304RoLmbjB/thJ2N7e3ibZTxur+rx//Ow5kGnRn6Kvr6+T7WssZHVrX/d/XzoubpBtsbA9Pz/PHrSylbOf/b/1nwWyLRK2p6enyfbVj8rakJXndWvfay/1KK+N2iDbrGF7fHycZD/9qKsfofXb0dHRr8cSsBo1cYP9MfyEY2p92NqRWBuzupVLR4Zh+M/1cDVuggbZZgvb/f39ZPsaO57WB62ErG41aOXfx0Zp/SOQZZaw3d7eTr7PP4na8fHxr9Fa2Wrc+p+uYgb5Zgnby8vL7GFro1aCVh5r0Gq8+s/U99roCR3kmTxs19fXqzmMjdbqSK3MYDg5Ofntb/vjb23QgGzD+fn5pDu8urpaLTVaK0ErWzsCa9+vI7j687QdtRmlQa7h7u5u0h1eXFys5lDDVoPWniSoI7M6eqsh64+3Afth+K4T21tj8z/L/1ND10esPdZWtMfWRA7yWX0RiDN52C4vL3+7WHaKrb8At33dzzrop1kV/zd3FMg0rNfryXdaLr9Y6lKPdvssdsD+mG09tqkv+/jsco8S0nK5R91OT0//fV7f68PXj+iAHLMuNHlzc7PoBbp9zMpjfa+GrR3FCRtkmnUS/NnZ2eJTqtqQtTHrj7OJGuRaZGnwr06I/9tJ8P0xt/7Ym7BBtsXuefDw8LDYskU1dO3abP1Z036/QI5Fb+ay7cKT2y40OXZ21GgN8u3kLlVfWSp826XBRQ32x07vK7rNDV76MI2N4MZOFIga7I+dhu0ry4h/Frj2df+8/QyQ6duEbZsbKo/FamxUJmqwX75l2P525ZA+VmPxEjTYHz8qbAB/wrJFQBxhA+IIGxBH2IA4wgbEETYgjrABcYQNiCNsQBxhA+IIGxBH2IA4wgbEETYgjrABcYQNWKX5B1S3NkEoUplJAAAAAElFTkSuQmCC""}}]}, {""role"": ""assistant"", ""content"": ""0.25""}, {""role"": ""user"", ""content"": [{""type"": ""text"", ""text"": ""\nConsider the image provided.\n\nFinal Answer:\n""}, {""type"": ""image_url"", ""image_url"": {""url"": ""data:image/png;base64,iVBORw0KGgoAAAANSUhEUgAAATYAAABcCAYAAADkpJkhAAADqklEQVR4nO3dvU7jQBSAUQcMFLyQeR8kxLNR01Mi0VPT0tFAgQRZDdKshllv2NgTZ3VzjmQlIYREFJ/GPzNZrdfrdQcQyNG+PwBAa8IGhCNsQDjCBoQjbEA4wgaEI2xAOMIGhCNsQDjCBoQjbEA4wgaEI2xAOMIGhCNsQDjCBoQjbEA4wgaEI2xAOMIGhCNsQDjCBoQjbEA4wgaEI2xAOMIGhLMahmG97w8B0NKq6zphA0KxKwqEI2xAOMIGhNMPw7DvzwDQ1Gq9Xjt5AIRiVxQIR9iAcIQNCEfYgHCEDQhH2IBwhA0IR9iAcIQNCEfYgHD6fb755+fn5NceHWkysMe5oktOR12t0tqZwCHr9z0amxIi8QIWG7F9fHw0+Tt1uMZCJm7ATsP2/v7e5sMUscr369tN9wFm74q+vb01+y+OhSxv5eP691OXxQ1oEraXl5du10FLWzr7Wf+sfi3A7LA9Pz93rdSjsjJk6X7eyufKSz3SY6M2YHLYnp6euhbqUVc9Qqu34+Pjr9sUsBw1cQOahK3VMbU6bOVIrIxZ3tKlI33f/3E9XI6boAGTwvbw8NC1MnY8rQ5aClnectDSz8dGafUtcNj+KWx3d3fN3/hfonZycvI1Wktbjlu96ypmwKSwvb6+drsOWxm1FLR0m4OW41W/Jj9XRk/ogB/DdnNzs5M3Hhut5ZFamsFwenr67Xfr429l0ABK/cXFRbfJ9fV1t9RoLQUtbeUIrHw+j+Dy7mk5ajNKA7L+/v6+2+Ty8rLbhRy2HLTyJEEemeXRWw5ZfbwNYNKuaKuJ7aWx+Z/pfXLo6oiVx9qS8tiayAE1qzUChxe2q6urbxfLttjqC3DLx/Wsg3qaVfK3uaMAST8Mw4//iXT5xVKXepTbptgBzF6PrfVlH5su90ghTZd75O3s7Oz3/fxcHb56RAccrq0Wmry9vV30At06Zuk2P5fDVo7ihA3YehL8+fn54lOqypCVMauPs4kaMGtp8LkT4redBF8fc6uPvQkb0OQ7Dx4fHxdbtiiHrlybrT5rWv9d4HDN+jKXqQtPTl1ocuzsqNEasJNvqZqzVPjUpcFFDVjke0WnfMFLHaaxEdzYiQJRAxYJ25xlxDcFrnxc3y9fA7DTsE35QuWxWI2NykQN2HvYtl05pI7VWLwEDfgvwwawC5YtAsIRNiAcYQPCETYgHGEDwhE2IBxhA8IRNiAcYQPCETYgHGEDwhE2IBxhA8IRNiAcYQPCETagi+YXGFo2QVpGsFsAAAAASUVORK5CYII=""}}]}, {""role"": ""assistant"", ""content"": ""0.2""}, {""role"": ""user"", ""content"": [{""type"": ""text"", ""text"": ""\nConsider the image provided.\n\nFinal Answer:\n""}, {""type"": ""image_url"", ""image_url"": {""url"": ""data:image/png;base64,iVBORw0KGgoAAAANSUhEUgAAATYAAABcCAYAAADkpJkhAAADyUlEQVR4nO3dvU7jQBSA0QQCFLyQeR8kxLNR01Mi0VPT0tFAgQRZDdKshllvlmQdj31zjmQlIcREQvq48R/L9Xq9XgAEctT6DQAMTdiAcIQNCEfYgHCEDQhH2IBwhA0IR9iAcIQNCEfYgHCEDQhH2IBwhA0IR9iAcIQNCEfYgHCEDQhH2IBwhA0IR9iAcIQNCEfYgHCEDQhH2IBwhA0IR9iAcJZd161bvwmAIS0Xi4WwAaH4KAqEI2xAOMIGhLPquq71ewAY1HK9Xtt5AITioygQjrAB4QgbEI6wAeEIGxCOsAHhCBsQjrAB4QgbEI6wAeGsWr8BpuPz83Pn1x4d+RvJdDhX9ACN+StfLtO1TGFcJrYD8dNpbJcQiRdTY2IL7OPjY5D11OHqC5m4MSXCFtD7+/sg6yljle/Xt5vuQys+igby9vY22Lr6QpaX8nH9/envpLjRmrAF8fLysvegpSXt/ay/Vr8WWhO2AJ6fnwdbVz2VlSFL9/NSPlce6pEem9poTdhm7OnpaZD11FNXPaHVy/Hx8ddtCliOmrgxJcI2Y0NtU6vDVk5iZczykg4dWa1WfxwPl+MmaLQmbDP18PAw2Lr6tqfVQUshy0sOWvp635RW38LYhG2G7u7uBl/nT6J2cnLyNa2lJcet/ugqZkyBsM3Q6+vr3sNWRi0FLd3moOV41a/Jz5XREzpaELaZubm52ct6+6a1PKmlMxhOT0+/fW+9/a0MGrS2uri4aP0e2ML19fVo01oKWlrKCax8Pk9w+eNpObWZ0mhpdX9/3/QNsJ3Ly8u9rDeHLQet3EmQJ7M8veWQ1dvbYCp8FD3QE9tLfed/pp+TQ1dHrNzWlpTb1kSOKXB1QCAcYZuZq6urbwfLDrHUB+CWj+uzDurTrJK/nTsKray6rmv2w9lNOvxirEM9ymVT7GBKXI9tpoY+7GPT4R4ppOlwj7ycnZ39vp+fq8NXT3QwJmGbsdvb21EP0K1jlm7zczls5RQnbLRir+iMnZ+fj35KVRmyMmb1djZRoyUTWwD/e0L8tifB19vc6m1vwkZrwhbE4+PjaJctyqErr81W7zWt1wtjErZAdr3w5K4XmuzbO2paYwqELaD/uVT4rpcGFzWmRNgC2+UfvNRh6pvg+nYUiBpTImwHYtvLiG8KXPm4vl++BloRtgP003+o3BervqlM1JgaYeOfVw6pY9UXL0FjSoQNCMfVPYBwhA0IR9iAcIQNCEfYgHCEDQhH2IBwhA0IR9iAcIQNCEfYgHCEDQhH2IBwhA0IR9iAcIQNWETzCw9/NkFh7GVNAAAAAElFTkSuQmCC""}}]}, {""role"": ""assistant"", ""content"": ""0.3""}, {""role"": ""user"", ""content"": [{""type"": ""text"", ""text"": ""\nConsider the image provided.\n\nFinal Answer:\n""}, {""type"": ""image_url"", ""image_url"": {""url"": ""data:image/png;base64,iVBORw0KGgoAAAANSUhEUgAAATYAAABcCAYAAADkpJkhAAADyElEQVR4nO3du07jQBiA0QTCReKFzPvQ8E68ATU9JRI9NS0dDRRIkNWAZjOZtdhN1onNP+dIVm7Ea23xMb4N8+VyuZwBBHIw9gYADE3YgHCEDQhH2IBwhA0IR9iAcIQNCEfYgHCEDQhH2IBwhA0IR9iAcIQNCEfYgHCEDQhH2IBwhA0IR9iAcIQNCEfYgHCEDQhH2IBwhA0IR9iAcIQNCEfYgHDmXdctx94IgCHNZ7OZsAGh2BUFwhE2IBxhA8JZdF039jYADGq+XC6dPABCsSsKhCNsQDjCBoQjbEA4wgaEI2xAOMIGhCNsQDjCBoQjbEA4i7E3gC8fHx9bf/fgwO8nKLlXdM/2+d89n6d5RKE9RmwTG41tEyMBg3VGbDvy/v4+2LrqcPWFTNxgRdgG9vb2Nti6yljl5/Xjd8+hVXZFB/L6+jro+vpClpfydf3z6feUuNE6YRvA8/PzXoKWlnQGtH6v/i60Ttj+09PT06Drq0dlZcjS87yUn5WXe6TXRm20Tti29Pj4ONi66lFXPUKrl8PDw8/HFLAcNXGDFWGbwDG1OmzlSKyMWV7S5SOLxeKPa+Jy3ASN1gnbFu7v7wddX9/xtDpoKWR5yUFL7/eN0upHaI2wbej29nYn6/2XqB0dHX2O1tKS41bvuooZCNvGXl5e9hK2MmopaOkxBy3Hq/5O/qyMntDRImHbwPX19c7W3TdayyO1dBfD8fHx2s/Wx9/KoEHrFufn52Nvw49xeXm519FaClpayhFY+XkeweXd03LUZpRGyxZ3d3djb8OPcXFxsbN157DloJUnCfLILI/ecsjq423AF7uiI93YXuq7/zP9Wzl0dcTKY21JeWxN5MAMukBAaYjgV/wGrq6udr4rmnc78xnRdOIgLaenp7OTk5Pfj2nJn+Uzp/n7+SLfvG5oyaLrurG34UdJAdnnpR7lkt+vb7ESLlhnPraJXPbx3eUe5agtLfVILT3W4atvpoeWCNuWbm5u9n6Bbh2z9Jg/69sNFTZa5azols7Ozka5paoMWRmz+k4EUaNlRmwTuCF+05vg62Nu9bE3YaN1wjaAh4eHvU5blENXzs1WT0BZrxdaImwTmHhy24km+86OGq2BsE1uqvBtpwYXNVgRton9gZc6TH0juL4TBaIGK8I20WnEvwtc+bp+Xn4HWiVsE/6Dyn2x6huViRqsE7YfMHNIHau/vYbWCRsQjmmLgHCEDQhH2IBwhA0IR9iAcIQNCEfYgHCEDQhH2IBwhA0IR9iAcIQNCEfYgHCEDQhH2IBwhA2YRfMLNyg35zXTJSIAAAAASUVORK5CYII=""}}]}, {""role"": ""assistant"", ""content"": ""0.35""}, {""role"": ""user"", ""content"": [{""type"": ""text"", ""text"": ""\nConsider the image provided.\n\nFinal Answer:\n""}, {""type"": ""image_url"", ""image_url"": {""url"": ""data:image/png;base64,iVBORw0KGgoAAAANSUhEUgAAATYAAABcCAYAAADkpJkhAAADwElEQVR4nO3dzUojSwCG4UTjD3hD7f248Z68A9fuXQruXbt150YXgmYooYY6dRrPmZB0T388DzRJjOlpGHhT/Veut9vtdgUQ5GjuDQDYN2ED4ggbEEfYgDjCBsQRNiCOsAFxhA2II2xAHGED4ggbEEfYgDjCBsQRNiCOsAFxhA2II2xAHGED4ggbEEfYgDjCBsQRNiCOsAFxhA2II2xAHGED4qyHYdjOvREA+7RerVbCBkSxKwrEETYgjrABcTbDMMy9DQB7td5ut04eAFHsigJxhA2II2xAHGED4ggbEEfYgDjCBsQRNiCOsAFxhA2Is5l7A9jd19fXzp89OvKdRi73ii7AlP9F63WZexSWzYgtYDS2S4wEjGRGbH+Rz8/Pva2rD9dYyMSNVML2F/j4+NjbutpY1ef940/PIYFd0Rm9v7/vdX1jIatL+7r//fLdJm4kEbaZvL6+ThK0spQzoP3P+s9CEmGbwcvLy17X14/K2pCV53Vp32sv9yivjdpIImwTen5+3tu6+lFXP0Lrl+Pj4+/HErAaNXEjlbAt9JhaH7Z2JNbGrC7l8pHNZvOva+Jq3ASNJMI2kcfHx72ub+x4Wh+0ErK61KCVn4+N0vpHWDJhm8D9/f1B1vt/onZycvI9WitLjVu/6ypmpBG2Cby9vU0StjZqJWjlsQatxqv/TH2vjZ7QsXTCdmC3t7cHW/fYaK2O1MpdDKenp//43f74Wxs0SLK5vLycexuiXV9fTzpaK0ErSzsCa9+vI7i6e9qO2ozSSLF5eHiYexuiXV1dHWzdNWw1aO1Jgjoyq6O3GrL+eBsksiu6oBvbW2P3f5Z/q4auj1h7rK1oj62JHGnMNgjEKV/3vq4P7Obm5uC7onW3s54RLScOynJ+fr46Ozv7/ViW+l49c1o/Xy/yreuGpdoMwzD3NsQrAZnyUo92qT/vb7ESLpKZj23Bl338dLlHO2orSz9SK499+Pqb6WGphG1Cd3d3k1+g28esPNb3xnZDhY0EzopO6OLiYpZbqtqQtTHr70QQNVIYsS30hvg/vQm+P+bWH3sTNpII20yenp4mnbaohq6dm62fgLJfLyyVsC104sldJ5ocOztqtEYaYQuYKnzXqcFFjVTCFvAHXvowjY3gxk4UiBqphC1oGvGfAte+7p+3n4EEwhb2B5XHYjU2KhM1kglb6Mwhfaz+6zUkETYgjmmLgDjCBsQRNiCOsAFxhA2II2xAHGED4ggbEEfYgDjCBsQRNiCOsAFxhA2II2xAHGED4ggbsErzC5ZpN+ejRMMqAAAAAElFTkSuQmCC""}}]}]",0.3
openai/gpt-4o-2024-08-06,sample_001,0.2498,0.2498,0.2498,0.25,"[{""role"": ""system"", ""content"": ""You are a lines length ratio estimator.\n        You are given an image of two lines.\n\n        Estimate the ratio of the shorter line to the longer line as a decimal number between 0 and 1.\n\n        Do not explain or reason. Only output the final answer as a number after Final Answer:\n""}, {""role"": ""user"", ""content"": [{""type"": ""text"", ""text"": ""\nConsider the image provided.\n\nFinal Answer:\n""}, {""type"": ""image_url"", ""image_url"": {""url"": ""data:image/png;base64,iVBORw0KGgoAAAANSUhEUgAAATYAAABcCAYAAADkpJkhAAADxklEQVR4nO3dv04iXRzHYVDUwhvC+zExXpu1vaWJvbWtnY0WJsrmbHI2Z887r9nFYWb58jzJBBAZsfn4Y/653Gw2mwVAkKO53wDA2IQNiCNsQBxhA+IIGxBH2IA4wgbEETYgjrABcYQNiCNsQBxhA+IIGxBH2IA4wgbEETYgjrABcYQNiCNsQBxhA+IIGxBH2IA4wgbEETYgjrABcYQNiLNcr9ebud8EwJiWi8VC2IAoPooCcYQNiCNsQJzVer2e+z0AjGq52WzsPACi+CgKxBE2II6wAXGEDYgjbEAcYQPiCBsQR9iAOMIGxBE2IM5q7jfwr/r8/Nz6tUdH/l7AnA7+XNEpf/3lslzXE9i1g5zY/nQa2yZE4gXzO5iJ7ePjY5T19OEaCpm4wbziw/b+/j7KetpY1fv97Vf3genEfhR9e3sbbV1DIatL+7j//vI3Q9xgepFhe3l52XnQylL2fvZf618LTC8ubM/Pz6Otq5/K2pCV+3Vpn2sP9SiPTW0wvZiwPT09jbKefurqJ7R+OT4+/nlbAlajJm4wr5iwjbVNrQ9bO4m1MatLOXRktVr953i4GjdBg+lFhO3h4WG0dQ1tT+uDVkJWlxq08vWhKa2/BXZv78N2d3c3+jr/JGonJyc/p7Wy1Lj1H13FDOax92F7fX3dedjaqJWgldsatBqv/jX1uTZ6QgfT2Ouw3dzc7GS9Q9NandTKGQynp6e/fW+//a0NGjC91cXFxWJfXV9fTzatlaCVpZ3A2ufrBFc/nrZTmykNprW6v79f7KvLy8udrLeGrQat3UlQJ7M6vdWQ9dvbgPns9UfRsU5sbw2d/1l+Tg1dH7F2W1vRblsTOZiHKyICcfY6bFdXV78dLDvG0h+A2z7uzzroT7Mq/u/cUWA6q/V6vdhn5fCLqQ71aJevYgfMK+J6bGMf9vHV4R4lpOVwj7qcnZ39ul+f68PXT3TAbkWErbi9vZ30AN0+ZuW2PlfD1k5xwgbT2eu9oq3z8/PJT6lqQ9bGrN/OJmowrZiJbawT4v/2JPh+m1u/7U3YYHpxYSseHx8nu2xRDV17bbZ+r2m/XmC3IsP2nQtPbnuhyaG9o6Y1mEds2Ma4VPi2lwYXNZhXfNi+8w9e+jANTXBDOwpEDeZ1MGH7zmXEvwpc+7i/374GmM5Bhm2bf6g8FKuhqUzUYH4HH7a/vXJIH6uheAkazEvYgDh7fXUPgCHCBsQRNiCOsAFxhA2II2xAHGED4ggbEEfYgDjCBsQRNiCOsAFxhA2II2xAHGED4ggbsEjzA5yMNkFpGj6SAAAAAElFTkSuQmCC""}}]}]",0.25
openai/gpt-4o-2024-08-06,sample_002,0.4803,0.4803,0.4803,0.2,"[{""role"": ""system"", ""content"": ""You are a lines length ratio estimator.\n        You are given an image of two lines.\n\n        Estimate the ratio of the shorter line to the longer line as a decimal number between 0 and 1.\n\n        Do not explain or reason. Only output the final answer as a number after Final Answer:\n""}, {""role"": ""user"", ""content"": [{""type"": ""text"", ""text"": ""\nConsider the image provided.\n\nFinal Answer:\n""}, {""type"": ""image_url"", ""image_url"": {""url"": ""data:image/png;base64,iVBORw0KGgoAAAANSUhEUgAAATYAAABcCAYAAADkpJkhAAADxklEQVR4nO3dv04iXRzHYVDUwhvC+zExXpu1vaWJvbWtnY0WJsrmbHI2Z887r9nFYWb58jzJBBAZsfn4Y/653Gw2mwVAkKO53wDA2IQNiCNsQBxhA+IIGxBH2IA4wgbEETYgjrABcYQNiCNsQBxhA+IIGxBH2IA4wgbEETYgjrABcYQNiCNsQBxhA+IIGxBH2IA4wgbEETYgjrABcYQNiLNcr9ebud8EwJiWi8VC2IAoPooCcYQNiCNsQJzVer2e+z0AjGq52WzsPACi+CgKxBE2II6wAXGEDYgjbEAcYQPiCBsQR9iAOMIGxBE2IM5q7jfwr/r8/Nz6tUdH/l7AnA7+XNEpf/3lslzXE9i1g5zY/nQa2yZE4gXzO5iJ7ePjY5T19OEaCpm4wbziw/b+/j7KetpY1fv97Vf3genEfhR9e3sbbV1DIatL+7j//vI3Q9xgepFhe3l52XnQylL2fvZf618LTC8ubM/Pz6Otq5/K2pCV+3Vpn2sP9SiPTW0wvZiwPT09jbKefurqJ7R+OT4+/nlbAlajJm4wr5iwjbVNrQ9bO4m1MatLOXRktVr953i4GjdBg+lFhO3h4WG0dQ1tT+uDVkJWlxq08vWhKa2/BXZv78N2d3c3+jr/JGonJyc/p7Wy1Lj1H13FDOax92F7fX3dedjaqJWgldsatBqv/jX1uTZ6QgfT2Ouw3dzc7GS9Q9NandTKGQynp6e/fW+//a0NGjC91cXFxWJfXV9fTzatlaCVpZ3A2ufrBFc/nrZTmykNprW6v79f7KvLy8udrLeGrQat3UlQJ7M6vdWQ9dvbgPns9UfRsU5sbw2d/1l+Tg1dH7F2W1vRblsTOZiHKyICcfY6bFdXV78dLDvG0h+A2z7uzzroT7Mq/u/cUWA6q/V6vdhn5fCLqQ71aJevYgfMK+J6bGMf9vHV4R4lpOVwj7qcnZ39ul+f68PXT3TAbkWErbi9vZ30AN0+ZuW2PlfD1k5xwgbT2eu9oq3z8/PJT6lqQ9bGrN/OJmowrZiJbawT4v/2JPh+m1u/7U3YYHpxYSseHx8nu2xRDV17bbZ+r2m/XmC3IsP2nQtPbnuhyaG9o6Y1mEds2Ma4VPi2lwYXNZhXfNi+8w9e+jANTXBDOwpEDeZ1MGH7zmXEvwpc+7i/374GmM5Bhm2bf6g8FKuhqUzUYH4HH7a/vXJIH6uheAkazEvYgDh7fXUPgCHCBsQRNiCOsAFxhA2II2xAHGED4ggbEEfYgDjCBsQRNiCOsAFxhA2II2xAHGED4ggbsEjzA5yMNkFpGj6SAAAAAElFTkSuQmCC""}}]}, {""role"": ""assistant"", ""content"": ""0.25""}, {""role"": ""user"", ""content"": [{""type"": ""text"", ""text"": ""\nConsider the image provided.\n\nFinal Answer:\n""}, {""type"": ""image_url"", ""image_url"": {""url"": ""data:image/png;base64,iVBORw0KGgoAAAANSUhEUgAAATYAAABcCAYAAADkpJkhAAADz0lEQVR4nO3du04bQRiAURuWi8QLLe9DwzvxBtT0lEj01LR0NFAggaNBmmgy2ZDEnlkn/54jrdbGeOIi+jx7Zb3ZbDYrgEAO9v0BAFoTNiAcYQPCETYgHGEDwhE2IBxhA8IRNiAcYQPCETYgHGEDwhE2IBxhA8IRNiAcYQPCETYgHGEDwhE2IBxhA8IRNiAcYQPCETYgHGEDwhE2IBxhA8IRNiCc9TiOm31/CICW1qvVStiAUGyKAuEIGxCOsAHhDOM47vszADS13mw2Dh4AodgUBcIRNiAcYQPCETYgHGEDwhE2IBxhA8IRNiAcYQPCETYgnGHfH4D/z8fHx9bvPTjwXUp/rhXll+b8r7Fep3ueQhtmbGw9G9smRgLGHMzYWL2/vzcbqw7XVMjEjd6EbcHe3t6ajVXGKj+u1189hpZsii7Q6+tr0/GmQpaX8nn9++k7VdzoQdgW5vn5eZagpSUdAa1/Vr8XehC2BXl6emo6Xj0rK0OWHuelfK083SM9N2ujB2FbgMfHx2Zj1bOueoZWL4eHh5/rFLAcNXGjN2FbgJb71OqwlTOxMmZ5SaePDMPw0zlxOW6CRg/CFtz9/X3T8ab2p9VBSyHLSw5a+vnULK1eQwvCFtjt7W2Xcf8kakdHR5+ztbTkuNWbrmJGL8IW2MvLyyxhK6OWgpbWOWg5XvV78mtl9ISOVoQtqOvr625jT83W8kwtXcVwfHz8w+/W+9/KoEEPw/n5eZeB2a/Ly8tZZ2spaGkpZ2Dl63kGlzdPy1mbWRqtDXd3d80HZf8uLi66jZ3DloNWHiTIM7M8e8shq/e3QU82RYNqeWF7aer6z/Rv5dDVESv3tSXlvjWRoxd3/QPCSV+7vjaDurq66r4pmjc78xHRdOAgLaenp6uTk5Pv67Tk1/KR0/z+fJJvHht2NYzjuPMg/JtSQOY81aNc8s/rS6yEizm4H1twPU77+Op0j3LWlpZ6ppbWdfjqi+lhV8K2ADc3N7OfoFvHLK3za1ObocJGS46KLsDZ2dleLqkqQ1bGrL4SQdRozYxtQVpcEP+3F8HX+9zqfW/CRg/CtjAPDw+z3rYoh668N1t9A8p6XNiVsC3QLjee3PZGk1NHR83W6EXYFmzXW4Vve2twUaM3YWPrP/BSh2lqBjd1oEDU6E3Y2Pk24l8FrnxePy7fAy0JG03+oPJUrKZmZaLGHISNpncOqWP1u+fQg7AB4bhtERCOsAHhCBsQjrAB4QgbEI6wAeEIGxCOsAHhCBsQjrAB4QgbEI6wAeEIGxCOsAHhCBsQjrABq2i+AV6ZN+f7P3/YAAAAAElFTkSuQmCC""}}]}]",0.20
openai/gpt-4o-2024-08-06,sample_003,0.3928,0.3928,0.3928,0.15,"[{""role"": ""system"", ""content"": ""You are a lines length ratio estimator.\n        You are given an image of two lines.\n\n        Estimate the ratio of the shorter line to the longer line as a decimal number between 0 and 1.\n\n        Do not explain or reason. Only output the final answer as a number after Final Answer:\n""}, {""role"": ""user"", ""content"": [{""type"": ""text"", ""text"": ""\nConsider the image provided.\n\nFinal Answer:\n""}, {""type"": ""image_url"", ""image_url"": {""url"": ""data:image/png;base64,iVBORw0KGgoAAAANSUhEUgAAATYAAABcCAYAAADkpJkhAAADxklEQVR4nO3dv04iXRzHYVDUwhvC+zExXpu1vaWJvbWtnY0WJsrmbHI2Z887r9nFYWb58jzJBBAZsfn4Y/653Gw2mwVAkKO53wDA2IQNiCNsQBxhA+IIGxBH2IA4wgbEETYgjrABcYQNiCNsQBxhA+IIGxBH2IA4wgbEETYgjrABcYQNiCNsQBxhA+IIGxBH2IA4wgbEETYgjrABcYQNiLNcr9ebud8EwJiWi8VC2IAoPooCcYQNiCNsQJzVer2e+z0AjGq52WzsPACi+CgKxBE2II6wAXGEDYgjbEAcYQPiCBsQR9iAOMIGxBE2IM5q7jfwr/r8/Nz6tUdH/l7AnA7+XNEpf/3lslzXE9i1g5zY/nQa2yZE4gXzO5iJ7ePjY5T19OEaCpm4wbziw/b+/j7KetpY1fv97Vf3genEfhR9e3sbbV1DIatL+7j//vI3Q9xgepFhe3l52XnQylL2fvZf618LTC8ubM/Pz6Otq5/K2pCV+3Vpn2sP9SiPTW0wvZiwPT09jbKefurqJ7R+OT4+/nlbAlajJm4wr5iwjbVNrQ9bO4m1MatLOXRktVr953i4GjdBg+lFhO3h4WG0dQ1tT+uDVkJWlxq08vWhKa2/BXZv78N2d3c3+jr/JGonJyc/p7Wy1Lj1H13FDOax92F7fX3dedjaqJWgldsatBqv/jX1uTZ6QgfT2Ouw3dzc7GS9Q9NandTKGQynp6e/fW+//a0NGjC91cXFxWJfXV9fTzatlaCVpZ3A2ufrBFc/nrZTmykNprW6v79f7KvLy8udrLeGrQat3UlQJ7M6vdWQ9dvbgPns9UfRsU5sbw2d/1l+Tg1dH7F2W1vRblsTOZiHKyICcfY6bFdXV78dLDvG0h+A2z7uzzroT7Mq/u/cUWA6q/V6vdhn5fCLqQ71aJevYgfMK+J6bGMf9vHV4R4lpOVwj7qcnZ39ul+f68PXT3TAbkWErbi9vZ30AN0+ZuW2PlfD1k5xwgbT2eu9oq3z8/PJT6lqQ9bGrN/OJmowrZiJbawT4v/2JPh+m1u/7U3YYHpxYSseHx8nu2xRDV17bbZ+r2m/XmC3IsP2nQtPbnuhyaG9o6Y1mEds2Ma4VPi2lwYXNZhXfNi+8w9e+jANTXBDOwpEDeZ1MGH7zmXEvwpc+7i/374GmM5Bhm2bf6g8FKuhqUzUYH4HH7a/vXJIH6uheAkazEvYgDh7fXUPgCHCBsQRNiCOsAFxhA2II2xAHGED4ggbEEfYgDjCBsQRNiCOsAFxhA2II2xAHGED4ggbsEjzA5yMNkFpGj6SAAAAAElFTkSuQmCC""}}]}, {""role"": ""assistant"", ""content"": ""0.25""}, {""role"": ""user"", ""content"": [{""type"": ""text"", ""text"": ""\nConsider the image provided.\n\nFinal Answer:\n""}, {""type"": ""image_url"", ""image_url"": {""url"": ""data:image/png;base64,iVBORw0KGgoAAAANSUhEUgAAATYAAABcCAYAAADkpJkhAAADz0lEQVR4nO3du04bQRiAURuWi8QLLe9DwzvxBtT0lEj01LR0NFAggaNBmmgy2ZDEnlkn/54jrdbGeOIi+jx7Zb3ZbDYrgEAO9v0BAFoTNiAcYQPCETYgHGEDwhE2IBxhA8IRNiAcYQPCETYgHGEDwhE2IBxhA8IRNiAcYQPCETYgHGEDwhE2IBxhA8IRNiAcYQPCETYgHGEDwhE2IBxhA8IRNiCc9TiOm31/CICW1qvVStiAUGyKAuEIGxCOsAHhDOM47vszADS13mw2Dh4AodgUBcIRNiAcYQPCETYgHGEDwhE2IBxhA8IRNiAcYQPCETYgnGHfH4D/z8fHx9bvPTjwXUp/rhXll+b8r7Fep3ueQhtmbGw9G9smRgLGHMzYWL2/vzcbqw7XVMjEjd6EbcHe3t6ajVXGKj+u1189hpZsii7Q6+tr0/GmQpaX8nn9++k7VdzoQdgW5vn5eZagpSUdAa1/Vr8XehC2BXl6emo6Xj0rK0OWHuelfK083SM9N2ujB2FbgMfHx2Zj1bOueoZWL4eHh5/rFLAcNXGjN2FbgJb71OqwlTOxMmZ5SaePDMPw0zlxOW6CRg/CFtz9/X3T8ab2p9VBSyHLSw5a+vnULK1eQwvCFtjt7W2Xcf8kakdHR5+ztbTkuNWbrmJGL8IW2MvLyyxhK6OWgpbWOWg5XvV78mtl9ISOVoQtqOvr625jT83W8kwtXcVwfHz8w+/W+9/KoEEPw/n5eZeB2a/Ly8tZZ2spaGkpZ2Dl63kGlzdPy1mbWRqtDXd3d80HZf8uLi66jZ3DloNWHiTIM7M8e8shq/e3QU82RYNqeWF7aer6z/Rv5dDVESv3tSXlvjWRoxd3/QPCSV+7vjaDurq66r4pmjc78xHRdOAgLaenp6uTk5Pv67Tk1/KR0/z+fJJvHht2NYzjuPMg/JtSQOY81aNc8s/rS6yEizm4H1twPU77+Op0j3LWlpZ6ppbWdfjqi+lhV8K2ADc3N7OfoFvHLK3za1ObocJGS46KLsDZ2dleLqkqQ1bGrL4SQdRozYxtQVpcEP+3F8HX+9zqfW/CRg/CtjAPDw+z3rYoh668N1t9A8p6XNiVsC3QLjee3PZGk1NHR83W6EXYFmzXW4Vve2twUaM3YWPrP/BSh2lqBjd1oEDU6E3Y2Pk24l8FrnxePy7fAy0JG03+oPJUrKZmZaLGHISNpncOqWP1u+fQg7AB4bhtERCOsAHhCBsQjrAB4QgbEI6wAeEIGxCOsAHhCBsQjrAB4QgbEI6wAeEIGxCOsAHhCBsQjrABq2i+AV6ZN+f7P3/YAAAAAElFTkSuQmCC""}}]}, {""role"": ""assistant"", ""content"": ""0.20""}, {""role"": ""user"", ""content"": [{""type"": ""text"", ""text"": ""\nConsider the image provided.\n\nFinal Answer:\n""}, {""type"": ""image_url"", ""image_url"": {""url"": ""data:image/png;base64,iVBORw0KGgoAAAANSUhEUgAAATYAAABcCAYAAADkpJkhAAADx0lEQVR4nO3dvU7jSgCG4QTCj8QNhfuh4Z64A2p6SiR6alo6GiiQIEez0qzmzLHYPcjY8cfzSFYSQryWVnoz/hvWu91utwIIcjD3BgCMTdiAOMIGxBE2II6wAXGEDYgjbEAcYQPiCBsQR9iAOMIGxBE2II6wAXGEDYgjbEAcYQPiCBsQR9iAOMIGxBE2II6wAXGEDYgjbEAcYQPiCBsQR9iAOOvtdrubeyMAxrRerVbCBkSxKwrEETYgjrABcTbb7XbubQAY1Xq32zl5AESxKwrEETYgjrABcYQNiCNsQBxhA+IIGxBH2IA4wgbEETYgzmbuDWAcHx8fX/7swYHvN7K4V3RhpvzvWq/LPKSwPEZsYaOxr8RIwEhjxLan3t/fR1tXH66hkIkbSYRtz7y9vY22rjZW9Xn/+NlzWCq7onvi9fV11PUNhawu7ev+98v3nLixdMK2B56fnycJWlnKGdD+Z/1nYemEbWZPT0+jrq8flbUhK8/r0r7XXu5RXhu1sXTCNpPHx8fR1tWPuvoRWr8cHh7+eiwBq1ETN5IIW8AxtT5s7UisjVldyuUjm83mP9fE1bgJGksnbDO4v78fdX1Dx9P6oJWQ1aUGrfx8aJTWP8LSCNvEbm9vv2W9fxO1o6OjX6O1stS49buuYkYCYZvYy8vLJGFro1aCVh5r0Gq8+s/U99roCR1LJGwTur6+/rZ1D43W6kit3MVwfHz8r9/tj7+1QYOl25yfn8+9DT/G5eXlpKO1ErSytCOw9v06gqu7p+2ozSiNJdvc3d3NvQ0/xsXFxbetu4atBq09SVBHZnX0VkPWH2+DFHZFF3pje2vo/s/yb9XQ9RFrj7UV7bE1kSOBGQaBOOUr3lf0hK6urr59V7TudtYzouXEQVlOT09XJycnvx/LUt+rZ07r5+tFvnXdsCSb7XY79zb8KCUgU17q0S715/0tVsJFGvOxhVz28dnlHu2orSz9SK089uHrb6aHJRG2mdzc3Ex+gW4fs/JY3xvaDRU2lspZ0ZmcnZ3NcktVG7I2Zv2dCKLGkhmxBdwQ/39vgu+PufXH3oSNpRO2PfDw8DDptEU1dO3cbP0ElP16YUmELWDiya9ONDl0dtRojQTCFjZV+FenBhc1kghb2B946cM0NIIbOlEgaiQRttBpxD8LXPu6f95+BpZK2IL/oPJQrIZGZaJGGmH7ATOH9LH602tYOmED4pi2CIgjbEAcYQPiCBsQR9iAOMIGxBE2II6wAXGEDYgjbEAcYQPiCBsQR9iAOMIGxBE2II6wAas0/wBdpDfnoKPWyAAAAABJRU5ErkJggg==""}}]}]",0.15
openai/gpt-4o-2024-08-06,sample_004,0.3395,0.3395,0.3395,0.2,"[{""role"": ""system"", ""content"": ""You are a lines length ratio estimator.\n        You are given an image of two lines.\n\n        Estimate the ratio of the shorter line to the longer line as a decimal number between 0 and 1.\n\n        Do not explain or reason. Only output the final answer as a number after Final Answer:\n""}, {""role"": ""user"", ""content"": [{""type"": ""text"", ""text"": ""\nConsider the image provided.\n\nFinal Answer:\n""}, {""type"": ""image_url"", ""image_url"": {""url"": ""data:image/png;base64,iVBORw0KGgoAAAANSUhEUgAAATYAAABcCAYAAADkpJkhAAADxklEQVR4nO3dv04iXRzHYVDUwhvC+zExXpu1vaWJvbWtnY0WJsrmbHI2Z887r9nFYWb58jzJBBAZsfn4Y/653Gw2mwVAkKO53wDA2IQNiCNsQBxhA+IIGxBH2IA4wgbEETYgjrABcYQNiCNsQBxhA+IIGxBH2IA4wgbEETYgjrABcYQNiCNsQBxhA+IIGxBH2IA4wgbEETYgjrABcYQNiLNcr9ebud8EwJiWi8VC2IAoPooCcYQNiCNsQJzVer2e+z0AjGq52WzsPACi+CgKxBE2II6wAXGEDYgjbEAcYQPiCBsQR9iAOMIGxBE2IM5q7jfwr/r8/Nz6tUdH/l7AnA7+XNEpf/3lslzXE9i1g5zY/nQa2yZE4gXzO5iJ7ePjY5T19OEaCpm4wbziw/b+/j7KetpY1fv97Vf3genEfhR9e3sbbV1DIatL+7j//vI3Q9xgepFhe3l52XnQylL2fvZf618LTC8ubM/Pz6Otq5/K2pCV+3Vpn2sP9SiPTW0wvZiwPT09jbKefurqJ7R+OT4+/nlbAlajJm4wr5iwjbVNrQ9bO4m1MatLOXRktVr953i4GjdBg+lFhO3h4WG0dQ1tT+uDVkJWlxq08vWhKa2/BXZv78N2d3c3+jr/JGonJyc/p7Wy1Lj1H13FDOax92F7fX3dedjaqJWgldsatBqv/jX1uTZ6QgfT2Ouw3dzc7GS9Q9NandTKGQynp6e/fW+//a0NGjC91cXFxWJfXV9fTzatlaCVpZ3A2ufrBFc/nrZTmykNprW6v79f7KvLy8udrLeGrQat3UlQJ7M6vdWQ9dvbgPns9UfRsU5sbw2d/1l+Tg1dH7F2W1vRblsTOZiHKyICcfY6bFdXV78dLDvG0h+A2z7uzzroT7Mq/u/cUWA6q/V6vdhn5fCLqQ71aJevYgfMK+J6bGMf9vHV4R4lpOVwj7qcnZ39ul+f68PXT3TAbkWErbi9vZ30AN0+ZuW2PlfD1k5xwgbT2eu9oq3z8/PJT6lqQ9bGrN/OJmowrZiJbawT4v/2JPh+m1u/7U3YYHpxYSseHx8nu2xRDV17bbZ+r2m/XmC3IsP2nQtPbnuhyaG9o6Y1mEds2Ma4VPi2lwYXNZhXfNi+8w9e+jANTXBDOwpEDeZ1MGH7zmXEvwpc+7i/374GmM5Bhm2bf6g8FKuhqUzUYH4HH7a/vXJIH6uheAkazEvYgDh7fXUPgCHCBsQRNiCOsAFxhA2II2xAHGED4ggbEEfYgDjCBsQRNiCOsAFxhA2II2xAHGED4ggbsEjzA5yMNkFpGj6SAAAAAElFTkSuQmCC""}}]}, {""role"": ""assistant"", ""content"": ""0.25""}, {""role"": ""user"", ""content"": [{""type"": ""text"", ""text"": ""\nConsider the image provided.\n\nFinal Answer:\n""}, {""type"": ""image_url"", ""image_url"": {""url"": ""data:image/png;base64,iVBORw0KGgoAAAANSUhEUgAAATYAAABcCAYAAADkpJkhAAADz0lEQVR4nO3du04bQRiAURuWi8QLLe9DwzvxBtT0lEj01LR0NFAggaNBmmgy2ZDEnlkn/54jrdbGeOIi+jx7Zb3ZbDYrgEAO9v0BAFoTNiAcYQPCETYgHGEDwhE2IBxhA8IRNiAcYQPCETYgHGEDwhE2IBxhA8IRNiAcYQPCETYgHGEDwhE2IBxhA8IRNiAcYQPCETYgHGEDwhE2IBxhA8IRNiCc9TiOm31/CICW1qvVStiAUGyKAuEIGxCOsAHhDOM47vszADS13mw2Dh4AodgUBcIRNiAcYQPCETYgHGEDwhE2IBxhA8IRNiAcYQPCETYgnGHfH4D/z8fHx9bvPTjwXUp/rhXll+b8r7Fep3ueQhtmbGw9G9smRgLGHMzYWL2/vzcbqw7XVMjEjd6EbcHe3t6ajVXGKj+u1189hpZsii7Q6+tr0/GmQpaX8nn9++k7VdzoQdgW5vn5eZagpSUdAa1/Vr8XehC2BXl6emo6Xj0rK0OWHuelfK083SM9N2ujB2FbgMfHx2Zj1bOueoZWL4eHh5/rFLAcNXGjN2FbgJb71OqwlTOxMmZ5SaePDMPw0zlxOW6CRg/CFtz9/X3T8ab2p9VBSyHLSw5a+vnULK1eQwvCFtjt7W2Xcf8kakdHR5+ztbTkuNWbrmJGL8IW2MvLyyxhK6OWgpbWOWg5XvV78mtl9ISOVoQtqOvr625jT83W8kwtXcVwfHz8w+/W+9/KoEEPw/n5eZeB2a/Ly8tZZ2spaGkpZ2Dl63kGlzdPy1mbWRqtDXd3d80HZf8uLi66jZ3DloNWHiTIM7M8e8shq/e3QU82RYNqeWF7aer6z/Rv5dDVESv3tSXlvjWRoxd3/QPCSV+7vjaDurq66r4pmjc78xHRdOAgLaenp6uTk5Pv67Tk1/KR0/z+fJJvHht2NYzjuPMg/JtSQOY81aNc8s/rS6yEizm4H1twPU77+Op0j3LWlpZ6ppbWdfjqi+lhV8K2ADc3N7OfoFvHLK3za1ObocJGS46KLsDZ2dleLqkqQ1bGrL4SQdRozYxtQVpcEP+3F8HX+9zqfW/CRg/CtjAPDw+z3rYoh668N1t9A8p6XNiVsC3QLjee3PZGk1NHR83W6EXYFmzXW4Vve2twUaM3YWPrP/BSh2lqBjd1oEDU6E3Y2Pk24l8FrnxePy7fAy0JG03+oPJUrKZmZaLGHISNpncOqWP1u+fQg7AB4bhtERCOsAHhCBsQjrAB4QgbEI6wAeEIGxCOsAHhCBsQjrAB4QgbEI6wAeEIGxCOsAHhCBsQjrABq2i+AV6ZN+f7P3/YAAAAAElFTkSuQmCC""}}]}, {""role"": ""assistant"", ""content"": ""0.20""}, {""role"": ""user"", ""content"": [{""type"": ""text"", ""text"": ""\nConsider the image provided.\n\nFinal Answer:\n""}, {""type"": ""image_url"", ""image_url"": {""url"": ""data:image/png;base64,iVBORw0KGgoAAAANSUhEUgAAATYAAABcCAYAAADkpJkhAAADx0lEQVR4nO3dvU7jSgCG4QTCj8QNhfuh4Z64A2p6SiR6alo6GiiQIEez0qzmzLHYPcjY8cfzSFYSQryWVnoz/hvWu91utwIIcjD3BgCMTdiAOMIGxBE2II6wAXGEDYgjbEAcYQPiCBsQR9iAOMIGxBE2II6wAXGEDYgjbEAcYQPiCBsQR9iAOMIGxBE2II6wAXGEDYgjbEAcYQPiCBsQR9iAOOvtdrubeyMAxrRerVbCBkSxKwrEETYgjrABcTbb7XbubQAY1Xq32zl5AESxKwrEETYgjrABcYQNiCNsQBxhA+IIGxBH2IA4wgbEETYgzmbuDWAcHx8fX/7swYHvN7K4V3RhpvzvWq/LPKSwPEZsYaOxr8RIwEhjxLan3t/fR1tXH66hkIkbSYRtz7y9vY22rjZW9Xn/+NlzWCq7onvi9fV11PUNhawu7ev+98v3nLixdMK2B56fnycJWlnKGdD+Z/1nYemEbWZPT0+jrq8flbUhK8/r0r7XXu5RXhu1sXTCNpPHx8fR1tWPuvoRWr8cHh7+eiwBq1ETN5IIW8AxtT5s7UisjVldyuUjm83mP9fE1bgJGksnbDO4v78fdX1Dx9P6oJWQ1aUGrfx8aJTWP8LSCNvEbm9vv2W9fxO1o6OjX6O1stS49buuYkYCYZvYy8vLJGFro1aCVh5r0Gq8+s/U99roCR1LJGwTur6+/rZ1D43W6kit3MVwfHz8r9/tj7+1QYOl25yfn8+9DT/G5eXlpKO1ErSytCOw9v06gqu7p+2ozSiNJdvc3d3NvQ0/xsXFxbetu4atBq09SVBHZnX0VkPWH2+DFHZFF3pje2vo/s/yb9XQ9RFrj7UV7bE1kSOBGQaBOOUr3lf0hK6urr59V7TudtYzouXEQVlOT09XJycnvx/LUt+rZ07r5+tFvnXdsCSb7XY79zb8KCUgU17q0S715/0tVsJFGvOxhVz28dnlHu2orSz9SK089uHrb6aHJRG2mdzc3Ex+gW4fs/JY3xvaDRU2lspZ0ZmcnZ3NcktVG7I2Zv2dCKLGkhmxBdwQ/39vgu+PufXH3oSNpRO2PfDw8DDptEU1dO3cbP0ElP16YUmELWDiya9ONDl0dtRojQTCFjZV+FenBhc1kghb2B946cM0NIIbOlEgaiQRttBpxD8LXPu6f95+BpZK2IL/oPJQrIZGZaJGGmH7ATOH9LH602tYOmED4pi2CIgjbEAcYQPiCBsQR9iAOMIGxBE2II6wAXGEDYgjbEAcYQPiCBsQR9iAOMIGxBE2II6wAas0/wBdpDfnoKPWyAAAAABJRU5ErkJggg==""}}]}, {""role"": ""assistant"", ""content"": ""0.15""}, {""role"": ""user"", ""content"": [{""type"": ""text"", ""text"": ""\nConsider the image provided.\n\nFinal Answer:\n""}, {""type"": ""image_url"", ""image_url"": {""url"": ""data:image/png;base64,iVBORw0KGgoAAAANSUhEUgAAATYAAABcCAYAAADkpJkhAAADt0lEQVR4nO3dvU7jQBSA0QQCFLyQeR8kxLNR01Mi0VPT0tFAgQReDdHsjgdvtPE6cbg+R7ISCPFaW3zc+I9l27btAiCQo6k3AGBswgaEI2xAOMIGhCNsQDjCBoQjbEA4wgaEI2xAOMIGhCNsQDjCBoQjbEA4wgaEI2xAOMIGhCNsQDjCBoQjbEA4wgaEI2xAOMIGhCNsQDjCBoQjbEA4wgaEs2yapp16IwDGtFwsFsIGhOKjKBCOsAHhCBsQzqppmqm3AWBUy7ZtHTwAQvFRFAhH2IBwhA0IR9iAcIQNCEfYgHCEDQhH2IBwhA0IR9iAcFZTbwBrn5+fg997dOT3E5RcK7pn+/zvXi7TfURhfkxsBzSNDQmReMF3JrYd+fj4GGU9dbj6QiZu0CVsI3t/fx9lPWWs8vP6cdNzmDMfRUfy9vY22rr6QpaX8uv659PvKHEDYRvFy8vLzoOWlnT0s/5e/V5A2P7b8/PzaOuqp7IyZOl5XsrXylM90temNhC2wZ6enkZZTz111RNavRwfH389poDlqIkbdAnbxPvU6rCVk1gZs7ykU0dWq9W38+Fy3AQNhG2Qh4eH0dbVtz+tDloKWV5y0NL3+6a0+hHmSNi2dHd3N/o6/yVqJycnX9NaWnLc6o+uYgZrwral19fXnYetjFoKWnrMQcvxqt+TXyujJ3TMlbBt4ebmZifr7ZvW8qSWrmA4PT3t/Gy9/60MGrBYrC4uLqbehh/j+vp6b9NaClpaygmsfD1PcPnjaTm1mdKYu9X9/f3U2/BjXF5e7mS9OWw5aOVBgjyZ5ekth6ze3wb84aPoBBe2l/qu/0z/Tg5dHbFyX1tS7lsTOVhzh0IgHGHbwtXVVedk2TGW+gTc8uv6qoP6Mqvkb9eOwpytmqaZeht+lHT6xb5O9SiXTbEDutyP7QBO+9h0ukcKaTrdIy9nZ2e/n+fX6vDVEx3MjbANdHt7u9cTdOuYpcf8Wg5bOcUJG3PmqOhA5+fne7+kqgxZGbN6P5uoMXcmtokviN/2Ivh6n1u9703YQNhG8fj4uLfbFuXQlfdmq4+a1uuFuRG2iW88OfRGk31HR01rsCZsB3Sr8KG3Bhc16BK2A/oDL3WY+ia4vgMFogZdwnaAtxHfFLjy6/p5+R6YM2E70D+o3BervqlM1OA7YTvwO4fUseqLl6BBl7AB4bi7BxCOsAHhCBsQjrAB4QgbEI6wAeEIGxCOsAHhCBsQjrAB4QgbEI6wAeEIGxCOsAHhCBsQjrABi2h+ASl0NkFWMNjMAAAAAElFTkSuQmCC""}}]}]",0.20
openai/gpt-4o-2024-08-06,sample_005,0.1624,0.1624,0.1624,0.1,"[{""role"": ""system"", ""content"": ""You are a lines length ratio estimator.\n        You are given an image of two lines.\n\n        Estimate the ratio of the shorter line to the longer line as a decimal number between 0 and 1.\n\n        Do not explain or reason. Only output the final answer as a number after Final Answer:\n""}, {""role"": ""user"", ""content"": [{""type"": ""text"", ""text"": ""\nConsider the image provided.\n\nFinal Answer:\n""}, {""type"": ""image_url"", ""image_url"": {""url"": ""data:image/png;base64,iVBORw0KGgoAAAANSUhEUgAAATYAAABcCAYAAADkpJkhAAADxklEQVR4nO3dv04iXRzHYVDUwhvC+zExXpu1vaWJvbWtnY0WJsrmbHI2Z887r9nFYWb58jzJBBAZsfn4Y/653Gw2mwVAkKO53wDA2IQNiCNsQBxhA+IIGxBH2IA4wgbEETYgjrABcYQNiCNsQBxhA+IIGxBH2IA4wgbEETYgjrABcYQNiCNsQBxhA+IIGxBH2IA4wgbEETYgjrABcYQNiLNcr9ebud8EwJiWi8VC2IAoPooCcYQNiCNsQJzVer2e+z0AjGq52WzsPACi+CgKxBE2II6wAXGEDYgjbEAcYQPiCBsQR9iAOMIGxBE2IM5q7jfwr/r8/Nz6tUdH/l7AnA7+XNEpf/3lslzXE9i1g5zY/nQa2yZE4gXzO5iJ7ePjY5T19OEaCpm4wbziw/b+/j7KetpY1fv97Vf3genEfhR9e3sbbV1DIatL+7j//vI3Q9xgepFhe3l52XnQylL2fvZf618LTC8ubM/Pz6Otq5/K2pCV+3Vpn2sP9SiPTW0wvZiwPT09jbKefurqJ7R+OT4+/nlbAlajJm4wr5iwjbVNrQ9bO4m1MatLOXRktVr953i4GjdBg+lFhO3h4WG0dQ1tT+uDVkJWlxq08vWhKa2/BXZv78N2d3c3+jr/JGonJyc/p7Wy1Lj1H13FDOax92F7fX3dedjaqJWgldsatBqv/jX1uTZ6QgfT2Ouw3dzc7GS9Q9NandTKGQynp6e/fW+//a0NGjC91cXFxWJfXV9fTzatlaCVpZ3A2ufrBFc/nrZTmykNprW6v79f7KvLy8udrLeGrQat3UlQJ7M6vdWQ9dvbgPns9UfRsU5sbw2d/1l+Tg1dH7F2W1vRblsTOZiHKyICcfY6bFdXV78dLDvG0h+A2z7uzzroT7Mq/u/cUWA6q/V6vdhn5fCLqQ71aJevYgfMK+J6bGMf9vHV4R4lpOVwj7qcnZ39ul+f68PXT3TAbkWErbi9vZ30AN0+ZuW2PlfD1k5xwgbT2eu9oq3z8/PJT6lqQ9bGrN/OJmowrZiJbawT4v/2JPh+m1u/7U3YYHpxYSseHx8nu2xRDV17bbZ+r2m/XmC3IsP2nQtPbnuhyaG9o6Y1mEds2Ma4VPi2lwYXNZhXfNi+8w9e+jANTXBDOwpEDeZ1MGH7zmXEvwpc+7i/374GmM5Bhm2bf6g8FKuhqUzUYH4HH7a/vXJIH6uheAkazEvYgDh7fXUPgCHCBsQRNiCOsAFxhA2II2xAHGED4ggbEEfYgDjCBsQRNiCOsAFxhA2II2xAHGED4ggbsEjzA5yMNkFpGj6SAAAAAElFTkSuQmCC""}}]}, {""role"": ""assistant"", ""content"": ""0.25""}, {""role"": ""user"", ""content"": [{""type"": ""text"", ""text"": ""\nConsider the image provided.\n\nFinal Answer:\n""}, {""type"": ""image_url"", ""image_url"": {""url"": ""data:image/png;base64,iVBORw0KGgoAAAANSUhEUgAAATYAAABcCAYAAADkpJkhAAADz0lEQVR4nO3du04bQRiAURuWi8QLLe9DwzvxBtT0lEj01LR0NFAggaNBmmgy2ZDEnlkn/54jrdbGeOIi+jx7Zb3ZbDYrgEAO9v0BAFoTNiAcYQPCETYgHGEDwhE2IBxhA8IRNiAcYQPCETYgHGEDwhE2IBxhA8IRNiAcYQPCETYgHGEDwhE2IBxhA8IRNiAcYQPCETYgHGEDwhE2IBxhA8IRNiCc9TiOm31/CICW1qvVStiAUGyKAuEIGxCOsAHhDOM47vszADS13mw2Dh4AodgUBcIRNiAcYQPCETYgHGEDwhE2IBxhA8IRNiAcYQPCETYgnGHfH4D/z8fHx9bvPTjwXUp/rhXll+b8r7Fep3ueQhtmbGw9G9smRgLGHMzYWL2/vzcbqw7XVMjEjd6EbcHe3t6ajVXGKj+u1189hpZsii7Q6+tr0/GmQpaX8nn9++k7VdzoQdgW5vn5eZagpSUdAa1/Vr8XehC2BXl6emo6Xj0rK0OWHuelfK083SM9N2ujB2FbgMfHx2Zj1bOueoZWL4eHh5/rFLAcNXGjN2FbgJb71OqwlTOxMmZ5SaePDMPw0zlxOW6CRg/CFtz9/X3T8ab2p9VBSyHLSw5a+vnULK1eQwvCFtjt7W2Xcf8kakdHR5+ztbTkuNWbrmJGL8IW2MvLyyxhK6OWgpbWOWg5XvV78mtl9ISOVoQtqOvr625jT83W8kwtXcVwfHz8w+/W+9/KoEEPw/n5eZeB2a/Ly8tZZ2spaGkpZ2Dl63kGlzdPy1mbWRqtDXd3d80HZf8uLi66jZ3DloNWHiTIM7M8e8shq/e3QU82RYNqeWF7aer6z/Rv5dDVESv3tSXlvjWRoxd3/QPCSV+7vjaDurq66r4pmjc78xHRdOAgLaenp6uTk5Pv67Tk1/KR0/z+fJJvHht2NYzjuPMg/JtSQOY81aNc8s/rS6yEizm4H1twPU77+Op0j3LWlpZ6ppbWdfjqi+lhV8K2ADc3N7OfoFvHLK3za1ObocJGS46KLsDZ2dleLqkqQ1bGrL4SQdRozYxtQVpcEP+3F8HX+9zqfW/CRg/CtjAPDw+z3rYoh668N1t9A8p6XNiVsC3QLjee3PZGk1NHR83W6EXYFmzXW4Vve2twUaM3YWPrP/BSh2lqBjd1oEDU6E3Y2Pk24l8FrnxePy7fAy0JG03+oPJUrKZmZaLGHISNpncOqWP1u+fQg7AB4bhtERCOsAHhCBsQjrAB4QgbEI6wAeEIGxCOsAHhCBsQjrAB4QgbEI6wAeEIGxCOsAHhCBsQjrABq2i+AV6ZN+f7P3/YAAAAAElFTkSuQmCC""}}]}, {""role"": ""assistant"", ""content"": ""0.20""}, {""role"": ""user"", ""content"": [{""type"": ""text"", ""text"": ""\nConsider the image provided.\n\nFinal Answer:\n""}, {""type"": ""image_url"", ""image_url"": {""url"": ""data:image/png;base64,iVBORw0KGgoAAAANSUhEUgAAATYAAABcCAYAAADkpJkhAAADx0lEQVR4nO3dvU7jSgCG4QTCj8QNhfuh4Z64A2p6SiR6alo6GiiQIEez0qzmzLHYPcjY8cfzSFYSQryWVnoz/hvWu91utwIIcjD3BgCMTdiAOMIGxBE2II6wAXGEDYgjbEAcYQPiCBsQR9iAOMIGxBE2II6wAXGEDYgjbEAcYQPiCBsQR9iAOMIGxBE2II6wAXGEDYgjbEAcYQPiCBsQR9iAOOvtdrubeyMAxrRerVbCBkSxKwrEETYgjrABcTbb7XbubQAY1Xq32zl5AESxKwrEETYgjrABcYQNiCNsQBxhA+IIGxBH2IA4wgbEETYgzmbuDWAcHx8fX/7swYHvN7K4V3RhpvzvWq/LPKSwPEZsYaOxr8RIwEhjxLan3t/fR1tXH66hkIkbSYRtz7y9vY22rjZW9Xn/+NlzWCq7onvi9fV11PUNhawu7ev+98v3nLixdMK2B56fnycJWlnKGdD+Z/1nYemEbWZPT0+jrq8flbUhK8/r0r7XXu5RXhu1sXTCNpPHx8fR1tWPuvoRWr8cHh7+eiwBq1ETN5IIW8AxtT5s7UisjVldyuUjm83mP9fE1bgJGksnbDO4v78fdX1Dx9P6oJWQ1aUGrfx8aJTWP8LSCNvEbm9vv2W9fxO1o6OjX6O1stS49buuYkYCYZvYy8vLJGFro1aCVh5r0Gq8+s/U99roCR1LJGwTur6+/rZ1D43W6kit3MVwfHz8r9/tj7+1QYOl25yfn8+9DT/G5eXlpKO1ErSytCOw9v06gqu7p+2ozSiNJdvc3d3NvQ0/xsXFxbetu4atBq09SVBHZnX0VkPWH2+DFHZFF3pje2vo/s/yb9XQ9RFrj7UV7bE1kSOBGQaBOOUr3lf0hK6urr59V7TudtYzouXEQVlOT09XJycnvx/LUt+rZ07r5+tFvnXdsCSb7XY79zb8KCUgU17q0S715/0tVsJFGvOxhVz28dnlHu2orSz9SK089uHrb6aHJRG2mdzc3Ex+gW4fs/JY3xvaDRU2lspZ0ZmcnZ3NcktVG7I2Zv2dCKLGkhmxBdwQ/39vgu+PufXH3oSNpRO2PfDw8DDptEU1dO3cbP0ElP16YUmELWDiya9ONDl0dtRojQTCFjZV+FenBhc1kghb2B946cM0NIIbOlEgaiQRttBpxD8LXPu6f95+BpZK2IL/oPJQrIZGZaJGGmH7ATOH9LH602tYOmED4pi2CIgjbEAcYQPiCBsQR9iAOMIGxBE2II6wAXGEDYgjbEAcYQPiCBsQR9iAOMIGxBE2II6wAas0/wBdpDfnoKPWyAAAAABJRU5ErkJggg==""}}]}, {""role"": ""assistant"", ""content"": ""0.15""}, {""role"": ""user"", ""content"": [{""type"": ""text"", ""text"": ""\nConsider the image provided.\n\nFinal Answer:\n""}, {""type"": ""image_url"", ""image_url"": {""url"": ""data:image/png;base64,iVBORw0KGgoAAAANSUhEUgAAATYAAABcCAYAAADkpJkhAAADt0lEQVR4nO3dvU7jQBSA0QQCFLyQeR8kxLNR01Mi0VPT0tFAgQReDdHsjgdvtPE6cbg+R7ISCPFaW3zc+I9l27btAiCQo6k3AGBswgaEI2xAOMIGhCNsQDjCBoQjbEA4wgaEI2xAOMIGhCNsQDjCBoQjbEA4wgaEI2xAOMIGhCNsQDjCBoQjbEA4wgaEI2xAOMIGhCNsQDjCBoQjbEA4wgaEs2yapp16IwDGtFwsFsIGhOKjKBCOsAHhCBsQzqppmqm3AWBUy7ZtHTwAQvFRFAhH2IBwhA0IR9iAcIQNCEfYgHCEDQhH2IBwhA0IR9iAcFZTbwBrn5+fg997dOT3E5RcK7pn+/zvXi7TfURhfkxsBzSNDQmReMF3JrYd+fj4GGU9dbj6QiZu0CVsI3t/fx9lPWWs8vP6cdNzmDMfRUfy9vY22rr6QpaX8uv659PvKHEDYRvFy8vLzoOWlnT0s/5e/V5A2P7b8/PzaOuqp7IyZOl5XsrXylM90temNhC2wZ6enkZZTz111RNavRwfH389poDlqIkbdAnbxPvU6rCVk1gZs7ykU0dWq9W38+Fy3AQNhG2Qh4eH0dbVtz+tDloKWV5y0NL3+6a0+hHmSNi2dHd3N/o6/yVqJycnX9NaWnLc6o+uYgZrwral19fXnYetjFoKWnrMQcvxqt+TXyujJ3TMlbBt4ebmZifr7ZvW8qSWrmA4PT3t/Gy9/60MGrBYrC4uLqbehh/j+vp6b9NaClpaygmsfD1PcPnjaTm1mdKYu9X9/f3U2/BjXF5e7mS9OWw5aOVBgjyZ5ekth6ze3wb84aPoBBe2l/qu/0z/Tg5dHbFyX1tS7lsTOVhzh0IgHGHbwtXVVedk2TGW+gTc8uv6qoP6Mqvkb9eOwpytmqaZeht+lHT6xb5O9SiXTbEDutyP7QBO+9h0ukcKaTrdIy9nZ2e/n+fX6vDVEx3MjbANdHt7u9cTdOuYpcf8Wg5bOcUJG3PmqOhA5+fne7+kqgxZGbN6P5uoMXcmtokviN/2Ivh6n1u9703YQNhG8fj4uLfbFuXQlfdmq4+a1uuFuRG2iW88OfRGk31HR01rsCZsB3Sr8KG3Bhc16BK2A/oDL3WY+ia4vgMFogZdwnaAtxHfFLjy6/p5+R6YM2E70D+o3BervqlM1OA7YTvwO4fUseqLl6BBl7AB4bi7BxCOsAHhCBsQjrAB4QgbEI6wAeEIGxCOsAHhCBsQjrAB4QgbEI6wAeEIGxCOsAHhCBsQjrABi2h+ASl0NkFWMNjMAAAAAElFTkSuQmCC""}}]}, {""role"": ""assistant"", ""content"": ""0.20""}, {""role"": ""user"", ""content"": [{""type"": ""text"", ""text"": ""\nConsider the image provided.\n\nFinal Answer:\n""}, {""type"": ""image_url"", ""image_url"": {""url"": ""data:image/png;base64,iVBORw0KGgoAAAANSUhEUgAAATYAAABcCAYAAADkpJkhAAADwElEQVR4nO3dsU7jSgCG0QAGCl4ovA8S4tmo6SmR6Klp6WigQIJczUpzNTvXF+0G24E/50hWkg3xpvo0sT3jg81ms1kBBDnc9RcAmJqwAXGEDYgjbEAcYQPiCBsQR9iAOMIGxBE2II6wAXGEDYgjbEAcYQPiCBsQR9iAOMIGxBE2II6wAXGEDYgjbEAcYQPiCBsQR9iAOMIGxBE2II6wAXEO1uv1ZtdfAmBKB6vVStiAKH6KAnGEDYgjbECcYb1e7/o7AEzqYLPZOHkARPFTFIgjbEAcYQPiCBsQR9iAOMIGxBE2II6wAXGEDYgjbECcYfWDfHx8bP3Zw0MNh33xLeeKLvmVDg7KWptAkuGnjca2CZF4wX7Z6Yjt/f19kv304RoLmbjB/thJ2N7e3ibZTxur+rx//Ow5kGnRn6Kvr6+T7WssZHVrX/d/XzoubpBtsbA9Pz/PHrSylbOf/b/1nwWyLRK2p6enyfbVj8rakJXndWvfay/1KK+N2iDbrGF7fHycZD/9qKsfofXb0dHRr8cSsBo1cYP9MfyEY2p92NqRWBuzupVLR4Zh+M/1cDVuggbZZgvb/f39ZPsaO57WB62ErG41aOXfx0Zp/SOQZZaw3d7eTr7PP4na8fHxr9Fa2Wrc+p+uYgb5Zgnby8vL7GFro1aCVh5r0Gq8+s/U99roCR3kmTxs19fXqzmMjdbqSK3MYDg5Ofntb/vjb23QgGzD+fn5pDu8urpaLTVaK0ErWzsCa9+vI7j687QdtRmlQa7h7u5u0h1eXFys5lDDVoPWniSoI7M6eqsh64+3Afth+K4T21tj8z/L/1ND10esPdZWtMfWRA7yWX0RiDN52C4vL3+7WHaKrb8At33dzzrop1kV/zd3FMg0rNfryXdaLr9Y6lKPdvssdsD+mG09tqkv+/jsco8S0nK5R91OT0//fV7f68PXj+iAHLMuNHlzc7PoBbp9zMpjfa+GrR3FCRtkmnUS/NnZ2eJTqtqQtTHrj7OJGuRaZGnwr06I/9tJ8P0xt/7Ym7BBtsXuefDw8LDYskU1dO3abP1Z036/QI5Fb+ay7cKT2y40OXZ21GgN8u3kLlVfWSp826XBRQ32x07vK7rNDV76MI2N4MZOFIga7I+dhu0ry4h/Frj2df+8/QyQ6duEbZsbKo/FamxUJmqwX75l2P525ZA+VmPxEjTYHz8qbAB/wrJFQBxhA+IIGxBH2IA4wgbEETYgjrABcYQNiCNsQBxhA+IIGxBH2IA4wgbEETYgjrABcYQNWKX5B1S3NkEoUplJAAAAAElFTkSuQmCC""}}]}]",0.10
openai/gpt-4o-2024-08-06,sample_006,0.1624,0.1624,0.1624,0.1,"[{""role"": ""system"", ""content"": ""You are a lines length ratio estimator.\n        You are given an image of two lines.\n\n        Estimate the ratio of the shorter line to the longer line as a decimal number between 0 and 1.\n\n        Do not explain or reason. Only output the final answer as a number after Final Answer:\n""}, {""role"": ""user"", ""content"": [{""type"": ""text"", ""text"": ""\nConsider the image provided.\n\nFinal Answer:\n""}, {""type"": ""image_url"", ""image_url"": {""url"": ""data:image/png;base64,iVBORw0KGgoAAAANSUhEUgAAATYAAABcCAYAAADkpJkhAAADxklEQVR4nO3dv04iXRzHYVDUwhvC+zExXpu1vaWJvbWtnY0WJsrmbHI2Z887r9nFYWb58jzJBBAZsfn4Y/653Gw2mwVAkKO53wDA2IQNiCNsQBxhA+IIGxBH2IA4wgbEETYgjrABcYQNiCNsQBxhA+IIGxBH2IA4wgbEETYgjrABcYQNiCNsQBxhA+IIGxBH2IA4wgbEETYgjrABcYQNiLNcr9ebud8EwJiWi8VC2IAoPooCcYQNiCNsQJzVer2e+z0AjGq52WzsPACi+CgKxBE2II6wAXGEDYgjbEAcYQPiCBsQR9iAOMIGxBE2IM5q7jfwr/r8/Nz6tUdH/l7AnA7+XNEpf/3lslzXE9i1g5zY/nQa2yZE4gXzO5iJ7ePjY5T19OEaCpm4wbziw/b+/j7KetpY1fv97Vf3genEfhR9e3sbbV1DIatL+7j//vI3Q9xgepFhe3l52XnQylL2fvZf618LTC8ubM/Pz6Otq5/K2pCV+3Vpn2sP9SiPTW0wvZiwPT09jbKefurqJ7R+OT4+/nlbAlajJm4wr5iwjbVNrQ9bO4m1MatLOXRktVr953i4GjdBg+lFhO3h4WG0dQ1tT+uDVkJWlxq08vWhKa2/BXZv78N2d3c3+jr/JGonJyc/p7Wy1Lj1H13FDOax92F7fX3dedjaqJWgldsatBqv/jX1uTZ6QgfT2Ouw3dzc7GS9Q9NandTKGQynp6e/fW+//a0NGjC91cXFxWJfXV9fTzatlaCVpZ3A2ufrBFc/nrZTmykNprW6v79f7KvLy8udrLeGrQat3UlQJ7M6vdWQ9dvbgPns9UfRsU5sbw2d/1l+Tg1dH7F2W1vRblsTOZiHKyICcfY6bFdXV78dLDvG0h+A2z7uzzroT7Mq/u/cUWA6q/V6vdhn5fCLqQ71aJevYgfMK+J6bGMf9vHV4R4lpOVwj7qcnZ39ul+f68PXT3TAbkWErbi9vZ30AN0+ZuW2PlfD1k5xwgbT2eu9oq3z8/PJT6lqQ9bGrN/OJmowrZiJbawT4v/2JPh+m1u/7U3YYHpxYSseHx8nu2xRDV17bbZ+r2m/XmC3IsP2nQtPbnuhyaG9o6Y1mEds2Ma4VPi2lwYXNZhXfNi+8w9e+jANTXBDOwpEDeZ1MGH7zmXEvwpc+7i/374GmM5Bhm2bf6g8FKuhqUzUYH4HH7a/vXJIH6uheAkazEvYgDh7fXUPgCHCBsQRNiCOsAFxhA2II2xAHGED4ggbEEfYgDjCBsQRNiCOsAFxhA2II2xAHGED4ggbsEjzA5yMNkFpGj6SAAAAAElFTkSuQmCC""}}]}, {""role"": ""assistant"", ""content"": ""0.25""}, {""role"": ""user"", ""content"": [{""type"": ""text"", ""text"": ""\nConsider the image provided.\n\nFinal Answer:\n""}, {""type"": ""image_url"", ""image_url"": {""url"": ""data:image/png;base64,iVBORw0KGgoAAAANSUhEUgAAATYAAABcCAYAAADkpJkhAAADz0lEQVR4nO3du04bQRiAURuWi8QLLe9DwzvxBtT0lEj01LR0NFAggaNBmmgy2ZDEnlkn/54jrdbGeOIi+jx7Zb3ZbDYrgEAO9v0BAFoTNiAcYQPCETYgHGEDwhE2IBxhA8IRNiAcYQPCETYgHGEDwhE2IBxhA8IRNiAcYQPCETYgHGEDwhE2IBxhA8IRNiAcYQPCETYgHGEDwhE2IBxhA8IRNiCc9TiOm31/CICW1qvVStiAUGyKAuEIGxCOsAHhDOM47vszADS13mw2Dh4AodgUBcIRNiAcYQPCETYgHGEDwhE2IBxhA8IRNiAcYQPCETYgnGHfH4D/z8fHx9bvPTjwXUp/rhXll+b8r7Fep3ueQhtmbGw9G9smRgLGHMzYWL2/vzcbqw7XVMjEjd6EbcHe3t6ajVXGKj+u1189hpZsii7Q6+tr0/GmQpaX8nn9++k7VdzoQdgW5vn5eZagpSUdAa1/Vr8XehC2BXl6emo6Xj0rK0OWHuelfK083SM9N2ujB2FbgMfHx2Zj1bOueoZWL4eHh5/rFLAcNXGjN2FbgJb71OqwlTOxMmZ5SaePDMPw0zlxOW6CRg/CFtz9/X3T8ab2p9VBSyHLSw5a+vnULK1eQwvCFtjt7W2Xcf8kakdHR5+ztbTkuNWbrmJGL8IW2MvLyyxhK6OWgpbWOWg5XvV78mtl9ISOVoQtqOvr625jT83W8kwtXcVwfHz8w+/W+9/KoEEPw/n5eZeB2a/Ly8tZZ2spaGkpZ2Dl63kGlzdPy1mbWRqtDXd3d80HZf8uLi66jZ3DloNWHiTIM7M8e8shq/e3QU82RYNqeWF7aer6z/Rv5dDVESv3tSXlvjWRoxd3/QPCSV+7vjaDurq66r4pmjc78xHRdOAgLaenp6uTk5Pv67Tk1/KR0/z+fJJvHht2NYzjuPMg/JtSQOY81aNc8s/rS6yEizm4H1twPU77+Op0j3LWlpZ6ppbWdfjqi+lhV8K2ADc3N7OfoFvHLK3za1ObocJGS46KLsDZ2dleLqkqQ1bGrL4SQdRozYxtQVpcEP+3F8HX+9zqfW/CRg/CtjAPDw+z3rYoh668N1t9A8p6XNiVsC3QLjee3PZGk1NHR83W6EXYFmzXW4Vve2twUaM3YWPrP/BSh2lqBjd1oEDU6E3Y2Pk24l8FrnxePy7fAy0JG03+oPJUrKZmZaLGHISNpncOqWP1u+fQg7AB4bhtERCOsAHhCBsQjrAB4QgbEI6wAeEIGxCOsAHhCBsQjrAB4QgbEI6wAeEIGxCOsAHhCBsQjrABq2i+AV6ZN+f7P3/YAAAAAElFTkSuQmCC""}}]}, {""role"": ""assistant"", ""content"": ""0.20""}, {""role"": ""user"", ""content"": [{""type"": ""text"", ""text"": ""\nConsider the image provided.\n\nFinal Answer:\n""}, {""type"": ""image_url"", ""image_url"": {""url"": ""data:image/png;base64,iVBORw0KGgoAAAANSUhEUgAAATYAAABcCAYAAADkpJkhAAADx0lEQVR4nO3dvU7jSgCG4QTCj8QNhfuh4Z64A2p6SiR6alo6GiiQIEez0qzmzLHYPcjY8cfzSFYSQryWVnoz/hvWu91utwIIcjD3BgCMTdiAOMIGxBE2II6wAXGEDYgjbEAcYQPiCBsQR9iAOMIGxBE2II6wAXGEDYgjbEAcYQPiCBsQR9iAOMIGxBE2II6wAXGEDYgjbEAcYQPiCBsQR9iAOOvtdrubeyMAxrRerVbCBkSxKwrEETYgjrABcTbb7XbubQAY1Xq32zl5AESxKwrEETYgjrABcYQNiCNsQBxhA+IIGxBH2IA4wgbEETYgzmbuDWAcHx8fX/7swYHvN7K4V3RhpvzvWq/LPKSwPEZsYaOxr8RIwEhjxLan3t/fR1tXH66hkIkbSYRtz7y9vY22rjZW9Xn/+NlzWCq7onvi9fV11PUNhawu7ev+98v3nLixdMK2B56fnycJWlnKGdD+Z/1nYemEbWZPT0+jrq8flbUhK8/r0r7XXu5RXhu1sXTCNpPHx8fR1tWPuvoRWr8cHh7+eiwBq1ETN5IIW8AxtT5s7UisjVldyuUjm83mP9fE1bgJGksnbDO4v78fdX1Dx9P6oJWQ1aUGrfx8aJTWP8LSCNvEbm9vv2W9fxO1o6OjX6O1stS49buuYkYCYZvYy8vLJGFro1aCVh5r0Gq8+s/U99roCR1LJGwTur6+/rZ1D43W6kit3MVwfHz8r9/tj7+1QYOl25yfn8+9DT/G5eXlpKO1ErSytCOw9v06gqu7p+2ozSiNJdvc3d3NvQ0/xsXFxbetu4atBq09SVBHZnX0VkPWH2+DFHZFF3pje2vo/s/yb9XQ9RFrj7UV7bE1kSOBGQaBOOUr3lf0hK6urr59V7TudtYzouXEQVlOT09XJycnvx/LUt+rZ07r5+tFvnXdsCSb7XY79zb8KCUgU17q0S715/0tVsJFGvOxhVz28dnlHu2orSz9SK089uHrb6aHJRG2mdzc3Ex+gW4fs/JY3xvaDRU2lspZ0ZmcnZ3NcktVG7I2Zv2dCKLGkhmxBdwQ/39vgu+PufXH3oSNpRO2PfDw8DDptEU1dO3cbP0ElP16YUmELWDiya9ONDl0dtRojQTCFjZV+FenBhc1kghb2B946cM0NIIbOlEgaiQRttBpxD8LXPu6f95+BpZK2IL/oPJQrIZGZaJGGmH7ATOH9LH602tYOmED4pi2CIgjbEAcYQPiCBsQR9iAOMIGxBE2II6wAXGEDYgjbEAcYQPiCBsQR9iAOMIGxBE2II6wAas0/wBdpDfnoKPWyAAAAABJRU5ErkJggg==""}}]}, {""role"": ""assistant"", ""content"": ""0.15""}, {""role"": ""user"", ""content"": [{""type"": ""text"", ""text"": ""\nConsider the image provided.\n\nFinal Answer:\n""}, {""type"": ""image_url"", ""image_url"": {""url"": ""data:image/png;base64,iVBORw0KGgoAAAANSUhEUgAAATYAAABcCAYAAADkpJkhAAADt0lEQVR4nO3dvU7jQBSA0QQCFLyQeR8kxLNR01Mi0VPT0tFAgQReDdHsjgdvtPE6cbg+R7ISCPFaW3zc+I9l27btAiCQo6k3AGBswgaEI2xAOMIGhCNsQDjCBoQjbEA4wgaEI2xAOMIGhCNsQDjCBoQjbEA4wgaEI2xAOMIGhCNsQDjCBoQjbEA4wgaEI2xAOMIGhCNsQDjCBoQjbEA4wgaEs2yapp16IwDGtFwsFsIGhOKjKBCOsAHhCBsQzqppmqm3AWBUy7ZtHTwAQvFRFAhH2IBwhA0IR9iAcIQNCEfYgHCEDQhH2IBwhA0IR9iAcFZTbwBrn5+fg997dOT3E5RcK7pn+/zvXi7TfURhfkxsBzSNDQmReMF3JrYd+fj4GGU9dbj6QiZu0CVsI3t/fx9lPWWs8vP6cdNzmDMfRUfy9vY22rr6QpaX8uv659PvKHEDYRvFy8vLzoOWlnT0s/5e/V5A2P7b8/PzaOuqp7IyZOl5XsrXylM90temNhC2wZ6enkZZTz111RNavRwfH389poDlqIkbdAnbxPvU6rCVk1gZs7ykU0dWq9W38+Fy3AQNhG2Qh4eH0dbVtz+tDloKWV5y0NL3+6a0+hHmSNi2dHd3N/o6/yVqJycnX9NaWnLc6o+uYgZrwral19fXnYetjFoKWnrMQcvxqt+TXyujJ3TMlbBt4ebmZifr7ZvW8qSWrmA4PT3t/Gy9/60MGrBYrC4uLqbehh/j+vp6b9NaClpaygmsfD1PcPnjaTm1mdKYu9X9/f3U2/BjXF5e7mS9OWw5aOVBgjyZ5ekth6ze3wb84aPoBBe2l/qu/0z/Tg5dHbFyX1tS7lsTOVhzh0IgHGHbwtXVVedk2TGW+gTc8uv6qoP6Mqvkb9eOwpytmqaZeht+lHT6xb5O9SiXTbEDutyP7QBO+9h0ukcKaTrdIy9nZ2e/n+fX6vDVEx3MjbANdHt7u9cTdOuYpcf8Wg5bOcUJG3PmqOhA5+fne7+kqgxZGbN6P5uoMXcmtokviN/2Ivh6n1u9703YQNhG8fj4uLfbFuXQlfdmq4+a1uuFuRG2iW88OfRGk31HR01rsCZsB3Sr8KG3Bhc16BK2A/oDL3WY+ia4vgMFogZdwnaAtxHfFLjy6/p5+R6YM2E70D+o3BervqlM1OA7YTvwO4fUseqLl6BBl7AB4bi7BxCOsAHhCBsQjrAB4QgbEI6wAeEIGxCOsAHhCBsQjrAB4QgbEI6wAeEIGxCOsAHhCBsQjrABi2h+ASl0NkFWMNjMAAAAAElFTkSuQmCC""}}]}, {""role"": ""assistant"", ""content"": ""0.20""}, {""role"": ""user"", ""content"": [{""type"": ""text"", ""text"": ""\nConsider the image provided.\n\nFinal Answer:\n""}, {""type"": ""image_url"", ""image_url"": {""url"": ""data:image/png;base64,iVBORw0KGgoAAAANSUhEUgAAATYAAABcCAYAAADkpJkhAAADwElEQVR4nO3dsU7jSgCG0QAGCl4ovA8S4tmo6SmR6Klp6WigQIJczUpzNTvXF+0G24E/50hWkg3xpvo0sT3jg81ms1kBBDnc9RcAmJqwAXGEDYgjbEAcYQPiCBsQR9iAOMIGxBE2II6wAXGEDYgjbEAcYQPiCBsQR9iAOMIGxBE2II6wAXGEDYgjbEAcYQPiCBsQR9iAOMIGxBE2II6wAXEO1uv1ZtdfAmBKB6vVStiAKH6KAnGEDYgjbECcYb1e7/o7AEzqYLPZOHkARPFTFIgjbEAcYQPiCBsQR9iAOMIGxBE2II6wAXGEDYgjbECcYfWDfHx8bP3Zw0MNh33xLeeKLvmVDg7KWptAkuGnjca2CZF4wX7Z6Yjt/f19kv304RoLmbjB/thJ2N7e3ibZTxur+rx//Ow5kGnRn6Kvr6+T7WssZHVrX/d/XzoubpBtsbA9Pz/PHrSylbOf/b/1nwWyLRK2p6enyfbVj8rakJXndWvfay/1KK+N2iDbrGF7fHycZD/9qKsfofXb0dHRr8cSsBo1cYP9MfyEY2p92NqRWBuzupVLR4Zh+M/1cDVuggbZZgvb/f39ZPsaO57WB62ErG41aOXfx0Zp/SOQZZaw3d7eTr7PP4na8fHxr9Fa2Wrc+p+uYgb5Zgnby8vL7GFro1aCVh5r0Gq8+s/U99roCR3kmTxs19fXqzmMjdbqSK3MYDg5Ofntb/vjb23QgGzD+fn5pDu8urpaLTVaK0ErWzsCa9+vI7j687QdtRmlQa7h7u5u0h1eXFys5lDDVoPWniSoI7M6eqsh64+3Afth+K4T21tj8z/L/1ND10esPdZWtMfWRA7yWX0RiDN52C4vL3+7WHaKrb8At33dzzrop1kV/zd3FMg0rNfryXdaLr9Y6lKPdvssdsD+mG09tqkv+/jsco8S0nK5R91OT0//fV7f68PXj+iAHLMuNHlzc7PoBbp9zMpjfa+GrR3FCRtkmnUS/NnZ2eJTqtqQtTHrj7OJGuRaZGnwr06I/9tJ8P0xt/7Ym7BBtsXuefDw8LDYskU1dO3abP1Z036/QI5Fb+ay7cKT2y40OXZ21GgN8u3kLlVfWSp826XBRQ32x07vK7rNDV76MI2N4MZOFIga7I+dhu0ry4h/Frj2df+8/QyQ6duEbZsbKo/FamxUJmqwX75l2P525ZA+VmPxEjTYHz8qbAB/wrJFQBxhA+IIGxBH2IA4wgbEETYgjrABcYQNiCNsQBxhA+IIGxBH2IA4wgbEETYgjrABcYQNWKX5B1S3NkEoUplJAAAAAElFTkSuQmCC""}}]}, {""role"": ""assistant"", ""content"": ""0.10""}, {""role"": ""user"", ""content"": [{""type"": ""text"", ""text"": ""\nConsider the image provided.\n\nFinal Answer:\n""}, {""type"": ""image_url"", ""image_url"": {""url"": ""data:image/png;base64,iVBORw0KGgoAAAANSUhEUgAAATYAAABcCAYAAADkpJkhAAADwElEQVR4nO3dsU7jSgCG0QAGCl4ovA8S4tmo6SmR6Klp6WigQIJczUpzNTvXF+0G24E/50hWkg3xpvo0sT3jg81ms1kBBDnc9RcAmJqwAXGEDYgjbEAcYQPiCBsQR9iAOMIGxBE2II6wAXGEDYgjbEAcYQPiCBsQR9iAOMIGxBE2II6wAXGEDYgjbEAcYQPiCBsQR9iAOMIGxBE2II6wAXEO1uv1ZtdfAmBKB6vVStiAKH6KAnGEDYgjbECcYb1e7/o7AEzqYLPZOHkARPFTFIgjbEAcYQPiCBsQR9iAOMIGxBE2II6wAXGEDYgjbECcYfWDfHx8bP3Zw0MNh33xLeeKLvmVDg7KWptAkuGnjca2CZF4wX7Z6Yjt/f19kv304RoLmbjB/thJ2N7e3ibZTxur+rx//Ow5kGnRn6Kvr6+T7WssZHVrX/d/XzoubpBtsbA9Pz/PHrSylbOf/b/1nwWyLRK2p6enyfbVj8rakJXndWvfay/1KK+N2iDbrGF7fHycZD/9qKsfofXb0dHRr8cSsBo1cYP9MfyEY2p92NqRWBuzupVLR4Zh+M/1cDVuggbZZgvb/f39ZPsaO57WB62ErG41aOXfx0Zp/SOQZZaw3d7eTr7PP4na8fHxr9Fa2Wrc+p+uYgb5Zgnby8vL7GFro1aCVh5r0Gq8+s/U99roCR3kmTxs19fXqzmMjdbqSK3MYDg5Ofntb/vjb23QgGzD+fn5pDu8urpaLTVaK0ErWzsCa9+vI7j687QdtRmlQa7h7u5u0h1eXFys5lDDVoPWniSoI7M6eqsh64+3Afth+K4T21tj8z/L/1ND10esPdZWtMfWRA7yWX0RiDN52C4vL3+7WHaKrb8At33dzzrop1kV/zd3FMg0rNfryXdaLr9Y6lKPdvssdsD+mG09tqkv+/jsco8S0nK5R91OT0//fV7f68PXj+iAHLMuNHlzc7PoBbp9zMpjfa+GrR3FCRtkmnUS/NnZ2eJTqtqQtTHrj7OJGuRaZGnwr06I/9tJ8P0xt/7Ym7BBtsXuefDw8LDYskU1dO3abP1Z036/QI5Fb+ay7cKT2y40OXZ21GgN8u3kLlVfWSp826XBRQ32x07vK7rNDV76MI2N4MZOFIga7I+dhu0ry4h/Frj2df+8/QyQ6duEbZsbKo/FamxUJmqwX75l2P525ZA+VmPxEjTYHz8qbAB/wrJFQBxhA+IIGxBH2IA4wgbEETYgjrABcYQNiCNsQBxhA+IIGxBH2IA4wgbEETYgjrABcYQNWKX5B1S3NkEoUplJAAAAAElFTkSuQmCC""}}]}]",0.10
openai/gpt-4o-2024-08-06,sample_007,0.1232,0.1232,0.1232,0.05,"[{""role"": ""system"", ""content"": ""You are a lines length ratio estimator.\n        You are given an image of two lines.\n\n        Estimate the ratio of the shorter line to the longer line as a decimal number between 0 and 1.\n\n        Do not explain or reason. Only output the final answer as a number after Final Answer:\n""}, {""role"": ""user"", ""content"": [{""type"": ""text"", ""text"": ""\nConsider the image provided.\n\nFinal Answer:\n""}, {""type"": ""image_url"", ""image_url"": {""url"": ""data:image/png;base64,iVBORw0KGgoAAAANSUhEUgAAATYAAABcCAYAAADkpJkhAAADxklEQVR4nO3dv04iXRzHYVDUwhvC+zExXpu1vaWJvbWtnY0WJsrmbHI2Z887r9nFYWb58jzJBBAZsfn4Y/653Gw2mwVAkKO53wDA2IQNiCNsQBxhA+IIGxBH2IA4wgbEETYgjrABcYQNiCNsQBxhA+IIGxBH2IA4wgbEETYgjrABcYQNiCNsQBxhA+IIGxBH2IA4wgbEETYgjrABcYQNiLNcr9ebud8EwJiWi8VC2IAoPooCcYQNiCNsQJzVer2e+z0AjGq52WzsPACi+CgKxBE2II6wAXGEDYgjbEAcYQPiCBsQR9iAOMIGxBE2IM5q7jfwr/r8/Nz6tUdH/l7AnA7+XNEpf/3lslzXE9i1g5zY/nQa2yZE4gXzO5iJ7ePjY5T19OEaCpm4wbziw/b+/j7KetpY1fv97Vf3genEfhR9e3sbbV1DIatL+7j//vI3Q9xgepFhe3l52XnQylL2fvZf618LTC8ubM/Pz6Otq5/K2pCV+3Vpn2sP9SiPTW0wvZiwPT09jbKefurqJ7R+OT4+/nlbAlajJm4wr5iwjbVNrQ9bO4m1MatLOXRktVr953i4GjdBg+lFhO3h4WG0dQ1tT+uDVkJWlxq08vWhKa2/BXZv78N2d3c3+jr/JGonJyc/p7Wy1Lj1H13FDOax92F7fX3dedjaqJWgldsatBqv/jX1uTZ6QgfT2Ouw3dzc7GS9Q9NandTKGQynp6e/fW+//a0NGjC91cXFxWJfXV9fTzatlaCVpZ3A2ufrBFc/nrZTmykNprW6v79f7KvLy8udrLeGrQat3UlQJ7M6vdWQ9dvbgPns9UfRsU5sbw2d/1l+Tg1dH7F2W1vRblsTOZiHKyICcfY6bFdXV78dLDvG0h+A2z7uzzroT7Mq/u/cUWA6q/V6vdhn5fCLqQ71aJevYgfMK+J6bGMf9vHV4R4lpOVwj7qcnZ39ul+f68PXT3TAbkWErbi9vZ30AN0+ZuW2PlfD1k5xwgbT2eu9oq3z8/PJT6lqQ9bGrN/OJmowrZiJbawT4v/2JPh+m1u/7U3YYHpxYSseHx8nu2xRDV17bbZ+r2m/XmC3IsP2nQtPbnuhyaG9o6Y1mEds2Ma4VPi2lwYXNZhXfNi+8w9e+jANTXBDOwpEDeZ1MGH7zmXEvwpc+7i/374GmM5Bhm2bf6g8FKuhqUzUYH4HH7a/vXJIH6uheAkazEvYgDh7fXUPgCHCBsQRNiCOsAFxhA2II2xAHGED4ggbEEfYgDjCBsQRNiCOsAFxhA2II2xAHGED4ggbsEjzA5yMNkFpGj6SAAAAAElFTkSuQmCC""}}]}, {""role"": ""assistant"", ""content"": ""0.25""}, {""role"": ""user"", ""content"": [{""type"": ""text"", ""text"": ""\nConsider the image provided.\n\nFinal Answer:\n""}, {""type"": ""image_url"", ""image_url"": {""url"": ""data:image/png;base64,iVBORw0KGgoAAAANSUhEUgAAATYAAABcCAYAAADkpJkhAAADz0lEQVR4nO3du04bQRiAURuWi8QLLe9DwzvxBtT0lEj01LR0NFAggaNBmmgy2ZDEnlkn/54jrdbGeOIi+jx7Zb3ZbDYrgEAO9v0BAFoTNiAcYQPCETYgHGEDwhE2IBxhA8IRNiAcYQPCETYgHGEDwhE2IBxhA8IRNiAcYQPCETYgHGEDwhE2IBxhA8IRNiAcYQPCETYgHGEDwhE2IBxhA8IRNiCc9TiOm31/CICW1qvVStiAUGyKAuEIGxCOsAHhDOM47vszADS13mw2Dh4AodgUBcIRNiAcYQPCETYgHGEDwhE2IBxhA8IRNiAcYQPCETYgnGHfH4D/z8fHx9bvPTjwXUp/rhXll+b8r7Fep3ueQhtmbGw9G9smRgLGHMzYWL2/vzcbqw7XVMjEjd6EbcHe3t6ajVXGKj+u1189hpZsii7Q6+tr0/GmQpaX8nn9++k7VdzoQdgW5vn5eZagpSUdAa1/Vr8XehC2BXl6emo6Xj0rK0OWHuelfK083SM9N2ujB2FbgMfHx2Zj1bOueoZWL4eHh5/rFLAcNXGjN2FbgJb71OqwlTOxMmZ5SaePDMPw0zlxOW6CRg/CFtz9/X3T8ab2p9VBSyHLSw5a+vnULK1eQwvCFtjt7W2Xcf8kakdHR5+ztbTkuNWbrmJGL8IW2MvLyyxhK6OWgpbWOWg5XvV78mtl9ISOVoQtqOvr625jT83W8kwtXcVwfHz8w+/W+9/KoEEPw/n5eZeB2a/Ly8tZZ2spaGkpZ2Dl63kGlzdPy1mbWRqtDXd3d80HZf8uLi66jZ3DloNWHiTIM7M8e8shq/e3QU82RYNqeWF7aer6z/Rv5dDVESv3tSXlvjWRoxd3/QPCSV+7vjaDurq66r4pmjc78xHRdOAgLaenp6uTk5Pv67Tk1/KR0/z+fJJvHht2NYzjuPMg/JtSQOY81aNc8s/rS6yEizm4H1twPU77+Op0j3LWlpZ6ppbWdfjqi+lhV8K2ADc3N7OfoFvHLK3za1ObocJGS46KLsDZ2dleLqkqQ1bGrL4SQdRozYxtQVpcEP+3F8HX+9zqfW/CRg/CtjAPDw+z3rYoh668N1t9A8p6XNiVsC3QLjee3PZGk1NHR83W6EXYFmzXW4Vve2twUaM3YWPrP/BSh2lqBjd1oEDU6E3Y2Pk24l8FrnxePy7fAy0JG03+oPJUrKZmZaLGHISNpncOqWP1u+fQg7AB4bhtERCOsAHhCBsQjrAB4QgbEI6wAeEIGxCOsAHhCBsQjrAB4QgbEI6wAeEIGxCOsAHhCBsQjrABq2i+AV6ZN+f7P3/YAAAAAElFTkSuQmCC""}}]}, {""role"": ""assistant"", ""content"": ""0.20""}, {""role"": ""user"", ""content"": [{""type"": ""text"", ""text"": ""\nConsider the image provided.\n\nFinal Answer:\n""}, {""type"": ""image_url"", ""image_url"": {""url"": ""data:image/png;base64,iVBORw0KGgoAAAANSUhEUgAAATYAAABcCAYAAADkpJkhAAADx0lEQVR4nO3dvU7jSgCG4QTCj8QNhfuh4Z64A2p6SiR6alo6GiiQIEez0qzmzLHYPcjY8cfzSFYSQryWVnoz/hvWu91utwIIcjD3BgCMTdiAOMIGxBE2II6wAXGEDYgjbEAcYQPiCBsQR9iAOMIGxBE2II6wAXGEDYgjbEAcYQPiCBsQR9iAOMIGxBE2II6wAXGEDYgjbEAcYQPiCBsQR9iAOOvtdrubeyMAxrRerVbCBkSxKwrEETYgjrABcTbb7XbubQAY1Xq32zl5AESxKwrEETYgjrABcYQNiCNsQBxhA+IIGxBH2IA4wgbEETYgzmbuDWAcHx8fX/7swYHvN7K4V3RhpvzvWq/LPKSwPEZsYaOxr8RIwEhjxLan3t/fR1tXH66hkIkbSYRtz7y9vY22rjZW9Xn/+NlzWCq7onvi9fV11PUNhawu7ev+98v3nLixdMK2B56fnycJWlnKGdD+Z/1nYemEbWZPT0+jrq8flbUhK8/r0r7XXu5RXhu1sXTCNpPHx8fR1tWPuvoRWr8cHh7+eiwBq1ETN5IIW8AxtT5s7UisjVldyuUjm83mP9fE1bgJGksnbDO4v78fdX1Dx9P6oJWQ1aUGrfx8aJTWP8LSCNvEbm9vv2W9fxO1o6OjX6O1stS49buuYkYCYZvYy8vLJGFro1aCVh5r0Gq8+s/U99roCR1LJGwTur6+/rZ1D43W6kit3MVwfHz8r9/tj7+1QYOl25yfn8+9DT/G5eXlpKO1ErSytCOw9v06gqu7p+2ozSiNJdvc3d3NvQ0/xsXFxbetu4atBq09SVBHZnX0VkPWH2+DFHZFF3pje2vo/s/yb9XQ9RFrj7UV7bE1kSOBGQaBOOUr3lf0hK6urr59V7TudtYzouXEQVlOT09XJycnvx/LUt+rZ07r5+tFvnXdsCSb7XY79zb8KCUgU17q0S715/0tVsJFGvOxhVz28dnlHu2orSz9SK089uHrb6aHJRG2mdzc3Ex+gW4fs/JY3xvaDRU2lspZ0ZmcnZ3NcktVG7I2Zv2dCKLGkhmxBdwQ/39vgu+PufXH3oSNpRO2PfDw8DDptEU1dO3cbP0ElP16YUmELWDiya9ONDl0dtRojQTCFjZV+FenBhc1kghb2B946cM0NIIbOlEgaiQRttBpxD8LXPu6f95+BpZK2IL/oPJQrIZGZaJGGmH7ATOH9LH602tYOmED4pi2CIgjbEAcYQPiCBsQR9iAOMIGxBE2II6wAXGEDYgjbEAcYQPiCBsQR9iAOMIGxBE2II6wAas0/wBdpDfnoKPWyAAAAABJRU5ErkJggg==""}}]}, {""role"": ""assistant"", ""content"": ""0.15""}, {""role"": ""user"", ""content"": [{""type"": ""text"", ""text"": ""\nConsider the image provided.\n\nFinal Answer:\n""}, {""type"": ""image_url"", ""image_url"": {""url"": ""data:image/png;base64,iVBORw0KGgoAAAANSUhEUgAAATYAAABcCAYAAADkpJkhAAADt0lEQVR4nO3dvU7jQBSA0QQCFLyQeR8kxLNR01Mi0VPT0tFAgQReDdHsjgdvtPE6cbg+R7ISCPFaW3zc+I9l27btAiCQo6k3AGBswgaEI2xAOMIGhCNsQDjCBoQjbEA4wgaEI2xAOMIGhCNsQDjCBoQjbEA4wgaEI2xAOMIGhCNsQDjCBoQjbEA4wgaEI2xAOMIGhCNsQDjCBoQjbEA4wgaEs2yapp16IwDGtFwsFsIGhOKjKBCOsAHhCBsQzqppmqm3AWBUy7ZtHTwAQvFRFAhH2IBwhA0IR9iAcIQNCEfYgHCEDQhH2IBwhA0IR9iAcFZTbwBrn5+fg997dOT3E5RcK7pn+/zvXi7TfURhfkxsBzSNDQmReMF3JrYd+fj4GGU9dbj6QiZu0CVsI3t/fx9lPWWs8vP6cdNzmDMfRUfy9vY22rr6QpaX8uv659PvKHEDYRvFy8vLzoOWlnT0s/5e/V5A2P7b8/PzaOuqp7IyZOl5XsrXylM90temNhC2wZ6enkZZTz111RNavRwfH389poDlqIkbdAnbxPvU6rCVk1gZs7ykU0dWq9W38+Fy3AQNhG2Qh4eH0dbVtz+tDloKWV5y0NL3+6a0+hHmSNi2dHd3N/o6/yVqJycnX9NaWnLc6o+uYgZrwral19fXnYetjFoKWnrMQcvxqt+TXyujJ3TMlbBt4ebmZifr7ZvW8qSWrmA4PT3t/Gy9/60MGrBYrC4uLqbehh/j+vp6b9NaClpaygmsfD1PcPnjaTm1mdKYu9X9/f3U2/BjXF5e7mS9OWw5aOVBgjyZ5ekth6ze3wb84aPoBBe2l/qu/0z/Tg5dHbFyX1tS7lsTOVhzh0IgHGHbwtXVVedk2TGW+gTc8uv6qoP6Mqvkb9eOwpytmqaZeht+lHT6xb5O9SiXTbEDutyP7QBO+9h0ukcKaTrdIy9nZ2e/n+fX6vDVEx3MjbANdHt7u9cTdOuYpcf8Wg5bOcUJG3PmqOhA5+fne7+kqgxZGbN6P5uoMXcmtokviN/2Ivh6n1u9703YQNhG8fj4uLfbFuXQlfdmq4+a1uuFuRG2iW88OfRGk31HR01rsCZsB3Sr8KG3Bhc16BK2A/oDL3WY+ia4vgMFogZdwnaAtxHfFLjy6/p5+R6YM2E70D+o3BervqlM1OA7YTvwO4fUseqLl6BBl7AB4bi7BxCOsAHhCBsQjrAB4QgbEI6wAeEIGxCOsAHhCBsQjrAB4QgbEI6wAeEIGxCOsAHhCBsQjrABi2h+ASl0NkFWMNjMAAAAAElFTkSuQmCC""}}]}, {""role"": ""assistant"", ""content"": ""0.20""}, {""role"": ""user"", ""content"": [{""type"": ""text"", ""text"": ""\nConsider the image provided.\n\nFinal Answer:\n""}, {""type"": ""image_url"", ""image_url"": {""url"": ""data:image/png;base64,iVBORw0KGgoAAAANSUhEUgAAATYAAABcCAYAAADkpJkhAAADwElEQVR4nO3dsU7jSgCG0QAGCl4ovA8S4tmo6SmR6Klp6WigQIJczUpzNTvXF+0G24E/50hWkg3xpvo0sT3jg81ms1kBBDnc9RcAmJqwAXGEDYgjbEAcYQPiCBsQR9iAOMIGxBE2II6wAXGEDYgjbEAcYQPiCBsQR9iAOMIGxBE2II6wAXGEDYgjbEAcYQPiCBsQR9iAOMIGxBE2II6wAXEO1uv1ZtdfAmBKB6vVStiAKH6KAnGEDYgjbECcYb1e7/o7AEzqYLPZOHkARPFTFIgjbEAcYQPiCBsQR9iAOMIGxBE2II6wAXGEDYgjbECcYfWDfHx8bP3Zw0MNh33xLeeKLvmVDg7KWptAkuGnjca2CZF4wX7Z6Yjt/f19kv304RoLmbjB/thJ2N7e3ibZTxur+rx//Ow5kGnRn6Kvr6+T7WssZHVrX/d/XzoubpBtsbA9Pz/PHrSylbOf/b/1nwWyLRK2p6enyfbVj8rakJXndWvfay/1KK+N2iDbrGF7fHycZD/9qKsfofXb0dHRr8cSsBo1cYP9MfyEY2p92NqRWBuzupVLR4Zh+M/1cDVuggbZZgvb/f39ZPsaO57WB62ErG41aOXfx0Zp/SOQZZaw3d7eTr7PP4na8fHxr9Fa2Wrc+p+uYgb5Zgnby8vL7GFro1aCVh5r0Gq8+s/U99roCR3kmTxs19fXqzmMjdbqSK3MYDg5Ofntb/vjb23QgGzD+fn5pDu8urpaLTVaK0ErWzsCa9+vI7j687QdtRmlQa7h7u5u0h1eXFys5lDDVoPWniSoI7M6eqsh64+3Afth+K4T21tj8z/L/1ND10esPdZWtMfWRA7yWX0RiDN52C4vL3+7WHaKrb8At33dzzrop1kV/zd3FMg0rNfryXdaLr9Y6lKPdvssdsD+mG09tqkv+/jsco8S0nK5R91OT0//fV7f68PXj+iAHLMuNHlzc7PoBbp9zMpjfa+GrR3FCRtkmnUS/NnZ2eJTqtqQtTHrj7OJGuRaZGnwr06I/9tJ8P0xt/7Ym7BBtsXuefDw8LDYskU1dO3abP1Z036/QI5Fb+ay7cKT2y40OXZ21GgN8u3kLlVfWSp826XBRQ32x07vK7rNDV76MI2N4MZOFIga7I+dhu0ry4h/Frj2df+8/QyQ6duEbZsbKo/FamxUJmqwX75l2P525ZA+VmPxEjTYHz8qbAB/wrJFQBxhA+IIGxBH2IA4wgbEETYgjrABcYQNiCNsQBxhA+IIGxBH2IA4wgbEETYgjrABcYQNWKX5B1S3NkEoUplJAAAAAElFTkSuQmCC""}}]}, {""role"": ""assistant"", ""content"": ""0.10""}, {""role"": ""user"", ""content"": [{""type"": ""text"", ""text"": ""\nConsider the image provided.\n\nFinal Answer:\n""}, {""type"": ""image_url"", ""image_url"": {""url"": ""data:image/png;base64,iVBORw0KGgoAAAANSUhEUgAAATYAAABcCAYAAADkpJkhAAADwElEQVR4nO3dsU7jSgCG0QAGCl4ovA8S4tmo6SmR6Klp6WigQIJczUpzNTvXF+0G24E/50hWkg3xpvo0sT3jg81ms1kBBDnc9RcAmJqwAXGEDYgjbEAcYQPiCBsQR9iAOMIGxBE2II6wAXGEDYgjbEAcYQPiCBsQR9iAOMIGxBE2II6wAXGEDYgjbEAcYQPiCBsQR9iAOMIGxBE2II6wAXEO1uv1ZtdfAmBKB6vVStiAKH6KAnGEDYgjbECcYb1e7/o7AEzqYLPZOHkARPFTFIgjbEAcYQPiCBsQR9iAOMIGxBE2II6wAXGEDYgjbECcYfWDfHx8bP3Zw0MNh33xLeeKLvmVDg7KWptAkuGnjca2CZF4wX7Z6Yjt/f19kv304RoLmbjB/thJ2N7e3ibZTxur+rx//Ow5kGnRn6Kvr6+T7WssZHVrX/d/XzoubpBtsbA9Pz/PHrSylbOf/b/1nwWyLRK2p6enyfbVj8rakJXndWvfay/1KK+N2iDbrGF7fHycZD/9qKsfofXb0dHRr8cSsBo1cYP9MfyEY2p92NqRWBuzupVLR4Zh+M/1cDVuggbZZgvb/f39ZPsaO57WB62ErG41aOXfx0Zp/SOQZZaw3d7eTr7PP4na8fHxr9Fa2Wrc+p+uYgb5Zgnby8vL7GFro1aCVh5r0Gq8+s/U99roCR3kmTxs19fXqzmMjdbqSK3MYDg5Ofntb/vjb23QgGzD+fn5pDu8urpaLTVaK0ErWzsCa9+vI7j687QdtRmlQa7h7u5u0h1eXFys5lDDVoPWniSoI7M6eqsh64+3Afth+K4T21tj8z/L/1ND10esPdZWtMfWRA7yWX0RiDN52C4vL3+7WHaKrb8At33dzzrop1kV/zd3FMg0rNfryXdaLr9Y6lKPdvssdsD+mG09tqkv+/jsco8S0nK5R91OT0//fV7f68PXj+iAHLMuNHlzc7PoBbp9zMpjfa+GrR3FCRtkmnUS/NnZ2eJTqtqQtTHrj7OJGuRaZGnwr06I/9tJ8P0xt/7Ym7BBtsXuefDw8LDYskU1dO3abP1Z036/QI5Fb+ay7cKT2y40OXZ21GgN8u3kLlVfWSp826XBRQ32x07vK7rNDV76MI2N4MZOFIga7I+dhu0ry4h/Frj2df+8/QyQ6duEbZsbKo/FamxUJmqwX75l2P525ZA+VmPxEjTYHz8qbAB/wrJFQBxhA+IIGxBH2IA4wgbEETYgjrABcYQNiCNsQBxhA+IIGxBH2IA4wgbEETYgjrABcYQNWKX5B1S3NkEoUplJAAAAAElFTkSuQmCC""}}]}, {""role"": ""assistant"", ""content"": ""0.10""}, {""role"": ""user"", ""content"": [{""type"": ""text"", ""text"": ""\nConsider the image provided.\n\nFinal Answer:\n""}, {""type"": ""image_url"", ""image_url"": {""url"": ""data:image/png;base64,iVBORw0KGgoAAAANSUhEUgAAATYAAABcCAYAAADkpJkhAAADqklEQVR4nO3dvU7jQBSAUQcMFLyQeR8kxLNR01Mi0VPT0tFAgQRZDdKshllv2NgTZ3VzjmQlIYREFJ/GPzNZrdfrdQcQyNG+PwBAa8IGhCNsQDjCBoQjbEA4wgaEI2xAOMIGhCNsQDjCBoQjbEA4wgaEI2xAOMIGhCNsQDjCBoQjbEA4wgaEI2xAOMIGhCNsQDjCBoQjbEA4wgaEI2xAOMIGhLMahmG97w8B0NKq6zphA0KxKwqEI2xAOMIGhNMPw7DvzwDQ1Gq9Xjt5AIRiVxQIR9iAcIQNCEfYgHCEDQhH2IBwhA0IR9iAcIQNCEfYgHD6fb755+fn5NceHWkysMe5oktOR12t0tqZwCHr9z0amxIi8QIWG7F9fHw0+Tt1uMZCJm7ATsP2/v7e5sMUscr369tN9wFm74q+vb01+y+OhSxv5eP691OXxQ1oEraXl5du10FLWzr7Wf+sfi3A7LA9Pz93rdSjsjJk6X7eyufKSz3SY6M2YHLYnp6euhbqUVc9Qqu34+Pjr9sUsBw1cQOahK3VMbU6bOVIrIxZ3tKlI33f/3E9XI6boAGTwvbw8NC1MnY8rQ5aClnectDSz8dGafUtcNj+KWx3d3fN3/hfonZycvI1Wktbjlu96ypmwKSwvb6+drsOWxm1FLR0m4OW41W/Jj9XRk/ogB/DdnNzs5M3Hhut5ZFamsFwenr67Xfr429l0ABK/cXFRbfJ9fV1t9RoLQUtbeUIrHw+j+Dy7mk5ajNKA7L+/v6+2+Ty8rLbhRy2HLTyJEEemeXRWw5ZfbwNYNKuaKuJ7aWx+Z/pfXLo6oiVx9qS8tiayAE1qzUChxe2q6urbxfLttjqC3DLx/Wsg3qaVfK3uaMAST8Mw4//iXT5xVKXepTbptgBzF6PrfVlH5su90ghTZd75O3s7Oz3/fxcHb56RAccrq0Wmry9vV30At06Zuk2P5fDVo7ihA3YehL8+fn54lOqypCVMauPs4kaMGtp8LkT4redBF8fc6uPvQkb0OQ7Dx4fHxdbtiiHrlybrT5rWv9d4HDN+jKXqQtPTl1ocuzsqNEasJNvqZqzVPjUpcFFDVjke0WnfMFLHaaxEdzYiQJRAxYJ25xlxDcFrnxc3y9fA7DTsE35QuWxWI2NykQN2HvYtl05pI7VWLwEDfgvwwawC5YtAsIRNiAcYQPCETYgHGEDwhE2IBxhA8IRNiAcYQPCETYgHGEDwhE2IBxhA8IRNiAcYQPCETagi+YXGFo2QVpGsFsAAAAASUVORK5CYII=""}}]}]",0.05
openai/gpt-4o-2024-08-06,sample_008,0.4465,0.4465,0.4465,0.25,"[{""role"": ""system"", ""content"": ""You are a lines length ratio estimator.\n        You are given an image of two lines.\n\n        Estimate the ratio of the shorter line to the longer line as a decimal number between 0 and 1.\n\n        Do not explain or reason. Only output the final answer as a number after Final Answer:\n""}, {""role"": ""user"", ""content"": [{""type"": ""text"", ""text"": ""\nConsider the image provided.\n\nFinal Answer:\n""}, {""type"": ""image_url"", ""image_url"": {""url"": ""data:image/png;base64,iVBORw0KGgoAAAANSUhEUgAAATYAAABcCAYAAADkpJkhAAADxklEQVR4nO3dv04iXRzHYVDUwhvC+zExXpu1vaWJvbWtnY0WJsrmbHI2Z887r9nFYWb58jzJBBAZsfn4Y/653Gw2mwVAkKO53wDA2IQNiCNsQBxhA+IIGxBH2IA4wgbEETYgjrABcYQNiCNsQBxhA+IIGxBH2IA4wgbEETYgjrABcYQNiCNsQBxhA+IIGxBH2IA4wgbEETYgjrABcYQNiLNcr9ebud8EwJiWi8VC2IAoPooCcYQNiCNsQJzVer2e+z0AjGq52WzsPACi+CgKxBE2II6wAXGEDYgjbEAcYQPiCBsQR9iAOMIGxBE2IM5q7jfwr/r8/Nz6tUdH/l7AnA7+XNEpf/3lslzXE9i1g5zY/nQa2yZE4gXzO5iJ7ePjY5T19OEaCpm4wbziw/b+/j7KetpY1fv97Vf3genEfhR9e3sbbV1DIatL+7j//vI3Q9xgepFhe3l52XnQylL2fvZf618LTC8ubM/Pz6Otq5/K2pCV+3Vpn2sP9SiPTW0wvZiwPT09jbKefurqJ7R+OT4+/nlbAlajJm4wr5iwjbVNrQ9bO4m1MatLOXRktVr953i4GjdBg+lFhO3h4WG0dQ1tT+uDVkJWlxq08vWhKa2/BXZv78N2d3c3+jr/JGonJyc/p7Wy1Lj1H13FDOax92F7fX3dedjaqJWgldsatBqv/jX1uTZ6QgfT2Ouw3dzc7GS9Q9NandTKGQynp6e/fW+//a0NGjC91cXFxWJfXV9fTzatlaCVpZ3A2ufrBFc/nrZTmykNprW6v79f7KvLy8udrLeGrQat3UlQJ7M6vdWQ9dvbgPns9UfRsU5sbw2d/1l+Tg1dH7F2W1vRblsTOZiHKyICcfY6bFdXV78dLDvG0h+A2z7uzzroT7Mq/u/cUWA6q/V6vdhn5fCLqQ71aJevYgfMK+J6bGMf9vHV4R4lpOVwj7qcnZ39ul+f68PXT3TAbkWErbi9vZ30AN0+ZuW2PlfD1k5xwgbT2eu9oq3z8/PJT6lqQ9bGrN/OJmowrZiJbawT4v/2JPh+m1u/7U3YYHpxYSseHx8nu2xRDV17bbZ+r2m/XmC3IsP2nQtPbnuhyaG9o6Y1mEds2Ma4VPi2lwYXNZhXfNi+8w9e+jANTXBDOwpEDeZ1MGH7zmXEvwpc+7i/374GmM5Bhm2bf6g8FKuhqUzUYH4HH7a/vXJIH6uheAkazEvYgDh7fXUPgCHCBsQRNiCOsAFxhA2II2xAHGED4ggbEEfYgDjCBsQRNiCOsAFxhA2II2xAHGED4ggbsEjzA5yMNkFpGj6SAAAAAElFTkSuQmCC""}}]}, {""role"": ""assistant"", ""content"": ""0.25""}, {""role"": ""user"", ""content"": [{""type"": ""text"", ""text"": ""\nConsider the image provided.\n\nFinal Answer:\n""}, {""type"": ""image_url"", ""image_url"": {""url"": ""data:image/png;base64,iVBORw0KGgoAAAANSUhEUgAAATYAAABcCAYAAADkpJkhAAADz0lEQVR4nO3du04bQRiAURuWi8QLLe9DwzvxBtT0lEj01LR0NFAggaNBmmgy2ZDEnlkn/54jrdbGeOIi+jx7Zb3ZbDYrgEAO9v0BAFoTNiAcYQPCETYgHGEDwhE2IBxhA8IRNiAcYQPCETYgHGEDwhE2IBxhA8IRNiAcYQPCETYgHGEDwhE2IBxhA8IRNiAcYQPCETYgHGEDwhE2IBxhA8IRNiCc9TiOm31/CICW1qvVStiAUGyKAuEIGxCOsAHhDOM47vszADS13mw2Dh4AodgUBcIRNiAcYQPCETYgHGEDwhE2IBxhA8IRNiAcYQPCETYgnGHfH4D/z8fHx9bvPTjwXUp/rhXll+b8r7Fep3ueQhtmbGw9G9smRgLGHMzYWL2/vzcbqw7XVMjEjd6EbcHe3t6ajVXGKj+u1189hpZsii7Q6+tr0/GmQpaX8nn9++k7VdzoQdgW5vn5eZagpSUdAa1/Vr8XehC2BXl6emo6Xj0rK0OWHuelfK083SM9N2ujB2FbgMfHx2Zj1bOueoZWL4eHh5/rFLAcNXGjN2FbgJb71OqwlTOxMmZ5SaePDMPw0zlxOW6CRg/CFtz9/X3T8ab2p9VBSyHLSw5a+vnULK1eQwvCFtjt7W2Xcf8kakdHR5+ztbTkuNWbrmJGL8IW2MvLyyxhK6OWgpbWOWg5XvV78mtl9ISOVoQtqOvr625jT83W8kwtXcVwfHz8w+/W+9/KoEEPw/n5eZeB2a/Ly8tZZ2spaGkpZ2Dl63kGlzdPy1mbWRqtDXd3d80HZf8uLi66jZ3DloNWHiTIM7M8e8shq/e3QU82RYNqeWF7aer6z/Rv5dDVESv3tSXlvjWRoxd3/QPCSV+7vjaDurq66r4pmjc78xHRdOAgLaenp6uTk5Pv67Tk1/KR0/z+fJJvHht2NYzjuPMg/JtSQOY81aNc8s/rS6yEizm4H1twPU77+Op0j3LWlpZ6ppbWdfjqi+lhV8K2ADc3N7OfoFvHLK3za1ObocJGS46KLsDZ2dleLqkqQ1bGrL4SQdRozYxtQVpcEP+3F8HX+9zqfW/CRg/CtjAPDw+z3rYoh668N1t9A8p6XNiVsC3QLjee3PZGk1NHR83W6EXYFmzXW4Vve2twUaM3YWPrP/BSh2lqBjd1oEDU6E3Y2Pk24l8FrnxePy7fAy0JG03+oPJUrKZmZaLGHISNpncOqWP1u+fQg7AB4bhtERCOsAHhCBsQjrAB4QgbEI6wAeEIGxCOsAHhCBsQjrAB4QgbEI6wAeEIGxCOsAHhCBsQjrABq2i+AV6ZN+f7P3/YAAAAAElFTkSuQmCC""}}]}, {""role"": ""assistant"", ""content"": ""0.20""}, {""role"": ""user"", ""content"": [{""type"": ""text"", ""text"": ""\nConsider the image provided.\n\nFinal Answer:\n""}, {""type"": ""image_url"", ""image_url"": {""url"": ""data:image/png;base64,iVBORw0KGgoAAAANSUhEUgAAATYAAABcCAYAAADkpJkhAAADx0lEQVR4nO3dvU7jSgCG4QTCj8QNhfuh4Z64A2p6SiR6alo6GiiQIEez0qzmzLHYPcjY8cfzSFYSQryWVnoz/hvWu91utwIIcjD3BgCMTdiAOMIGxBE2II6wAXGEDYgjbEAcYQPiCBsQR9iAOMIGxBE2II6wAXGEDYgjbEAcYQPiCBsQR9iAOMIGxBE2II6wAXGEDYgjbEAcYQPiCBsQR9iAOOvtdrubeyMAxrRerVbCBkSxKwrEETYgjrABcTbb7XbubQAY1Xq32zl5AESxKwrEETYgjrABcYQNiCNsQBxhA+IIGxBH2IA4wgbEETYgzmbuDWAcHx8fX/7swYHvN7K4V3RhpvzvWq/LPKSwPEZsYaOxr8RIwEhjxLan3t/fR1tXH66hkIkbSYRtz7y9vY22rjZW9Xn/+NlzWCq7onvi9fV11PUNhawu7ev+98v3nLixdMK2B56fnycJWlnKGdD+Z/1nYemEbWZPT0+jrq8flbUhK8/r0r7XXu5RXhu1sXTCNpPHx8fR1tWPuvoRWr8cHh7+eiwBq1ETN5IIW8AxtT5s7UisjVldyuUjm83mP9fE1bgJGksnbDO4v78fdX1Dx9P6oJWQ1aUGrfx8aJTWP8LSCNvEbm9vv2W9fxO1o6OjX6O1stS49buuYkYCYZvYy8vLJGFro1aCVh5r0Gq8+s/U99roCR1LJGwTur6+/rZ1D43W6kit3MVwfHz8r9/tj7+1QYOl25yfn8+9DT/G5eXlpKO1ErSytCOw9v06gqu7p+2ozSiNJdvc3d3NvQ0/xsXFxbetu4atBq09SVBHZnX0VkPWH2+DFHZFF3pje2vo/s/yb9XQ9RFrj7UV7bE1kSOBGQaBOOUr3lf0hK6urr59V7TudtYzouXEQVlOT09XJycnvx/LUt+rZ07r5+tFvnXdsCSb7XY79zb8KCUgU17q0S715/0tVsJFGvOxhVz28dnlHu2orSz9SK089uHrb6aHJRG2mdzc3Ex+gW4fs/JY3xvaDRU2lspZ0ZmcnZ3NcktVG7I2Zv2dCKLGkhmxBdwQ/39vgu+PufXH3oSNpRO2PfDw8DDptEU1dO3cbP0ElP16YUmELWDiya9ONDl0dtRojQTCFjZV+FenBhc1kghb2B946cM0NIIbOlEgaiQRttBpxD8LXPu6f95+BpZK2IL/oPJQrIZGZaJGGmH7ATOH9LH602tYOmED4pi2CIgjbEAcYQPiCBsQR9iAOMIGxBE2II6wAXGEDYgjbEAcYQPiCBsQR9iAOMIGxBE2II6wAas0/wBdpDfnoKPWyAAAAABJRU5ErkJggg==""}}]}, {""role"": ""assistant"", ""content"": ""0.15""}, {""role"": ""user"", ""content"": [{""type"": ""text"", ""text"": ""\nConsider the image provided.\n\nFinal Answer:\n""}, {""type"": ""image_url"", ""image_url"": {""url"": ""data:image/png;base64,iVBORw0KGgoAAAANSUhEUgAAATYAAABcCAYAAADkpJkhAAADt0lEQVR4nO3dvU7jQBSA0QQCFLyQeR8kxLNR01Mi0VPT0tFAgQReDdHsjgdvtPE6cbg+R7ISCPFaW3zc+I9l27btAiCQo6k3AGBswgaEI2xAOMIGhCNsQDjCBoQjbEA4wgaEI2xAOMIGhCNsQDjCBoQjbEA4wgaEI2xAOMIGhCNsQDjCBoQjbEA4wgaEI2xAOMIGhCNsQDjCBoQjbEA4wgaEs2yapp16IwDGtFwsFsIGhOKjKBCOsAHhCBsQzqppmqm3AWBUy7ZtHTwAQvFRFAhH2IBwhA0IR9iAcIQNCEfYgHCEDQhH2IBwhA0IR9iAcFZTbwBrn5+fg997dOT3E5RcK7pn+/zvXi7TfURhfkxsBzSNDQmReMF3JrYd+fj4GGU9dbj6QiZu0CVsI3t/fx9lPWWs8vP6cdNzmDMfRUfy9vY22rr6QpaX8uv659PvKHEDYRvFy8vLzoOWlnT0s/5e/V5A2P7b8/PzaOuqp7IyZOl5XsrXylM90temNhC2wZ6enkZZTz111RNavRwfH389poDlqIkbdAnbxPvU6rCVk1gZs7ykU0dWq9W38+Fy3AQNhG2Qh4eH0dbVtz+tDloKWV5y0NL3+6a0+hHmSNi2dHd3N/o6/yVqJycnX9NaWnLc6o+uYgZrwral19fXnYetjFoKWnrMQcvxqt+TXyujJ3TMlbBt4ebmZifr7ZvW8qSWrmA4PT3t/Gy9/60MGrBYrC4uLqbehh/j+vp6b9NaClpaygmsfD1PcPnjaTm1mdKYu9X9/f3U2/BjXF5e7mS9OWw5aOVBgjyZ5ekth6ze3wb84aPoBBe2l/qu/0z/Tg5dHbFyX1tS7lsTOVhzh0IgHGHbwtXVVedk2TGW+gTc8uv6qoP6Mqvkb9eOwpytmqaZeht+lHT6xb5O9SiXTbEDutyP7QBO+9h0ukcKaTrdIy9nZ2e/n+fX6vDVEx3MjbANdHt7u9cTdOuYpcf8Wg5bOcUJG3PmqOhA5+fne7+kqgxZGbN6P5uoMXcmtokviN/2Ivh6n1u9703YQNhG8fj4uLfbFuXQlfdmq4+a1uuFuRG2iW88OfRGk31HR01rsCZsB3Sr8KG3Bhc16BK2A/oDL3WY+ia4vgMFogZdwnaAtxHfFLjy6/p5+R6YM2E70D+o3BervqlM1OA7YTvwO4fUseqLl6BBl7AB4bi7BxCOsAHhCBsQjrAB4QgbEI6wAeEIGxCOsAHhCBsQjrAB4QgbEI6wAeEIGxCOsAHhCBsQjrABi2h+ASl0NkFWMNjMAAAAAElFTkSuQmCC""}}]}, {""role"": ""assistant"", ""content"": ""0.20""}, {""role"": ""user"", ""content"": [{""type"": ""text"", ""text"": ""\nConsider the image provided.\n\nFinal Answer:\n""}, {""type"": ""image_url"", ""image_url"": {""url"": ""data:image/png;base64,iVBORw0KGgoAAAANSUhEUgAAATYAAABcCAYAAADkpJkhAAADwElEQVR4nO3dsU7jSgCG0QAGCl4ovA8S4tmo6SmR6Klp6WigQIJczUpzNTvXF+0G24E/50hWkg3xpvo0sT3jg81ms1kBBDnc9RcAmJqwAXGEDYgjbEAcYQPiCBsQR9iAOMIGxBE2II6wAXGEDYgjbEAcYQPiCBsQR9iAOMIGxBE2II6wAXGEDYgjbEAcYQPiCBsQR9iAOMIGxBE2II6wAXEO1uv1ZtdfAmBKB6vVStiAKH6KAnGEDYgjbECcYb1e7/o7AEzqYLPZOHkARPFTFIgjbEAcYQPiCBsQR9iAOMIGxBE2II6wAXGEDYgjbECcYfWDfHx8bP3Zw0MNh33xLeeKLvmVDg7KWptAkuGnjca2CZF4wX7Z6Yjt/f19kv304RoLmbjB/thJ2N7e3ibZTxur+rx//Ow5kGnRn6Kvr6+T7WssZHVrX/d/XzoubpBtsbA9Pz/PHrSylbOf/b/1nwWyLRK2p6enyfbVj8rakJXndWvfay/1KK+N2iDbrGF7fHycZD/9qKsfofXb0dHRr8cSsBo1cYP9MfyEY2p92NqRWBuzupVLR4Zh+M/1cDVuggbZZgvb/f39ZPsaO57WB62ErG41aOXfx0Zp/SOQZZaw3d7eTr7PP4na8fHxr9Fa2Wrc+p+uYgb5Zgnby8vL7GFro1aCVh5r0Gq8+s/U99roCR3kmTxs19fXqzmMjdbqSK3MYDg5Ofntb/vjb23QgGzD+fn5pDu8urpaLTVaK0ErWzsCa9+vI7j687QdtRmlQa7h7u5u0h1eXFys5lDDVoPWniSoI7M6eqsh64+3Afth+K4T21tj8z/L/1ND10esPdZWtMfWRA7yWX0RiDN52C4vL3+7WHaKrb8At33dzzrop1kV/zd3FMg0rNfryXdaLr9Y6lKPdvssdsD+mG09tqkv+/jsco8S0nK5R91OT0//fV7f68PXj+iAHLMuNHlzc7PoBbp9zMpjfa+GrR3FCRtkmnUS/NnZ2eJTqtqQtTHrj7OJGuRaZGnwr06I/9tJ8P0xt/7Ym7BBtsXuefDw8LDYskU1dO3abP1Z036/QI5Fb+ay7cKT2y40OXZ21GgN8u3kLlVfWSp826XBRQ32x07vK7rNDV76MI2N4MZOFIga7I+dhu0ry4h/Frj2df+8/QyQ6duEbZsbKo/FamxUJmqwX75l2P525ZA+VmPxEjTYHz8qbAB/wrJFQBxhA+IIGxBH2IA4wgbEETYgjrABcYQNiCNsQBxhA+IIGxBH2IA4wgbEETYgjrABcYQNWKX5B1S3NkEoUplJAAAAAElFTkSuQmCC""}}]}, {""role"": ""assistant"", ""content"": ""0.10""}, {""role"": ""user"", ""content"": [{""type"": ""text"", ""text"": ""\nConsider the image provided.\n\nFinal Answer:\n""}, {""type"": ""image_url"", ""image_url"": {""url"": ""data:image/png;base64,iVBORw0KGgoAAAANSUhEUgAAATYAAABcCAYAAADkpJkhAAADwElEQVR4nO3dsU7jSgCG0QAGCl4ovA8S4tmo6SmR6Klp6WigQIJczUpzNTvXF+0G24E/50hWkg3xpvo0sT3jg81ms1kBBDnc9RcAmJqwAXGEDYgjbEAcYQPiCBsQR9iAOMIGxBE2II6wAXGEDYgjbEAcYQPiCBsQR9iAOMIGxBE2II6wAXGEDYgjbEAcYQPiCBsQR9iAOMIGxBE2II6wAXEO1uv1ZtdfAmBKB6vVStiAKH6KAnGEDYgjbECcYb1e7/o7AEzqYLPZOHkARPFTFIgjbEAcYQPiCBsQR9iAOMIGxBE2II6wAXGEDYgjbECcYfWDfHx8bP3Zw0MNh33xLeeKLvmVDg7KWptAkuGnjca2CZF4wX7Z6Yjt/f19kv304RoLmbjB/thJ2N7e3ibZTxur+rx//Ow5kGnRn6Kvr6+T7WssZHVrX/d/XzoubpBtsbA9Pz/PHrSylbOf/b/1nwWyLRK2p6enyfbVj8rakJXndWvfay/1KK+N2iDbrGF7fHycZD/9qKsfofXb0dHRr8cSsBo1cYP9MfyEY2p92NqRWBuzupVLR4Zh+M/1cDVuggbZZgvb/f39ZPsaO57WB62ErG41aOXfx0Zp/SOQZZaw3d7eTr7PP4na8fHxr9Fa2Wrc+p+uYgb5Zgnby8vL7GFro1aCVh5r0Gq8+s/U99roCR3kmTxs19fXqzmMjdbqSK3MYDg5Ofntb/vjb23QgGzD+fn5pDu8urpaLTVaK0ErWzsCa9+vI7j687QdtRmlQa7h7u5u0h1eXFys5lDDVoPWniSoI7M6eqsh64+3Afth+K4T21tj8z/L/1ND10esPdZWtMfWRA7yWX0RiDN52C4vL3+7WHaKrb8At33dzzrop1kV/zd3FMg0rNfryXdaLr9Y6lKPdvssdsD+mG09tqkv+/jsco8S0nK5R91OT0//fV7f68PXj+iAHLMuNHlzc7PoBbp9zMpjfa+GrR3FCRtkmnUS/NnZ2eJTqtqQtTHrj7OJGuRaZGnwr06I/9tJ8P0xt/7Ym7BBtsXuefDw8LDYskU1dO3abP1Z036/QI5Fb+ay7cKT2y40OXZ21GgN8u3kLlVfWSp826XBRQ32x07vK7rNDV76MI2N4MZOFIga7I+dhu0ry4h/Frj2df+8/QyQ6duEbZsbKo/FamxUJmqwX75l2P525ZA+VmPxEjTYHz8qbAB/wrJFQBxhA+IIGxBH2IA4wgbEETYgjrABcYQNiCNsQBxhA+IIGxBH2IA4wgbEETYgjrABcYQNWKX5B1S3NkEoUplJAAAAAElFTkSuQmCC""}}]}, {""role"": ""assistant"", ""content"": ""0.10""}, {""role"": ""user"", ""content"": [{""type"": ""text"", ""text"": ""\nConsider the image provided.\n\nFinal Answer:\n""}, {""type"": ""image_url"", ""image_url"": {""url"": ""data:image/png;base64,iVBORw0KGgoAAAANSUhEUgAAATYAAABcCAYAAADkpJkhAAADqklEQVR4nO3dvU7jQBSAUQcMFLyQeR8kxLNR01Mi0VPT0tFAgQRZDdKshllv2NgTZ3VzjmQlIYREFJ/GPzNZrdfrdQcQyNG+PwBAa8IGhCNsQDjCBoQjbEA4wgaEI2xAOMIGhCNsQDjCBoQjbEA4wgaEI2xAOMIGhCNsQDjCBoQjbEA4wgaEI2xAOMIGhCNsQDjCBoQjbEA4wgaEI2xAOMIGhLMahmG97w8B0NKq6zphA0KxKwqEI2xAOMIGhNMPw7DvzwDQ1Gq9Xjt5AIRiVxQIR9iAcIQNCEfYgHCEDQhH2IBwhA0IR9iAcIQNCEfYgHD6fb755+fn5NceHWkysMe5oktOR12t0tqZwCHr9z0amxIi8QIWG7F9fHw0+Tt1uMZCJm7ATsP2/v7e5sMUscr369tN9wFm74q+vb01+y+OhSxv5eP691OXxQ1oEraXl5du10FLWzr7Wf+sfi3A7LA9Pz93rdSjsjJk6X7eyufKSz3SY6M2YHLYnp6euhbqUVc9Qqu34+Pjr9sUsBw1cQOahK3VMbU6bOVIrIxZ3tKlI33f/3E9XI6boAGTwvbw8NC1MnY8rQ5aClnectDSz8dGafUtcNj+KWx3d3fN3/hfonZycvI1Wktbjlu96ypmwKSwvb6+drsOWxm1FLR0m4OW41W/Jj9XRk/ogB/DdnNzs5M3Hhut5ZFamsFwenr67Xfr429l0ABK/cXFRbfJ9fV1t9RoLQUtbeUIrHw+j+Dy7mk5ajNKA7L+/v6+2+Ty8rLbhRy2HLTyJEEemeXRWw5ZfbwNYNKuaKuJ7aWx+Z/pfXLo6oiVx9qS8tiayAE1qzUChxe2q6urbxfLttjqC3DLx/Wsg3qaVfK3uaMAST8Mw4//iXT5xVKXepTbptgBzF6PrfVlH5su90ghTZd75O3s7Oz3/fxcHb56RAccrq0Wmry9vV30At06Zuk2P5fDVo7ihA3YehL8+fn54lOqypCVMauPs4kaMGtp8LkT4redBF8fc6uPvQkb0OQ7Dx4fHxdbtiiHrlybrT5rWv9d4HDN+jKXqQtPTl1ocuzsqNEasJNvqZqzVPjUpcFFDVjke0WnfMFLHaaxEdzYiQJRAxYJ25xlxDcFrnxc3y9fA7DTsE35QuWxWI2NykQN2HvYtl05pI7VWLwEDfgvwwawC5YtAsIRNiAcYQPCETYgHGEDwhE2IBxhA8IRNiAcYQPCETYgHGEDwhE2IBxhA8IRNiAcYQPCETagi+YXGFo2QVpGsFsAAAAASUVORK5CYII=""}}]}, {""role"": ""assistant"", ""content"": ""0.05""}, {""role"": ""user"", ""content"": [{""type"": ""text"", ""text"": ""\nConsider the image provided.\n\nFinal Answer:\n""}, {""type"": ""image_url"", ""image_url"": {""url"": ""data:image/png;base64,iVBORw0KGgoAAAANSUhEUgAAATYAAABcCAYAAADkpJkhAAADyUlEQVR4nO3dvU7jQBSA0QQCFLyQeR8kxLNR01Mi0VPT0tFAgQRZDdKshllvlmQdj31zjmQlIcREQvq48R/L9Xq9XgAEctT6DQAMTdiAcIQNCEfYgHCEDQhH2IBwhA0IR9iAcIQNCEfYgHCEDQhH2IBwhA0IR9iAcIQNCEfYgHCEDQhH2IBwhA0IR9iAcIQNCEfYgHCEDQhH2IBwhA0IR9iAcJZd161bvwmAIS0Xi4WwAaH4KAqEI2xAOMIGhLPquq71ewAY1HK9Xtt5AITioygQjrAB4QgbEI6wAeEIGxCOsAHhCBsQjrAB4QgbEI6wAeGsWr8BpuPz83Pn1x4d+RvJdDhX9ACN+StfLtO1TGFcJrYD8dNpbJcQiRdTY2IL7OPjY5D11OHqC5m4MSXCFtD7+/sg6yljle/Xt5vuQys+igby9vY22Lr6QpaX8nH9/envpLjRmrAF8fLysvegpSXt/ay/Vr8WWhO2AJ6fnwdbVz2VlSFL9/NSPlce6pEem9poTdhm7OnpaZD11FNXPaHVy/Hx8ddtCliOmrgxJcI2Y0NtU6vDVk5iZczykg4dWa1WfxwPl+MmaLQmbDP18PAw2Lr6tqfVQUshy0sOWvp635RW38LYhG2G7u7uBl/nT6J2cnLyNa2lJcet/ugqZkyBsM3Q6+vr3sNWRi0FLd3moOV41a/Jz5XREzpaELaZubm52ct6+6a1PKmlMxhOT0+/fW+9/a0MGrS2uri4aP0e2ML19fVo01oKWlrKCax8Pk9w+eNpObWZ0mhpdX9/3/QNsJ3Ly8u9rDeHLQet3EmQJ7M8veWQ1dvbYCp8FD3QE9tLfed/pp+TQ1dHrNzWlpTb1kSOKXB1QCAcYZuZq6urbwfLDrHUB+CWj+uzDurTrJK/nTsKray6rmv2w9lNOvxirEM9ymVT7GBKXI9tpoY+7GPT4R4ppOlwj7ycnZ39vp+fq8NXT3QwJmGbsdvb21EP0K1jlm7zczls5RQnbLRir+iMnZ+fj35KVRmyMmb1djZRoyUTWwD/e0L8tifB19vc6m1vwkZrwhbE4+PjaJctyqErr81W7zWt1wtjErZAdr3w5K4XmuzbO2paYwqELaD/uVT4rpcGFzWmRNgC2+UfvNRh6pvg+nYUiBpTImwHYtvLiG8KXPm4vl++BloRtgP003+o3BervqlM1JgaYeOfVw6pY9UXL0FjSoQNCMfVPYBwhA0IR9iAcIQNCEfYgHCEDQhH2IBwhA0IR9iAcIQNCEfYgHCEDQhH2IBwhA0IR9iAcIQNWETzCw9/NkFh7GVNAAAAAElFTkSuQmCC""}}]}]",0.25
openai/gpt-4o-2024-08-06,sample_009,0.3404,0.3404,0.3404,0.2,"[{""role"": ""system"", ""content"": ""You are a lines length ratio estimator.\n        You are given an image of two lines.\n\n        Estimate the ratio of the shorter line to the longer line as a decimal number between 0 and 1.\n\n        Do not explain or reason. Only output the final answer as a number after Final Answer:\n""}, {""role"": ""user"", ""content"": [{""type"": ""text"", ""text"": ""\nConsider the image provided.\n\nFinal Answer:\n""}, {""type"": ""image_url"", ""image_url"": {""url"": ""data:image/png;base64,iVBORw0KGgoAAAANSUhEUgAAATYAAABcCAYAAADkpJkhAAADxklEQVR4nO3dv04iXRzHYVDUwhvC+zExXpu1vaWJvbWtnY0WJsrmbHI2Z887r9nFYWb58jzJBBAZsfn4Y/653Gw2mwVAkKO53wDA2IQNiCNsQBxhA+IIGxBH2IA4wgbEETYgjrABcYQNiCNsQBxhA+IIGxBH2IA4wgbEETYgjrABcYQNiCNsQBxhA+IIGxBH2IA4wgbEETYgjrABcYQNiLNcr9ebud8EwJiWi8VC2IAoPooCcYQNiCNsQJzVer2e+z0AjGq52WzsPACi+CgKxBE2II6wAXGEDYgjbEAcYQPiCBsQR9iAOMIGxBE2IM5q7jfwr/r8/Nz6tUdH/l7AnA7+XNEpf/3lslzXE9i1g5zY/nQa2yZE4gXzO5iJ7ePjY5T19OEaCpm4wbziw/b+/j7KetpY1fv97Vf3genEfhR9e3sbbV1DIatL+7j//vI3Q9xgepFhe3l52XnQylL2fvZf618LTC8ubM/Pz6Otq5/K2pCV+3Vpn2sP9SiPTW0wvZiwPT09jbKefurqJ7R+OT4+/nlbAlajJm4wr5iwjbVNrQ9bO4m1MatLOXRktVr953i4GjdBg+lFhO3h4WG0dQ1tT+uDVkJWlxq08vWhKa2/BXZv78N2d3c3+jr/JGonJyc/p7Wy1Lj1H13FDOax92F7fX3dedjaqJWgldsatBqv/jX1uTZ6QgfT2Ouw3dzc7GS9Q9NandTKGQynp6e/fW+//a0NGjC91cXFxWJfXV9fTzatlaCVpZ3A2ufrBFc/nrZTmykNprW6v79f7KvLy8udrLeGrQat3UlQJ7M6vdWQ9dvbgPns9UfRsU5sbw2d/1l+Tg1dH7F2W1vRblsTOZiHKyICcfY6bFdXV78dLDvG0h+A2z7uzzroT7Mq/u/cUWA6q/V6vdhn5fCLqQ71aJevYgfMK+J6bGMf9vHV4R4lpOVwj7qcnZ39ul+f68PXT3TAbkWErbi9vZ30AN0+ZuW2PlfD1k5xwgbT2eu9oq3z8/PJT6lqQ9bGrN/OJmowrZiJbawT4v/2JPh+m1u/7U3YYHpxYSseHx8nu2xRDV17bbZ+r2m/XmC3IsP2nQtPbnuhyaG9o6Y1mEds2Ma4VPi2lwYXNZhXfNi+8w9e+jANTXBDOwpEDeZ1MGH7zmXEvwpc+7i/374GmM5Bhm2bf6g8FKuhqUzUYH4HH7a/vXJIH6uheAkazEvYgDh7fXUPgCHCBsQRNiCOsAFxhA2II2xAHGED4ggbEEfYgDjCBsQRNiCOsAFxhA2II2xAHGED4ggbsEjzA5yMNkFpGj6SAAAAAElFTkSuQmCC""}}]}, {""role"": ""assistant"", ""content"": ""0.25""}, {""role"": ""user"", ""content"": [{""type"": ""text"", ""text"": ""\nConsider the image provided.\n\nFinal Answer:\n""}, {""type"": ""image_url"", ""image_url"": {""url"": ""data:image/png;base64,iVBORw0KGgoAAAANSUhEUgAAATYAAABcCAYAAADkpJkhAAADz0lEQVR4nO3du04bQRiAURuWi8QLLe9DwzvxBtT0lEj01LR0NFAggaNBmmgy2ZDEnlkn/54jrdbGeOIi+jx7Zb3ZbDYrgEAO9v0BAFoTNiAcYQPCETYgHGEDwhE2IBxhA8IRNiAcYQPCETYgHGEDwhE2IBxhA8IRNiAcYQPCETYgHGEDwhE2IBxhA8IRNiAcYQPCETYgHGEDwhE2IBxhA8IRNiCc9TiOm31/CICW1qvVStiAUGyKAuEIGxCOsAHhDOM47vszADS13mw2Dh4AodgUBcIRNiAcYQPCETYgHGEDwhE2IBxhA8IRNiAcYQPCETYgnGHfH4D/z8fHx9bvPTjwXUp/rhXll+b8r7Fep3ueQhtmbGw9G9smRgLGHMzYWL2/vzcbqw7XVMjEjd6EbcHe3t6ajVXGKj+u1189hpZsii7Q6+tr0/GmQpaX8nn9++k7VdzoQdgW5vn5eZagpSUdAa1/Vr8XehC2BXl6emo6Xj0rK0OWHuelfK083SM9N2ujB2FbgMfHx2Zj1bOueoZWL4eHh5/rFLAcNXGjN2FbgJb71OqwlTOxMmZ5SaePDMPw0zlxOW6CRg/CFtz9/X3T8ab2p9VBSyHLSw5a+vnULK1eQwvCFtjt7W2Xcf8kakdHR5+ztbTkuNWbrmJGL8IW2MvLyyxhK6OWgpbWOWg5XvV78mtl9ISOVoQtqOvr625jT83W8kwtXcVwfHz8w+/W+9/KoEEPw/n5eZeB2a/Ly8tZZ2spaGkpZ2Dl63kGlzdPy1mbWRqtDXd3d80HZf8uLi66jZ3DloNWHiTIM7M8e8shq/e3QU82RYNqeWF7aer6z/Rv5dDVESv3tSXlvjWRoxd3/QPCSV+7vjaDurq66r4pmjc78xHRdOAgLaenp6uTk5Pv67Tk1/KR0/z+fJJvHht2NYzjuPMg/JtSQOY81aNc8s/rS6yEizm4H1twPU77+Op0j3LWlpZ6ppbWdfjqi+lhV8K2ADc3N7OfoFvHLK3za1ObocJGS46KLsDZ2dleLqkqQ1bGrL4SQdRozYxtQVpcEP+3F8HX+9zqfW/CRg/CtjAPDw+z3rYoh668N1t9A8p6XNiVsC3QLjee3PZGk1NHR83W6EXYFmzXW4Vve2twUaM3YWPrP/BSh2lqBjd1oEDU6E3Y2Pk24l8FrnxePy7fAy0JG03+oPJUrKZmZaLGHISNpncOqWP1u+fQg7AB4bhtERCOsAHhCBsQjrAB4QgbEI6wAeEIGxCOsAHhCBsQjrAB4QgbEI6wAeEIGxCOsAHhCBsQjrABq2i+AV6ZN+f7P3/YAAAAAElFTkSuQmCC""}}]}, {""role"": ""assistant"", ""content"": ""0.20""}, {""role"": ""user"", ""content"": [{""type"": ""text"", ""text"": ""\nConsider the image provided.\n\nFinal Answer:\n""}, {""type"": ""image_url"", ""image_url"": {""url"": ""data:image/png;base64,iVBORw0KGgoAAAANSUhEUgAAATYAAABcCAYAAADkpJkhAAADx0lEQVR4nO3dvU7jSgCG4QTCj8QNhfuh4Z64A2p6SiR6alo6GiiQIEez0qzmzLHYPcjY8cfzSFYSQryWVnoz/hvWu91utwIIcjD3BgCMTdiAOMIGxBE2II6wAXGEDYgjbEAcYQPiCBsQR9iAOMIGxBE2II6wAXGEDYgjbEAcYQPiCBsQR9iAOMIGxBE2II6wAXGEDYgjbEAcYQPiCBsQR9iAOOvtdrubeyMAxrRerVbCBkSxKwrEETYgjrABcTbb7XbubQAY1Xq32zl5AESxKwrEETYgjrABcYQNiCNsQBxhA+IIGxBH2IA4wgbEETYgzmbuDWAcHx8fX/7swYHvN7K4V3RhpvzvWq/LPKSwPEZsYaOxr8RIwEhjxLan3t/fR1tXH66hkIkbSYRtz7y9vY22rjZW9Xn/+NlzWCq7onvi9fV11PUNhawu7ev+98v3nLixdMK2B56fnycJWlnKGdD+Z/1nYemEbWZPT0+jrq8flbUhK8/r0r7XXu5RXhu1sXTCNpPHx8fR1tWPuvoRWr8cHh7+eiwBq1ETN5IIW8AxtT5s7UisjVldyuUjm83mP9fE1bgJGksnbDO4v78fdX1Dx9P6oJWQ1aUGrfx8aJTWP8LSCNvEbm9vv2W9fxO1o6OjX6O1stS49buuYkYCYZvYy8vLJGFro1aCVh5r0Gq8+s/U99roCR1LJGwTur6+/rZ1D43W6kit3MVwfHz8r9/tj7+1QYOl25yfn8+9DT/G5eXlpKO1ErSytCOw9v06gqu7p+2ozSiNJdvc3d3NvQ0/xsXFxbetu4atBq09SVBHZnX0VkPWH2+DFHZFF3pje2vo/s/yb9XQ9RFrj7UV7bE1kSOBGQaBOOUr3lf0hK6urr59V7TudtYzouXEQVlOT09XJycnvx/LUt+rZ07r5+tFvnXdsCSb7XY79zb8KCUgU17q0S715/0tVsJFGvOxhVz28dnlHu2orSz9SK089uHrb6aHJRG2mdzc3Ex+gW4fs/JY3xvaDRU2lspZ0ZmcnZ3NcktVG7I2Zv2dCKLGkhmxBdwQ/39vgu+PufXH3oSNpRO2PfDw8DDptEU1dO3cbP0ElP16YUmELWDiya9ONDl0dtRojQTCFjZV+FenBhc1kghb2B946cM0NIIbOlEgaiQRttBpxD8LXPu6f95+BpZK2IL/oPJQrIZGZaJGGmH7ATOH9LH602tYOmED4pi2CIgjbEAcYQPiCBsQR9iAOMIGxBE2II6wAXGEDYgjbEAcYQPiCBsQR9iAOMIGxBE2II6wAas0/wBdpDfnoKPWyAAAAABJRU5ErkJggg==""}}]}, {""role"": ""assistant"", ""content"": ""0.15""}, {""role"": ""user"", ""content"": [{""type"": ""text"", ""text"": ""\nConsider the image provided.\n\nFinal Answer:\n""}, {""type"": ""image_url"", ""image_url"": {""url"": ""data:image/png;base64,iVBORw0KGgoAAAANSUhEUgAAATYAAABcCAYAAADkpJkhAAADt0lEQVR4nO3dvU7jQBSA0QQCFLyQeR8kxLNR01Mi0VPT0tFAgQReDdHsjgdvtPE6cbg+R7ISCPFaW3zc+I9l27btAiCQo6k3AGBswgaEI2xAOMIGhCNsQDjCBoQjbEA4wgaEI2xAOMIGhCNsQDjCBoQjbEA4wgaEI2xAOMIGhCNsQDjCBoQjbEA4wgaEI2xAOMIGhCNsQDjCBoQjbEA4wgaEs2yapp16IwDGtFwsFsIGhOKjKBCOsAHhCBsQzqppmqm3AWBUy7ZtHTwAQvFRFAhH2IBwhA0IR9iAcIQNCEfYgHCEDQhH2IBwhA0IR9iAcFZTbwBrn5+fg997dOT3E5RcK7pn+/zvXi7TfURhfkxsBzSNDQmReMF3JrYd+fj4GGU9dbj6QiZu0CVsI3t/fx9lPWWs8vP6cdNzmDMfRUfy9vY22rr6QpaX8uv659PvKHEDYRvFy8vLzoOWlnT0s/5e/V5A2P7b8/PzaOuqp7IyZOl5XsrXylM90temNhC2wZ6enkZZTz111RNavRwfH389poDlqIkbdAnbxPvU6rCVk1gZs7ykU0dWq9W38+Fy3AQNhG2Qh4eH0dbVtz+tDloKWV5y0NL3+6a0+hHmSNi2dHd3N/o6/yVqJycnX9NaWnLc6o+uYgZrwral19fXnYetjFoKWnrMQcvxqt+TXyujJ3TMlbBt4ebmZifr7ZvW8qSWrmA4PT3t/Gy9/60MGrBYrC4uLqbehh/j+vp6b9NaClpaygmsfD1PcPnjaTm1mdKYu9X9/f3U2/BjXF5e7mS9OWw5aOVBgjyZ5ekth6ze3wb84aPoBBe2l/qu/0z/Tg5dHbFyX1tS7lsTOVhzh0IgHGHbwtXVVedk2TGW+gTc8uv6qoP6Mqvkb9eOwpytmqaZeht+lHT6xb5O9SiXTbEDutyP7QBO+9h0ukcKaTrdIy9nZ2e/n+fX6vDVEx3MjbANdHt7u9cTdOuYpcf8Wg5bOcUJG3PmqOhA5+fne7+kqgxZGbN6P5uoMXcmtokviN/2Ivh6n1u9703YQNhG8fj4uLfbFuXQlfdmq4+a1uuFuRG2iW88OfRGk31HR01rsCZsB3Sr8KG3Bhc16BK2A/oDL3WY+ia4vgMFogZdwnaAtxHfFLjy6/p5+R6YM2E70D+o3BervqlM1OA7YTvwO4fUseqLl6BBl7AB4bi7BxCOsAHhCBsQjrAB4QgbEI6wAeEIGxCOsAHhCBsQjrAB4QgbEI6wAeEIGxCOsAHhCBsQjrABi2h+ASl0NkFWMNjMAAAAAElFTkSuQmCC""}}]}, {""role"": ""assistant"", ""content"": ""0.20""}, {""role"": ""user"", ""content"": [{""type"": ""text"", ""text"": ""\nConsider the image provided.\n\nFinal Answer:\n""}, {""type"": ""image_url"", ""image_url"": {""url"": ""data:image/png;base64,iVBORw0KGgoAAAANSUhEUgAAATYAAABcCAYAAADkpJkhAAADwElEQVR4nO3dsU7jSgCG0QAGCl4ovA8S4tmo6SmR6Klp6WigQIJczUpzNTvXF+0G24E/50hWkg3xpvo0sT3jg81ms1kBBDnc9RcAmJqwAXGEDYgjbEAcYQPiCBsQR9iAOMIGxBE2II6wAXGEDYgjbEAcYQPiCBsQR9iAOMIGxBE2II6wAXGEDYgjbEAcYQPiCBsQR9iAOMIGxBE2II6wAXEO1uv1ZtdfAmBKB6vVStiAKH6KAnGEDYgjbECcYb1e7/o7AEzqYLPZOHkARPFTFIgjbEAcYQPiCBsQR9iAOMIGxBE2II6wAXGEDYgjbECcYfWDfHx8bP3Zw0MNh33xLeeKLvmVDg7KWptAkuGnjca2CZF4wX7Z6Yjt/f19kv304RoLmbjB/thJ2N7e3ibZTxur+rx//Ow5kGnRn6Kvr6+T7WssZHVrX/d/XzoubpBtsbA9Pz/PHrSylbOf/b/1nwWyLRK2p6enyfbVj8rakJXndWvfay/1KK+N2iDbrGF7fHycZD/9qKsfofXb0dHRr8cSsBo1cYP9MfyEY2p92NqRWBuzupVLR4Zh+M/1cDVuggbZZgvb/f39ZPsaO57WB62ErG41aOXfx0Zp/SOQZZaw3d7eTr7PP4na8fHxr9Fa2Wrc+p+uYgb5Zgnby8vL7GFro1aCVh5r0Gq8+s/U99roCR3kmTxs19fXqzmMjdbqSK3MYDg5Ofntb/vjb23QgGzD+fn5pDu8urpaLTVaK0ErWzsCa9+vI7j687QdtRmlQa7h7u5u0h1eXFys5lDDVoPWniSoI7M6eqsh64+3Afth+K4T21tj8z/L/1ND10esPdZWtMfWRA7yWX0RiDN52C4vL3+7WHaKrb8At33dzzrop1kV/zd3FMg0rNfryXdaLr9Y6lKPdvssdsD+mG09tqkv+/jsco8S0nK5R91OT0//fV7f68PXj+iAHLMuNHlzc7PoBbp9zMpjfa+GrR3FCRtkmnUS/NnZ2eJTqtqQtTHrj7OJGuRaZGnwr06I/9tJ8P0xt/7Ym7BBtsXuefDw8LDYskU1dO3abP1Z036/QI5Fb+ay7cKT2y40OXZ21GgN8u3kLlVfWSp826XBRQ32x07vK7rNDV76MI2N4MZOFIga7I+dhu0ry4h/Frj2df+8/QyQ6duEbZsbKo/FamxUJmqwX75l2P525ZA+VmPxEjTYHz8qbAB/wrJFQBxhA+IIGxBH2IA4wgbEETYgjrABcYQNiCNsQBxhA+IIGxBH2IA4wgbEETYgjrABcYQNWKX5B1S3NkEoUplJAAAAAElFTkSuQmCC""}}]}, {""role"": ""assistant"", ""content"": ""0.10""}, {""role"": ""user"", ""content"": [{""type"": ""text"", ""text"": ""\nConsider the image provided.\n\nFinal Answer:\n""}, {""type"": ""image_url"", ""image_url"": {""url"": ""data:image/png;base64,iVBORw0KGgoAAAANSUhEUgAAATYAAABcCAYAAADkpJkhAAADwElEQVR4nO3dsU7jSgCG0QAGCl4ovA8S4tmo6SmR6Klp6WigQIJczUpzNTvXF+0G24E/50hWkg3xpvo0sT3jg81ms1kBBDnc9RcAmJqwAXGEDYgjbEAcYQPiCBsQR9iAOMIGxBE2II6wAXGEDYgjbEAcYQPiCBsQR9iAOMIGxBE2II6wAXGEDYgjbEAcYQPiCBsQR9iAOMIGxBE2II6wAXEO1uv1ZtdfAmBKB6vVStiAKH6KAnGEDYgjbECcYb1e7/o7AEzqYLPZOHkARPFTFIgjbEAcYQPiCBsQR9iAOMIGxBE2II6wAXGEDYgjbECcYfWDfHx8bP3Zw0MNh33xLeeKLvmVDg7KWptAkuGnjca2CZF4wX7Z6Yjt/f19kv304RoLmbjB/thJ2N7e3ibZTxur+rx//Ow5kGnRn6Kvr6+T7WssZHVrX/d/XzoubpBtsbA9Pz/PHrSylbOf/b/1nwWyLRK2p6enyfbVj8rakJXndWvfay/1KK+N2iDbrGF7fHycZD/9qKsfofXb0dHRr8cSsBo1cYP9MfyEY2p92NqRWBuzupVLR4Zh+M/1cDVuggbZZgvb/f39ZPsaO57WB62ErG41aOXfx0Zp/SOQZZaw3d7eTr7PP4na8fHxr9Fa2Wrc+p+uYgb5Zgnby8vL7GFro1aCVh5r0Gq8+s/U99roCR3kmTxs19fXqzmMjdbqSK3MYDg5Ofntb/vjb23QgGzD+fn5pDu8urpaLTVaK0ErWzsCa9+vI7j687QdtRmlQa7h7u5u0h1eXFys5lDDVoPWniSoI7M6eqsh64+3Afth+K4T21tj8z/L/1ND10esPdZWtMfWRA7yWX0RiDN52C4vL3+7WHaKrb8At33dzzrop1kV/zd3FMg0rNfryXdaLr9Y6lKPdvssdsD+mG09tqkv+/jsco8S0nK5R91OT0//fV7f68PXj+iAHLMuNHlzc7PoBbp9zMpjfa+GrR3FCRtkmnUS/NnZ2eJTqtqQtTHrj7OJGuRaZGnwr06I/9tJ8P0xt/7Ym7BBtsXuefDw8LDYskU1dO3abP1Z036/QI5Fb+ay7cKT2y40OXZ21GgN8u3kLlVfWSp826XBRQ32x07vK7rNDV76MI2N4MZOFIga7I+dhu0ry4h/Frj2df+8/QyQ6duEbZsbKo/FamxUJmqwX75l2P525ZA+VmPxEjTYHz8qbAB/wrJFQBxhA+IIGxBH2IA4wgbEETYgjrABcYQNiCNsQBxhA+IIGxBH2IA4wgbEETYgjrABcYQNWKX5B1S3NkEoUplJAAAAAElFTkSuQmCC""}}]}, {""role"": ""assistant"", ""content"": ""0.10""}, {""role"": ""user"", ""content"": [{""type"": ""text"", ""text"": ""\nConsider the image provided.\n\nFinal Answer:\n""}, {""type"": ""image_url"", ""image_url"": {""url"": ""data:image/png;base64,iVBORw0KGgoAAAANSUhEUgAAATYAAABcCAYAAADkpJkhAAADqklEQVR4nO3dvU7jQBSAUQcMFLyQeR8kxLNR01Mi0VPT0tFAgQRZDdKshllv2NgTZ3VzjmQlIYREFJ/GPzNZrdfrdQcQyNG+PwBAa8IGhCNsQDjCBoQjbEA4wgaEI2xAOMIGhCNsQDjCBoQjbEA4wgaEI2xAOMIGhCNsQDjCBoQjbEA4wgaEI2xAOMIGhCNsQDjCBoQjbEA4wgaEI2xAOMIGhLMahmG97w8B0NKq6zphA0KxKwqEI2xAOMIGhNMPw7DvzwDQ1Gq9Xjt5AIRiVxQIR9iAcIQNCEfYgHCEDQhH2IBwhA0IR9iAcIQNCEfYgHD6fb755+fn5NceHWkysMe5oktOR12t0tqZwCHr9z0amxIi8QIWG7F9fHw0+Tt1uMZCJm7ATsP2/v7e5sMUscr369tN9wFm74q+vb01+y+OhSxv5eP691OXxQ1oEraXl5du10FLWzr7Wf+sfi3A7LA9Pz93rdSjsjJk6X7eyufKSz3SY6M2YHLYnp6euhbqUVc9Qqu34+Pjr9sUsBw1cQOahK3VMbU6bOVIrIxZ3tKlI33f/3E9XI6boAGTwvbw8NC1MnY8rQ5aClnectDSz8dGafUtcNj+KWx3d3fN3/hfonZycvI1Wktbjlu96ypmwKSwvb6+drsOWxm1FLR0m4OW41W/Jj9XRk/ogB/DdnNzs5M3Hhut5ZFamsFwenr67Xfr429l0ABK/cXFRbfJ9fV1t9RoLQUtbeUIrHw+j+Dy7mk5ajNKA7L+/v6+2+Ty8rLbhRy2HLTyJEEemeXRWw5ZfbwNYNKuaKuJ7aWx+Z/pfXLo6oiVx9qS8tiayAE1qzUChxe2q6urbxfLttjqC3DLx/Wsg3qaVfK3uaMAST8Mw4//iXT5xVKXepTbptgBzF6PrfVlH5su90ghTZd75O3s7Oz3/fxcHb56RAccrq0Wmry9vV30At06Zuk2P5fDVo7ihA3YehL8+fn54lOqypCVMauPs4kaMGtp8LkT4redBF8fc6uPvQkb0OQ7Dx4fHxdbtiiHrlybrT5rWv9d4HDN+jKXqQtPTl1ocuzsqNEasJNvqZqzVPjUpcFFDVjke0WnfMFLHaaxEdzYiQJRAxYJ25xlxDcFrnxc3y9fA7DTsE35QuWxWI2NykQN2HvYtl05pI7VWLwEDfgvwwawC5YtAsIRNiAcYQPCETYgHGEDwhE2IBxhA8IRNiAcYQPCETYgHGEDwhE2IBxhA8IRNiAcYQPCETagi+YXGFo2QVpGsFsAAAAASUVORK5CYII=""}}]}, {""role"": ""assistant"", ""content"": ""0.05""}, {""role"": ""user"", ""content"": [{""type"": ""text"", ""text"": ""\nConsider the image provided.\n\nFinal Answer:\n""}, {""type"": ""image_url"", ""image_url"": {""url"": ""data:image/png;base64,iVBORw0KGgoAAAANSUhEUgAAATYAAABcCAYAAADkpJkhAAADyUlEQVR4nO3dvU7jQBSA0QQCFLyQeR8kxLNR01Mi0VPT0tFAgQRZDdKshllvlmQdj31zjmQlIcREQvq48R/L9Xq9XgAEctT6DQAMTdiAcIQNCEfYgHCEDQhH2IBwhA0IR9iAcIQNCEfYgHCEDQhH2IBwhA0IR9iAcIQNCEfYgHCEDQhH2IBwhA0IR9iAcIQNCEfYgHCEDQhH2IBwhA0IR9iAcJZd161bvwmAIS0Xi4WwAaH4KAqEI2xAOMIGhLPquq71ewAY1HK9Xtt5AITioygQjrAB4QgbEI6wAeEIGxCOsAHhCBsQjrAB4QgbEI6wAeGsWr8BpuPz83Pn1x4d+RvJdDhX9ACN+StfLtO1TGFcJrYD8dNpbJcQiRdTY2IL7OPjY5D11OHqC5m4MSXCFtD7+/sg6yljle/Xt5vuQys+igby9vY22Lr6QpaX8nH9/envpLjRmrAF8fLysvegpSXt/ay/Vr8WWhO2AJ6fnwdbVz2VlSFL9/NSPlce6pEem9poTdhm7OnpaZD11FNXPaHVy/Hx8ddtCliOmrgxJcI2Y0NtU6vDVk5iZczykg4dWa1WfxwPl+MmaLQmbDP18PAw2Lr6tqfVQUshy0sOWvp635RW38LYhG2G7u7uBl/nT6J2cnLyNa2lJcet/ugqZkyBsM3Q6+vr3sNWRi0FLd3moOV41a/Jz5XREzpaELaZubm52ct6+6a1PKmlMxhOT0+/fW+9/a0MGrS2uri4aP0e2ML19fVo01oKWlrKCax8Pk9w+eNpObWZ0mhpdX9/3/QNsJ3Ly8u9rDeHLQet3EmQJ7M8veWQ1dvbYCp8FD3QE9tLfed/pp+TQ1dHrNzWlpTb1kSOKXB1QCAcYZuZq6urbwfLDrHUB+CWj+uzDurTrJK/nTsKray6rmv2w9lNOvxirEM9ymVT7GBKXI9tpoY+7GPT4R4ppOlwj7ycnZ39vp+fq8NXT3QwJmGbsdvb21EP0K1jlm7zczls5RQnbLRir+iMnZ+fj35KVRmyMmb1djZRoyUTWwD/e0L8tifB19vc6m1vwkZrwhbE4+PjaJctyqErr81W7zWt1wtjErZAdr3w5K4XmuzbO2paYwqELaD/uVT4rpcGFzWmRNgC2+UfvNRh6pvg+nYUiBpTImwHYtvLiG8KXPm4vl++BloRtgP003+o3BervqlM1JgaYeOfVw6pY9UXL0FjSoQNCMfVPYBwhA0IR9iAcIQNCEfYgHCEDQhH2IBwhA0IR9iAcIQNCEfYgHCEDQhH2IBwhA0IR9iAcIQNWETzCw9/NkFh7GVNAAAAAElFTkSuQmCC""}}]}, {""role"": ""assistant"", ""content"": ""0.25""}, {""role"": ""user"", ""content"": [{""type"": ""text"", ""text"": ""\nConsider the image provided.\n\nFinal Answer:\n""}, {""type"": ""image_url"", ""image_url"": {""url"": ""data:image/png;base64,iVBORw0KGgoAAAANSUhEUgAAATYAAABcCAYAAADkpJkhAAADyElEQVR4nO3du07jQBiA0QTCReKFzPvQ8E68ATU9JRI9NS0dDRRIkNWAZjOZtdhN1onNP+dIVm7Ea23xMb4N8+VyuZwBBHIw9gYADE3YgHCEDQhH2IBwhA0IR9iAcIQNCEfYgHCEDQhH2IBwhA0IR9iAcIQNCEfYgHCEDQhH2IBwhA0IR9iAcIQNCEfYgHCEDQhH2IBwhA0IR9iAcIQNCEfYgHDmXdctx94IgCHNZ7OZsAGh2BUFwhE2IBxhA8JZdF039jYADGq+XC6dPABCsSsKhCNsQDjCBoQjbEA4wgaEI2xAOMIGhCNsQDjCBoQjbEA4i7E3gC8fHx9bf/fgwO8nKLlXdM/2+d89n6d5RKE9RmwTG41tEyMBg3VGbDvy/v4+2LrqcPWFTNxgRdgG9vb2Nti6yljl5/Xjd8+hVXZFB/L6+jro+vpClpfydf3z6feUuNE6YRvA8/PzXoKWlnQGtH6v/i60Ttj+09PT06Drq0dlZcjS87yUn5WXe6TXRm20Tti29Pj4ONi66lFXPUKrl8PDw8/HFLAcNXGDFWGbwDG1OmzlSKyMWV7S5SOLxeKPa+Jy3ASN1gnbFu7v7wddX9/xtDpoKWR5yUFL7/eN0upHaI2wbej29nYn6/2XqB0dHX2O1tKS41bvuooZCNvGXl5e9hK2MmopaOkxBy3Hq/5O/qyMntDRImHbwPX19c7W3TdayyO1dBfD8fHx2s/Wx9/KoEHrFufn52Nvw49xeXm519FaClpayhFY+XkeweXd03LUZpRGyxZ3d3djb8OPcXFxsbN157DloJUnCfLILI/ecsjq423AF7uiI93YXuq7/zP9Wzl0dcTKY21JeWxN5MAMukBAaYjgV/wGrq6udr4rmnc78xnRdOIgLaenp7OTk5Pfj2nJn+Uzp/n7+SLfvG5oyaLrurG34UdJAdnnpR7lkt+vb7ESLlhnPraJXPbx3eUe5agtLfVILT3W4atvpoeWCNuWbm5u9n6Bbh2z9Jg/69sNFTZa5azols7Ozka5paoMWRmz+k4EUaNlRmwTuCF+05vg62Nu9bE3YaN1wjaAh4eHvU5blENXzs1WT0BZrxdaImwTmHhy24km+86OGq2BsE1uqvBtpwYXNVgRton9gZc6TH0juL4TBaIGK8I20WnEvwtc+bp+Xn4HWiVsE/6Dyn2x6huViRqsE7YfMHNIHau/vYbWCRsQjmmLgHCEDQhH2IBwhA0IR9iAcIQNCEfYgHCEDQhH2IBwhA0IR9iAcIQNCEfYgHCEDQhH2IBwhA2YRfMLNyg35zXTJSIAAAAASUVORK5CYII=""}}]}]",0.20
openai/gpt-4o-2024-08-06,sample_010,0.3832,0.3832,0.3832,0.25,"[{""role"": ""system"", ""content"": ""You are a lines length ratio estimator.\n        You are given an image of two lines.\n\n        Estimate the ratio of the shorter line to the longer line as a decimal number between 0 and 1.\n\n        Do not explain or reason. Only output the final answer as a number after Final Answer:\n""}, {""role"": ""user"", ""content"": [{""type"": ""text"", ""text"": ""\nConsider the image provided.\n\nFinal Answer:\n""}, {""type"": ""image_url"", ""image_url"": {""url"": ""data:image/png;base64,iVBORw0KGgoAAAANSUhEUgAAATYAAABcCAYAAADkpJkhAAADxklEQVR4nO3dv04iXRzHYVDUwhvC+zExXpu1vaWJvbWtnY0WJsrmbHI2Z887r9nFYWb58jzJBBAZsfn4Y/653Gw2mwVAkKO53wDA2IQNiCNsQBxhA+IIGxBH2IA4wgbEETYgjrABcYQNiCNsQBxhA+IIGxBH2IA4wgbEETYgjrABcYQNiCNsQBxhA+IIGxBH2IA4wgbEETYgjrABcYQNiLNcr9ebud8EwJiWi8VC2IAoPooCcYQNiCNsQJzVer2e+z0AjGq52WzsPACi+CgKxBE2II6wAXGEDYgjbEAcYQPiCBsQR9iAOMIGxBE2IM5q7jfwr/r8/Nz6tUdH/l7AnA7+XNEpf/3lslzXE9i1g5zY/nQa2yZE4gXzO5iJ7ePjY5T19OEaCpm4wbziw/b+/j7KetpY1fv97Vf3genEfhR9e3sbbV1DIatL+7j//vI3Q9xgepFhe3l52XnQylL2fvZf618LTC8ubM/Pz6Otq5/K2pCV+3Vpn2sP9SiPTW0wvZiwPT09jbKefurqJ7R+OT4+/nlbAlajJm4wr5iwjbVNrQ9bO4m1MatLOXRktVr953i4GjdBg+lFhO3h4WG0dQ1tT+uDVkJWlxq08vWhKa2/BXZv78N2d3c3+jr/JGonJyc/p7Wy1Lj1H13FDOax92F7fX3dedjaqJWgldsatBqv/jX1uTZ6QgfT2Ouw3dzc7GS9Q9NandTKGQynp6e/fW+//a0NGjC91cXFxWJfXV9fTzatlaCVpZ3A2ufrBFc/nrZTmykNprW6v79f7KvLy8udrLeGrQat3UlQJ7M6vdWQ9dvbgPns9UfRsU5sbw2d/1l+Tg1dH7F2W1vRblsTOZiHKyICcfY6bFdXV78dLDvG0h+A2z7uzzroT7Mq/u/cUWA6q/V6vdhn5fCLqQ71aJevYgfMK+J6bGMf9vHV4R4lpOVwj7qcnZ39ul+f68PXT3TAbkWErbi9vZ30AN0+ZuW2PlfD1k5xwgbT2eu9oq3z8/PJT6lqQ9bGrN/OJmowrZiJbawT4v/2JPh+m1u/7U3YYHpxYSseHx8nu2xRDV17bbZ+r2m/XmC3IsP2nQtPbnuhyaG9o6Y1mEds2Ma4VPi2lwYXNZhXfNi+8w9e+jANTXBDOwpEDeZ1MGH7zmXEvwpc+7i/374GmM5Bhm2bf6g8FKuhqUzUYH4HH7a/vXJIH6uheAkazEvYgDh7fXUPgCHCBsQRNiCOsAFxhA2II2xAHGED4ggbEEfYgDjCBsQRNiCOsAFxhA2II2xAHGED4ggbsEjzA5yMNkFpGj6SAAAAAElFTkSuQmCC""}}]}, {""role"": ""assistant"", ""content"": ""0.25""}, {""role"": ""user"", ""content"": [{""type"": ""text"", ""text"": ""\nConsider the image provided.\n\nFinal Answer:\n""}, {""type"": ""image_url"", ""image_url"": {""url"": ""data:image/png;base64,iVBORw0KGgoAAAANSUhEUgAAATYAAABcCAYAAADkpJkhAAADz0lEQVR4nO3du04bQRiAURuWi8QLLe9DwzvxBtT0lEj01LR0NFAggaNBmmgy2ZDEnlkn/54jrdbGeOIi+jx7Zb3ZbDYrgEAO9v0BAFoTNiAcYQPCETYgHGEDwhE2IBxhA8IRNiAcYQPCETYgHGEDwhE2IBxhA8IRNiAcYQPCETYgHGEDwhE2IBxhA8IRNiAcYQPCETYgHGEDwhE2IBxhA8IRNiCc9TiOm31/CICW1qvVStiAUGyKAuEIGxCOsAHhDOM47vszADS13mw2Dh4AodgUBcIRNiAcYQPCETYgHGEDwhE2IBxhA8IRNiAcYQPCETYgnGHfH4D/z8fHx9bvPTjwXUp/rhXll+b8r7Fep3ueQhtmbGw9G9smRgLGHMzYWL2/vzcbqw7XVMjEjd6EbcHe3t6ajVXGKj+u1189hpZsii7Q6+tr0/GmQpaX8nn9++k7VdzoQdgW5vn5eZagpSUdAa1/Vr8XehC2BXl6emo6Xj0rK0OWHuelfK083SM9N2ujB2FbgMfHx2Zj1bOueoZWL4eHh5/rFLAcNXGjN2FbgJb71OqwlTOxMmZ5SaePDMPw0zlxOW6CRg/CFtz9/X3T8ab2p9VBSyHLSw5a+vnULK1eQwvCFtjt7W2Xcf8kakdHR5+ztbTkuNWbrmJGL8IW2MvLyyxhK6OWgpbWOWg5XvV78mtl9ISOVoQtqOvr625jT83W8kwtXcVwfHz8w+/W+9/KoEEPw/n5eZeB2a/Ly8tZZ2spaGkpZ2Dl63kGlzdPy1mbWRqtDXd3d80HZf8uLi66jZ3DloNWHiTIM7M8e8shq/e3QU82RYNqeWF7aer6z/Rv5dDVESv3tSXlvjWRoxd3/QPCSV+7vjaDurq66r4pmjc78xHRdOAgLaenp6uTk5Pv67Tk1/KR0/z+fJJvHht2NYzjuPMg/JtSQOY81aNc8s/rS6yEizm4H1twPU77+Op0j3LWlpZ6ppbWdfjqi+lhV8K2ADc3N7OfoFvHLK3za1ObocJGS46KLsDZ2dleLqkqQ1bGrL4SQdRozYxtQVpcEP+3F8HX+9zqfW/CRg/CtjAPDw+z3rYoh668N1t9A8p6XNiVsC3QLjee3PZGk1NHR83W6EXYFmzXW4Vve2twUaM3YWPrP/BSh2lqBjd1oEDU6E3Y2Pk24l8FrnxePy7fAy0JG03+oPJUrKZmZaLGHISNpncOqWP1u+fQg7AB4bhtERCOsAHhCBsQjrAB4QgbEI6wAeEIGxCOsAHhCBsQjrAB4QgbEI6wAeEIGxCOsAHhCBsQjrABq2i+AV6ZN+f7P3/YAAAAAElFTkSuQmCC""}}]}, {""role"": ""assistant"", ""content"": ""0.20""}, {""role"": ""user"", ""content"": [{""type"": ""text"", ""text"": ""\nConsider the image provided.\n\nFinal Answer:\n""}, {""type"": ""image_url"", ""image_url"": {""url"": ""data:image/png;base64,iVBORw0KGgoAAAANSUhEUgAAATYAAABcCAYAAADkpJkhAAADx0lEQVR4nO3dvU7jSgCG4QTCj8QNhfuh4Z64A2p6SiR6alo6GiiQIEez0qzmzLHYPcjY8cfzSFYSQryWVnoz/hvWu91utwIIcjD3BgCMTdiAOMIGxBE2II6wAXGEDYgjbEAcYQPiCBsQR9iAOMIGxBE2II6wAXGEDYgjbEAcYQPiCBsQR9iAOMIGxBE2II6wAXGEDYgjbEAcYQPiCBsQR9iAOOvtdrubeyMAxrRerVbCBkSxKwrEETYgjrABcTbb7XbubQAY1Xq32zl5AESxKwrEETYgjrABcYQNiCNsQBxhA+IIGxBH2IA4wgbEETYgzmbuDWAcHx8fX/7swYHvN7K4V3RhpvzvWq/LPKSwPEZsYaOxr8RIwEhjxLan3t/fR1tXH66hkIkbSYRtz7y9vY22rjZW9Xn/+NlzWCq7onvi9fV11PUNhawu7ev+98v3nLixdMK2B56fnycJWlnKGdD+Z/1nYemEbWZPT0+jrq8flbUhK8/r0r7XXu5RXhu1sXTCNpPHx8fR1tWPuvoRWr8cHh7+eiwBq1ETN5IIW8AxtT5s7UisjVldyuUjm83mP9fE1bgJGksnbDO4v78fdX1Dx9P6oJWQ1aUGrfx8aJTWP8LSCNvEbm9vv2W9fxO1o6OjX6O1stS49buuYkYCYZvYy8vLJGFro1aCVh5r0Gq8+s/U99roCR1LJGwTur6+/rZ1D43W6kit3MVwfHz8r9/tj7+1QYOl25yfn8+9DT/G5eXlpKO1ErSytCOw9v06gqu7p+2ozSiNJdvc3d3NvQ0/xsXFxbetu4atBq09SVBHZnX0VkPWH2+DFHZFF3pje2vo/s/yb9XQ9RFrj7UV7bE1kSOBGQaBOOUr3lf0hK6urr59V7TudtYzouXEQVlOT09XJycnvx/LUt+rZ07r5+tFvnXdsCSb7XY79zb8KCUgU17q0S715/0tVsJFGvOxhVz28dnlHu2orSz9SK089uHrb6aHJRG2mdzc3Ex+gW4fs/JY3xvaDRU2lspZ0ZmcnZ3NcktVG7I2Zv2dCKLGkhmxBdwQ/39vgu+PufXH3oSNpRO2PfDw8DDptEU1dO3cbP0ElP16YUmELWDiya9ONDl0dtRojQTCFjZV+FenBhc1kghb2B946cM0NIIbOlEgaiQRttBpxD8LXPu6f95+BpZK2IL/oPJQrIZGZaJGGmH7ATOH9LH602tYOmED4pi2CIgjbEAcYQPiCBsQR9iAOMIGxBE2II6wAXGEDYgjbEAcYQPiCBsQR9iAOMIGxBE2II6wAas0/wBdpDfnoKPWyAAAAABJRU5ErkJggg==""}}]}, {""role"": ""assistant"", ""content"": ""0.15""}, {""role"": ""user"", ""content"": [{""type"": ""text"", ""text"": ""\nConsider the image provided.\n\nFinal Answer:\n""}, {""type"": ""image_url"", ""image_url"": {""url"": ""data:image/png;base64,iVBORw0KGgoAAAANSUhEUgAAATYAAABcCAYAAADkpJkhAAADt0lEQVR4nO3dvU7jQBSA0QQCFLyQeR8kxLNR01Mi0VPT0tFAgQReDdHsjgdvtPE6cbg+R7ISCPFaW3zc+I9l27btAiCQo6k3AGBswgaEI2xAOMIGhCNsQDjCBoQjbEA4wgaEI2xAOMIGhCNsQDjCBoQjbEA4wgaEI2xAOMIGhCNsQDjCBoQjbEA4wgaEI2xAOMIGhCNsQDjCBoQjbEA4wgaEs2yapp16IwDGtFwsFsIGhOKjKBCOsAHhCBsQzqppmqm3AWBUy7ZtHTwAQvFRFAhH2IBwhA0IR9iAcIQNCEfYgHCEDQhH2IBwhA0IR9iAcFZTbwBrn5+fg997dOT3E5RcK7pn+/zvXi7TfURhfkxsBzSNDQmReMF3JrYd+fj4GGU9dbj6QiZu0CVsI3t/fx9lPWWs8vP6cdNzmDMfRUfy9vY22rr6QpaX8uv659PvKHEDYRvFy8vLzoOWlnT0s/5e/V5A2P7b8/PzaOuqp7IyZOl5XsrXylM90temNhC2wZ6enkZZTz111RNavRwfH389poDlqIkbdAnbxPvU6rCVk1gZs7ykU0dWq9W38+Fy3AQNhG2Qh4eH0dbVtz+tDloKWV5y0NL3+6a0+hHmSNi2dHd3N/o6/yVqJycnX9NaWnLc6o+uYgZrwral19fXnYetjFoKWnrMQcvxqt+TXyujJ3TMlbBt4ebmZifr7ZvW8qSWrmA4PT3t/Gy9/60MGrBYrC4uLqbehh/j+vp6b9NaClpaygmsfD1PcPnjaTm1mdKYu9X9/f3U2/BjXF5e7mS9OWw5aOVBgjyZ5ekth6ze3wb84aPoBBe2l/qu/0z/Tg5dHbFyX1tS7lsTOVhzh0IgHGHbwtXVVedk2TGW+gTc8uv6qoP6Mqvkb9eOwpytmqaZeht+lHT6xb5O9SiXTbEDutyP7QBO+9h0ukcKaTrdIy9nZ2e/n+fX6vDVEx3MjbANdHt7u9cTdOuYpcf8Wg5bOcUJG3PmqOhA5+fne7+kqgxZGbN6P5uoMXcmtokviN/2Ivh6n1u9703YQNhG8fj4uLfbFuXQlfdmq4+a1uuFuRG2iW88OfRGk31HR01rsCZsB3Sr8KG3Bhc16BK2A/oDL3WY+ia4vgMFogZdwnaAtxHfFLjy6/p5+R6YM2E70D+o3BervqlM1OA7YTvwO4fUseqLl6BBl7AB4bi7BxCOsAHhCBsQjrAB4QgbEI6wAeEIGxCOsAHhCBsQjrAB4QgbEI6wAeEIGxCOsAHhCBsQjrABi2h+ASl0NkFWMNjMAAAAAElFTkSuQmCC""}}]}, {""role"": ""assistant"", ""content"": ""0.20""}, {""role"": ""user"", ""content"": [{""type"": ""text"", ""text"": ""\nConsider the image provided.\n\nFinal Answer:\n""}, {""type"": ""image_url"", ""image_url"": {""url"": ""data:image/png;base64,iVBORw0KGgoAAAANSUhEUgAAATYAAABcCAYAAADkpJkhAAADwElEQVR4nO3dsU7jSgCG0QAGCl4ovA8S4tmo6SmR6Klp6WigQIJczUpzNTvXF+0G24E/50hWkg3xpvo0sT3jg81ms1kBBDnc9RcAmJqwAXGEDYgjbEAcYQPiCBsQR9iAOMIGxBE2II6wAXGEDYgjbEAcYQPiCBsQR9iAOMIGxBE2II6wAXGEDYgjbEAcYQPiCBsQR9iAOMIGxBE2II6wAXEO1uv1ZtdfAmBKB6vVStiAKH6KAnGEDYgjbECcYb1e7/o7AEzqYLPZOHkARPFTFIgjbEAcYQPiCBsQR9iAOMIGxBE2II6wAXGEDYgjbECcYfWDfHx8bP3Zw0MNh33xLeeKLvmVDg7KWptAkuGnjca2CZF4wX7Z6Yjt/f19kv304RoLmbjB/thJ2N7e3ibZTxur+rx//Ow5kGnRn6Kvr6+T7WssZHVrX/d/XzoubpBtsbA9Pz/PHrSylbOf/b/1nwWyLRK2p6enyfbVj8rakJXndWvfay/1KK+N2iDbrGF7fHycZD/9qKsfofXb0dHRr8cSsBo1cYP9MfyEY2p92NqRWBuzupVLR4Zh+M/1cDVuggbZZgvb/f39ZPsaO57WB62ErG41aOXfx0Zp/SOQZZaw3d7eTr7PP4na8fHxr9Fa2Wrc+p+uYgb5Zgnby8vL7GFro1aCVh5r0Gq8+s/U99roCR3kmTxs19fXqzmMjdbqSK3MYDg5Ofntb/vjb23QgGzD+fn5pDu8urpaLTVaK0ErWzsCa9+vI7j687QdtRmlQa7h7u5u0h1eXFys5lDDVoPWniSoI7M6eqsh64+3Afth+K4T21tj8z/L/1ND10esPdZWtMfWRA7yWX0RiDN52C4vL3+7WHaKrb8At33dzzrop1kV/zd3FMg0rNfryXdaLr9Y6lKPdvssdsD+mG09tqkv+/jsco8S0nK5R91OT0//fV7f68PXj+iAHLMuNHlzc7PoBbp9zMpjfa+GrR3FCRtkmnUS/NnZ2eJTqtqQtTHrj7OJGuRaZGnwr06I/9tJ8P0xt/7Ym7BBtsXuefDw8LDYskU1dO3abP1Z036/QI5Fb+ay7cKT2y40OXZ21GgN8u3kLlVfWSp826XBRQ32x07vK7rNDV76MI2N4MZOFIga7I+dhu0ry4h/Frj2df+8/QyQ6duEbZsbKo/FamxUJmqwX75l2P525ZA+VmPxEjTYHz8qbAB/wrJFQBxhA+IIGxBH2IA4wgbEETYgjrABcYQNiCNsQBxhA+IIGxBH2IA4wgbEETYgjrABcYQNWKX5B1S3NkEoUplJAAAAAElFTkSuQmCC""}}]}, {""role"": ""assistant"", ""content"": ""0.10""}, {""role"": ""user"", ""content"": [{""type"": ""text"", ""text"": ""\nConsider the image provided.\n\nFinal Answer:\n""}, {""type"": ""image_url"", ""image_url"": {""url"": ""data:image/png;base64,iVBORw0KGgoAAAANSUhEUgAAATYAAABcCAYAAADkpJkhAAADwElEQVR4nO3dsU7jSgCG0QAGCl4ovA8S4tmo6SmR6Klp6WigQIJczUpzNTvXF+0G24E/50hWkg3xpvo0sT3jg81ms1kBBDnc9RcAmJqwAXGEDYgjbEAcYQPiCBsQR9iAOMIGxBE2II6wAXGEDYgjbEAcYQPiCBsQR9iAOMIGxBE2II6wAXGEDYgjbEAcYQPiCBsQR9iAOMIGxBE2II6wAXEO1uv1ZtdfAmBKB6vVStiAKH6KAnGEDYgjbECcYb1e7/o7AEzqYLPZOHkARPFTFIgjbEAcYQPiCBsQR9iAOMIGxBE2II6wAXGEDYgjbECcYfWDfHx8bP3Zw0MNh33xLeeKLvmVDg7KWptAkuGnjca2CZF4wX7Z6Yjt/f19kv304RoLmbjB/thJ2N7e3ibZTxur+rx//Ow5kGnRn6Kvr6+T7WssZHVrX/d/XzoubpBtsbA9Pz/PHrSylbOf/b/1nwWyLRK2p6enyfbVj8rakJXndWvfay/1KK+N2iDbrGF7fHycZD/9qKsfofXb0dHRr8cSsBo1cYP9MfyEY2p92NqRWBuzupVLR4Zh+M/1cDVuggbZZgvb/f39ZPsaO57WB62ErG41aOXfx0Zp/SOQZZaw3d7eTr7PP4na8fHxr9Fa2Wrc+p+uYgb5Zgnby8vL7GFro1aCVh5r0Gq8+s/U99roCR3kmTxs19fXqzmMjdbqSK3MYDg5Ofntb/vjb23QgGzD+fn5pDu8urpaLTVaK0ErWzsCa9+vI7j687QdtRmlQa7h7u5u0h1eXFys5lDDVoPWniSoI7M6eqsh64+3Afth+K4T21tj8z/L/1ND10esPdZWtMfWRA7yWX0RiDN52C4vL3+7WHaKrb8At33dzzrop1kV/zd3FMg0rNfryXdaLr9Y6lKPdvssdsD+mG09tqkv+/jsco8S0nK5R91OT0//fV7f68PXj+iAHLMuNHlzc7PoBbp9zMpjfa+GrR3FCRtkmnUS/NnZ2eJTqtqQtTHrj7OJGuRaZGnwr06I/9tJ8P0xt/7Ym7BBtsXuefDw8LDYskU1dO3abP1Z036/QI5Fb+ay7cKT2y40OXZ21GgN8u3kLlVfWSp826XBRQ32x07vK7rNDV76MI2N4MZOFIga7I+dhu0ry4h/Frj2df+8/QyQ6duEbZsbKo/FamxUJmqwX75l2P525ZA+VmPxEjTYHz8qbAB/wrJFQBxhA+IIGxBH2IA4wgbEETYgjrABcYQNiCNsQBxhA+IIGxBH2IA4wgbEETYgjrABcYQNWKX5B1S3NkEoUplJAAAAAElFTkSuQmCC""}}]}, {""role"": ""assistant"", ""content"": ""0.10""}, {""role"": ""user"", ""content"": [{""type"": ""text"", ""text"": ""\nConsider the image provided.\n\nFinal Answer:\n""}, {""type"": ""image_url"", ""image_url"": {""url"": ""data:image/png;base64,iVBORw0KGgoAAAANSUhEUgAAATYAAABcCAYAAADkpJkhAAADqklEQVR4nO3dvU7jQBSAUQcMFLyQeR8kxLNR01Mi0VPT0tFAgQRZDdKshllv2NgTZ3VzjmQlIYREFJ/GPzNZrdfrdQcQyNG+PwBAa8IGhCNsQDjCBoQjbEA4wgaEI2xAOMIGhCNsQDjCBoQjbEA4wgaEI2xAOMIGhCNsQDjCBoQjbEA4wgaEI2xAOMIGhCNsQDjCBoQjbEA4wgaEI2xAOMIGhLMahmG97w8B0NKq6zphA0KxKwqEI2xAOMIGhNMPw7DvzwDQ1Gq9Xjt5AIRiVxQIR9iAcIQNCEfYgHCEDQhH2IBwhA0IR9iAcIQNCEfYgHD6fb755+fn5NceHWkysMe5oktOR12t0tqZwCHr9z0amxIi8QIWG7F9fHw0+Tt1uMZCJm7ATsP2/v7e5sMUscr369tN9wFm74q+vb01+y+OhSxv5eP691OXxQ1oEraXl5du10FLWzr7Wf+sfi3A7LA9Pz93rdSjsjJk6X7eyufKSz3SY6M2YHLYnp6euhbqUVc9Qqu34+Pjr9sUsBw1cQOahK3VMbU6bOVIrIxZ3tKlI33f/3E9XI6boAGTwvbw8NC1MnY8rQ5aClnectDSz8dGafUtcNj+KWx3d3fN3/hfonZycvI1Wktbjlu96ypmwKSwvb6+drsOWxm1FLR0m4OW41W/Jj9XRk/ogB/DdnNzs5M3Hhut5ZFamsFwenr67Xfr429l0ABK/cXFRbfJ9fV1t9RoLQUtbeUIrHw+j+Dy7mk5ajNKA7L+/v6+2+Ty8rLbhRy2HLTyJEEemeXRWw5ZfbwNYNKuaKuJ7aWx+Z/pfXLo6oiVx9qS8tiayAE1qzUChxe2q6urbxfLttjqC3DLx/Wsg3qaVfK3uaMAST8Mw4//iXT5xVKXepTbptgBzF6PrfVlH5su90ghTZd75O3s7Oz3/fxcHb56RAccrq0Wmry9vV30At06Zuk2P5fDVo7ihA3YehL8+fn54lOqypCVMauPs4kaMGtp8LkT4redBF8fc6uPvQkb0OQ7Dx4fHxdbtiiHrlybrT5rWv9d4HDN+jKXqQtPTl1ocuzsqNEasJNvqZqzVPjUpcFFDVjke0WnfMFLHaaxEdzYiQJRAxYJ25xlxDcFrnxc3y9fA7DTsE35QuWxWI2NykQN2HvYtl05pI7VWLwEDfgvwwawC5YtAsIRNiAcYQPCETYgHGEDwhE2IBxhA8IRNiAcYQPCETYgHGEDwhE2IBxhA8IRNiAcYQPCETagi+YXGFo2QVpGsFsAAAAASUVORK5CYII=""}}]}, {""role"": ""assistant"", ""content"": ""0.05""}, {""role"": ""user"", ""content"": [{""type"": ""text"", ""text"": ""\nConsider the image provided.\n\nFinal Answer:\n""}, {""type"": ""image_url"", ""image_url"": {""url"": ""data:image/png;base64,iVBORw0KGgoAAAANSUhEUgAAATYAAABcCAYAAADkpJkhAAADyUlEQVR4nO3dvU7jQBSA0QQCFLyQeR8kxLNR01Mi0VPT0tFAgQRZDdKshllvlmQdj31zjmQlIcREQvq48R/L9Xq9XgAEctT6DQAMTdiAcIQNCEfYgHCEDQhH2IBwhA0IR9iAcIQNCEfYgHCEDQhH2IBwhA0IR9iAcIQNCEfYgHCEDQhH2IBwhA0IR9iAcIQNCEfYgHCEDQhH2IBwhA0IR9iAcJZd161bvwmAIS0Xi4WwAaH4KAqEI2xAOMIGhLPquq71ewAY1HK9Xtt5AITioygQjrAB4QgbEI6wAeEIGxCOsAHhCBsQjrAB4QgbEI6wAeGsWr8BpuPz83Pn1x4d+RvJdDhX9ACN+StfLtO1TGFcJrYD8dNpbJcQiRdTY2IL7OPjY5D11OHqC5m4MSXCFtD7+/sg6yljle/Xt5vuQys+igby9vY22Lr6QpaX8nH9/envpLjRmrAF8fLysvegpSXt/ay/Vr8WWhO2AJ6fnwdbVz2VlSFL9/NSPlce6pEem9poTdhm7OnpaZD11FNXPaHVy/Hx8ddtCliOmrgxJcI2Y0NtU6vDVk5iZczykg4dWa1WfxwPl+MmaLQmbDP18PAw2Lr6tqfVQUshy0sOWvp635RW38LYhG2G7u7uBl/nT6J2cnLyNa2lJcet/ugqZkyBsM3Q6+vr3sNWRi0FLd3moOV41a/Jz5XREzpaELaZubm52ct6+6a1PKmlMxhOT0+/fW+9/a0MGrS2uri4aP0e2ML19fVo01oKWlrKCax8Pk9w+eNpObWZ0mhpdX9/3/QNsJ3Ly8u9rDeHLQet3EmQJ7M8veWQ1dvbYCp8FD3QE9tLfed/pp+TQ1dHrNzWlpTb1kSOKXB1QCAcYZuZq6urbwfLDrHUB+CWj+uzDurTrJK/nTsKray6rmv2w9lNOvxirEM9ymVT7GBKXI9tpoY+7GPT4R4ppOlwj7ycnZ39vp+fq8NXT3QwJmGbsdvb21EP0K1jlm7zczls5RQnbLRir+iMnZ+fj35KVRmyMmb1djZRoyUTWwD/e0L8tifB19vc6m1vwkZrwhbE4+PjaJctyqErr81W7zWt1wtjErZAdr3w5K4XmuzbO2paYwqELaD/uVT4rpcGFzWmRNgC2+UfvNRh6pvg+nYUiBpTImwHYtvLiG8KXPm4vl++BloRtgP003+o3BervqlM1JgaYeOfVw6pY9UXL0FjSoQNCMfVPYBwhA0IR9iAcIQNCEfYgHCEDQhH2IBwhA0IR9iAcIQNCEfYgHCEDQhH2IBwhA0IR9iAcIQNWETzCw9/NkFh7GVNAAAAAElFTkSuQmCC""}}]}, {""role"": ""assistant"", ""content"": ""0.25""}, {""role"": ""user"", ""content"": [{""type"": ""text"", ""text"": ""\nConsider the image provided.\n\nFinal Answer:\n""}, {""type"": ""image_url"", ""image_url"": {""url"": ""data:image/png;base64,iVBORw0KGgoAAAANSUhEUgAAATYAAABcCAYAAADkpJkhAAADyElEQVR4nO3du07jQBiA0QTCReKFzPvQ8E68ATU9JRI9NS0dDRRIkNWAZjOZtdhN1onNP+dIVm7Ea23xMb4N8+VyuZwBBHIw9gYADE3YgHCEDQhH2IBwhA0IR9iAcIQNCEfYgHCEDQhH2IBwhA0IR9iAcIQNCEfYgHCEDQhH2IBwhA0IR9iAcIQNCEfYgHCEDQhH2IBwhA0IR9iAcIQNCEfYgHDmXdctx94IgCHNZ7OZsAGh2BUFwhE2IBxhA8JZdF039jYADGq+XC6dPABCsSsKhCNsQDjCBoQjbEA4wgaEI2xAOMIGhCNsQDjCBoQjbEA4i7E3gC8fHx9bf/fgwO8nKLlXdM/2+d89n6d5RKE9RmwTG41tEyMBg3VGbDvy/v4+2LrqcPWFTNxgRdgG9vb2Nti6yljl5/Xjd8+hVXZFB/L6+jro+vpClpfydf3z6feUuNE6YRvA8/PzXoKWlnQGtH6v/i60Ttj+09PT06Drq0dlZcjS87yUn5WXe6TXRm20Tti29Pj4ONi66lFXPUKrl8PDw8/HFLAcNXGDFWGbwDG1OmzlSKyMWV7S5SOLxeKPa+Jy3ASN1gnbFu7v7wddX9/xtDpoKWR5yUFL7/eN0upHaI2wbej29nYn6/2XqB0dHX2O1tKS41bvuooZCNvGXl5e9hK2MmopaOkxBy3Hq/5O/qyMntDRImHbwPX19c7W3TdayyO1dBfD8fHx2s/Wx9/KoEHrFufn52Nvw49xeXm519FaClpayhFY+XkeweXd03LUZpRGyxZ3d3djb8OPcXFxsbN157DloJUnCfLILI/ecsjq423AF7uiI93YXuq7/zP9Wzl0dcTKY21JeWxN5MAMukBAaYjgV/wGrq6udr4rmnc78xnRdOIgLaenp7OTk5Pfj2nJn+Uzp/n7+SLfvG5oyaLrurG34UdJAdnnpR7lkt+vb7ESLlhnPraJXPbx3eUe5agtLfVILT3W4atvpoeWCNuWbm5u9n6Bbh2z9Jg/69sNFTZa5azols7Ozka5paoMWRmz+k4EUaNlRmwTuCF+05vg62Nu9bE3YaN1wjaAh4eHvU5blENXzs1WT0BZrxdaImwTmHhy24km+86OGq2BsE1uqvBtpwYXNVgRton9gZc6TH0juL4TBaIGK8I20WnEvwtc+bp+Xn4HWiVsE/6Dyn2x6huViRqsE7YfMHNIHau/vYbWCRsQjmmLgHCEDQhH2IBwhA0IR9iAcIQNCEfYgHCEDQhH2IBwhA0IR9iAcIQNCEfYgHCEDQhH2IBwhA2YRfMLNyg35zXTJSIAAAAASUVORK5CYII=""}}]}, {""role"": ""assistant"", ""content"": ""0.20""}, {""role"": ""user"", ""content"": [{""type"": ""text"", ""text"": ""\nConsider the image provided.\n\nFinal Answer:\n""}, {""type"": ""image_url"", ""image_url"": {""url"": ""data:image/png;base64,iVBORw0KGgoAAAANSUhEUgAAATYAAABcCAYAAADkpJkhAAADwElEQVR4nO3dzUojSwCG4UTjD3hD7f248Z68A9fuXQruXbt150YXgmYooYY6dRrPmZB0T388DzRJjOlpGHhT/Veut9vtdgUQ5GjuDQDYN2ED4ggbEEfYgDjCBsQRNiCOsAFxhA2II2xAHGED4ggbEEfYgDjCBsQRNiCOsAFxhA2II2xAHGED4ggbEEfYgDjCBsQRNiCOsAFxhA2II2xAHGED4qyHYdjOvREA+7RerVbCBkSxKwrEETYgjrABcTbDMMy9DQB7td5ut04eAFHsigJxhA2II2xAHGED4ggbEEfYgDjCBsQRNiCOsAFxhA2Is5l7A9jd19fXzp89OvKdRi73ii7AlP9F63WZexSWzYgtYDS2S4wEjGRGbH+Rz8/Pva2rD9dYyMSNVML2F/j4+NjbutpY1ef940/PIYFd0Rm9v7/vdX1jIatL+7r//fLdJm4kEbaZvL6+ThK0spQzoP3P+s9CEmGbwcvLy17X14/K2pCV53Vp32sv9yivjdpIImwTen5+3tu6+lFXP0Lrl+Pj4+/HErAaNXEjlbAt9JhaH7Z2JNbGrC7l8pHNZvOva+Jq3ASNJMI2kcfHx72ub+x4Wh+0ErK61KCVn4+N0vpHWDJhm8D9/f1B1vt/onZycvI9WitLjVu/6ypmpBG2Cby9vU0StjZqJWjlsQatxqv/TH2vjZ7QsXTCdmC3t7cHW/fYaK2O1MpdDKenp//43f74Wxs0SLK5vLycexuiXV9fTzpaK0ErSzsCa9+vI7i6e9qO2ozSSLF5eHiYexuiXV1dHWzdNWw1aO1Jgjoyq6O3GrL+eBsksiu6oBvbW2P3f5Z/q4auj1h7rK1oj62JHGnMNgjEKV/3vq4P7Obm5uC7onW3s54RLScOynJ+fr46Ozv7/ViW+l49c1o/Xy/yreuGpdoMwzD3NsQrAZnyUo92qT/vb7ESLpKZj23Bl338dLlHO2orSz9SK499+Pqb6WGphG1Cd3d3k1+g28esPNb3xnZDhY0EzopO6OLiYpZbqtqQtTHr70QQNVIYsS30hvg/vQm+P+bWH3sTNpII20yenp4mnbaohq6dm62fgLJfLyyVsC104sldJ5ocOztqtEYaYQuYKnzXqcFFjVTCFvAHXvowjY3gxk4UiBqphC1oGvGfAte+7p+3n4EEwhb2B5XHYjU2KhM1kglb6Mwhfaz+6zUkETYgjmmLgDjCBsQRNiCOsAFxhA2II2xAHGED4ggbEEfYgDjCBsQRNiCOsAFxhA2II2xAHGED4ggbsErzC5ZpN+ejRMMqAAAAAElFTkSuQmCC""}}]}]",0.25
openai/gpt-4o-2024-08-06,sample_001,0.2498,0.2498,0.2498,0.25,"[{""role"": ""system"", ""content"": ""You are a lines length ratio estimator.\n        You are given an image of two lines.\n\n        Estimate the ratio of the shorter line to the longer line as a decimal number between 0 and 1.\n\n        Do not explain or reason. Only output the final answer as a number after Final Answer:\n""}, {""role"": ""user"", ""content"": [{""type"": ""text"", ""text"": ""\nConsider the image provided.\n\nFinal Answer:\n""}, {""type"": ""image_url"", ""image_url"": {""url"": ""data:image/png;base64,iVBORw0KGgoAAAANSUhEUgAAATYAAABcCAYAAADkpJkhAAADxklEQVR4nO3dv04iXRzHYVDUwhvC+zExXpu1vaWJvbWtnY0WJsrmbHI2Z887r9nFYWb58jzJBBAZsfn4Y/653Gw2mwVAkKO53wDA2IQNiCNsQBxhA+IIGxBH2IA4wgbEETYgjrABcYQNiCNsQBxhA+IIGxBH2IA4wgbEETYgjrABcYQNiCNsQBxhA+IIGxBH2IA4wgbEETYgjrABcYQNiLNcr9ebud8EwJiWi8VC2IAoPooCcYQNiCNsQJzVer2e+z0AjGq52WzsPACi+CgKxBE2II6wAXGEDYgjbEAcYQPiCBsQR9iAOMIGxBE2IM5q7jfwr/r8/Nz6tUdH/l7AnA7+XNEpf/3lslzXE9i1g5zY/nQa2yZE4gXzO5iJ7ePjY5T19OEaCpm4wbziw/b+/j7KetpY1fv97Vf3genEfhR9e3sbbV1DIatL+7j//vI3Q9xgepFhe3l52XnQylL2fvZf618LTC8ubM/Pz6Otq5/K2pCV+3Vpn2sP9SiPTW0wvZiwPT09jbKefurqJ7R+OT4+/nlbAlajJm4wr5iwjbVNrQ9bO4m1MatLOXRktVr953i4GjdBg+lFhO3h4WG0dQ1tT+uDVkJWlxq08vWhKa2/BXZv78N2d3c3+jr/JGonJyc/p7Wy1Lj1H13FDOax92F7fX3dedjaqJWgldsatBqv/jX1uTZ6QgfT2Ouw3dzc7GS9Q9NandTKGQynp6e/fW+//a0NGjC91cXFxWJfXV9fTzatlaCVpZ3A2ufrBFc/nrZTmykNprW6v79f7KvLy8udrLeGrQat3UlQJ7M6vdWQ9dvbgPns9UfRsU5sbw2d/1l+Tg1dH7F2W1vRblsTOZiHKyICcfY6bFdXV78dLDvG0h+A2z7uzzroT7Mq/u/cUWA6q/V6vdhn5fCLqQ71aJevYgfMK+J6bGMf9vHV4R4lpOVwj7qcnZ39ul+f68PXT3TAbkWErbi9vZ30AN0+ZuW2PlfD1k5xwgbT2eu9oq3z8/PJT6lqQ9bGrN/OJmowrZiJbawT4v/2JPh+m1u/7U3YYHpxYSseHx8nu2xRDV17bbZ+r2m/XmC3IsP2nQtPbnuhyaG9o6Y1mEds2Ma4VPi2lwYXNZhXfNi+8w9e+jANTXBDOwpEDeZ1MGH7zmXEvwpc+7i/374GmM5Bhm2bf6g8FKuhqUzUYH4HH7a/vXJIH6uheAkazEvYgDh7fXUPgCHCBsQRNiCOsAFxhA2II2xAHGED4ggbEEfYgDjCBsQRNiCOsAFxhA2II2xAHGED4ggbsEjzA5yMNkFpGj6SAAAAAElFTkSuQmCC""}}]}]",Final Answer: 0.25
openai/gpt-4o-2024-08-06,sample_002,0.4803,0.4803,0.4803,0.33,"[{""role"": ""system"", ""content"": ""You are a lines length ratio estimator.\n        You are given an image of two lines.\n\n        Estimate the ratio of the shorter line to the longer line as a decimal number between 0 and 1.\n\n        Do not explain or reason. Only output the final answer as a number after Final Answer:\n""}, {""role"": ""user"", ""content"": [{""type"": ""text"", ""text"": ""\nConsider the image provided.\n\nFinal Answer:\n""}, {""type"": ""image_url"", ""image_url"": {""url"": ""data:image/png;base64,iVBORw0KGgoAAAANSUhEUgAAATYAAABcCAYAAADkpJkhAAADxklEQVR4nO3dv04iXRzHYVDUwhvC+zExXpu1vaWJvbWtnY0WJsrmbHI2Z887r9nFYWb58jzJBBAZsfn4Y/653Gw2mwVAkKO53wDA2IQNiCNsQBxhA+IIGxBH2IA4wgbEETYgjrABcYQNiCNsQBxhA+IIGxBH2IA4wgbEETYgjrABcYQNiCNsQBxhA+IIGxBH2IA4wgbEETYgjrABcYQNiLNcr9ebud8EwJiWi8VC2IAoPooCcYQNiCNsQJzVer2e+z0AjGq52WzsPACi+CgKxBE2II6wAXGEDYgjbEAcYQPiCBsQR9iAOMIGxBE2IM5q7jfwr/r8/Nz6tUdH/l7AnA7+XNEpf/3lslzXE9i1g5zY/nQa2yZE4gXzO5iJ7ePjY5T19OEaCpm4wbziw/b+/j7KetpY1fv97Vf3genEfhR9e3sbbV1DIatL+7j//vI3Q9xgepFhe3l52XnQylL2fvZf618LTC8ubM/Pz6Otq5/K2pCV+3Vpn2sP9SiPTW0wvZiwPT09jbKefurqJ7R+OT4+/nlbAlajJm4wr5iwjbVNrQ9bO4m1MatLOXRktVr953i4GjdBg+lFhO3h4WG0dQ1tT+uDVkJWlxq08vWhKa2/BXZv78N2d3c3+jr/JGonJyc/p7Wy1Lj1H13FDOax92F7fX3dedjaqJWgldsatBqv/jX1uTZ6QgfT2Ouw3dzc7GS9Q9NandTKGQynp6e/fW+//a0NGjC91cXFxWJfXV9fTzatlaCVpZ3A2ufrBFc/nrZTmykNprW6v79f7KvLy8udrLeGrQat3UlQJ7M6vdWQ9dvbgPns9UfRsU5sbw2d/1l+Tg1dH7F2W1vRblsTOZiHKyICcfY6bFdXV78dLDvG0h+A2z7uzzroT7Mq/u/cUWA6q/V6vdhn5fCLqQ71aJevYgfMK+J6bGMf9vHV4R4lpOVwj7qcnZ39ul+f68PXT3TAbkWErbi9vZ30AN0+ZuW2PlfD1k5xwgbT2eu9oq3z8/PJT6lqQ9bGrN/OJmowrZiJbawT4v/2JPh+m1u/7U3YYHpxYSseHx8nu2xRDV17bbZ+r2m/XmC3IsP2nQtPbnuhyaG9o6Y1mEds2Ma4VPi2lwYXNZhXfNi+8w9e+jANTXBDOwpEDeZ1MGH7zmXEvwpc+7i/374GmM5Bhm2bf6g8FKuhqUzUYH4HH7a/vXJIH6uheAkazEvYgDh7fXUPgCHCBsQRNiCOsAFxhA2II2xAHGED4ggbEEfYgDjCBsQRNiCOsAFxhA2II2xAHGED4ggbsEjzA5yMNkFpGj6SAAAAAElFTkSuQmCC""}}]}, {""role"": ""assistant"", ""content"": ""Final Answer: 0.25""}, {""role"": ""user"", ""content"": [{""type"": ""text"", ""text"": ""\nConsider the image provided.\n\nFinal Answer:\n""}, {""type"": ""image_url"", ""image_url"": {""url"": ""data:image/png;base64,iVBORw0KGgoAAAANSUhEUgAAATYAAABcCAYAAADkpJkhAAADz0lEQVR4nO3du04bQRiAURuWi8QLLe9DwzvxBtT0lEj01LR0NFAggaNBmmgy2ZDEnlkn/54jrdbGeOIi+jx7Zb3ZbDYrgEAO9v0BAFoTNiAcYQPCETYgHGEDwhE2IBxhA8IRNiAcYQPCETYgHGEDwhE2IBxhA8IRNiAcYQPCETYgHGEDwhE2IBxhA8IRNiAcYQPCETYgHGEDwhE2IBxhA8IRNiCc9TiOm31/CICW1qvVStiAUGyKAuEIGxCOsAHhDOM47vszADS13mw2Dh4AodgUBcIRNiAcYQPCETYgHGEDwhE2IBxhA8IRNiAcYQPCETYgnGHfH4D/z8fHx9bvPTjwXUp/rhXll+b8r7Fep3ueQhtmbGw9G9smRgLGHMzYWL2/vzcbqw7XVMjEjd6EbcHe3t6ajVXGKj+u1189hpZsii7Q6+tr0/GmQpaX8nn9++k7VdzoQdgW5vn5eZagpSUdAa1/Vr8XehC2BXl6emo6Xj0rK0OWHuelfK083SM9N2ujB2FbgMfHx2Zj1bOueoZWL4eHh5/rFLAcNXGjN2FbgJb71OqwlTOxMmZ5SaePDMPw0zlxOW6CRg/CFtz9/X3T8ab2p9VBSyHLSw5a+vnULK1eQwvCFtjt7W2Xcf8kakdHR5+ztbTkuNWbrmJGL8IW2MvLyyxhK6OWgpbWOWg5XvV78mtl9ISOVoQtqOvr625jT83W8kwtXcVwfHz8w+/W+9/KoEEPw/n5eZeB2a/Ly8tZZ2spaGkpZ2Dl63kGlzdPy1mbWRqtDXd3d80HZf8uLi66jZ3DloNWHiTIM7M8e8shq/e3QU82RYNqeWF7aer6z/Rv5dDVESv3tSXlvjWRoxd3/QPCSV+7vjaDurq66r4pmjc78xHRdOAgLaenp6uTk5Pv67Tk1/KR0/z+fJJvHht2NYzjuPMg/JtSQOY81aNc8s/rS6yEizm4H1twPU77+Op0j3LWlpZ6ppbWdfjqi+lhV8K2ADc3N7OfoFvHLK3za1ObocJGS46KLsDZ2dleLqkqQ1bGrL4SQdRozYxtQVpcEP+3F8HX+9zqfW/CRg/CtjAPDw+z3rYoh668N1t9A8p6XNiVsC3QLjee3PZGk1NHR83W6EXYFmzXW4Vve2twUaM3YWPrP/BSh2lqBjd1oEDU6E3Y2Pk24l8FrnxePy7fAy0JG03+oPJUrKZmZaLGHISNpncOqWP1u+fQg7AB4bhtERCOsAHhCBsQjrAB4QgbEI6wAeEIGxCOsAHhCBsQjrAB4QgbEI6wAeEIGxCOsAHhCBsQjrABq2i+AV6ZN+f7P3/YAAAAAElFTkSuQmCC""}}]}]",Final Answer: 0.33
openai/gpt-4o-2024-08-06,sample_003,0.3928,0.3928,0.3928,0.5,"[{""role"": ""system"", ""content"": ""You are a lines length ratio estimator.\n        You are given an image of two lines.\n\n        Estimate the ratio of the shorter line to the longer line as a decimal number between 0 and 1.\n\n        Do not explain or reason. Only output the final answer as a number after Final Answer:\n""}, {""role"": ""user"", ""content"": [{""type"": ""text"", ""text"": ""\nConsider the image provided.\n\nFinal Answer:\n""}, {""type"": ""image_url"", ""image_url"": {""url"": ""data:image/png;base64,iVBORw0KGgoAAAANSUhEUgAAATYAAABcCAYAAADkpJkhAAADxklEQVR4nO3dv04iXRzHYVDUwhvC+zExXpu1vaWJvbWtnY0WJsrmbHI2Z887r9nFYWb58jzJBBAZsfn4Y/653Gw2mwVAkKO53wDA2IQNiCNsQBxhA+IIGxBH2IA4wgbEETYgjrABcYQNiCNsQBxhA+IIGxBH2IA4wgbEETYgjrABcYQNiCNsQBxhA+IIGxBH2IA4wgbEETYgjrABcYQNiLNcr9ebud8EwJiWi8VC2IAoPooCcYQNiCNsQJzVer2e+z0AjGq52WzsPACi+CgKxBE2II6wAXGEDYgjbEAcYQPiCBsQR9iAOMIGxBE2IM5q7jfwr/r8/Nz6tUdH/l7AnA7+XNEpf/3lslzXE9i1g5zY/nQa2yZE4gXzO5iJ7ePjY5T19OEaCpm4wbziw/b+/j7KetpY1fv97Vf3genEfhR9e3sbbV1DIatL+7j//vI3Q9xgepFhe3l52XnQylL2fvZf618LTC8ubM/Pz6Otq5/K2pCV+3Vpn2sP9SiPTW0wvZiwPT09jbKefurqJ7R+OT4+/nlbAlajJm4wr5iwjbVNrQ9bO4m1MatLOXRktVr953i4GjdBg+lFhO3h4WG0dQ1tT+uDVkJWlxq08vWhKa2/BXZv78N2d3c3+jr/JGonJyc/p7Wy1Lj1H13FDOax92F7fX3dedjaqJWgldsatBqv/jX1uTZ6QgfT2Ouw3dzc7GS9Q9NandTKGQynp6e/fW+//a0NGjC91cXFxWJfXV9fTzatlaCVpZ3A2ufrBFc/nrZTmykNprW6v79f7KvLy8udrLeGrQat3UlQJ7M6vdWQ9dvbgPns9UfRsU5sbw2d/1l+Tg1dH7F2W1vRblsTOZiHKyICcfY6bFdXV78dLDvG0h+A2z7uzzroT7Mq/u/cUWA6q/V6vdhn5fCLqQ71aJevYgfMK+J6bGMf9vHV4R4lpOVwj7qcnZ39ul+f68PXT3TAbkWErbi9vZ30AN0+ZuW2PlfD1k5xwgbT2eu9oq3z8/PJT6lqQ9bGrN/OJmowrZiJbawT4v/2JPh+m1u/7U3YYHpxYSseHx8nu2xRDV17bbZ+r2m/XmC3IsP2nQtPbnuhyaG9o6Y1mEds2Ma4VPi2lwYXNZhXfNi+8w9e+jANTXBDOwpEDeZ1MGH7zmXEvwpc+7i/374GmM5Bhm2bf6g8FKuhqUzUYH4HH7a/vXJIH6uheAkazEvYgDh7fXUPgCHCBsQRNiCOsAFxhA2II2xAHGED4ggbEEfYgDjCBsQRNiCOsAFxhA2II2xAHGED4ggbsEjzA5yMNkFpGj6SAAAAAElFTkSuQmCC""}}]}, {""role"": ""assistant"", ""content"": ""Final Answer: 0.25""}, {""role"": ""user"", ""content"": [{""type"": ""text"", ""text"": ""\nConsider the image provided.\n\nFinal Answer:\n""}, {""type"": ""image_url"", ""image_url"": {""url"": ""data:image/png;base64,iVBORw0KGgoAAAANSUhEUgAAATYAAABcCAYAAADkpJkhAAADz0lEQVR4nO3du04bQRiAURuWi8QLLe9DwzvxBtT0lEj01LR0NFAggaNBmmgy2ZDEnlkn/54jrdbGeOIi+jx7Zb3ZbDYrgEAO9v0BAFoTNiAcYQPCETYgHGEDwhE2IBxhA8IRNiAcYQPCETYgHGEDwhE2IBxhA8IRNiAcYQPCETYgHGEDwhE2IBxhA8IRNiAcYQPCETYgHGEDwhE2IBxhA8IRNiCc9TiOm31/CICW1qvVStiAUGyKAuEIGxCOsAHhDOM47vszADS13mw2Dh4AodgUBcIRNiAcYQPCETYgHGEDwhE2IBxhA8IRNiAcYQPCETYgnGHfH4D/z8fHx9bvPTjwXUp/rhXll+b8r7Fep3ueQhtmbGw9G9smRgLGHMzYWL2/vzcbqw7XVMjEjd6EbcHe3t6ajVXGKj+u1189hpZsii7Q6+tr0/GmQpaX8nn9++k7VdzoQdgW5vn5eZagpSUdAa1/Vr8XehC2BXl6emo6Xj0rK0OWHuelfK083SM9N2ujB2FbgMfHx2Zj1bOueoZWL4eHh5/rFLAcNXGjN2FbgJb71OqwlTOxMmZ5SaePDMPw0zlxOW6CRg/CFtz9/X3T8ab2p9VBSyHLSw5a+vnULK1eQwvCFtjt7W2Xcf8kakdHR5+ztbTkuNWbrmJGL8IW2MvLyyxhK6OWgpbWOWg5XvV78mtl9ISOVoQtqOvr625jT83W8kwtXcVwfHz8w+/W+9/KoEEPw/n5eZeB2a/Ly8tZZ2spaGkpZ2Dl63kGlzdPy1mbWRqtDXd3d80HZf8uLi66jZ3DloNWHiTIM7M8e8shq/e3QU82RYNqeWF7aer6z/Rv5dDVESv3tSXlvjWRoxd3/QPCSV+7vjaDurq66r4pmjc78xHRdOAgLaenp6uTk5Pv67Tk1/KR0/z+fJJvHht2NYzjuPMg/JtSQOY81aNc8s/rS6yEizm4H1twPU77+Op0j3LWlpZ6ppbWdfjqi+lhV8K2ADc3N7OfoFvHLK3za1ObocJGS46KLsDZ2dleLqkqQ1bGrL4SQdRozYxtQVpcEP+3F8HX+9zqfW/CRg/CtjAPDw+z3rYoh668N1t9A8p6XNiVsC3QLjee3PZGk1NHR83W6EXYFmzXW4Vve2twUaM3YWPrP/BSh2lqBjd1oEDU6E3Y2Pk24l8FrnxePy7fAy0JG03+oPJUrKZmZaLGHISNpncOqWP1u+fQg7AB4bhtERCOsAHhCBsQjrAB4QgbEI6wAeEIGxCOsAHhCBsQjrAB4QgbEI6wAeEIGxCOsAHhCBsQjrABq2i+AV6ZN+f7P3/YAAAAAElFTkSuQmCC""}}]}, {""role"": ""assistant"", ""content"": ""Final Answer: 0.33""}, {""role"": ""user"", ""content"": [{""type"": ""text"", ""text"": ""\nConsider the image provided.\n\nFinal Answer:\n""}, {""type"": ""image_url"", ""image_url"": {""url"": ""data:image/png;base64,iVBORw0KGgoAAAANSUhEUgAAATYAAABcCAYAAADkpJkhAAADx0lEQVR4nO3dvU7jSgCG4QTCj8QNhfuh4Z64A2p6SiR6alo6GiiQIEez0qzmzLHYPcjY8cfzSFYSQryWVnoz/hvWu91utwIIcjD3BgCMTdiAOMIGxBE2II6wAXGEDYgjbEAcYQPiCBsQR9iAOMIGxBE2II6wAXGEDYgjbEAcYQPiCBsQR9iAOMIGxBE2II6wAXGEDYgjbEAcYQPiCBsQR9iAOOvtdrubeyMAxrRerVbCBkSxKwrEETYgjrABcTbb7XbubQAY1Xq32zl5AESxKwrEETYgjrABcYQNiCNsQBxhA+IIGxBH2IA4wgbEETYgzmbuDWAcHx8fX/7swYHvN7K4V3RhpvzvWq/LPKSwPEZsYaOxr8RIwEhjxLan3t/fR1tXH66hkIkbSYRtz7y9vY22rjZW9Xn/+NlzWCq7onvi9fV11PUNhawu7ev+98v3nLixdMK2B56fnycJWlnKGdD+Z/1nYemEbWZPT0+jrq8flbUhK8/r0r7XXu5RXhu1sXTCNpPHx8fR1tWPuvoRWr8cHh7+eiwBq1ETN5IIW8AxtT5s7UisjVldyuUjm83mP9fE1bgJGksnbDO4v78fdX1Dx9P6oJWQ1aUGrfx8aJTWP8LSCNvEbm9vv2W9fxO1o6OjX6O1stS49buuYkYCYZvYy8vLJGFro1aCVh5r0Gq8+s/U99roCR1LJGwTur6+/rZ1D43W6kit3MVwfHz8r9/tj7+1QYOl25yfn8+9DT/G5eXlpKO1ErSytCOw9v06gqu7p+2ozSiNJdvc3d3NvQ0/xsXFxbetu4atBq09SVBHZnX0VkPWH2+DFHZFF3pje2vo/s/yb9XQ9RFrj7UV7bE1kSOBGQaBOOUr3lf0hK6urr59V7TudtYzouXEQVlOT09XJycnvx/LUt+rZ07r5+tFvnXdsCSb7XY79zb8KCUgU17q0S715/0tVsJFGvOxhVz28dnlHu2orSz9SK089uHrb6aHJRG2mdzc3Ex+gW4fs/JY3xvaDRU2lspZ0ZmcnZ3NcktVG7I2Zv2dCKLGkhmxBdwQ/39vgu+PufXH3oSNpRO2PfDw8DDptEU1dO3cbP0ElP16YUmELWDiya9ONDl0dtRojQTCFjZV+FenBhc1kghb2B946cM0NIIbOlEgaiQRttBpxD8LXPu6f95+BpZK2IL/oPJQrIZGZaJGGmH7ATOH9LH602tYOmED4pi2CIgjbEAcYQPiCBsQR9iAOMIGxBE2II6wAXGEDYgjbEAcYQPiCBsQR9iAOMIGxBE2II6wAas0/wBdpDfnoKPWyAAAAABJRU5ErkJggg==""}}]}]",Final Answer: 0.5
openai/gpt-4o-2024-08-06,sample_004,0.3395,0.3395,0.3395,0.5,"[{""role"": ""system"", ""content"": ""You are a lines length ratio estimator.\n        You are given an image of two lines.\n\n        Estimate the ratio of the shorter line to the longer line as a decimal number between 0 and 1.\n\n        Do not explain or reason. Only output the final answer as a number after Final Answer:\n""}, {""role"": ""user"", ""content"": [{""type"": ""text"", ""text"": ""\nConsider the image provided.\n\nFinal Answer:\n""}, {""type"": ""image_url"", ""image_url"": {""url"": ""data:image/png;base64,iVBORw0KGgoAAAANSUhEUgAAATYAAABcCAYAAADkpJkhAAADxklEQVR4nO3dv04iXRzHYVDUwhvC+zExXpu1vaWJvbWtnY0WJsrmbHI2Z887r9nFYWb58jzJBBAZsfn4Y/653Gw2mwVAkKO53wDA2IQNiCNsQBxhA+IIGxBH2IA4wgbEETYgjrABcYQNiCNsQBxhA+IIGxBH2IA4wgbEETYgjrABcYQNiCNsQBxhA+IIGxBH2IA4wgbEETYgjrABcYQNiLNcr9ebud8EwJiWi8VC2IAoPooCcYQNiCNsQJzVer2e+z0AjGq52WzsPACi+CgKxBE2II6wAXGEDYgjbEAcYQPiCBsQR9iAOMIGxBE2IM5q7jfwr/r8/Nz6tUdH/l7AnA7+XNEpf/3lslzXE9i1g5zY/nQa2yZE4gXzO5iJ7ePjY5T19OEaCpm4wbziw/b+/j7KetpY1fv97Vf3genEfhR9e3sbbV1DIatL+7j//vI3Q9xgepFhe3l52XnQylL2fvZf618LTC8ubM/Pz6Otq5/K2pCV+3Vpn2sP9SiPTW0wvZiwPT09jbKefurqJ7R+OT4+/nlbAlajJm4wr5iwjbVNrQ9bO4m1MatLOXRktVr953i4GjdBg+lFhO3h4WG0dQ1tT+uDVkJWlxq08vWhKa2/BXZv78N2d3c3+jr/JGonJyc/p7Wy1Lj1H13FDOax92F7fX3dedjaqJWgldsatBqv/jX1uTZ6QgfT2Ouw3dzc7GS9Q9NandTKGQynp6e/fW+//a0NGjC91cXFxWJfXV9fTzatlaCVpZ3A2ufrBFc/nrZTmykNprW6v79f7KvLy8udrLeGrQat3UlQJ7M6vdWQ9dvbgPns9UfRsU5sbw2d/1l+Tg1dH7F2W1vRblsTOZiHKyICcfY6bFdXV78dLDvG0h+A2z7uzzroT7Mq/u/cUWA6q/V6vdhn5fCLqQ71aJevYgfMK+J6bGMf9vHV4R4lpOVwj7qcnZ39ul+f68PXT3TAbkWErbi9vZ30AN0+ZuW2PlfD1k5xwgbT2eu9oq3z8/PJT6lqQ9bGrN/OJmowrZiJbawT4v/2JPh+m1u/7U3YYHpxYSseHx8nu2xRDV17bbZ+r2m/XmC3IsP2nQtPbnuhyaG9o6Y1mEds2Ma4VPi2lwYXNZhXfNi+8w9e+jANTXBDOwpEDeZ1MGH7zmXEvwpc+7i/374GmM5Bhm2bf6g8FKuhqUzUYH4HH7a/vXJIH6uheAkazEvYgDh7fXUPgCHCBsQRNiCOsAFxhA2II2xAHGED4ggbEEfYgDjCBsQRNiCOsAFxhA2II2xAHGED4ggbsEjzA5yMNkFpGj6SAAAAAElFTkSuQmCC""}}]}, {""role"": ""assistant"", ""content"": ""Final Answer: 0.25""}, {""role"": ""user"", ""content"": [{""type"": ""text"", ""text"": ""\nConsider the image provided.\n\nFinal Answer:\n""}, {""type"": ""image_url"", ""image_url"": {""url"": ""data:image/png;base64,iVBORw0KGgoAAAANSUhEUgAAATYAAABcCAYAAADkpJkhAAADz0lEQVR4nO3du04bQRiAURuWi8QLLe9DwzvxBtT0lEj01LR0NFAggaNBmmgy2ZDEnlkn/54jrdbGeOIi+jx7Zb3ZbDYrgEAO9v0BAFoTNiAcYQPCETYgHGEDwhE2IBxhA8IRNiAcYQPCETYgHGEDwhE2IBxhA8IRNiAcYQPCETYgHGEDwhE2IBxhA8IRNiAcYQPCETYgHGEDwhE2IBxhA8IRNiCc9TiOm31/CICW1qvVStiAUGyKAuEIGxCOsAHhDOM47vszADS13mw2Dh4AodgUBcIRNiAcYQPCETYgHGEDwhE2IBxhA8IRNiAcYQPCETYgnGHfH4D/z8fHx9bvPTjwXUp/rhXll+b8r7Fep3ueQhtmbGw9G9smRgLGHMzYWL2/vzcbqw7XVMjEjd6EbcHe3t6ajVXGKj+u1189hpZsii7Q6+tr0/GmQpaX8nn9++k7VdzoQdgW5vn5eZagpSUdAa1/Vr8XehC2BXl6emo6Xj0rK0OWHuelfK083SM9N2ujB2FbgMfHx2Zj1bOueoZWL4eHh5/rFLAcNXGjN2FbgJb71OqwlTOxMmZ5SaePDMPw0zlxOW6CRg/CFtz9/X3T8ab2p9VBSyHLSw5a+vnULK1eQwvCFtjt7W2Xcf8kakdHR5+ztbTkuNWbrmJGL8IW2MvLyyxhK6OWgpbWOWg5XvV78mtl9ISOVoQtqOvr625jT83W8kwtXcVwfHz8w+/W+9/KoEEPw/n5eZeB2a/Ly8tZZ2spaGkpZ2Dl63kGlzdPy1mbWRqtDXd3d80HZf8uLi66jZ3DloNWHiTIM7M8e8shq/e3QU82RYNqeWF7aer6z/Rv5dDVESv3tSXlvjWRoxd3/QPCSV+7vjaDurq66r4pmjc78xHRdOAgLaenp6uTk5Pv67Tk1/KR0/z+fJJvHht2NYzjuPMg/JtSQOY81aNc8s/rS6yEizm4H1twPU77+Op0j3LWlpZ6ppbWdfjqi+lhV8K2ADc3N7OfoFvHLK3za1ObocJGS46KLsDZ2dleLqkqQ1bGrL4SQdRozYxtQVpcEP+3F8HX+9zqfW/CRg/CtjAPDw+z3rYoh668N1t9A8p6XNiVsC3QLjee3PZGk1NHR83W6EXYFmzXW4Vve2twUaM3YWPrP/BSh2lqBjd1oEDU6E3Y2Pk24l8FrnxePy7fAy0JG03+oPJUrKZmZaLGHISNpncOqWP1u+fQg7AB4bhtERCOsAHhCBsQjrAB4QgbEI6wAeEIGxCOsAHhCBsQjrAB4QgbEI6wAeEIGxCOsAHhCBsQjrABq2i+AV6ZN+f7P3/YAAAAAElFTkSuQmCC""}}]}, {""role"": ""assistant"", ""content"": ""Final Answer: 0.33""}, {""role"": ""user"", ""content"": [{""type"": ""text"", ""text"": ""\nConsider the image provided.\n\nFinal Answer:\n""}, {""type"": ""image_url"", ""image_url"": {""url"": ""data:image/png;base64,iVBORw0KGgoAAAANSUhEUgAAATYAAABcCAYAAADkpJkhAAADx0lEQVR4nO3dvU7jSgCG4QTCj8QNhfuh4Z64A2p6SiR6alo6GiiQIEez0qzmzLHYPcjY8cfzSFYSQryWVnoz/hvWu91utwIIcjD3BgCMTdiAOMIGxBE2II6wAXGEDYgjbEAcYQPiCBsQR9iAOMIGxBE2II6wAXGEDYgjbEAcYQPiCBsQR9iAOMIGxBE2II6wAXGEDYgjbEAcYQPiCBsQR9iAOOvtdrubeyMAxrRerVbCBkSxKwrEETYgjrABcTbb7XbubQAY1Xq32zl5AESxKwrEETYgjrABcYQNiCNsQBxhA+IIGxBH2IA4wgbEETYgzmbuDWAcHx8fX/7swYHvN7K4V3RhpvzvWq/LPKSwPEZsYaOxr8RIwEhjxLan3t/fR1tXH66hkIkbSYRtz7y9vY22rjZW9Xn/+NlzWCq7onvi9fV11PUNhawu7ev+98v3nLixdMK2B56fnycJWlnKGdD+Z/1nYemEbWZPT0+jrq8flbUhK8/r0r7XXu5RXhu1sXTCNpPHx8fR1tWPuvoRWr8cHh7+eiwBq1ETN5IIW8AxtT5s7UisjVldyuUjm83mP9fE1bgJGksnbDO4v78fdX1Dx9P6oJWQ1aUGrfx8aJTWP8LSCNvEbm9vv2W9fxO1o6OjX6O1stS49buuYkYCYZvYy8vLJGFro1aCVh5r0Gq8+s/U99roCR1LJGwTur6+/rZ1D43W6kit3MVwfHz8r9/tj7+1QYOl25yfn8+9DT/G5eXlpKO1ErSytCOw9v06gqu7p+2ozSiNJdvc3d3NvQ0/xsXFxbetu4atBq09SVBHZnX0VkPWH2+DFHZFF3pje2vo/s/yb9XQ9RFrj7UV7bE1kSOBGQaBOOUr3lf0hK6urr59V7TudtYzouXEQVlOT09XJycnvx/LUt+rZ07r5+tFvnXdsCSb7XY79zb8KCUgU17q0S715/0tVsJFGvOxhVz28dnlHu2orSz9SK089uHrb6aHJRG2mdzc3Ex+gW4fs/JY3xvaDRU2lspZ0ZmcnZ3NcktVG7I2Zv2dCKLGkhmxBdwQ/39vgu+PufXH3oSNpRO2PfDw8DDptEU1dO3cbP0ElP16YUmELWDiya9ONDl0dtRojQTCFjZV+FenBhc1kghb2B946cM0NIIbOlEgaiQRttBpxD8LXPu6f95+BpZK2IL/oPJQrIZGZaJGGmH7ATOH9LH602tYOmED4pi2CIgjbEAcYQPiCBsQR9iAOMIGxBE2II6wAXGEDYgjbEAcYQPiCBsQR9iAOMIGxBE2II6wAas0/wBdpDfnoKPWyAAAAABJRU5ErkJggg==""}}]}, {""role"": ""assistant"", ""content"": ""Final Answer: 0.5""}, {""role"": ""user"", ""content"": [{""type"": ""text"", ""text"": ""\nConsider the image provided.\n\nFinal Answer:\n""}, {""type"": ""image_url"", ""image_url"": {""url"": ""data:image/png;base64,iVBORw0KGgoAAAANSUhEUgAAATYAAABcCAYAAADkpJkhAAADt0lEQVR4nO3dvU7jQBSA0QQCFLyQeR8kxLNR01Mi0VPT0tFAgQReDdHsjgdvtPE6cbg+R7ISCPFaW3zc+I9l27btAiCQo6k3AGBswgaEI2xAOMIGhCNsQDjCBoQjbEA4wgaEI2xAOMIGhCNsQDjCBoQjbEA4wgaEI2xAOMIGhCNsQDjCBoQjbEA4wgaEI2xAOMIGhCNsQDjCBoQjbEA4wgaEs2yapp16IwDGtFwsFsIGhOKjKBCOsAHhCBsQzqppmqm3AWBUy7ZtHTwAQvFRFAhH2IBwhA0IR9iAcIQNCEfYgHCEDQhH2IBwhA0IR9iAcFZTbwBrn5+fg997dOT3E5RcK7pn+/zvXi7TfURhfkxsBzSNDQmReMF3JrYd+fj4GGU9dbj6QiZu0CVsI3t/fx9lPWWs8vP6cdNzmDMfRUfy9vY22rr6QpaX8uv659PvKHEDYRvFy8vLzoOWlnT0s/5e/V5A2P7b8/PzaOuqp7IyZOl5XsrXylM90temNhC2wZ6enkZZTz111RNavRwfH389poDlqIkbdAnbxPvU6rCVk1gZs7ykU0dWq9W38+Fy3AQNhG2Qh4eH0dbVtz+tDloKWV5y0NL3+6a0+hHmSNi2dHd3N/o6/yVqJycnX9NaWnLc6o+uYgZrwral19fXnYetjFoKWnrMQcvxqt+TXyujJ3TMlbBt4ebmZifr7ZvW8qSWrmA4PT3t/Gy9/60MGrBYrC4uLqbehh/j+vp6b9NaClpaygmsfD1PcPnjaTm1mdKYu9X9/f3U2/BjXF5e7mS9OWw5aOVBgjyZ5ekth6ze3wb84aPoBBe2l/qu/0z/Tg5dHbFyX1tS7lsTOVhzh0IgHGHbwtXVVedk2TGW+gTc8uv6qoP6Mqvkb9eOwpytmqaZeht+lHT6xb5O9SiXTbEDutyP7QBO+9h0ukcKaTrdIy9nZ2e/n+fX6vDVEx3MjbANdHt7u9cTdOuYpcf8Wg5bOcUJG3PmqOhA5+fne7+kqgxZGbN6P5uoMXcmtokviN/2Ivh6n1u9703YQNhG8fj4uLfbFuXQlfdmq4+a1uuFuRG2iW88OfRGk31HR01rsCZsB3Sr8KG3Bhc16BK2A/oDL3WY+ia4vgMFogZdwnaAtxHfFLjy6/p5+R6YM2E70D+o3BervqlM1OA7YTvwO4fUseqLl6BBl7AB4bi7BxCOsAHhCBsQjrAB4QgbEI6wAeEIGxCOsAHhCBsQjrAB4QgbEI6wAeEIGxCOsAHhCBsQjrABi2h+ASl0NkFWMNjMAAAAAElFTkSuQmCC""}}]}]",Final Answer: 0.5
openai/gpt-4o-2024-08-06,sample_005,0.1624,0.1624,0.1624,0.25,"[{""role"": ""system"", ""content"": ""You are a lines length ratio estimator.\n        You are given an image of two lines.\n\n        Estimate the ratio of the shorter line to the longer line as a decimal number between 0 and 1.\n\n        Do not explain or reason. Only output the final answer as a number after Final Answer:\n""}, {""role"": ""user"", ""content"": [{""type"": ""text"", ""text"": ""\nConsider the image provided.\n\nFinal Answer:\n""}, {""type"": ""image_url"", ""image_url"": {""url"": ""data:image/png;base64,iVBORw0KGgoAAAANSUhEUgAAATYAAABcCAYAAADkpJkhAAADxklEQVR4nO3dv04iXRzHYVDUwhvC+zExXpu1vaWJvbWtnY0WJsrmbHI2Z887r9nFYWb58jzJBBAZsfn4Y/653Gw2mwVAkKO53wDA2IQNiCNsQBxhA+IIGxBH2IA4wgbEETYgjrABcYQNiCNsQBxhA+IIGxBH2IA4wgbEETYgjrABcYQNiCNsQBxhA+IIGxBH2IA4wgbEETYgjrABcYQNiLNcr9ebud8EwJiWi8VC2IAoPooCcYQNiCNsQJzVer2e+z0AjGq52WzsPACi+CgKxBE2II6wAXGEDYgjbEAcYQPiCBsQR9iAOMIGxBE2IM5q7jfwr/r8/Nz6tUdH/l7AnA7+XNEpf/3lslzXE9i1g5zY/nQa2yZE4gXzO5iJ7ePjY5T19OEaCpm4wbziw/b+/j7KetpY1fv97Vf3genEfhR9e3sbbV1DIatL+7j//vI3Q9xgepFhe3l52XnQylL2fvZf618LTC8ubM/Pz6Otq5/K2pCV+3Vpn2sP9SiPTW0wvZiwPT09jbKefurqJ7R+OT4+/nlbAlajJm4wr5iwjbVNrQ9bO4m1MatLOXRktVr953i4GjdBg+lFhO3h4WG0dQ1tT+uDVkJWlxq08vWhKa2/BXZv78N2d3c3+jr/JGonJyc/p7Wy1Lj1H13FDOax92F7fX3dedjaqJWgldsatBqv/jX1uTZ6QgfT2Ouw3dzc7GS9Q9NandTKGQynp6e/fW+//a0NGjC91cXFxWJfXV9fTzatlaCVpZ3A2ufrBFc/nrZTmykNprW6v79f7KvLy8udrLeGrQat3UlQJ7M6vdWQ9dvbgPns9UfRsU5sbw2d/1l+Tg1dH7F2W1vRblsTOZiHKyICcfY6bFdXV78dLDvG0h+A2z7uzzroT7Mq/u/cUWA6q/V6vdhn5fCLqQ71aJevYgfMK+J6bGMf9vHV4R4lpOVwj7qcnZ39ul+f68PXT3TAbkWErbi9vZ30AN0+ZuW2PlfD1k5xwgbT2eu9oq3z8/PJT6lqQ9bGrN/OJmowrZiJbawT4v/2JPh+m1u/7U3YYHpxYSseHx8nu2xRDV17bbZ+r2m/XmC3IsP2nQtPbnuhyaG9o6Y1mEds2Ma4VPi2lwYXNZhXfNi+8w9e+jANTXBDOwpEDeZ1MGH7zmXEvwpc+7i/374GmM5Bhm2bf6g8FKuhqUzUYH4HH7a/vXJIH6uheAkazEvYgDh7fXUPgCHCBsQRNiCOsAFxhA2II2xAHGED4ggbEEfYgDjCBsQRNiCOsAFxhA2II2xAHGED4ggbsEjzA5yMNkFpGj6SAAAAAElFTkSuQmCC""}}]}, {""role"": ""assistant"", ""content"": ""Final Answer: 0.25""}, {""role"": ""user"", ""content"": [{""type"": ""text"", ""text"": ""\nConsider the image provided.\n\nFinal Answer:\n""}, {""type"": ""image_url"", ""image_url"": {""url"": ""data:image/png;base64,iVBORw0KGgoAAAANSUhEUgAAATYAAABcCAYAAADkpJkhAAADz0lEQVR4nO3du04bQRiAURuWi8QLLe9DwzvxBtT0lEj01LR0NFAggaNBmmgy2ZDEnlkn/54jrdbGeOIi+jx7Zb3ZbDYrgEAO9v0BAFoTNiAcYQPCETYgHGEDwhE2IBxhA8IRNiAcYQPCETYgHGEDwhE2IBxhA8IRNiAcYQPCETYgHGEDwhE2IBxhA8IRNiAcYQPCETYgHGEDwhE2IBxhA8IRNiCc9TiOm31/CICW1qvVStiAUGyKAuEIGxCOsAHhDOM47vszADS13mw2Dh4AodgUBcIRNiAcYQPCETYgHGEDwhE2IBxhA8IRNiAcYQPCETYgnGHfH4D/z8fHx9bvPTjwXUp/rhXll+b8r7Fep3ueQhtmbGw9G9smRgLGHMzYWL2/vzcbqw7XVMjEjd6EbcHe3t6ajVXGKj+u1189hpZsii7Q6+tr0/GmQpaX8nn9++k7VdzoQdgW5vn5eZagpSUdAa1/Vr8XehC2BXl6emo6Xj0rK0OWHuelfK083SM9N2ujB2FbgMfHx2Zj1bOueoZWL4eHh5/rFLAcNXGjN2FbgJb71OqwlTOxMmZ5SaePDMPw0zlxOW6CRg/CFtz9/X3T8ab2p9VBSyHLSw5a+vnULK1eQwvCFtjt7W2Xcf8kakdHR5+ztbTkuNWbrmJGL8IW2MvLyyxhK6OWgpbWOWg5XvV78mtl9ISOVoQtqOvr625jT83W8kwtXcVwfHz8w+/W+9/KoEEPw/n5eZeB2a/Ly8tZZ2spaGkpZ2Dl63kGlzdPy1mbWRqtDXd3d80HZf8uLi66jZ3DloNWHiTIM7M8e8shq/e3QU82RYNqeWF7aer6z/Rv5dDVESv3tSXlvjWRoxd3/QPCSV+7vjaDurq66r4pmjc78xHRdOAgLaenp6uTk5Pv67Tk1/KR0/z+fJJvHht2NYzjuPMg/JtSQOY81aNc8s/rS6yEizm4H1twPU77+Op0j3LWlpZ6ppbWdfjqi+lhV8K2ADc3N7OfoFvHLK3za1ObocJGS46KLsDZ2dleLqkqQ1bGrL4SQdRozYxtQVpcEP+3F8HX+9zqfW/CRg/CtjAPDw+z3rYoh668N1t9A8p6XNiVsC3QLjee3PZGk1NHR83W6EXYFmzXW4Vve2twUaM3YWPrP/BSh2lqBjd1oEDU6E3Y2Pk24l8FrnxePy7fAy0JG03+oPJUrKZmZaLGHISNpncOqWP1u+fQg7AB4bhtERCOsAHhCBsQjrAB4QgbEI6wAeEIGxCOsAHhCBsQjrAB4QgbEI6wAeEIGxCOsAHhCBsQjrABq2i+AV6ZN+f7P3/YAAAAAElFTkSuQmCC""}}]}, {""role"": ""assistant"", ""content"": ""Final Answer: 0.33""}, {""role"": ""user"", ""content"": [{""type"": ""text"", ""text"": ""\nConsider the image provided.\n\nFinal Answer:\n""}, {""type"": ""image_url"", ""image_url"": {""url"": ""data:image/png;base64,iVBORw0KGgoAAAANSUhEUgAAATYAAABcCAYAAADkpJkhAAADx0lEQVR4nO3dvU7jSgCG4QTCj8QNhfuh4Z64A2p6SiR6alo6GiiQIEez0qzmzLHYPcjY8cfzSFYSQryWVnoz/hvWu91utwIIcjD3BgCMTdiAOMIGxBE2II6wAXGEDYgjbEAcYQPiCBsQR9iAOMIGxBE2II6wAXGEDYgjbEAcYQPiCBsQR9iAOMIGxBE2II6wAXGEDYgjbEAcYQPiCBsQR9iAOOvtdrubeyMAxrRerVbCBkSxKwrEETYgjrABcTbb7XbubQAY1Xq32zl5AESxKwrEETYgjrABcYQNiCNsQBxhA+IIGxBH2IA4wgbEETYgzmbuDWAcHx8fX/7swYHvN7K4V3RhpvzvWq/LPKSwPEZsYaOxr8RIwEhjxLan3t/fR1tXH66hkIkbSYRtz7y9vY22rjZW9Xn/+NlzWCq7onvi9fV11PUNhawu7ev+98v3nLixdMK2B56fnycJWlnKGdD+Z/1nYemEbWZPT0+jrq8flbUhK8/r0r7XXu5RXhu1sXTCNpPHx8fR1tWPuvoRWr8cHh7+eiwBq1ETN5IIW8AxtT5s7UisjVldyuUjm83mP9fE1bgJGksnbDO4v78fdX1Dx9P6oJWQ1aUGrfx8aJTWP8LSCNvEbm9vv2W9fxO1o6OjX6O1stS49buuYkYCYZvYy8vLJGFro1aCVh5r0Gq8+s/U99roCR1LJGwTur6+/rZ1D43W6kit3MVwfHz8r9/tj7+1QYOl25yfn8+9DT/G5eXlpKO1ErSytCOw9v06gqu7p+2ozSiNJdvc3d3NvQ0/xsXFxbetu4atBq09SVBHZnX0VkPWH2+DFHZFF3pje2vo/s/yb9XQ9RFrj7UV7bE1kSOBGQaBOOUr3lf0hK6urr59V7TudtYzouXEQVlOT09XJycnvx/LUt+rZ07r5+tFvnXdsCSb7XY79zb8KCUgU17q0S715/0tVsJFGvOxhVz28dnlHu2orSz9SK089uHrb6aHJRG2mdzc3Ex+gW4fs/JY3xvaDRU2lspZ0ZmcnZ3NcktVG7I2Zv2dCKLGkhmxBdwQ/39vgu+PufXH3oSNpRO2PfDw8DDptEU1dO3cbP0ElP16YUmELWDiya9ONDl0dtRojQTCFjZV+FenBhc1kghb2B946cM0NIIbOlEgaiQRttBpxD8LXPu6f95+BpZK2IL/oPJQrIZGZaJGGmH7ATOH9LH602tYOmED4pi2CIgjbEAcYQPiCBsQR9iAOMIGxBE2II6wAXGEDYgjbEAcYQPiCBsQR9iAOMIGxBE2II6wAas0/wBdpDfnoKPWyAAAAABJRU5ErkJggg==""}}]}, {""role"": ""assistant"", ""content"": ""Final Answer: 0.5""}, {""role"": ""user"", ""content"": [{""type"": ""text"", ""text"": ""\nConsider the image provided.\n\nFinal Answer:\n""}, {""type"": ""image_url"", ""image_url"": {""url"": ""data:image/png;base64,iVBORw0KGgoAAAANSUhEUgAAATYAAABcCAYAAADkpJkhAAADt0lEQVR4nO3dvU7jQBSA0QQCFLyQeR8kxLNR01Mi0VPT0tFAgQReDdHsjgdvtPE6cbg+R7ISCPFaW3zc+I9l27btAiCQo6k3AGBswgaEI2xAOMIGhCNsQDjCBoQjbEA4wgaEI2xAOMIGhCNsQDjCBoQjbEA4wgaEI2xAOMIGhCNsQDjCBoQjbEA4wgaEI2xAOMIGhCNsQDjCBoQjbEA4wgaEs2yapp16IwDGtFwsFsIGhOKjKBCOsAHhCBsQzqppmqm3AWBUy7ZtHTwAQvFRFAhH2IBwhA0IR9iAcIQNCEfYgHCEDQhH2IBwhA0IR9iAcFZTbwBrn5+fg997dOT3E5RcK7pn+/zvXi7TfURhfkxsBzSNDQmReMF3JrYd+fj4GGU9dbj6QiZu0CVsI3t/fx9lPWWs8vP6cdNzmDMfRUfy9vY22rr6QpaX8uv659PvKHEDYRvFy8vLzoOWlnT0s/5e/V5A2P7b8/PzaOuqp7IyZOl5XsrXylM90temNhC2wZ6enkZZTz111RNavRwfH389poDlqIkbdAnbxPvU6rCVk1gZs7ykU0dWq9W38+Fy3AQNhG2Qh4eH0dbVtz+tDloKWV5y0NL3+6a0+hHmSNi2dHd3N/o6/yVqJycnX9NaWnLc6o+uYgZrwral19fXnYetjFoKWnrMQcvxqt+TXyujJ3TMlbBt4ebmZifr7ZvW8qSWrmA4PT3t/Gy9/60MGrBYrC4uLqbehh/j+vp6b9NaClpaygmsfD1PcPnjaTm1mdKYu9X9/f3U2/BjXF5e7mS9OWw5aOVBgjyZ5ekth6ze3wb84aPoBBe2l/qu/0z/Tg5dHbFyX1tS7lsTOVhzh0IgHGHbwtXVVedk2TGW+gTc8uv6qoP6Mqvkb9eOwpytmqaZeht+lHT6xb5O9SiXTbEDutyP7QBO+9h0ukcKaTrdIy9nZ2e/n+fX6vDVEx3MjbANdHt7u9cTdOuYpcf8Wg5bOcUJG3PmqOhA5+fne7+kqgxZGbN6P5uoMXcmtokviN/2Ivh6n1u9703YQNhG8fj4uLfbFuXQlfdmq4+a1uuFuRG2iW88OfRGk31HR01rsCZsB3Sr8KG3Bhc16BK2A/oDL3WY+ia4vgMFogZdwnaAtxHfFLjy6/p5+R6YM2E70D+o3BervqlM1OA7YTvwO4fUseqLl6BBl7AB4bi7BxCOsAHhCBsQjrAB4QgbEI6wAeEIGxCOsAHhCBsQjrAB4QgbEI6wAeEIGxCOsAHhCBsQjrABi2h+ASl0NkFWMNjMAAAAAElFTkSuQmCC""}}]}, {""role"": ""assistant"", ""content"": ""Final Answer: 0.5""}, {""role"": ""user"", ""content"": [{""type"": ""text"", ""text"": ""\nConsider the image provided.\n\nFinal Answer:\n""}, {""type"": ""image_url"", ""image_url"": {""url"": ""data:image/png;base64,iVBORw0KGgoAAAANSUhEUgAAATYAAABcCAYAAADkpJkhAAADwElEQVR4nO3dsU7jSgCG0QAGCl4ovA8S4tmo6SmR6Klp6WigQIJczUpzNTvXF+0G24E/50hWkg3xpvo0sT3jg81ms1kBBDnc9RcAmJqwAXGEDYgjbEAcYQPiCBsQR9iAOMIGxBE2II6wAXGEDYgjbEAcYQPiCBsQR9iAOMIGxBE2II6wAXGEDYgjbEAcYQPiCBsQR9iAOMIGxBE2II6wAXEO1uv1ZtdfAmBKB6vVStiAKH6KAnGEDYgjbECcYb1e7/o7AEzqYLPZOHkARPFTFIgjbEAcYQPiCBsQR9iAOMIGxBE2II6wAXGEDYgjbECcYfWDfHx8bP3Zw0MNh33xLeeKLvmVDg7KWptAkuGnjca2CZF4wX7Z6Yjt/f19kv304RoLmbjB/thJ2N7e3ibZTxur+rx//Ow5kGnRn6Kvr6+T7WssZHVrX/d/XzoubpBtsbA9Pz/PHrSylbOf/b/1nwWyLRK2p6enyfbVj8rakJXndWvfay/1KK+N2iDbrGF7fHycZD/9qKsfofXb0dHRr8cSsBo1cYP9MfyEY2p92NqRWBuzupVLR4Zh+M/1cDVuggbZZgvb/f39ZPsaO57WB62ErG41aOXfx0Zp/SOQZZaw3d7eTr7PP4na8fHxr9Fa2Wrc+p+uYgb5Zgnby8vL7GFro1aCVh5r0Gq8+s/U99roCR3kmTxs19fXqzmMjdbqSK3MYDg5Ofntb/vjb23QgGzD+fn5pDu8urpaLTVaK0ErWzsCa9+vI7j687QdtRmlQa7h7u5u0h1eXFys5lDDVoPWniSoI7M6eqsh64+3Afth+K4T21tj8z/L/1ND10esPdZWtMfWRA7yWX0RiDN52C4vL3+7WHaKrb8At33dzzrop1kV/zd3FMg0rNfryXdaLr9Y6lKPdvssdsD+mG09tqkv+/jsco8S0nK5R91OT0//fV7f68PXj+iAHLMuNHlzc7PoBbp9zMpjfa+GrR3FCRtkmnUS/NnZ2eJTqtqQtTHrj7OJGuRaZGnwr06I/9tJ8P0xt/7Ym7BBtsXuefDw8LDYskU1dO3abP1Z036/QI5Fb+ay7cKT2y40OXZ21GgN8u3kLlVfWSp826XBRQ32x07vK7rNDV76MI2N4MZOFIga7I+dhu0ry4h/Frj2df+8/QyQ6duEbZsbKo/FamxUJmqwX75l2P525ZA+VmPxEjTYHz8qbAB/wrJFQBxhA+IIGxBH2IA4wgbEETYgjrABcYQNiCNsQBxhA+IIGxBH2IA4wgbEETYgjrABcYQNWKX5B1S3NkEoUplJAAAAAElFTkSuQmCC""}}]}]",Final Answer: 0.25
openai/gpt-4o-2024-08-06,sample_006,0.1624,0.1624,0.1624,0.2,"[{""role"": ""system"", ""content"": ""You are a lines length ratio estimator.\n        You are given an image of two lines.\n\n        Estimate the ratio of the shorter line to the longer line as a decimal number between 0 and 1.\n\n        Do not explain or reason. Only output the final answer as a number after Final Answer:\n""}, {""role"": ""user"", ""content"": [{""type"": ""text"", ""text"": ""\nConsider the image provided.\n\nFinal Answer:\n""}, {""type"": ""image_url"", ""image_url"": {""url"": ""data:image/png;base64,iVBORw0KGgoAAAANSUhEUgAAATYAAABcCAYAAADkpJkhAAADxklEQVR4nO3dv04iXRzHYVDUwhvC+zExXpu1vaWJvbWtnY0WJsrmbHI2Z887r9nFYWb58jzJBBAZsfn4Y/653Gw2mwVAkKO53wDA2IQNiCNsQBxhA+IIGxBH2IA4wgbEETYgjrABcYQNiCNsQBxhA+IIGxBH2IA4wgbEETYgjrABcYQNiCNsQBxhA+IIGxBH2IA4wgbEETYgjrABcYQNiLNcr9ebud8EwJiWi8VC2IAoPooCcYQNiCNsQJzVer2e+z0AjGq52WzsPACi+CgKxBE2II6wAXGEDYgjbEAcYQPiCBsQR9iAOMIGxBE2IM5q7jfwr/r8/Nz6tUdH/l7AnA7+XNEpf/3lslzXE9i1g5zY/nQa2yZE4gXzO5iJ7ePjY5T19OEaCpm4wbziw/b+/j7KetpY1fv97Vf3genEfhR9e3sbbV1DIatL+7j//vI3Q9xgepFhe3l52XnQylL2fvZf618LTC8ubM/Pz6Otq5/K2pCV+3Vpn2sP9SiPTW0wvZiwPT09jbKefurqJ7R+OT4+/nlbAlajJm4wr5iwjbVNrQ9bO4m1MatLOXRktVr953i4GjdBg+lFhO3h4WG0dQ1tT+uDVkJWlxq08vWhKa2/BXZv78N2d3c3+jr/JGonJyc/p7Wy1Lj1H13FDOax92F7fX3dedjaqJWgldsatBqv/jX1uTZ6QgfT2Ouw3dzc7GS9Q9NandTKGQynp6e/fW+//a0NGjC91cXFxWJfXV9fTzatlaCVpZ3A2ufrBFc/nrZTmykNprW6v79f7KvLy8udrLeGrQat3UlQJ7M6vdWQ9dvbgPns9UfRsU5sbw2d/1l+Tg1dH7F2W1vRblsTOZiHKyICcfY6bFdXV78dLDvG0h+A2z7uzzroT7Mq/u/cUWA6q/V6vdhn5fCLqQ71aJevYgfMK+J6bGMf9vHV4R4lpOVwj7qcnZ39ul+f68PXT3TAbkWErbi9vZ30AN0+ZuW2PlfD1k5xwgbT2eu9oq3z8/PJT6lqQ9bGrN/OJmowrZiJbawT4v/2JPh+m1u/7U3YYHpxYSseHx8nu2xRDV17bbZ+r2m/XmC3IsP2nQtPbnuhyaG9o6Y1mEds2Ma4VPi2lwYXNZhXfNi+8w9e+jANTXBDOwpEDeZ1MGH7zmXEvwpc+7i/374GmM5Bhm2bf6g8FKuhqUzUYH4HH7a/vXJIH6uheAkazEvYgDh7fXUPgCHCBsQRNiCOsAFxhA2II2xAHGED4ggbEEfYgDjCBsQRNiCOsAFxhA2II2xAHGED4ggbsEjzA5yMNkFpGj6SAAAAAElFTkSuQmCC""}}]}, {""role"": ""assistant"", ""content"": ""Final Answer: 0.25""}, {""role"": ""user"", ""content"": [{""type"": ""text"", ""text"": ""\nConsider the image provided.\n\nFinal Answer:\n""}, {""type"": ""image_url"", ""image_url"": {""url"": ""data:image/png;base64,iVBORw0KGgoAAAANSUhEUgAAATYAAABcCAYAAADkpJkhAAADz0lEQVR4nO3du04bQRiAURuWi8QLLe9DwzvxBtT0lEj01LR0NFAggaNBmmgy2ZDEnlkn/54jrdbGeOIi+jx7Zb3ZbDYrgEAO9v0BAFoTNiAcYQPCETYgHGEDwhE2IBxhA8IRNiAcYQPCETYgHGEDwhE2IBxhA8IRNiAcYQPCETYgHGEDwhE2IBxhA8IRNiAcYQPCETYgHGEDwhE2IBxhA8IRNiCc9TiOm31/CICW1qvVStiAUGyKAuEIGxCOsAHhDOM47vszADS13mw2Dh4AodgUBcIRNiAcYQPCETYgHGEDwhE2IBxhA8IRNiAcYQPCETYgnGHfH4D/z8fHx9bvPTjwXUp/rhXll+b8r7Fep3ueQhtmbGw9G9smRgLGHMzYWL2/vzcbqw7XVMjEjd6EbcHe3t6ajVXGKj+u1189hpZsii7Q6+tr0/GmQpaX8nn9++k7VdzoQdgW5vn5eZagpSUdAa1/Vr8XehC2BXl6emo6Xj0rK0OWHuelfK083SM9N2ujB2FbgMfHx2Zj1bOueoZWL4eHh5/rFLAcNXGjN2FbgJb71OqwlTOxMmZ5SaePDMPw0zlxOW6CRg/CFtz9/X3T8ab2p9VBSyHLSw5a+vnULK1eQwvCFtjt7W2Xcf8kakdHR5+ztbTkuNWbrmJGL8IW2MvLyyxhK6OWgpbWOWg5XvV78mtl9ISOVoQtqOvr625jT83W8kwtXcVwfHz8w+/W+9/KoEEPw/n5eZeB2a/Ly8tZZ2spaGkpZ2Dl63kGlzdPy1mbWRqtDXd3d80HZf8uLi66jZ3DloNWHiTIM7M8e8shq/e3QU82RYNqeWF7aer6z/Rv5dDVESv3tSXlvjWRoxd3/QPCSV+7vjaDurq66r4pmjc78xHRdOAgLaenp6uTk5Pv67Tk1/KR0/z+fJJvHht2NYzjuPMg/JtSQOY81aNc8s/rS6yEizm4H1twPU77+Op0j3LWlpZ6ppbWdfjqi+lhV8K2ADc3N7OfoFvHLK3za1ObocJGS46KLsDZ2dleLqkqQ1bGrL4SQdRozYxtQVpcEP+3F8HX+9zqfW/CRg/CtjAPDw+z3rYoh668N1t9A8p6XNiVsC3QLjee3PZGk1NHR83W6EXYFmzXW4Vve2twUaM3YWPrP/BSh2lqBjd1oEDU6E3Y2Pk24l8FrnxePy7fAy0JG03+oPJUrKZmZaLGHISNpncOqWP1u+fQg7AB4bhtERCOsAHhCBsQjrAB4QgbEI6wAeEIGxCOsAHhCBsQjrAB4QgbEI6wAeEIGxCOsAHhCBsQjrABq2i+AV6ZN+f7P3/YAAAAAElFTkSuQmCC""}}]}, {""role"": ""assistant"", ""content"": ""Final Answer: 0.33""}, {""role"": ""user"", ""content"": [{""type"": ""text"", ""text"": ""\nConsider the image provided.\n\nFinal Answer:\n""}, {""type"": ""image_url"", ""image_url"": {""url"": ""data:image/png;base64,iVBORw0KGgoAAAANSUhEUgAAATYAAABcCAYAAADkpJkhAAADx0lEQVR4nO3dvU7jSgCG4QTCj8QNhfuh4Z64A2p6SiR6alo6GiiQIEez0qzmzLHYPcjY8cfzSFYSQryWVnoz/hvWu91utwIIcjD3BgCMTdiAOMIGxBE2II6wAXGEDYgjbEAcYQPiCBsQR9iAOMIGxBE2II6wAXGEDYgjbEAcYQPiCBsQR9iAOMIGxBE2II6wAXGEDYgjbEAcYQPiCBsQR9iAOOvtdrubeyMAxrRerVbCBkSxKwrEETYgjrABcTbb7XbubQAY1Xq32zl5AESxKwrEETYgjrABcYQNiCNsQBxhA+IIGxBH2IA4wgbEETYgzmbuDWAcHx8fX/7swYHvN7K4V3RhpvzvWq/LPKSwPEZsYaOxr8RIwEhjxLan3t/fR1tXH66hkIkbSYRtz7y9vY22rjZW9Xn/+NlzWCq7onvi9fV11PUNhawu7ev+98v3nLixdMK2B56fnycJWlnKGdD+Z/1nYemEbWZPT0+jrq8flbUhK8/r0r7XXu5RXhu1sXTCNpPHx8fR1tWPuvoRWr8cHh7+eiwBq1ETN5IIW8AxtT5s7UisjVldyuUjm83mP9fE1bgJGksnbDO4v78fdX1Dx9P6oJWQ1aUGrfx8aJTWP8LSCNvEbm9vv2W9fxO1o6OjX6O1stS49buuYkYCYZvYy8vLJGFro1aCVh5r0Gq8+s/U99roCR1LJGwTur6+/rZ1D43W6kit3MVwfHz8r9/tj7+1QYOl25yfn8+9DT/G5eXlpKO1ErSytCOw9v06gqu7p+2ozSiNJdvc3d3NvQ0/xsXFxbetu4atBq09SVBHZnX0VkPWH2+DFHZFF3pje2vo/s/yb9XQ9RFrj7UV7bE1kSOBGQaBOOUr3lf0hK6urr59V7TudtYzouXEQVlOT09XJycnvx/LUt+rZ07r5+tFvnXdsCSb7XY79zb8KCUgU17q0S715/0tVsJFGvOxhVz28dnlHu2orSz9SK089uHrb6aHJRG2mdzc3Ex+gW4fs/JY3xvaDRU2lspZ0ZmcnZ3NcktVG7I2Zv2dCKLGkhmxBdwQ/39vgu+PufXH3oSNpRO2PfDw8DDptEU1dO3cbP0ElP16YUmELWDiya9ONDl0dtRojQTCFjZV+FenBhc1kghb2B946cM0NIIbOlEgaiQRttBpxD8LXPu6f95+BpZK2IL/oPJQrIZGZaJGGmH7ATOH9LH602tYOmED4pi2CIgjbEAcYQPiCBsQR9iAOMIGxBE2II6wAXGEDYgjbEAcYQPiCBsQR9iAOMIGxBE2II6wAas0/wBdpDfnoKPWyAAAAABJRU5ErkJggg==""}}]}, {""role"": ""assistant"", ""content"": ""Final Answer: 0.5""}, {""role"": ""user"", ""content"": [{""type"": ""text"", ""text"": ""\nConsider the image provided.\n\nFinal Answer:\n""}, {""type"": ""image_url"", ""image_url"": {""url"": ""data:image/png;base64,iVBORw0KGgoAAAANSUhEUgAAATYAAABcCAYAAADkpJkhAAADt0lEQVR4nO3dvU7jQBSA0QQCFLyQeR8kxLNR01Mi0VPT0tFAgQReDdHsjgdvtPE6cbg+R7ISCPFaW3zc+I9l27btAiCQo6k3AGBswgaEI2xAOMIGhCNsQDjCBoQjbEA4wgaEI2xAOMIGhCNsQDjCBoQjbEA4wgaEI2xAOMIGhCNsQDjCBoQjbEA4wgaEI2xAOMIGhCNsQDjCBoQjbEA4wgaEs2yapp16IwDGtFwsFsIGhOKjKBCOsAHhCBsQzqppmqm3AWBUy7ZtHTwAQvFRFAhH2IBwhA0IR9iAcIQNCEfYgHCEDQhH2IBwhA0IR9iAcFZTbwBrn5+fg997dOT3E5RcK7pn+/zvXi7TfURhfkxsBzSNDQmReMF3JrYd+fj4GGU9dbj6QiZu0CVsI3t/fx9lPWWs8vP6cdNzmDMfRUfy9vY22rr6QpaX8uv659PvKHEDYRvFy8vLzoOWlnT0s/5e/V5A2P7b8/PzaOuqp7IyZOl5XsrXylM90temNhC2wZ6enkZZTz111RNavRwfH389poDlqIkbdAnbxPvU6rCVk1gZs7ykU0dWq9W38+Fy3AQNhG2Qh4eH0dbVtz+tDloKWV5y0NL3+6a0+hHmSNi2dHd3N/o6/yVqJycnX9NaWnLc6o+uYgZrwral19fXnYetjFoKWnrMQcvxqt+TXyujJ3TMlbBt4ebmZifr7ZvW8qSWrmA4PT3t/Gy9/60MGrBYrC4uLqbehh/j+vp6b9NaClpaygmsfD1PcPnjaTm1mdKYu9X9/f3U2/BjXF5e7mS9OWw5aOVBgjyZ5ekth6ze3wb84aPoBBe2l/qu/0z/Tg5dHbFyX1tS7lsTOVhzh0IgHGHbwtXVVedk2TGW+gTc8uv6qoP6Mqvkb9eOwpytmqaZeht+lHT6xb5O9SiXTbEDutyP7QBO+9h0ukcKaTrdIy9nZ2e/n+fX6vDVEx3MjbANdHt7u9cTdOuYpcf8Wg5bOcUJG3PmqOhA5+fne7+kqgxZGbN6P5uoMXcmtokviN/2Ivh6n1u9703YQNhG8fj4uLfbFuXQlfdmq4+a1uuFuRG2iW88OfRGk31HR01rsCZsB3Sr8KG3Bhc16BK2A/oDL3WY+ia4vgMFogZdwnaAtxHfFLjy6/p5+R6YM2E70D+o3BervqlM1OA7YTvwO4fUseqLl6BBl7AB4bi7BxCOsAHhCBsQjrAB4QgbEI6wAeEIGxCOsAHhCBsQjrAB4QgbEI6wAeEIGxCOsAHhCBsQjrABi2h+ASl0NkFWMNjMAAAAAElFTkSuQmCC""}}]}, {""role"": ""assistant"", ""content"": ""Final Answer: 0.5""}, {""role"": ""user"", ""content"": [{""type"": ""text"", ""text"": ""\nConsider the image provided.\n\nFinal Answer:\n""}, {""type"": ""image_url"", ""image_url"": {""url"": ""data:image/png;base64,iVBORw0KGgoAAAANSUhEUgAAATYAAABcCAYAAADkpJkhAAADwElEQVR4nO3dsU7jSgCG0QAGCl4ovA8S4tmo6SmR6Klp6WigQIJczUpzNTvXF+0G24E/50hWkg3xpvo0sT3jg81ms1kBBDnc9RcAmJqwAXGEDYgjbEAcYQPiCBsQR9iAOMIGxBE2II6wAXGEDYgjbEAcYQPiCBsQR9iAOMIGxBE2II6wAXGEDYgjbEAcYQPiCBsQR9iAOMIGxBE2II6wAXEO1uv1ZtdfAmBKB6vVStiAKH6KAnGEDYgjbECcYb1e7/o7AEzqYLPZOHkARPFTFIgjbEAcYQPiCBsQR9iAOMIGxBE2II6wAXGEDYgjbECcYfWDfHx8bP3Zw0MNh33xLeeKLvmVDg7KWptAkuGnjca2CZF4wX7Z6Yjt/f19kv304RoLmbjB/thJ2N7e3ibZTxur+rx//Ow5kGnRn6Kvr6+T7WssZHVrX/d/XzoubpBtsbA9Pz/PHrSylbOf/b/1nwWyLRK2p6enyfbVj8rakJXndWvfay/1KK+N2iDbrGF7fHycZD/9qKsfofXb0dHRr8cSsBo1cYP9MfyEY2p92NqRWBuzupVLR4Zh+M/1cDVuggbZZgvb/f39ZPsaO57WB62ErG41aOXfx0Zp/SOQZZaw3d7eTr7PP4na8fHxr9Fa2Wrc+p+uYgb5Zgnby8vL7GFro1aCVh5r0Gq8+s/U99roCR3kmTxs19fXqzmMjdbqSK3MYDg5Ofntb/vjb23QgGzD+fn5pDu8urpaLTVaK0ErWzsCa9+vI7j687QdtRmlQa7h7u5u0h1eXFys5lDDVoPWniSoI7M6eqsh64+3Afth+K4T21tj8z/L/1ND10esPdZWtMfWRA7yWX0RiDN52C4vL3+7WHaKrb8At33dzzrop1kV/zd3FMg0rNfryXdaLr9Y6lKPdvssdsD+mG09tqkv+/jsco8S0nK5R91OT0//fV7f68PXj+iAHLMuNHlzc7PoBbp9zMpjfa+GrR3FCRtkmnUS/NnZ2eJTqtqQtTHrj7OJGuRaZGnwr06I/9tJ8P0xt/7Ym7BBtsXuefDw8LDYskU1dO3abP1Z036/QI5Fb+ay7cKT2y40OXZ21GgN8u3kLlVfWSp826XBRQ32x07vK7rNDV76MI2N4MZOFIga7I+dhu0ry4h/Frj2df+8/QyQ6duEbZsbKo/FamxUJmqwX75l2P525ZA+VmPxEjTYHz8qbAB/wrJFQBxhA+IIGxBH2IA4wgbEETYgjrABcYQNiCNsQBxhA+IIGxBH2IA4wgbEETYgjrABcYQNWKX5B1S3NkEoUplJAAAAAElFTkSuQmCC""}}]}, {""role"": ""assistant"", ""content"": ""Final Answer: 0.25""}, {""role"": ""user"", ""content"": [{""type"": ""text"", ""text"": ""\nConsider the image provided.\n\nFinal Answer:\n""}, {""type"": ""image_url"", ""image_url"": {""url"": ""data:image/png;base64,iVBORw0KGgoAAAANSUhEUgAAATYAAABcCAYAAADkpJkhAAADwElEQVR4nO3dsU7jSgCG0QAGCl4ovA8S4tmo6SmR6Klp6WigQIJczUpzNTvXF+0G24E/50hWkg3xpvo0sT3jg81ms1kBBDnc9RcAmJqwAXGEDYgjbEAcYQPiCBsQR9iAOMIGxBE2II6wAXGEDYgjbEAcYQPiCBsQR9iAOMIGxBE2II6wAXGEDYgjbEAcYQPiCBsQR9iAOMIGxBE2II6wAXEO1uv1ZtdfAmBKB6vVStiAKH6KAnGEDYgjbECcYb1e7/o7AEzqYLPZOHkARPFTFIgjbEAcYQPiCBsQR9iAOMIGxBE2II6wAXGEDYgjbECcYfWDfHx8bP3Zw0MNh33xLeeKLvmVDg7KWptAkuGnjca2CZF4wX7Z6Yjt/f19kv304RoLmbjB/thJ2N7e3ibZTxur+rx//Ow5kGnRn6Kvr6+T7WssZHVrX/d/XzoubpBtsbA9Pz/PHrSylbOf/b/1nwWyLRK2p6enyfbVj8rakJXndWvfay/1KK+N2iDbrGF7fHycZD/9qKsfofXb0dHRr8cSsBo1cYP9MfyEY2p92NqRWBuzupVLR4Zh+M/1cDVuggbZZgvb/f39ZPsaO57WB62ErG41aOXfx0Zp/SOQZZaw3d7eTr7PP4na8fHxr9Fa2Wrc+p+uYgb5Zgnby8vL7GFro1aCVh5r0Gq8+s/U99roCR3kmTxs19fXqzmMjdbqSK3MYDg5Ofntb/vjb23QgGzD+fn5pDu8urpaLTVaK0ErWzsCa9+vI7j687QdtRmlQa7h7u5u0h1eXFys5lDDVoPWniSoI7M6eqsh64+3Afth+K4T21tj8z/L/1ND10esPdZWtMfWRA7yWX0RiDN52C4vL3+7WHaKrb8At33dzzrop1kV/zd3FMg0rNfryXdaLr9Y6lKPdvssdsD+mG09tqkv+/jsco8S0nK5R91OT0//fV7f68PXj+iAHLMuNHlzc7PoBbp9zMpjfa+GrR3FCRtkmnUS/NnZ2eJTqtqQtTHrj7OJGuRaZGnwr06I/9tJ8P0xt/7Ym7BBtsXuefDw8LDYskU1dO3abP1Z036/QI5Fb+ay7cKT2y40OXZ21GgN8u3kLlVfWSp826XBRQ32x07vK7rNDV76MI2N4MZOFIga7I+dhu0ry4h/Frj2df+8/QyQ6duEbZsbKo/FamxUJmqwX75l2P525ZA+VmPxEjTYHz8qbAB/wrJFQBxhA+IIGxBH2IA4wgbEETYgjrABcYQNiCNsQBxhA+IIGxBH2IA4wgbEETYgjrABcYQNWKX5B1S3NkEoUplJAAAAAElFTkSuQmCC""}}]}]",Final Answer: 0.2
openai/gpt-4o-2024-08-06,sample_007,0.1232,0.1232,0.1232,0.2,"[{""role"": ""system"", ""content"": ""You are a lines length ratio estimator.\n        You are given an image of two lines.\n\n        Estimate the ratio of the shorter line to the longer line as a decimal number between 0 and 1.\n\n        Do not explain or reason. Only output the final answer as a number after Final Answer:\n""}, {""role"": ""user"", ""content"": [{""type"": ""text"", ""text"": ""\nConsider the image provided.\n\nFinal Answer:\n""}, {""type"": ""image_url"", ""image_url"": {""url"": ""data:image/png;base64,iVBORw0KGgoAAAANSUhEUgAAATYAAABcCAYAAADkpJkhAAADxklEQVR4nO3dv04iXRzHYVDUwhvC+zExXpu1vaWJvbWtnY0WJsrmbHI2Z887r9nFYWb58jzJBBAZsfn4Y/653Gw2mwVAkKO53wDA2IQNiCNsQBxhA+IIGxBH2IA4wgbEETYgjrABcYQNiCNsQBxhA+IIGxBH2IA4wgbEETYgjrABcYQNiCNsQBxhA+IIGxBH2IA4wgbEETYgjrABcYQNiLNcr9ebud8EwJiWi8VC2IAoPooCcYQNiCNsQJzVer2e+z0AjGq52WzsPACi+CgKxBE2II6wAXGEDYgjbEAcYQPiCBsQR9iAOMIGxBE2IM5q7jfwr/r8/Nz6tUdH/l7AnA7+XNEpf/3lslzXE9i1g5zY/nQa2yZE4gXzO5iJ7ePjY5T19OEaCpm4wbziw/b+/j7KetpY1fv97Vf3genEfhR9e3sbbV1DIatL+7j//vI3Q9xgepFhe3l52XnQylL2fvZf618LTC8ubM/Pz6Otq5/K2pCV+3Vpn2sP9SiPTW0wvZiwPT09jbKefurqJ7R+OT4+/nlbAlajJm4wr5iwjbVNrQ9bO4m1MatLOXRktVr953i4GjdBg+lFhO3h4WG0dQ1tT+uDVkJWlxq08vWhKa2/BXZv78N2d3c3+jr/JGonJyc/p7Wy1Lj1H13FDOax92F7fX3dedjaqJWgldsatBqv/jX1uTZ6QgfT2Ouw3dzc7GS9Q9NandTKGQynp6e/fW+//a0NGjC91cXFxWJfXV9fTzatlaCVpZ3A2ufrBFc/nrZTmykNprW6v79f7KvLy8udrLeGrQat3UlQJ7M6vdWQ9dvbgPns9UfRsU5sbw2d/1l+Tg1dH7F2W1vRblsTOZiHKyICcfY6bFdXV78dLDvG0h+A2z7uzzroT7Mq/u/cUWA6q/V6vdhn5fCLqQ71aJevYgfMK+J6bGMf9vHV4R4lpOVwj7qcnZ39ul+f68PXT3TAbkWErbi9vZ30AN0+ZuW2PlfD1k5xwgbT2eu9oq3z8/PJT6lqQ9bGrN/OJmowrZiJbawT4v/2JPh+m1u/7U3YYHpxYSseHx8nu2xRDV17bbZ+r2m/XmC3IsP2nQtPbnuhyaG9o6Y1mEds2Ma4VPi2lwYXNZhXfNi+8w9e+jANTXBDOwpEDeZ1MGH7zmXEvwpc+7i/374GmM5Bhm2bf6g8FKuhqUzUYH4HH7a/vXJIH6uheAkazEvYgDh7fXUPgCHCBsQRNiCOsAFxhA2II2xAHGED4ggbEEfYgDjCBsQRNiCOsAFxhA2II2xAHGED4ggbsEjzA5yMNkFpGj6SAAAAAElFTkSuQmCC""}}]}, {""role"": ""assistant"", ""content"": ""Final Answer: 0.25""}, {""role"": ""user"", ""content"": [{""type"": ""text"", ""text"": ""\nConsider the image provided.\n\nFinal Answer:\n""}, {""type"": ""image_url"", ""image_url"": {""url"": ""data:image/png;base64,iVBORw0KGgoAAAANSUhEUgAAATYAAABcCAYAAADkpJkhAAADz0lEQVR4nO3du04bQRiAURuWi8QLLe9DwzvxBtT0lEj01LR0NFAggaNBmmgy2ZDEnlkn/54jrdbGeOIi+jx7Zb3ZbDYrgEAO9v0BAFoTNiAcYQPCETYgHGEDwhE2IBxhA8IRNiAcYQPCETYgHGEDwhE2IBxhA8IRNiAcYQPCETYgHGEDwhE2IBxhA8IRNiAcYQPCETYgHGEDwhE2IBxhA8IRNiCc9TiOm31/CICW1qvVStiAUGyKAuEIGxCOsAHhDOM47vszADS13mw2Dh4AodgUBcIRNiAcYQPCETYgHGEDwhE2IBxhA8IRNiAcYQPCETYgnGHfH4D/z8fHx9bvPTjwXUp/rhXll+b8r7Fep3ueQhtmbGw9G9smRgLGHMzYWL2/vzcbqw7XVMjEjd6EbcHe3t6ajVXGKj+u1189hpZsii7Q6+tr0/GmQpaX8nn9++k7VdzoQdgW5vn5eZagpSUdAa1/Vr8XehC2BXl6emo6Xj0rK0OWHuelfK083SM9N2ujB2FbgMfHx2Zj1bOueoZWL4eHh5/rFLAcNXGjN2FbgJb71OqwlTOxMmZ5SaePDMPw0zlxOW6CRg/CFtz9/X3T8ab2p9VBSyHLSw5a+vnULK1eQwvCFtjt7W2Xcf8kakdHR5+ztbTkuNWbrmJGL8IW2MvLyyxhK6OWgpbWOWg5XvV78mtl9ISOVoQtqOvr625jT83W8kwtXcVwfHz8w+/W+9/KoEEPw/n5eZeB2a/Ly8tZZ2spaGkpZ2Dl63kGlzdPy1mbWRqtDXd3d80HZf8uLi66jZ3DloNWHiTIM7M8e8shq/e3QU82RYNqeWF7aer6z/Rv5dDVESv3tSXlvjWRoxd3/QPCSV+7vjaDurq66r4pmjc78xHRdOAgLaenp6uTk5Pv67Tk1/KR0/z+fJJvHht2NYzjuPMg/JtSQOY81aNc8s/rS6yEizm4H1twPU77+Op0j3LWlpZ6ppbWdfjqi+lhV8K2ADc3N7OfoFvHLK3za1ObocJGS46KLsDZ2dleLqkqQ1bGrL4SQdRozYxtQVpcEP+3F8HX+9zqfW/CRg/CtjAPDw+z3rYoh668N1t9A8p6XNiVsC3QLjee3PZGk1NHR83W6EXYFmzXW4Vve2twUaM3YWPrP/BSh2lqBjd1oEDU6E3Y2Pk24l8FrnxePy7fAy0JG03+oPJUrKZmZaLGHISNpncOqWP1u+fQg7AB4bhtERCOsAHhCBsQjrAB4QgbEI6wAeEIGxCOsAHhCBsQjrAB4QgbEI6wAeEIGxCOsAHhCBsQjrABq2i+AV6ZN+f7P3/YAAAAAElFTkSuQmCC""}}]}, {""role"": ""assistant"", ""content"": ""Final Answer: 0.33""}, {""role"": ""user"", ""content"": [{""type"": ""text"", ""text"": ""\nConsider the image provided.\n\nFinal Answer:\n""}, {""type"": ""image_url"", ""image_url"": {""url"": ""data:image/png;base64,iVBORw0KGgoAAAANSUhEUgAAATYAAABcCAYAAADkpJkhAAADx0lEQVR4nO3dvU7jSgCG4QTCj8QNhfuh4Z64A2p6SiR6alo6GiiQIEez0qzmzLHYPcjY8cfzSFYSQryWVnoz/hvWu91utwIIcjD3BgCMTdiAOMIGxBE2II6wAXGEDYgjbEAcYQPiCBsQR9iAOMIGxBE2II6wAXGEDYgjbEAcYQPiCBsQR9iAOMIGxBE2II6wAXGEDYgjbEAcYQPiCBsQR9iAOOvtdrubeyMAxrRerVbCBkSxKwrEETYgjrABcTbb7XbubQAY1Xq32zl5AESxKwrEETYgjrABcYQNiCNsQBxhA+IIGxBH2IA4wgbEETYgzmbuDWAcHx8fX/7swYHvN7K4V3RhpvzvWq/LPKSwPEZsYaOxr8RIwEhjxLan3t/fR1tXH66hkIkbSYRtz7y9vY22rjZW9Xn/+NlzWCq7onvi9fV11PUNhawu7ev+98v3nLixdMK2B56fnycJWlnKGdD+Z/1nYemEbWZPT0+jrq8flbUhK8/r0r7XXu5RXhu1sXTCNpPHx8fR1tWPuvoRWr8cHh7+eiwBq1ETN5IIW8AxtT5s7UisjVldyuUjm83mP9fE1bgJGksnbDO4v78fdX1Dx9P6oJWQ1aUGrfx8aJTWP8LSCNvEbm9vv2W9fxO1o6OjX6O1stS49buuYkYCYZvYy8vLJGFro1aCVh5r0Gq8+s/U99roCR1LJGwTur6+/rZ1D43W6kit3MVwfHz8r9/tj7+1QYOl25yfn8+9DT/G5eXlpKO1ErSytCOw9v06gqu7p+2ozSiNJdvc3d3NvQ0/xsXFxbetu4atBq09SVBHZnX0VkPWH2+DFHZFF3pje2vo/s/yb9XQ9RFrj7UV7bE1kSOBGQaBOOUr3lf0hK6urr59V7TudtYzouXEQVlOT09XJycnvx/LUt+rZ07r5+tFvnXdsCSb7XY79zb8KCUgU17q0S715/0tVsJFGvOxhVz28dnlHu2orSz9SK089uHrb6aHJRG2mdzc3Ex+gW4fs/JY3xvaDRU2lspZ0ZmcnZ3NcktVG7I2Zv2dCKLGkhmxBdwQ/39vgu+PufXH3oSNpRO2PfDw8DDptEU1dO3cbP0ElP16YUmELWDiya9ONDl0dtRojQTCFjZV+FenBhc1kghb2B946cM0NIIbOlEgaiQRttBpxD8LXPu6f95+BpZK2IL/oPJQrIZGZaJGGmH7ATOH9LH602tYOmED4pi2CIgjbEAcYQPiCBsQR9iAOMIGxBE2II6wAXGEDYgjbEAcYQPiCBsQR9iAOMIGxBE2II6wAas0/wBdpDfnoKPWyAAAAABJRU5ErkJggg==""}}]}, {""role"": ""assistant"", ""content"": ""Final Answer: 0.5""}, {""role"": ""user"", ""content"": [{""type"": ""text"", ""text"": ""\nConsider the image provided.\n\nFinal Answer:\n""}, {""type"": ""image_url"", ""image_url"": {""url"": ""data:image/png;base64,iVBORw0KGgoAAAANSUhEUgAAATYAAABcCAYAAADkpJkhAAADt0lEQVR4nO3dvU7jQBSA0QQCFLyQeR8kxLNR01Mi0VPT0tFAgQReDdHsjgdvtPE6cbg+R7ISCPFaW3zc+I9l27btAiCQo6k3AGBswgaEI2xAOMIGhCNsQDjCBoQjbEA4wgaEI2xAOMIGhCNsQDjCBoQjbEA4wgaEI2xAOMIGhCNsQDjCBoQjbEA4wgaEI2xAOMIGhCNsQDjCBoQjbEA4wgaEs2yapp16IwDGtFwsFsIGhOKjKBCOsAHhCBsQzqppmqm3AWBUy7ZtHTwAQvFRFAhH2IBwhA0IR9iAcIQNCEfYgHCEDQhH2IBwhA0IR9iAcFZTbwBrn5+fg997dOT3E5RcK7pn+/zvXi7TfURhfkxsBzSNDQmReMF3JrYd+fj4GGU9dbj6QiZu0CVsI3t/fx9lPWWs8vP6cdNzmDMfRUfy9vY22rr6QpaX8uv659PvKHEDYRvFy8vLzoOWlnT0s/5e/V5A2P7b8/PzaOuqp7IyZOl5XsrXylM90temNhC2wZ6enkZZTz111RNavRwfH389poDlqIkbdAnbxPvU6rCVk1gZs7ykU0dWq9W38+Fy3AQNhG2Qh4eH0dbVtz+tDloKWV5y0NL3+6a0+hHmSNi2dHd3N/o6/yVqJycnX9NaWnLc6o+uYgZrwral19fXnYetjFoKWnrMQcvxqt+TXyujJ3TMlbBt4ebmZifr7ZvW8qSWrmA4PT3t/Gy9/60MGrBYrC4uLqbehh/j+vp6b9NaClpaygmsfD1PcPnjaTm1mdKYu9X9/f3U2/BjXF5e7mS9OWw5aOVBgjyZ5ekth6ze3wb84aPoBBe2l/qu/0z/Tg5dHbFyX1tS7lsTOVhzh0IgHGHbwtXVVedk2TGW+gTc8uv6qoP6Mqvkb9eOwpytmqaZeht+lHT6xb5O9SiXTbEDutyP7QBO+9h0ukcKaTrdIy9nZ2e/n+fX6vDVEx3MjbANdHt7u9cTdOuYpcf8Wg5bOcUJG3PmqOhA5+fne7+kqgxZGbN6P5uoMXcmtokviN/2Ivh6n1u9703YQNhG8fj4uLfbFuXQlfdmq4+a1uuFuRG2iW88OfRGk31HR01rsCZsB3Sr8KG3Bhc16BK2A/oDL3WY+ia4vgMFogZdwnaAtxHfFLjy6/p5+R6YM2E70D+o3BervqlM1OA7YTvwO4fUseqLl6BBl7AB4bi7BxCOsAHhCBsQjrAB4QgbEI6wAeEIGxCOsAHhCBsQjrAB4QgbEI6wAeEIGxCOsAHhCBsQjrABi2h+ASl0NkFWMNjMAAAAAElFTkSuQmCC""}}]}, {""role"": ""assistant"", ""content"": ""Final Answer: 0.5""}, {""role"": ""user"", ""content"": [{""type"": ""text"", ""text"": ""\nConsider the image provided.\n\nFinal Answer:\n""}, {""type"": ""image_url"", ""image_url"": {""url"": ""data:image/png;base64,iVBORw0KGgoAAAANSUhEUgAAATYAAABcCAYAAADkpJkhAAADwElEQVR4nO3dsU7jSgCG0QAGCl4ovA8S4tmo6SmR6Klp6WigQIJczUpzNTvXF+0G24E/50hWkg3xpvo0sT3jg81ms1kBBDnc9RcAmJqwAXGEDYgjbEAcYQPiCBsQR9iAOMIGxBE2II6wAXGEDYgjbEAcYQPiCBsQR9iAOMIGxBE2II6wAXGEDYgjbEAcYQPiCBsQR9iAOMIGxBE2II6wAXEO1uv1ZtdfAmBKB6vVStiAKH6KAnGEDYgjbECcYb1e7/o7AEzqYLPZOHkARPFTFIgjbEAcYQPiCBsQR9iAOMIGxBE2II6wAXGEDYgjbECcYfWDfHx8bP3Zw0MNh33xLeeKLvmVDg7KWptAkuGnjca2CZF4wX7Z6Yjt/f19kv304RoLmbjB/thJ2N7e3ibZTxur+rx//Ow5kGnRn6Kvr6+T7WssZHVrX/d/XzoubpBtsbA9Pz/PHrSylbOf/b/1nwWyLRK2p6enyfbVj8rakJXndWvfay/1KK+N2iDbrGF7fHycZD/9qKsfofXb0dHRr8cSsBo1cYP9MfyEY2p92NqRWBuzupVLR4Zh+M/1cDVuggbZZgvb/f39ZPsaO57WB62ErG41aOXfx0Zp/SOQZZaw3d7eTr7PP4na8fHxr9Fa2Wrc+p+uYgb5Zgnby8vL7GFro1aCVh5r0Gq8+s/U99roCR3kmTxs19fXqzmMjdbqSK3MYDg5Ofntb/vjb23QgGzD+fn5pDu8urpaLTVaK0ErWzsCa9+vI7j687QdtRmlQa7h7u5u0h1eXFys5lDDVoPWniSoI7M6eqsh64+3Afth+K4T21tj8z/L/1ND10esPdZWtMfWRA7yWX0RiDN52C4vL3+7WHaKrb8At33dzzrop1kV/zd3FMg0rNfryXdaLr9Y6lKPdvssdsD+mG09tqkv+/jsco8S0nK5R91OT0//fV7f68PXj+iAHLMuNHlzc7PoBbp9zMpjfa+GrR3FCRtkmnUS/NnZ2eJTqtqQtTHrj7OJGuRaZGnwr06I/9tJ8P0xt/7Ym7BBtsXuefDw8LDYskU1dO3abP1Z036/QI5Fb+ay7cKT2y40OXZ21GgN8u3kLlVfWSp826XBRQ32x07vK7rNDV76MI2N4MZOFIga7I+dhu0ry4h/Frj2df+8/QyQ6duEbZsbKo/FamxUJmqwX75l2P525ZA+VmPxEjTYHz8qbAB/wrJFQBxhA+IIGxBH2IA4wgbEETYgjrABcYQNiCNsQBxhA+IIGxBH2IA4wgbEETYgjrABcYQNWKX5B1S3NkEoUplJAAAAAElFTkSuQmCC""}}]}, {""role"": ""assistant"", ""content"": ""Final Answer: 0.25""}, {""role"": ""user"", ""content"": [{""type"": ""text"", ""text"": ""\nConsider the image provided.\n\nFinal Answer:\n""}, {""type"": ""image_url"", ""image_url"": {""url"": ""data:image/png;base64,iVBORw0KGgoAAAANSUhEUgAAATYAAABcCAYAAADkpJkhAAADwElEQVR4nO3dsU7jSgCG0QAGCl4ovA8S4tmo6SmR6Klp6WigQIJczUpzNTvXF+0G24E/50hWkg3xpvo0sT3jg81ms1kBBDnc9RcAmJqwAXGEDYgjbEAcYQPiCBsQR9iAOMIGxBE2II6wAXGEDYgjbEAcYQPiCBsQR9iAOMIGxBE2II6wAXGEDYgjbEAcYQPiCBsQR9iAOMIGxBE2II6wAXEO1uv1ZtdfAmBKB6vVStiAKH6KAnGEDYgjbECcYb1e7/o7AEzqYLPZOHkARPFTFIgjbEAcYQPiCBsQR9iAOMIGxBE2II6wAXGEDYgjbECcYfWDfHx8bP3Zw0MNh33xLeeKLvmVDg7KWptAkuGnjca2CZF4wX7Z6Yjt/f19kv304RoLmbjB/thJ2N7e3ibZTxur+rx//Ow5kGnRn6Kvr6+T7WssZHVrX/d/XzoubpBtsbA9Pz/PHrSylbOf/b/1nwWyLRK2p6enyfbVj8rakJXndWvfay/1KK+N2iDbrGF7fHycZD/9qKsfofXb0dHRr8cSsBo1cYP9MfyEY2p92NqRWBuzupVLR4Zh+M/1cDVuggbZZgvb/f39ZPsaO57WB62ErG41aOXfx0Zp/SOQZZaw3d7eTr7PP4na8fHxr9Fa2Wrc+p+uYgb5Zgnby8vL7GFro1aCVh5r0Gq8+s/U99roCR3kmTxs19fXqzmMjdbqSK3MYDg5Ofntb/vjb23QgGzD+fn5pDu8urpaLTVaK0ErWzsCa9+vI7j687QdtRmlQa7h7u5u0h1eXFys5lDDVoPWniSoI7M6eqsh64+3Afth+K4T21tj8z/L/1ND10esPdZWtMfWRA7yWX0RiDN52C4vL3+7WHaKrb8At33dzzrop1kV/zd3FMg0rNfryXdaLr9Y6lKPdvssdsD+mG09tqkv+/jsco8S0nK5R91OT0//fV7f68PXj+iAHLMuNHlzc7PoBbp9zMpjfa+GrR3FCRtkmnUS/NnZ2eJTqtqQtTHrj7OJGuRaZGnwr06I/9tJ8P0xt/7Ym7BBtsXuefDw8LDYskU1dO3abP1Z036/QI5Fb+ay7cKT2y40OXZ21GgN8u3kLlVfWSp826XBRQ32x07vK7rNDV76MI2N4MZOFIga7I+dhu0ry4h/Frj2df+8/QyQ6duEbZsbKo/FamxUJmqwX75l2P525ZA+VmPxEjTYHz8qbAB/wrJFQBxhA+IIGxBH2IA4wgbEETYgjrABcYQNiCNsQBxhA+IIGxBH2IA4wgbEETYgjrABcYQNWKX5B1S3NkEoUplJAAAAAElFTkSuQmCC""}}]}, {""role"": ""assistant"", ""content"": ""Final Answer: 0.2""}, {""role"": ""user"", ""content"": [{""type"": ""text"", ""text"": ""\nConsider the image provided.\n\nFinal Answer:\n""}, {""type"": ""image_url"", ""image_url"": {""url"": ""data:image/png;base64,iVBORw0KGgoAAAANSUhEUgAAATYAAABcCAYAAADkpJkhAAADqklEQVR4nO3dvU7jQBSAUQcMFLyQeR8kxLNR01Mi0VPT0tFAgQRZDdKshllv2NgTZ3VzjmQlIYREFJ/GPzNZrdfrdQcQyNG+PwBAa8IGhCNsQDjCBoQjbEA4wgaEI2xAOMIGhCNsQDjCBoQjbEA4wgaEI2xAOMIGhCNsQDjCBoQjbEA4wgaEI2xAOMIGhCNsQDjCBoQjbEA4wgaEI2xAOMIGhLMahmG97w8B0NKq6zphA0KxKwqEI2xAOMIGhNMPw7DvzwDQ1Gq9Xjt5AIRiVxQIR9iAcIQNCEfYgHCEDQhH2IBwhA0IR9iAcIQNCEfYgHD6fb755+fn5NceHWkysMe5oktOR12t0tqZwCHr9z0amxIi8QIWG7F9fHw0+Tt1uMZCJm7ATsP2/v7e5sMUscr369tN9wFm74q+vb01+y+OhSxv5eP691OXxQ1oEraXl5du10FLWzr7Wf+sfi3A7LA9Pz93rdSjsjJk6X7eyufKSz3SY6M2YHLYnp6euhbqUVc9Qqu34+Pjr9sUsBw1cQOahK3VMbU6bOVIrIxZ3tKlI33f/3E9XI6boAGTwvbw8NC1MnY8rQ5aClnectDSz8dGafUtcNj+KWx3d3fN3/hfonZycvI1Wktbjlu96ypmwKSwvb6+drsOWxm1FLR0m4OW41W/Jj9XRk/ogB/DdnNzs5M3Hhut5ZFamsFwenr67Xfr429l0ABK/cXFRbfJ9fV1t9RoLQUtbeUIrHw+j+Dy7mk5ajNKA7L+/v6+2+Ty8rLbhRy2HLTyJEEemeXRWw5ZfbwNYNKuaKuJ7aWx+Z/pfXLo6oiVx9qS8tiayAE1qzUChxe2q6urbxfLttjqC3DLx/Wsg3qaVfK3uaMAST8Mw4//iXT5xVKXepTbptgBzF6PrfVlH5su90ghTZd75O3s7Oz3/fxcHb56RAccrq0Wmry9vV30At06Zuk2P5fDVo7ihA3YehL8+fn54lOqypCVMauPs4kaMGtp8LkT4redBF8fc6uPvQkb0OQ7Dx4fHxdbtiiHrlybrT5rWv9d4HDN+jKXqQtPTl1ocuzsqNEasJNvqZqzVPjUpcFFDVjke0WnfMFLHaaxEdzYiQJRAxYJ25xlxDcFrnxc3y9fA7DTsE35QuWxWI2NykQN2HvYtl05pI7VWLwEDfgvwwawC5YtAsIRNiAcYQPCETYgHGEDwhE2IBxhA8IRNiAcYQPCETYgHGEDwhE2IBxhA8IRNiAcYQPCETagi+YXGFo2QVpGsFsAAAAASUVORK5CYII=""}}]}]",Final Answer: 0.2
openai/gpt-4o-2024-08-06,sample_008,0.4465,0.4465,0.4465,0.33,"[{""role"": ""system"", ""content"": ""You are a lines length ratio estimator.\n        You are given an image of two lines.\n\n        Estimate the ratio of the shorter line to the longer line as a decimal number between 0 and 1.\n\n        Do not explain or reason. Only output the final answer as a number after Final Answer:\n""}, {""role"": ""user"", ""content"": [{""type"": ""text"", ""text"": ""\nConsider the image provided.\n\nFinal Answer:\n""}, {""type"": ""image_url"", ""image_url"": {""url"": ""data:image/png;base64,iVBORw0KGgoAAAANSUhEUgAAATYAAABcCAYAAADkpJkhAAADxklEQVR4nO3dv04iXRzHYVDUwhvC+zExXpu1vaWJvbWtnY0WJsrmbHI2Z887r9nFYWb58jzJBBAZsfn4Y/653Gw2mwVAkKO53wDA2IQNiCNsQBxhA+IIGxBH2IA4wgbEETYgjrABcYQNiCNsQBxhA+IIGxBH2IA4wgbEETYgjrABcYQNiCNsQBxhA+IIGxBH2IA4wgbEETYgjrABcYQNiLNcr9ebud8EwJiWi8VC2IAoPooCcYQNiCNsQJzVer2e+z0AjGq52WzsPACi+CgKxBE2II6wAXGEDYgjbEAcYQPiCBsQR9iAOMIGxBE2IM5q7jfwr/r8/Nz6tUdH/l7AnA7+XNEpf/3lslzXE9i1g5zY/nQa2yZE4gXzO5iJ7ePjY5T19OEaCpm4wbziw/b+/j7KetpY1fv97Vf3genEfhR9e3sbbV1DIatL+7j//vI3Q9xgepFhe3l52XnQylL2fvZf618LTC8ubM/Pz6Otq5/K2pCV+3Vpn2sP9SiPTW0wvZiwPT09jbKefurqJ7R+OT4+/nlbAlajJm4wr5iwjbVNrQ9bO4m1MatLOXRktVr953i4GjdBg+lFhO3h4WG0dQ1tT+uDVkJWlxq08vWhKa2/BXZv78N2d3c3+jr/JGonJyc/p7Wy1Lj1H13FDOax92F7fX3dedjaqJWgldsatBqv/jX1uTZ6QgfT2Ouw3dzc7GS9Q9NandTKGQynp6e/fW+//a0NGjC91cXFxWJfXV9fTzatlaCVpZ3A2ufrBFc/nrZTmykNprW6v79f7KvLy8udrLeGrQat3UlQJ7M6vdWQ9dvbgPns9UfRsU5sbw2d/1l+Tg1dH7F2W1vRblsTOZiHKyICcfY6bFdXV78dLDvG0h+A2z7uzzroT7Mq/u/cUWA6q/V6vdhn5fCLqQ71aJevYgfMK+J6bGMf9vHV4R4lpOVwj7qcnZ39ul+f68PXT3TAbkWErbi9vZ30AN0+ZuW2PlfD1k5xwgbT2eu9oq3z8/PJT6lqQ9bGrN/OJmowrZiJbawT4v/2JPh+m1u/7U3YYHpxYSseHx8nu2xRDV17bbZ+r2m/XmC3IsP2nQtPbnuhyaG9o6Y1mEds2Ma4VPi2lwYXNZhXfNi+8w9e+jANTXBDOwpEDeZ1MGH7zmXEvwpc+7i/374GmM5Bhm2bf6g8FKuhqUzUYH4HH7a/vXJIH6uheAkazEvYgDh7fXUPgCHCBsQRNiCOsAFxhA2II2xAHGED4ggbEEfYgDjCBsQRNiCOsAFxhA2II2xAHGED4ggbsEjzA5yMNkFpGj6SAAAAAElFTkSuQmCC""}}]}, {""role"": ""assistant"", ""content"": ""Final Answer: 0.25""}, {""role"": ""user"", ""content"": [{""type"": ""text"", ""text"": ""\nConsider the image provided.\n\nFinal Answer:\n""}, {""type"": ""image_url"", ""image_url"": {""url"": ""data:image/png;base64,iVBORw0KGgoAAAANSUhEUgAAATYAAABcCAYAAADkpJkhAAADz0lEQVR4nO3du04bQRiAURuWi8QLLe9DwzvxBtT0lEj01LR0NFAggaNBmmgy2ZDEnlkn/54jrdbGeOIi+jx7Zb3ZbDYrgEAO9v0BAFoTNiAcYQPCETYgHGEDwhE2IBxhA8IRNiAcYQPCETYgHGEDwhE2IBxhA8IRNiAcYQPCETYgHGEDwhE2IBxhA8IRNiAcYQPCETYgHGEDwhE2IBxhA8IRNiCc9TiOm31/CICW1qvVStiAUGyKAuEIGxCOsAHhDOM47vszADS13mw2Dh4AodgUBcIRNiAcYQPCETYgHGEDwhE2IBxhA8IRNiAcYQPCETYgnGHfH4D/z8fHx9bvPTjwXUp/rhXll+b8r7Fep3ueQhtmbGw9G9smRgLGHMzYWL2/vzcbqw7XVMjEjd6EbcHe3t6ajVXGKj+u1189hpZsii7Q6+tr0/GmQpaX8nn9++k7VdzoQdgW5vn5eZagpSUdAa1/Vr8XehC2BXl6emo6Xj0rK0OWHuelfK083SM9N2ujB2FbgMfHx2Zj1bOueoZWL4eHh5/rFLAcNXGjN2FbgJb71OqwlTOxMmZ5SaePDMPw0zlxOW6CRg/CFtz9/X3T8ab2p9VBSyHLSw5a+vnULK1eQwvCFtjt7W2Xcf8kakdHR5+ztbTkuNWbrmJGL8IW2MvLyyxhK6OWgpbWOWg5XvV78mtl9ISOVoQtqOvr625jT83W8kwtXcVwfHz8w+/W+9/KoEEPw/n5eZeB2a/Ly8tZZ2spaGkpZ2Dl63kGlzdPy1mbWRqtDXd3d80HZf8uLi66jZ3DloNWHiTIM7M8e8shq/e3QU82RYNqeWF7aer6z/Rv5dDVESv3tSXlvjWRoxd3/QPCSV+7vjaDurq66r4pmjc78xHRdOAgLaenp6uTk5Pv67Tk1/KR0/z+fJJvHht2NYzjuPMg/JtSQOY81aNc8s/rS6yEizm4H1twPU77+Op0j3LWlpZ6ppbWdfjqi+lhV8K2ADc3N7OfoFvHLK3za1ObocJGS46KLsDZ2dleLqkqQ1bGrL4SQdRozYxtQVpcEP+3F8HX+9zqfW/CRg/CtjAPDw+z3rYoh668N1t9A8p6XNiVsC3QLjee3PZGk1NHR83W6EXYFmzXW4Vve2twUaM3YWPrP/BSh2lqBjd1oEDU6E3Y2Pk24l8FrnxePy7fAy0JG03+oPJUrKZmZaLGHISNpncOqWP1u+fQg7AB4bhtERCOsAHhCBsQjrAB4QgbEI6wAeEIGxCOsAHhCBsQjrAB4QgbEI6wAeEIGxCOsAHhCBsQjrABq2i+AV6ZN+f7P3/YAAAAAElFTkSuQmCC""}}]}, {""role"": ""assistant"", ""content"": ""Final Answer: 0.33""}, {""role"": ""user"", ""content"": [{""type"": ""text"", ""text"": ""\nConsider the image provided.\n\nFinal Answer:\n""}, {""type"": ""image_url"", ""image_url"": {""url"": ""data:image/png;base64,iVBORw0KGgoAAAANSUhEUgAAATYAAABcCAYAAADkpJkhAAADx0lEQVR4nO3dvU7jSgCG4QTCj8QNhfuh4Z64A2p6SiR6alo6GiiQIEez0qzmzLHYPcjY8cfzSFYSQryWVnoz/hvWu91utwIIcjD3BgCMTdiAOMIGxBE2II6wAXGEDYgjbEAcYQPiCBsQR9iAOMIGxBE2II6wAXGEDYgjbEAcYQPiCBsQR9iAOMIGxBE2II6wAXGEDYgjbEAcYQPiCBsQR9iAOOvtdrubeyMAxrRerVbCBkSxKwrEETYgjrABcTbb7XbubQAY1Xq32zl5AESxKwrEETYgjrABcYQNiCNsQBxhA+IIGxBH2IA4wgbEETYgzmbuDWAcHx8fX/7swYHvN7K4V3RhpvzvWq/LPKSwPEZsYaOxr8RIwEhjxLan3t/fR1tXH66hkIkbSYRtz7y9vY22rjZW9Xn/+NlzWCq7onvi9fV11PUNhawu7ev+98v3nLixdMK2B56fnycJWlnKGdD+Z/1nYemEbWZPT0+jrq8flbUhK8/r0r7XXu5RXhu1sXTCNpPHx8fR1tWPuvoRWr8cHh7+eiwBq1ETN5IIW8AxtT5s7UisjVldyuUjm83mP9fE1bgJGksnbDO4v78fdX1Dx9P6oJWQ1aUGrfx8aJTWP8LSCNvEbm9vv2W9fxO1o6OjX6O1stS49buuYkYCYZvYy8vLJGFro1aCVh5r0Gq8+s/U99roCR1LJGwTur6+/rZ1D43W6kit3MVwfHz8r9/tj7+1QYOl25yfn8+9DT/G5eXlpKO1ErSytCOw9v06gqu7p+2ozSiNJdvc3d3NvQ0/xsXFxbetu4atBq09SVBHZnX0VkPWH2+DFHZFF3pje2vo/s/yb9XQ9RFrj7UV7bE1kSOBGQaBOOUr3lf0hK6urr59V7TudtYzouXEQVlOT09XJycnvx/LUt+rZ07r5+tFvnXdsCSb7XY79zb8KCUgU17q0S715/0tVsJFGvOxhVz28dnlHu2orSz9SK089uHrb6aHJRG2mdzc3Ex+gW4fs/JY3xvaDRU2lspZ0ZmcnZ3NcktVG7I2Zv2dCKLGkhmxBdwQ/39vgu+PufXH3oSNpRO2PfDw8DDptEU1dO3cbP0ElP16YUmELWDiya9ONDl0dtRojQTCFjZV+FenBhc1kghb2B946cM0NIIbOlEgaiQRttBpxD8LXPu6f95+BpZK2IL/oPJQrIZGZaJGGmH7ATOH9LH602tYOmED4pi2CIgjbEAcYQPiCBsQR9iAOMIGxBE2II6wAXGEDYgjbEAcYQPiCBsQR9iAOMIGxBE2II6wAas0/wBdpDfnoKPWyAAAAABJRU5ErkJggg==""}}]}, {""role"": ""assistant"", ""content"": ""Final Answer: 0.5""}, {""role"": ""user"", ""content"": [{""type"": ""text"", ""text"": ""\nConsider the image provided.\n\nFinal Answer:\n""}, {""type"": ""image_url"", ""image_url"": {""url"": ""data:image/png;base64,iVBORw0KGgoAAAANSUhEUgAAATYAAABcCAYAAADkpJkhAAADt0lEQVR4nO3dvU7jQBSA0QQCFLyQeR8kxLNR01Mi0VPT0tFAgQReDdHsjgdvtPE6cbg+R7ISCPFaW3zc+I9l27btAiCQo6k3AGBswgaEI2xAOMIGhCNsQDjCBoQjbEA4wgaEI2xAOMIGhCNsQDjCBoQjbEA4wgaEI2xAOMIGhCNsQDjCBoQjbEA4wgaEI2xAOMIGhCNsQDjCBoQjbEA4wgaEs2yapp16IwDGtFwsFsIGhOKjKBCOsAHhCBsQzqppmqm3AWBUy7ZtHTwAQvFRFAhH2IBwhA0IR9iAcIQNCEfYgHCEDQhH2IBwhA0IR9iAcFZTbwBrn5+fg997dOT3E5RcK7pn+/zvXi7TfURhfkxsBzSNDQmReMF3JrYd+fj4GGU9dbj6QiZu0CVsI3t/fx9lPWWs8vP6cdNzmDMfRUfy9vY22rr6QpaX8uv659PvKHEDYRvFy8vLzoOWlnT0s/5e/V5A2P7b8/PzaOuqp7IyZOl5XsrXylM90temNhC2wZ6enkZZTz111RNavRwfH389poDlqIkbdAnbxPvU6rCVk1gZs7ykU0dWq9W38+Fy3AQNhG2Qh4eH0dbVtz+tDloKWV5y0NL3+6a0+hHmSNi2dHd3N/o6/yVqJycnX9NaWnLc6o+uYgZrwral19fXnYetjFoKWnrMQcvxqt+TXyujJ3TMlbBt4ebmZifr7ZvW8qSWrmA4PT3t/Gy9/60MGrBYrC4uLqbehh/j+vp6b9NaClpaygmsfD1PcPnjaTm1mdKYu9X9/f3U2/BjXF5e7mS9OWw5aOVBgjyZ5ekth6ze3wb84aPoBBe2l/qu/0z/Tg5dHbFyX1tS7lsTOVhzh0IgHGHbwtXVVedk2TGW+gTc8uv6qoP6Mqvkb9eOwpytmqaZeht+lHT6xb5O9SiXTbEDutyP7QBO+9h0ukcKaTrdIy9nZ2e/n+fX6vDVEx3MjbANdHt7u9cTdOuYpcf8Wg5bOcUJG3PmqOhA5+fne7+kqgxZGbN6P5uoMXcmtokviN/2Ivh6n1u9703YQNhG8fj4uLfbFuXQlfdmq4+a1uuFuRG2iW88OfRGk31HR01rsCZsB3Sr8KG3Bhc16BK2A/oDL3WY+ia4vgMFogZdwnaAtxHfFLjy6/p5+R6YM2E70D+o3BervqlM1OA7YTvwO4fUseqLl6BBl7AB4bi7BxCOsAHhCBsQjrAB4QgbEI6wAeEIGxCOsAHhCBsQjrAB4QgbEI6wAeEIGxCOsAHhCBsQjrABi2h+ASl0NkFWMNjMAAAAAElFTkSuQmCC""}}]}, {""role"": ""assistant"", ""content"": ""Final Answer: 0.5""}, {""role"": ""user"", ""content"": [{""type"": ""text"", ""text"": ""\nConsider the image provided.\n\nFinal Answer:\n""}, {""type"": ""image_url"", ""image_url"": {""url"": ""data:image/png;base64,iVBORw0KGgoAAAANSUhEUgAAATYAAABcCAYAAADkpJkhAAADwElEQVR4nO3dsU7jSgCG0QAGCl4ovA8S4tmo6SmR6Klp6WigQIJczUpzNTvXF+0G24E/50hWkg3xpvo0sT3jg81ms1kBBDnc9RcAmJqwAXGEDYgjbEAcYQPiCBsQR9iAOMIGxBE2II6wAXGEDYgjbEAcYQPiCBsQR9iAOMIGxBE2II6wAXGEDYgjbEAcYQPiCBsQR9iAOMIGxBE2II6wAXEO1uv1ZtdfAmBKB6vVStiAKH6KAnGEDYgjbECcYb1e7/o7AEzqYLPZOHkARPFTFIgjbEAcYQPiCBsQR9iAOMIGxBE2II6wAXGEDYgjbECcYfWDfHx8bP3Zw0MNh33xLeeKLvmVDg7KWptAkuGnjca2CZF4wX7Z6Yjt/f19kv304RoLmbjB/thJ2N7e3ibZTxur+rx//Ow5kGnRn6Kvr6+T7WssZHVrX/d/XzoubpBtsbA9Pz/PHrSylbOf/b/1nwWyLRK2p6enyfbVj8rakJXndWvfay/1KK+N2iDbrGF7fHycZD/9qKsfofXb0dHRr8cSsBo1cYP9MfyEY2p92NqRWBuzupVLR4Zh+M/1cDVuggbZZgvb/f39ZPsaO57WB62ErG41aOXfx0Zp/SOQZZaw3d7eTr7PP4na8fHxr9Fa2Wrc+p+uYgb5Zgnby8vL7GFro1aCVh5r0Gq8+s/U99roCR3kmTxs19fXqzmMjdbqSK3MYDg5Ofntb/vjb23QgGzD+fn5pDu8urpaLTVaK0ErWzsCa9+vI7j687QdtRmlQa7h7u5u0h1eXFys5lDDVoPWniSoI7M6eqsh64+3Afth+K4T21tj8z/L/1ND10esPdZWtMfWRA7yWX0RiDN52C4vL3+7WHaKrb8At33dzzrop1kV/zd3FMg0rNfryXdaLr9Y6lKPdvssdsD+mG09tqkv+/jsco8S0nK5R91OT0//fV7f68PXj+iAHLMuNHlzc7PoBbp9zMpjfa+GrR3FCRtkmnUS/NnZ2eJTqtqQtTHrj7OJGuRaZGnwr06I/9tJ8P0xt/7Ym7BBtsXuefDw8LDYskU1dO3abP1Z036/QI5Fb+ay7cKT2y40OXZ21GgN8u3kLlVfWSp826XBRQ32x07vK7rNDV76MI2N4MZOFIga7I+dhu0ry4h/Frj2df+8/QyQ6duEbZsbKo/FamxUJmqwX75l2P525ZA+VmPxEjTYHz8qbAB/wrJFQBxhA+IIGxBH2IA4wgbEETYgjrABcYQNiCNsQBxhA+IIGxBH2IA4wgbEETYgjrABcYQNWKX5B1S3NkEoUplJAAAAAElFTkSuQmCC""}}]}, {""role"": ""assistant"", ""content"": ""Final Answer: 0.25""}, {""role"": ""user"", ""content"": [{""type"": ""text"", ""text"": ""\nConsider the image provided.\n\nFinal Answer:\n""}, {""type"": ""image_url"", ""image_url"": {""url"": ""data:image/png;base64,iVBORw0KGgoAAAANSUhEUgAAATYAAABcCAYAAADkpJkhAAADwElEQVR4nO3dsU7jSgCG0QAGCl4ovA8S4tmo6SmR6Klp6WigQIJczUpzNTvXF+0G24E/50hWkg3xpvo0sT3jg81ms1kBBDnc9RcAmJqwAXGEDYgjbEAcYQPiCBsQR9iAOMIGxBE2II6wAXGEDYgjbEAcYQPiCBsQR9iAOMIGxBE2II6wAXGEDYgjbEAcYQPiCBsQR9iAOMIGxBE2II6wAXEO1uv1ZtdfAmBKB6vVStiAKH6KAnGEDYgjbECcYb1e7/o7AEzqYLPZOHkARPFTFIgjbEAcYQPiCBsQR9iAOMIGxBE2II6wAXGEDYgjbECcYfWDfHx8bP3Zw0MNh33xLeeKLvmVDg7KWptAkuGnjca2CZF4wX7Z6Yjt/f19kv304RoLmbjB/thJ2N7e3ibZTxur+rx//Ow5kGnRn6Kvr6+T7WssZHVrX/d/XzoubpBtsbA9Pz/PHrSylbOf/b/1nwWyLRK2p6enyfbVj8rakJXndWvfay/1KK+N2iDbrGF7fHycZD/9qKsfofXb0dHRr8cSsBo1cYP9MfyEY2p92NqRWBuzupVLR4Zh+M/1cDVuggbZZgvb/f39ZPsaO57WB62ErG41aOXfx0Zp/SOQZZaw3d7eTr7PP4na8fHxr9Fa2Wrc+p+uYgb5Zgnby8vL7GFro1aCVh5r0Gq8+s/U99roCR3kmTxs19fXqzmMjdbqSK3MYDg5Ofntb/vjb23QgGzD+fn5pDu8urpaLTVaK0ErWzsCa9+vI7j687QdtRmlQa7h7u5u0h1eXFys5lDDVoPWniSoI7M6eqsh64+3Afth+K4T21tj8z/L/1ND10esPdZWtMfWRA7yWX0RiDN52C4vL3+7WHaKrb8At33dzzrop1kV/zd3FMg0rNfryXdaLr9Y6lKPdvssdsD+mG09tqkv+/jsco8S0nK5R91OT0//fV7f68PXj+iAHLMuNHlzc7PoBbp9zMpjfa+GrR3FCRtkmnUS/NnZ2eJTqtqQtTHrj7OJGuRaZGnwr06I/9tJ8P0xt/7Ym7BBtsXuefDw8LDYskU1dO3abP1Z036/QI5Fb+ay7cKT2y40OXZ21GgN8u3kLlVfWSp826XBRQ32x07vK7rNDV76MI2N4MZOFIga7I+dhu0ry4h/Frj2df+8/QyQ6duEbZsbKo/FamxUJmqwX75l2P525ZA+VmPxEjTYHz8qbAB/wrJFQBxhA+IIGxBH2IA4wgbEETYgjrABcYQNiCNsQBxhA+IIGxBH2IA4wgbEETYgjrABcYQNWKX5B1S3NkEoUplJAAAAAElFTkSuQmCC""}}]}, {""role"": ""assistant"", ""content"": ""Final Answer: 0.2""}, {""role"": ""user"", ""content"": [{""type"": ""text"", ""text"": ""\nConsider the image provided.\n\nFinal Answer:\n""}, {""type"": ""image_url"", ""image_url"": {""url"": ""data:image/png;base64,iVBORw0KGgoAAAANSUhEUgAAATYAAABcCAYAAADkpJkhAAADqklEQVR4nO3dvU7jQBSAUQcMFLyQeR8kxLNR01Mi0VPT0tFAgQRZDdKshllv2NgTZ3VzjmQlIYREFJ/GPzNZrdfrdQcQyNG+PwBAa8IGhCNsQDjCBoQjbEA4wgaEI2xAOMIGhCNsQDjCBoQjbEA4wgaEI2xAOMIGhCNsQDjCBoQjbEA4wgaEI2xAOMIGhCNsQDjCBoQjbEA4wgaEI2xAOMIGhLMahmG97w8B0NKq6zphA0KxKwqEI2xAOMIGhNMPw7DvzwDQ1Gq9Xjt5AIRiVxQIR9iAcIQNCEfYgHCEDQhH2IBwhA0IR9iAcIQNCEfYgHD6fb755+fn5NceHWkysMe5oktOR12t0tqZwCHr9z0amxIi8QIWG7F9fHw0+Tt1uMZCJm7ATsP2/v7e5sMUscr369tN9wFm74q+vb01+y+OhSxv5eP691OXxQ1oEraXl5du10FLWzr7Wf+sfi3A7LA9Pz93rdSjsjJk6X7eyufKSz3SY6M2YHLYnp6euhbqUVc9Qqu34+Pjr9sUsBw1cQOahK3VMbU6bOVIrIxZ3tKlI33f/3E9XI6boAGTwvbw8NC1MnY8rQ5aClnectDSz8dGafUtcNj+KWx3d3fN3/hfonZycvI1Wktbjlu96ypmwKSwvb6+drsOWxm1FLR0m4OW41W/Jj9XRk/ogB/DdnNzs5M3Hhut5ZFamsFwenr67Xfr429l0ABK/cXFRbfJ9fV1t9RoLQUtbeUIrHw+j+Dy7mk5ajNKA7L+/v6+2+Ty8rLbhRy2HLTyJEEemeXRWw5ZfbwNYNKuaKuJ7aWx+Z/pfXLo6oiVx9qS8tiayAE1qzUChxe2q6urbxfLttjqC3DLx/Wsg3qaVfK3uaMAST8Mw4//iXT5xVKXepTbptgBzF6PrfVlH5su90ghTZd75O3s7Oz3/fxcHb56RAccrq0Wmry9vV30At06Zuk2P5fDVo7ihA3YehL8+fn54lOqypCVMauPs4kaMGtp8LkT4redBF8fc6uPvQkb0OQ7Dx4fHxdbtiiHrlybrT5rWv9d4HDN+jKXqQtPTl1ocuzsqNEasJNvqZqzVPjUpcFFDVjke0WnfMFLHaaxEdzYiQJRAxYJ25xlxDcFrnxc3y9fA7DTsE35QuWxWI2NykQN2HvYtl05pI7VWLwEDfgvwwawC5YtAsIRNiAcYQPCETYgHGEDwhE2IBxhA8IRNiAcYQPCETYgHGEDwhE2IBxhA8IRNiAcYQPCETagi+YXGFo2QVpGsFsAAAAASUVORK5CYII=""}}]}, {""role"": ""assistant"", ""content"": ""Final Answer: 0.2""}, {""role"": ""user"", ""content"": [{""type"": ""text"", ""text"": ""\nConsider the image provided.\n\nFinal Answer:\n""}, {""type"": ""image_url"", ""image_url"": {""url"": ""data:image/png;base64,iVBORw0KGgoAAAANSUhEUgAAATYAAABcCAYAAADkpJkhAAADyUlEQVR4nO3dvU7jQBSA0QQCFLyQeR8kxLNR01Mi0VPT0tFAgQRZDdKshllvlmQdj31zjmQlIcREQvq48R/L9Xq9XgAEctT6DQAMTdiAcIQNCEfYgHCEDQhH2IBwhA0IR9iAcIQNCEfYgHCEDQhH2IBwhA0IR9iAcIQNCEfYgHCEDQhH2IBwhA0IR9iAcIQNCEfYgHCEDQhH2IBwhA0IR9iAcJZd161bvwmAIS0Xi4WwAaH4KAqEI2xAOMIGhLPquq71ewAY1HK9Xtt5AITioygQjrAB4QgbEI6wAeEIGxCOsAHhCBsQjrAB4QgbEI6wAeGsWr8BpuPz83Pn1x4d+RvJdDhX9ACN+StfLtO1TGFcJrYD8dNpbJcQiRdTY2IL7OPjY5D11OHqC5m4MSXCFtD7+/sg6yljle/Xt5vuQys+igby9vY22Lr6QpaX8nH9/envpLjRmrAF8fLysvegpSXt/ay/Vr8WWhO2AJ6fnwdbVz2VlSFL9/NSPlce6pEem9poTdhm7OnpaZD11FNXPaHVy/Hx8ddtCliOmrgxJcI2Y0NtU6vDVk5iZczykg4dWa1WfxwPl+MmaLQmbDP18PAw2Lr6tqfVQUshy0sOWvp635RW38LYhG2G7u7uBl/nT6J2cnLyNa2lJcet/ugqZkyBsM3Q6+vr3sNWRi0FLd3moOV41a/Jz5XREzpaELaZubm52ct6+6a1PKmlMxhOT0+/fW+9/a0MGrS2uri4aP0e2ML19fVo01oKWlrKCax8Pk9w+eNpObWZ0mhpdX9/3/QNsJ3Ly8u9rDeHLQet3EmQJ7M8veWQ1dvbYCp8FD3QE9tLfed/pp+TQ1dHrNzWlpTb1kSOKXB1QCAcYZuZq6urbwfLDrHUB+CWj+uzDurTrJK/nTsKray6rmv2w9lNOvxirEM9ymVT7GBKXI9tpoY+7GPT4R4ppOlwj7ycnZ39vp+fq8NXT3QwJmGbsdvb21EP0K1jlm7zczls5RQnbLRir+iMnZ+fj35KVRmyMmb1djZRoyUTWwD/e0L8tifB19vc6m1vwkZrwhbE4+PjaJctyqErr81W7zWt1wtjErZAdr3w5K4XmuzbO2paYwqELaD/uVT4rpcGFzWmRNgC2+UfvNRh6pvg+nYUiBpTImwHYtvLiG8KXPm4vl++BloRtgP003+o3BervqlM1JgaYeOfVw6pY9UXL0FjSoQNCMfVPYBwhA0IR9iAcIQNCEfYgHCEDQhH2IBwhA0IR9iAcIQNCEfYgHCEDQhH2IBwhA0IR9iAcIQNWETzCw9/NkFh7GVNAAAAAElFTkSuQmCC""}}]}]",Final Answer: 0.33
openai/gpt-4o-2024-08-06,sample_009,0.3404,0.3404,0.3404,0.5,"[{""role"": ""system"", ""content"": ""You are a lines length ratio estimator.\n        You are given an image of two lines.\n\n        Estimate the ratio of the shorter line to the longer line as a decimal number between 0 and 1.\n\n        Do not explain or reason. Only output the final answer as a number after Final Answer:\n""}, {""role"": ""user"", ""content"": [{""type"": ""text"", ""text"": ""\nConsider the image provided.\n\nFinal Answer:\n""}, {""type"": ""image_url"", ""image_url"": {""url"": ""data:image/png;base64,iVBORw0KGgoAAAANSUhEUgAAATYAAABcCAYAAADkpJkhAAADxklEQVR4nO3dv04iXRzHYVDUwhvC+zExXpu1vaWJvbWtnY0WJsrmbHI2Z887r9nFYWb58jzJBBAZsfn4Y/653Gw2mwVAkKO53wDA2IQNiCNsQBxhA+IIGxBH2IA4wgbEETYgjrABcYQNiCNsQBxhA+IIGxBH2IA4wgbEETYgjrABcYQNiCNsQBxhA+IIGxBH2IA4wgbEETYgjrABcYQNiLNcr9ebud8EwJiWi8VC2IAoPooCcYQNiCNsQJzVer2e+z0AjGq52WzsPACi+CgKxBE2II6wAXGEDYgjbEAcYQPiCBsQR9iAOMIGxBE2IM5q7jfwr/r8/Nz6tUdH/l7AnA7+XNEpf/3lslzXE9i1g5zY/nQa2yZE4gXzO5iJ7ePjY5T19OEaCpm4wbziw/b+/j7KetpY1fv97Vf3genEfhR9e3sbbV1DIatL+7j//vI3Q9xgepFhe3l52XnQylL2fvZf618LTC8ubM/Pz6Otq5/K2pCV+3Vpn2sP9SiPTW0wvZiwPT09jbKefurqJ7R+OT4+/nlbAlajJm4wr5iwjbVNrQ9bO4m1MatLOXRktVr953i4GjdBg+lFhO3h4WG0dQ1tT+uDVkJWlxq08vWhKa2/BXZv78N2d3c3+jr/JGonJyc/p7Wy1Lj1H13FDOax92F7fX3dedjaqJWgldsatBqv/jX1uTZ6QgfT2Ouw3dzc7GS9Q9NandTKGQynp6e/fW+//a0NGjC91cXFxWJfXV9fTzatlaCVpZ3A2ufrBFc/nrZTmykNprW6v79f7KvLy8udrLeGrQat3UlQJ7M6vdWQ9dvbgPns9UfRsU5sbw2d/1l+Tg1dH7F2W1vRblsTOZiHKyICcfY6bFdXV78dLDvG0h+A2z7uzzroT7Mq/u/cUWA6q/V6vdhn5fCLqQ71aJevYgfMK+J6bGMf9vHV4R4lpOVwj7qcnZ39ul+f68PXT3TAbkWErbi9vZ30AN0+ZuW2PlfD1k5xwgbT2eu9oq3z8/PJT6lqQ9bGrN/OJmowrZiJbawT4v/2JPh+m1u/7U3YYHpxYSseHx8nu2xRDV17bbZ+r2m/XmC3IsP2nQtPbnuhyaG9o6Y1mEds2Ma4VPi2lwYXNZhXfNi+8w9e+jANTXBDOwpEDeZ1MGH7zmXEvwpc+7i/374GmM5Bhm2bf6g8FKuhqUzUYH4HH7a/vXJIH6uheAkazEvYgDh7fXUPgCHCBsQRNiCOsAFxhA2II2xAHGED4ggbEEfYgDjCBsQRNiCOsAFxhA2II2xAHGED4ggbsEjzA5yMNkFpGj6SAAAAAElFTkSuQmCC""}}]}, {""role"": ""assistant"", ""content"": ""Final Answer: 0.25""}, {""role"": ""user"", ""content"": [{""type"": ""text"", ""text"": ""\nConsider the image provided.\n\nFinal Answer:\n""}, {""type"": ""image_url"", ""image_url"": {""url"": ""data:image/png;base64,iVBORw0KGgoAAAANSUhEUgAAATYAAABcCAYAAADkpJkhAAADz0lEQVR4nO3du04bQRiAURuWi8QLLe9DwzvxBtT0lEj01LR0NFAggaNBmmgy2ZDEnlkn/54jrdbGeOIi+jx7Zb3ZbDYrgEAO9v0BAFoTNiAcYQPCETYgHGEDwhE2IBxhA8IRNiAcYQPCETYgHGEDwhE2IBxhA8IRNiAcYQPCETYgHGEDwhE2IBxhA8IRNiAcYQPCETYgHGEDwhE2IBxhA8IRNiCc9TiOm31/CICW1qvVStiAUGyKAuEIGxCOsAHhDOM47vszADS13mw2Dh4AodgUBcIRNiAcYQPCETYgHGEDwhE2IBxhA8IRNiAcYQPCETYgnGHfH4D/z8fHx9bvPTjwXUp/rhXll+b8r7Fep3ueQhtmbGw9G9smRgLGHMzYWL2/vzcbqw7XVMjEjd6EbcHe3t6ajVXGKj+u1189hpZsii7Q6+tr0/GmQpaX8nn9++k7VdzoQdgW5vn5eZagpSUdAa1/Vr8XehC2BXl6emo6Xj0rK0OWHuelfK083SM9N2ujB2FbgMfHx2Zj1bOueoZWL4eHh5/rFLAcNXGjN2FbgJb71OqwlTOxMmZ5SaePDMPw0zlxOW6CRg/CFtz9/X3T8ab2p9VBSyHLSw5a+vnULK1eQwvCFtjt7W2Xcf8kakdHR5+ztbTkuNWbrmJGL8IW2MvLyyxhK6OWgpbWOWg5XvV78mtl9ISOVoQtqOvr625jT83W8kwtXcVwfHz8w+/W+9/KoEEPw/n5eZeB2a/Ly8tZZ2spaGkpZ2Dl63kGlzdPy1mbWRqtDXd3d80HZf8uLi66jZ3DloNWHiTIM7M8e8shq/e3QU82RYNqeWF7aer6z/Rv5dDVESv3tSXlvjWRoxd3/QPCSV+7vjaDurq66r4pmjc78xHRdOAgLaenp6uTk5Pv67Tk1/KR0/z+fJJvHht2NYzjuPMg/JtSQOY81aNc8s/rS6yEizm4H1twPU77+Op0j3LWlpZ6ppbWdfjqi+lhV8K2ADc3N7OfoFvHLK3za1ObocJGS46KLsDZ2dleLqkqQ1bGrL4SQdRozYxtQVpcEP+3F8HX+9zqfW/CRg/CtjAPDw+z3rYoh668N1t9A8p6XNiVsC3QLjee3PZGk1NHR83W6EXYFmzXW4Vve2twUaM3YWPrP/BSh2lqBjd1oEDU6E3Y2Pk24l8FrnxePy7fAy0JG03+oPJUrKZmZaLGHISNpncOqWP1u+fQg7AB4bhtERCOsAHhCBsQjrAB4QgbEI6wAeEIGxCOsAHhCBsQjrAB4QgbEI6wAeEIGxCOsAHhCBsQjrABq2i+AV6ZN+f7P3/YAAAAAElFTkSuQmCC""}}]}, {""role"": ""assistant"", ""content"": ""Final Answer: 0.33""}, {""role"": ""user"", ""content"": [{""type"": ""text"", ""text"": ""\nConsider the image provided.\n\nFinal Answer:\n""}, {""type"": ""image_url"", ""image_url"": {""url"": ""data:image/png;base64,iVBORw0KGgoAAAANSUhEUgAAATYAAABcCAYAAADkpJkhAAADx0lEQVR4nO3dvU7jSgCG4QTCj8QNhfuh4Z64A2p6SiR6alo6GiiQIEez0qzmzLHYPcjY8cfzSFYSQryWVnoz/hvWu91utwIIcjD3BgCMTdiAOMIGxBE2II6wAXGEDYgjbEAcYQPiCBsQR9iAOMIGxBE2II6wAXGEDYgjbEAcYQPiCBsQR9iAOMIGxBE2II6wAXGEDYgjbEAcYQPiCBsQR9iAOOvtdrubeyMAxrRerVbCBkSxKwrEETYgjrABcTbb7XbubQAY1Xq32zl5AESxKwrEETYgjrABcYQNiCNsQBxhA+IIGxBH2IA4wgbEETYgzmbuDWAcHx8fX/7swYHvN7K4V3RhpvzvWq/LPKSwPEZsYaOxr8RIwEhjxLan3t/fR1tXH66hkIkbSYRtz7y9vY22rjZW9Xn/+NlzWCq7onvi9fV11PUNhawu7ev+98v3nLixdMK2B56fnycJWlnKGdD+Z/1nYemEbWZPT0+jrq8flbUhK8/r0r7XXu5RXhu1sXTCNpPHx8fR1tWPuvoRWr8cHh7+eiwBq1ETN5IIW8AxtT5s7UisjVldyuUjm83mP9fE1bgJGksnbDO4v78fdX1Dx9P6oJWQ1aUGrfx8aJTWP8LSCNvEbm9vv2W9fxO1o6OjX6O1stS49buuYkYCYZvYy8vLJGFro1aCVh5r0Gq8+s/U99roCR1LJGwTur6+/rZ1D43W6kit3MVwfHz8r9/tj7+1QYOl25yfn8+9DT/G5eXlpKO1ErSytCOw9v06gqu7p+2ozSiNJdvc3d3NvQ0/xsXFxbetu4atBq09SVBHZnX0VkPWH2+DFHZFF3pje2vo/s/yb9XQ9RFrj7UV7bE1kSOBGQaBOOUr3lf0hK6urr59V7TudtYzouXEQVlOT09XJycnvx/LUt+rZ07r5+tFvnXdsCSb7XY79zb8KCUgU17q0S715/0tVsJFGvOxhVz28dnlHu2orSz9SK089uHrb6aHJRG2mdzc3Ex+gW4fs/JY3xvaDRU2lspZ0ZmcnZ3NcktVG7I2Zv2dCKLGkhmxBdwQ/39vgu+PufXH3oSNpRO2PfDw8DDptEU1dO3cbP0ElP16YUmELWDiya9ONDl0dtRojQTCFjZV+FenBhc1kghb2B946cM0NIIbOlEgaiQRttBpxD8LXPu6f95+BpZK2IL/oPJQrIZGZaJGGmH7ATOH9LH602tYOmED4pi2CIgjbEAcYQPiCBsQR9iAOMIGxBE2II6wAXGEDYgjbEAcYQPiCBsQR9iAOMIGxBE2II6wAas0/wBdpDfnoKPWyAAAAABJRU5ErkJggg==""}}]}, {""role"": ""assistant"", ""content"": ""Final Answer: 0.5""}, {""role"": ""user"", ""content"": [{""type"": ""text"", ""text"": ""\nConsider the image provided.\n\nFinal Answer:\n""}, {""type"": ""image_url"", ""image_url"": {""url"": ""data:image/png;base64,iVBORw0KGgoAAAANSUhEUgAAATYAAABcCAYAAADkpJkhAAADt0lEQVR4nO3dvU7jQBSA0QQCFLyQeR8kxLNR01Mi0VPT0tFAgQReDdHsjgdvtPE6cbg+R7ISCPFaW3zc+I9l27btAiCQo6k3AGBswgaEI2xAOMIGhCNsQDjCBoQjbEA4wgaEI2xAOMIGhCNsQDjCBoQjbEA4wgaEI2xAOMIGhCNsQDjCBoQjbEA4wgaEI2xAOMIGhCNsQDjCBoQjbEA4wgaEs2yapp16IwDGtFwsFsIGhOKjKBCOsAHhCBsQzqppmqm3AWBUy7ZtHTwAQvFRFAhH2IBwhA0IR9iAcIQNCEfYgHCEDQhH2IBwhA0IR9iAcFZTbwBrn5+fg997dOT3E5RcK7pn+/zvXi7TfURhfkxsBzSNDQmReMF3JrYd+fj4GGU9dbj6QiZu0CVsI3t/fx9lPWWs8vP6cdNzmDMfRUfy9vY22rr6QpaX8uv659PvKHEDYRvFy8vLzoOWlnT0s/5e/V5A2P7b8/PzaOuqp7IyZOl5XsrXylM90temNhC2wZ6enkZZTz111RNavRwfH389poDlqIkbdAnbxPvU6rCVk1gZs7ykU0dWq9W38+Fy3AQNhG2Qh4eH0dbVtz+tDloKWV5y0NL3+6a0+hHmSNi2dHd3N/o6/yVqJycnX9NaWnLc6o+uYgZrwral19fXnYetjFoKWnrMQcvxqt+TXyujJ3TMlbBt4ebmZifr7ZvW8qSWrmA4PT3t/Gy9/60MGrBYrC4uLqbehh/j+vp6b9NaClpaygmsfD1PcPnjaTm1mdKYu9X9/f3U2/BjXF5e7mS9OWw5aOVBgjyZ5ekth6ze3wb84aPoBBe2l/qu/0z/Tg5dHbFyX1tS7lsTOVhzh0IgHGHbwtXVVedk2TGW+gTc8uv6qoP6Mqvkb9eOwpytmqaZeht+lHT6xb5O9SiXTbEDutyP7QBO+9h0ukcKaTrdIy9nZ2e/n+fX6vDVEx3MjbANdHt7u9cTdOuYpcf8Wg5bOcUJG3PmqOhA5+fne7+kqgxZGbN6P5uoMXcmtokviN/2Ivh6n1u9703YQNhG8fj4uLfbFuXQlfdmq4+a1uuFuRG2iW88OfRGk31HR01rsCZsB3Sr8KG3Bhc16BK2A/oDL3WY+ia4vgMFogZdwnaAtxHfFLjy6/p5+R6YM2E70D+o3BervqlM1OA7YTvwO4fUseqLl6BBl7AB4bi7BxCOsAHhCBsQjrAB4QgbEI6wAeEIGxCOsAHhCBsQjrAB4QgbEI6wAeEIGxCOsAHhCBsQjrABi2h+ASl0NkFWMNjMAAAAAElFTkSuQmCC""}}]}, {""role"": ""assistant"", ""content"": ""Final Answer: 0.5""}, {""role"": ""user"", ""content"": [{""type"": ""text"", ""text"": ""\nConsider the image provided.\n\nFinal Answer:\n""}, {""type"": ""image_url"", ""image_url"": {""url"": ""data:image/png;base64,iVBORw0KGgoAAAANSUhEUgAAATYAAABcCAYAAADkpJkhAAADwElEQVR4nO3dsU7jSgCG0QAGCl4ovA8S4tmo6SmR6Klp6WigQIJczUpzNTvXF+0G24E/50hWkg3xpvo0sT3jg81ms1kBBDnc9RcAmJqwAXGEDYgjbEAcYQPiCBsQR9iAOMIGxBE2II6wAXGEDYgjbEAcYQPiCBsQR9iAOMIGxBE2II6wAXGEDYgjbEAcYQPiCBsQR9iAOMIGxBE2II6wAXEO1uv1ZtdfAmBKB6vVStiAKH6KAnGEDYgjbECcYb1e7/o7AEzqYLPZOHkARPFTFIgjbEAcYQPiCBsQR9iAOMIGxBE2II6wAXGEDYgjbECcYfWDfHx8bP3Zw0MNh33xLeeKLvmVDg7KWptAkuGnjca2CZF4wX7Z6Yjt/f19kv304RoLmbjB/thJ2N7e3ibZTxur+rx//Ow5kGnRn6Kvr6+T7WssZHVrX/d/XzoubpBtsbA9Pz/PHrSylbOf/b/1nwWyLRK2p6enyfbVj8rakJXndWvfay/1KK+N2iDbrGF7fHycZD/9qKsfofXb0dHRr8cSsBo1cYP9MfyEY2p92NqRWBuzupVLR4Zh+M/1cDVuggbZZgvb/f39ZPsaO57WB62ErG41aOXfx0Zp/SOQZZaw3d7eTr7PP4na8fHxr9Fa2Wrc+p+uYgb5Zgnby8vL7GFro1aCVh5r0Gq8+s/U99roCR3kmTxs19fXqzmMjdbqSK3MYDg5Ofntb/vjb23QgGzD+fn5pDu8urpaLTVaK0ErWzsCa9+vI7j687QdtRmlQa7h7u5u0h1eXFys5lDDVoPWniSoI7M6eqsh64+3Afth+K4T21tj8z/L/1ND10esPdZWtMfWRA7yWX0RiDN52C4vL3+7WHaKrb8At33dzzrop1kV/zd3FMg0rNfryXdaLr9Y6lKPdvssdsD+mG09tqkv+/jsco8S0nK5R91OT0//fV7f68PXj+iAHLMuNHlzc7PoBbp9zMpjfa+GrR3FCRtkmnUS/NnZ2eJTqtqQtTHrj7OJGuRaZGnwr06I/9tJ8P0xt/7Ym7BBtsXuefDw8LDYskU1dO3abP1Z036/QI5Fb+ay7cKT2y40OXZ21GgN8u3kLlVfWSp826XBRQ32x07vK7rNDV76MI2N4MZOFIga7I+dhu0ry4h/Frj2df+8/QyQ6duEbZsbKo/FamxUJmqwX75l2P525ZA+VmPxEjTYHz8qbAB/wrJFQBxhA+IIGxBH2IA4wgbEETYgjrABcYQNiCNsQBxhA+IIGxBH2IA4wgbEETYgjrABcYQNWKX5B1S3NkEoUplJAAAAAElFTkSuQmCC""}}]}, {""role"": ""assistant"", ""content"": ""Final Answer: 0.25""}, {""role"": ""user"", ""content"": [{""type"": ""text"", ""text"": ""\nConsider the image provided.\n\nFinal Answer:\n""}, {""type"": ""image_url"", ""image_url"": {""url"": ""data:image/png;base64,iVBORw0KGgoAAAANSUhEUgAAATYAAABcCAYAAADkpJkhAAADwElEQVR4nO3dsU7jSgCG0QAGCl4ovA8S4tmo6SmR6Klp6WigQIJczUpzNTvXF+0G24E/50hWkg3xpvo0sT3jg81ms1kBBDnc9RcAmJqwAXGEDYgjbEAcYQPiCBsQR9iAOMIGxBE2II6wAXGEDYgjbEAcYQPiCBsQR9iAOMIGxBE2II6wAXGEDYgjbEAcYQPiCBsQR9iAOMIGxBE2II6wAXEO1uv1ZtdfAmBKB6vVStiAKH6KAnGEDYgjbECcYb1e7/o7AEzqYLPZOHkARPFTFIgjbEAcYQPiCBsQR9iAOMIGxBE2II6wAXGEDYgjbECcYfWDfHx8bP3Zw0MNh33xLeeKLvmVDg7KWptAkuGnjca2CZF4wX7Z6Yjt/f19kv304RoLmbjB/thJ2N7e3ibZTxur+rx//Ow5kGnRn6Kvr6+T7WssZHVrX/d/XzoubpBtsbA9Pz/PHrSylbOf/b/1nwWyLRK2p6enyfbVj8rakJXndWvfay/1KK+N2iDbrGF7fHycZD/9qKsfofXb0dHRr8cSsBo1cYP9MfyEY2p92NqRWBuzupVLR4Zh+M/1cDVuggbZZgvb/f39ZPsaO57WB62ErG41aOXfx0Zp/SOQZZaw3d7eTr7PP4na8fHxr9Fa2Wrc+p+uYgb5Zgnby8vL7GFro1aCVh5r0Gq8+s/U99roCR3kmTxs19fXqzmMjdbqSK3MYDg5Ofntb/vjb23QgGzD+fn5pDu8urpaLTVaK0ErWzsCa9+vI7j687QdtRmlQa7h7u5u0h1eXFys5lDDVoPWniSoI7M6eqsh64+3Afth+K4T21tj8z/L/1ND10esPdZWtMfWRA7yWX0RiDN52C4vL3+7WHaKrb8At33dzzrop1kV/zd3FMg0rNfryXdaLr9Y6lKPdvssdsD+mG09tqkv+/jsco8S0nK5R91OT0//fV7f68PXj+iAHLMuNHlzc7PoBbp9zMpjfa+GrR3FCRtkmnUS/NnZ2eJTqtqQtTHrj7OJGuRaZGnwr06I/9tJ8P0xt/7Ym7BBtsXuefDw8LDYskU1dO3abP1Z036/QI5Fb+ay7cKT2y40OXZ21GgN8u3kLlVfWSp826XBRQ32x07vK7rNDV76MI2N4MZOFIga7I+dhu0ry4h/Frj2df+8/QyQ6duEbZsbKo/FamxUJmqwX75l2P525ZA+VmPxEjTYHz8qbAB/wrJFQBxhA+IIGxBH2IA4wgbEETYgjrABcYQNiCNsQBxhA+IIGxBH2IA4wgbEETYgjrABcYQNWKX5B1S3NkEoUplJAAAAAElFTkSuQmCC""}}]}, {""role"": ""assistant"", ""content"": ""Final Answer: 0.2""}, {""role"": ""user"", ""content"": [{""type"": ""text"", ""text"": ""\nConsider the image provided.\n\nFinal Answer:\n""}, {""type"": ""image_url"", ""image_url"": {""url"": ""data:image/png;base64,iVBORw0KGgoAAAANSUhEUgAAATYAAABcCAYAAADkpJkhAAADqklEQVR4nO3dvU7jQBSAUQcMFLyQeR8kxLNR01Mi0VPT0tFAgQRZDdKshllv2NgTZ3VzjmQlIYREFJ/GPzNZrdfrdQcQyNG+PwBAa8IGhCNsQDjCBoQjbEA4wgaEI2xAOMIGhCNsQDjCBoQjbEA4wgaEI2xAOMIGhCNsQDjCBoQjbEA4wgaEI2xAOMIGhCNsQDjCBoQjbEA4wgaEI2xAOMIGhLMahmG97w8B0NKq6zphA0KxKwqEI2xAOMIGhNMPw7DvzwDQ1Gq9Xjt5AIRiVxQIR9iAcIQNCEfYgHCEDQhH2IBwhA0IR9iAcIQNCEfYgHD6fb755+fn5NceHWkysMe5oktOR12t0tqZwCHr9z0amxIi8QIWG7F9fHw0+Tt1uMZCJm7ATsP2/v7e5sMUscr369tN9wFm74q+vb01+y+OhSxv5eP691OXxQ1oEraXl5du10FLWzr7Wf+sfi3A7LA9Pz93rdSjsjJk6X7eyufKSz3SY6M2YHLYnp6euhbqUVc9Qqu34+Pjr9sUsBw1cQOahK3VMbU6bOVIrIxZ3tKlI33f/3E9XI6boAGTwvbw8NC1MnY8rQ5aClnectDSz8dGafUtcNj+KWx3d3fN3/hfonZycvI1Wktbjlu96ypmwKSwvb6+drsOWxm1FLR0m4OW41W/Jj9XRk/ogB/DdnNzs5M3Hhut5ZFamsFwenr67Xfr429l0ABK/cXFRbfJ9fV1t9RoLQUtbeUIrHw+j+Dy7mk5ajNKA7L+/v6+2+Ty8rLbhRy2HLTyJEEemeXRWw5ZfbwNYNKuaKuJ7aWx+Z/pfXLo6oiVx9qS8tiayAE1qzUChxe2q6urbxfLttjqC3DLx/Wsg3qaVfK3uaMAST8Mw4//iXT5xVKXepTbptgBzF6PrfVlH5su90ghTZd75O3s7Oz3/fxcHb56RAccrq0Wmry9vV30At06Zuk2P5fDVo7ihA3YehL8+fn54lOqypCVMauPs4kaMGtp8LkT4redBF8fc6uPvQkb0OQ7Dx4fHxdbtiiHrlybrT5rWv9d4HDN+jKXqQtPTl1ocuzsqNEasJNvqZqzVPjUpcFFDVjke0WnfMFLHaaxEdzYiQJRAxYJ25xlxDcFrnxc3y9fA7DTsE35QuWxWI2NykQN2HvYtl05pI7VWLwEDfgvwwawC5YtAsIRNiAcYQPCETYgHGEDwhE2IBxhA8IRNiAcYQPCETYgHGEDwhE2IBxhA8IRNiAcYQPCETagi+YXGFo2QVpGsFsAAAAASUVORK5CYII=""}}]}, {""role"": ""assistant"", ""content"": ""Final Answer: 0.2""}, {""role"": ""user"", ""content"": [{""type"": ""text"", ""text"": ""\nConsider the image provided.\n\nFinal Answer:\n""}, {""type"": ""image_url"", ""image_url"": {""url"": ""data:image/png;base64,iVBORw0KGgoAAAANSUhEUgAAATYAAABcCAYAAADkpJkhAAADyUlEQVR4nO3dvU7jQBSA0QQCFLyQeR8kxLNR01Mi0VPT0tFAgQRZDdKshllvlmQdj31zjmQlIcREQvq48R/L9Xq9XgAEctT6DQAMTdiAcIQNCEfYgHCEDQhH2IBwhA0IR9iAcIQNCEfYgHCEDQhH2IBwhA0IR9iAcIQNCEfYgHCEDQhH2IBwhA0IR9iAcIQNCEfYgHCEDQhH2IBwhA0IR9iAcJZd161bvwmAIS0Xi4WwAaH4KAqEI2xAOMIGhLPquq71ewAY1HK9Xtt5AITioygQjrAB4QgbEI6wAeEIGxCOsAHhCBsQjrAB4QgbEI6wAeGsWr8BpuPz83Pn1x4d+RvJdDhX9ACN+StfLtO1TGFcJrYD8dNpbJcQiRdTY2IL7OPjY5D11OHqC5m4MSXCFtD7+/sg6yljle/Xt5vuQys+igby9vY22Lr6QpaX8nH9/envpLjRmrAF8fLysvegpSXt/ay/Vr8WWhO2AJ6fnwdbVz2VlSFL9/NSPlce6pEem9poTdhm7OnpaZD11FNXPaHVy/Hx8ddtCliOmrgxJcI2Y0NtU6vDVk5iZczykg4dWa1WfxwPl+MmaLQmbDP18PAw2Lr6tqfVQUshy0sOWvp635RW38LYhG2G7u7uBl/nT6J2cnLyNa2lJcet/ugqZkyBsM3Q6+vr3sNWRi0FLd3moOV41a/Jz5XREzpaELaZubm52ct6+6a1PKmlMxhOT0+/fW+9/a0MGrS2uri4aP0e2ML19fVo01oKWlrKCax8Pk9w+eNpObWZ0mhpdX9/3/QNsJ3Ly8u9rDeHLQet3EmQJ7M8veWQ1dvbYCp8FD3QE9tLfed/pp+TQ1dHrNzWlpTb1kSOKXB1QCAcYZuZq6urbwfLDrHUB+CWj+uzDurTrJK/nTsKray6rmv2w9lNOvxirEM9ymVT7GBKXI9tpoY+7GPT4R4ppOlwj7ycnZ39vp+fq8NXT3QwJmGbsdvb21EP0K1jlm7zczls5RQnbLRir+iMnZ+fj35KVRmyMmb1djZRoyUTWwD/e0L8tifB19vc6m1vwkZrwhbE4+PjaJctyqErr81W7zWt1wtjErZAdr3w5K4XmuzbO2paYwqELaD/uVT4rpcGFzWmRNgC2+UfvNRh6pvg+nYUiBpTImwHYtvLiG8KXPm4vl++BloRtgP003+o3BervqlM1JgaYeOfVw6pY9UXL0FjSoQNCMfVPYBwhA0IR9iAcIQNCEfYgHCEDQhH2IBwhA0IR9iAcIQNCEfYgHCEDQhH2IBwhA0IR9iAcIQNWETzCw9/NkFh7GVNAAAAAElFTkSuQmCC""}}]}, {""role"": ""assistant"", ""content"": ""Final Answer: 0.33""}, {""role"": ""user"", ""content"": [{""type"": ""text"", ""text"": ""\nConsider the image provided.\n\nFinal Answer:\n""}, {""type"": ""image_url"", ""image_url"": {""url"": ""data:image/png;base64,iVBORw0KGgoAAAANSUhEUgAAATYAAABcCAYAAADkpJkhAAADyElEQVR4nO3du07jQBiA0QTCReKFzPvQ8E68ATU9JRI9NS0dDRRIkNWAZjOZtdhN1onNP+dIVm7Ea23xMb4N8+VyuZwBBHIw9gYADE3YgHCEDQhH2IBwhA0IR9iAcIQNCEfYgHCEDQhH2IBwhA0IR9iAcIQNCEfYgHCEDQhH2IBwhA0IR9iAcIQNCEfYgHCEDQhH2IBwhA0IR9iAcIQNCEfYgHDmXdctx94IgCHNZ7OZsAGh2BUFwhE2IBxhA8JZdF039jYADGq+XC6dPABCsSsKhCNsQDjCBoQjbEA4wgaEI2xAOMIGhCNsQDjCBoQjbEA4i7E3gC8fHx9bf/fgwO8nKLlXdM/2+d89n6d5RKE9RmwTG41tEyMBg3VGbDvy/v4+2LrqcPWFTNxgRdgG9vb2Nti6yljl5/Xjd8+hVXZFB/L6+jro+vpClpfydf3z6feUuNE6YRvA8/PzXoKWlnQGtH6v/i60Ttj+09PT06Drq0dlZcjS87yUn5WXe6TXRm20Tti29Pj4ONi66lFXPUKrl8PDw8/HFLAcNXGDFWGbwDG1OmzlSKyMWV7S5SOLxeKPa+Jy3ASN1gnbFu7v7wddX9/xtDpoKWR5yUFL7/eN0upHaI2wbej29nYn6/2XqB0dHX2O1tKS41bvuooZCNvGXl5e9hK2MmopaOkxBy3Hq/5O/qyMntDRImHbwPX19c7W3TdayyO1dBfD8fHx2s/Wx9/KoEHrFufn52Nvw49xeXm519FaClpayhFY+XkeweXd03LUZpRGyxZ3d3djb8OPcXFxsbN157DloJUnCfLILI/ecsjq423AF7uiI93YXuq7/zP9Wzl0dcTKY21JeWxN5MAMukBAaYjgV/wGrq6udr4rmnc78xnRdOIgLaenp7OTk5Pfj2nJn+Uzp/n7+SLfvG5oyaLrurG34UdJAdnnpR7lkt+vb7ESLlhnPraJXPbx3eUe5agtLfVILT3W4atvpoeWCNuWbm5u9n6Bbh2z9Jg/69sNFTZa5azols7Ozka5paoMWRmz+k4EUaNlRmwTuCF+05vg62Nu9bE3YaN1wjaAh4eHvU5blENXzs1WT0BZrxdaImwTmHhy24km+86OGq2BsE1uqvBtpwYXNVgRton9gZc6TH0juL4TBaIGK8I20WnEvwtc+bp+Xn4HWiVsE/6Dyn2x6huViRqsE7YfMHNIHau/vYbWCRsQjmmLgHCEDQhH2IBwhA0IR9iAcIQNCEfYgHCEDQhH2IBwhA0IR9iAcIQNCEfYgHCEDQhH2IBwhA2YRfMLNyg35zXTJSIAAAAASUVORK5CYII=""}}]}]",Final Answer: 0.5
openai/gpt-4o-2024-08-06,sample_010,0.3832,0.3832,0.3832,0.33,"[{""role"": ""system"", ""content"": ""You are a lines length ratio estimator.\n        You are given an image of two lines.\n\n        Estimate the ratio of the shorter line to the longer line as a decimal number between 0 and 1.\n\n        Do not explain or reason. Only output the final answer as a number after Final Answer:\n""}, {""role"": ""user"", ""content"": [{""type"": ""text"", ""text"": ""\nConsider the image provided.\n\nFinal Answer:\n""}, {""type"": ""image_url"", ""image_url"": {""url"": ""data:image/png;base64,iVBORw0KGgoAAAANSUhEUgAAATYAAABcCAYAAADkpJkhAAADxklEQVR4nO3dv04iXRzHYVDUwhvC+zExXpu1vaWJvbWtnY0WJsrmbHI2Z887r9nFYWb58jzJBBAZsfn4Y/653Gw2mwVAkKO53wDA2IQNiCNsQBxhA+IIGxBH2IA4wgbEETYgjrABcYQNiCNsQBxhA+IIGxBH2IA4wgbEETYgjrABcYQNiCNsQBxhA+IIGxBH2IA4wgbEETYgjrABcYQNiLNcr9ebud8EwJiWi8VC2IAoPooCcYQNiCNsQJzVer2e+z0AjGq52WzsPACi+CgKxBE2II6wAXGEDYgjbEAcYQPiCBsQR9iAOMIGxBE2IM5q7jfwr/r8/Nz6tUdH/l7AnA7+XNEpf/3lslzXE9i1g5zY/nQa2yZE4gXzO5iJ7ePjY5T19OEaCpm4wbziw/b+/j7KetpY1fv97Vf3genEfhR9e3sbbV1DIatL+7j//vI3Q9xgepFhe3l52XnQylL2fvZf618LTC8ubM/Pz6Otq5/K2pCV+3Vpn2sP9SiPTW0wvZiwPT09jbKefurqJ7R+OT4+/nlbAlajJm4wr5iwjbVNrQ9bO4m1MatLOXRktVr953i4GjdBg+lFhO3h4WG0dQ1tT+uDVkJWlxq08vWhKa2/BXZv78N2d3c3+jr/JGonJyc/p7Wy1Lj1H13FDOax92F7fX3dedjaqJWgldsatBqv/jX1uTZ6QgfT2Ouw3dzc7GS9Q9NandTKGQynp6e/fW+//a0NGjC91cXFxWJfXV9fTzatlaCVpZ3A2ufrBFc/nrZTmykNprW6v79f7KvLy8udrLeGrQat3UlQJ7M6vdWQ9dvbgPns9UfRsU5sbw2d/1l+Tg1dH7F2W1vRblsTOZiHKyICcfY6bFdXV78dLDvG0h+A2z7uzzroT7Mq/u/cUWA6q/V6vdhn5fCLqQ71aJevYgfMK+J6bGMf9vHV4R4lpOVwj7qcnZ39ul+f68PXT3TAbkWErbi9vZ30AN0+ZuW2PlfD1k5xwgbT2eu9oq3z8/PJT6lqQ9bGrN/OJmowrZiJbawT4v/2JPh+m1u/7U3YYHpxYSseHx8nu2xRDV17bbZ+r2m/XmC3IsP2nQtPbnuhyaG9o6Y1mEds2Ma4VPi2lwYXNZhXfNi+8w9e+jANTXBDOwpEDeZ1MGH7zmXEvwpc+7i/374GmM5Bhm2bf6g8FKuhqUzUYH4HH7a/vXJIH6uheAkazEvYgDh7fXUPgCHCBsQRNiCOsAFxhA2II2xAHGED4ggbEEfYgDjCBsQRNiCOsAFxhA2II2xAHGED4ggbsEjzA5yMNkFpGj6SAAAAAElFTkSuQmCC""}}]}, {""role"": ""assistant"", ""content"": ""Final Answer: 0.25""}, {""role"": ""user"", ""content"": [{""type"": ""text"", ""text"": ""\nConsider the image provided.\n\nFinal Answer:\n""}, {""type"": ""image_url"", ""image_url"": {""url"": ""data:image/png;base64,iVBORw0KGgoAAAANSUhEUgAAATYAAABcCAYAAADkpJkhAAADz0lEQVR4nO3du04bQRiAURuWi8QLLe9DwzvxBtT0lEj01LR0NFAggaNBmmgy2ZDEnlkn/54jrdbGeOIi+jx7Zb3ZbDYrgEAO9v0BAFoTNiAcYQPCETYgHGEDwhE2IBxhA8IRNiAcYQPCETYgHGEDwhE2IBxhA8IRNiAcYQPCETYgHGEDwhE2IBxhA8IRNiAcYQPCETYgHGEDwhE2IBxhA8IRNiCc9TiOm31/CICW1qvVStiAUGyKAuEIGxCOsAHhDOM47vszADS13mw2Dh4AodgUBcIRNiAcYQPCETYgHGEDwhE2IBxhA8IRNiAcYQPCETYgnGHfH4D/z8fHx9bvPTjwXUp/rhXll+b8r7Fep3ueQhtmbGw9G9smRgLGHMzYWL2/vzcbqw7XVMjEjd6EbcHe3t6ajVXGKj+u1189hpZsii7Q6+tr0/GmQpaX8nn9++k7VdzoQdgW5vn5eZagpSUdAa1/Vr8XehC2BXl6emo6Xj0rK0OWHuelfK083SM9N2ujB2FbgMfHx2Zj1bOueoZWL4eHh5/rFLAcNXGjN2FbgJb71OqwlTOxMmZ5SaePDMPw0zlxOW6CRg/CFtz9/X3T8ab2p9VBSyHLSw5a+vnULK1eQwvCFtjt7W2Xcf8kakdHR5+ztbTkuNWbrmJGL8IW2MvLyyxhK6OWgpbWOWg5XvV78mtl9ISOVoQtqOvr625jT83W8kwtXcVwfHz8w+/W+9/KoEEPw/n5eZeB2a/Ly8tZZ2spaGkpZ2Dl63kGlzdPy1mbWRqtDXd3d80HZf8uLi66jZ3DloNWHiTIM7M8e8shq/e3QU82RYNqeWF7aer6z/Rv5dDVESv3tSXlvjWRoxd3/QPCSV+7vjaDurq66r4pmjc78xHRdOAgLaenp6uTk5Pv67Tk1/KR0/z+fJJvHht2NYzjuPMg/JtSQOY81aNc8s/rS6yEizm4H1twPU77+Op0j3LWlpZ6ppbWdfjqi+lhV8K2ADc3N7OfoFvHLK3za1ObocJGS46KLsDZ2dleLqkqQ1bGrL4SQdRozYxtQVpcEP+3F8HX+9zqfW/CRg/CtjAPDw+z3rYoh668N1t9A8p6XNiVsC3QLjee3PZGk1NHR83W6EXYFmzXW4Vve2twUaM3YWPrP/BSh2lqBjd1oEDU6E3Y2Pk24l8FrnxePy7fAy0JG03+oPJUrKZmZaLGHISNpncOqWP1u+fQg7AB4bhtERCOsAHhCBsQjrAB4QgbEI6wAeEIGxCOsAHhCBsQjrAB4QgbEI6wAeEIGxCOsAHhCBsQjrABq2i+AV6ZN+f7P3/YAAAAAElFTkSuQmCC""}}]}, {""role"": ""assistant"", ""content"": ""Final Answer: 0.33""}, {""role"": ""user"", ""content"": [{""type"": ""text"", ""text"": ""\nConsider the image provided.\n\nFinal Answer:\n""}, {""type"": ""image_url"", ""image_url"": {""url"": ""data:image/png;base64,iVBORw0KGgoAAAANSUhEUgAAATYAAABcCAYAAADkpJkhAAADx0lEQVR4nO3dvU7jSgCG4QTCj8QNhfuh4Z64A2p6SiR6alo6GiiQIEez0qzmzLHYPcjY8cfzSFYSQryWVnoz/hvWu91utwIIcjD3BgCMTdiAOMIGxBE2II6wAXGEDYgjbEAcYQPiCBsQR9iAOMIGxBE2II6wAXGEDYgjbEAcYQPiCBsQR9iAOMIGxBE2II6wAXGEDYgjbEAcYQPiCBsQR9iAOOvtdrubeyMAxrRerVbCBkSxKwrEETYgjrABcTbb7XbubQAY1Xq32zl5AESxKwrEETYgjrABcYQNiCNsQBxhA+IIGxBH2IA4wgbEETYgzmbuDWAcHx8fX/7swYHvN7K4V3RhpvzvWq/LPKSwPEZsYaOxr8RIwEhjxLan3t/fR1tXH66hkIkbSYRtz7y9vY22rjZW9Xn/+NlzWCq7onvi9fV11PUNhawu7ev+98v3nLixdMK2B56fnycJWlnKGdD+Z/1nYemEbWZPT0+jrq8flbUhK8/r0r7XXu5RXhu1sXTCNpPHx8fR1tWPuvoRWr8cHh7+eiwBq1ETN5IIW8AxtT5s7UisjVldyuUjm83mP9fE1bgJGksnbDO4v78fdX1Dx9P6oJWQ1aUGrfx8aJTWP8LSCNvEbm9vv2W9fxO1o6OjX6O1stS49buuYkYCYZvYy8vLJGFro1aCVh5r0Gq8+s/U99roCR1LJGwTur6+/rZ1D43W6kit3MVwfHz8r9/tj7+1QYOl25yfn8+9DT/G5eXlpKO1ErSytCOw9v06gqu7p+2ozSiNJdvc3d3NvQ0/xsXFxbetu4atBq09SVBHZnX0VkPWH2+DFHZFF3pje2vo/s/yb9XQ9RFrj7UV7bE1kSOBGQaBOOUr3lf0hK6urr59V7TudtYzouXEQVlOT09XJycnvx/LUt+rZ07r5+tFvnXdsCSb7XY79zb8KCUgU17q0S715/0tVsJFGvOxhVz28dnlHu2orSz9SK089uHrb6aHJRG2mdzc3Ex+gW4fs/JY3xvaDRU2lspZ0ZmcnZ3NcktVG7I2Zv2dCKLGkhmxBdwQ/39vgu+PufXH3oSNpRO2PfDw8DDptEU1dO3cbP0ElP16YUmELWDiya9ONDl0dtRojQTCFjZV+FenBhc1kghb2B946cM0NIIbOlEgaiQRttBpxD8LXPu6f95+BpZK2IL/oPJQrIZGZaJGGmH7ATOH9LH602tYOmED4pi2CIgjbEAcYQPiCBsQR9iAOMIGxBE2II6wAXGEDYgjbEAcYQPiCBsQR9iAOMIGxBE2II6wAas0/wBdpDfnoKPWyAAAAABJRU5ErkJggg==""}}]}, {""role"": ""assistant"", ""content"": ""Final Answer: 0.5""}, {""role"": ""user"", ""content"": [{""type"": ""text"", ""text"": ""\nConsider the image provided.\n\nFinal Answer:\n""}, {""type"": ""image_url"", ""image_url"": {""url"": ""data:image/png;base64,iVBORw0KGgoAAAANSUhEUgAAATYAAABcCAYAAADkpJkhAAADt0lEQVR4nO3dvU7jQBSA0QQCFLyQeR8kxLNR01Mi0VPT0tFAgQReDdHsjgdvtPE6cbg+R7ISCPFaW3zc+I9l27btAiCQo6k3AGBswgaEI2xAOMIGhCNsQDjCBoQjbEA4wgaEI2xAOMIGhCNsQDjCBoQjbEA4wgaEI2xAOMIGhCNsQDjCBoQjbEA4wgaEI2xAOMIGhCNsQDjCBoQjbEA4wgaEs2yapp16IwDGtFwsFsIGhOKjKBCOsAHhCBsQzqppmqm3AWBUy7ZtHTwAQvFRFAhH2IBwhA0IR9iAcIQNCEfYgHCEDQhH2IBwhA0IR9iAcFZTbwBrn5+fg997dOT3E5RcK7pn+/zvXi7TfURhfkxsBzSNDQmReMF3JrYd+fj4GGU9dbj6QiZu0CVsI3t/fx9lPWWs8vP6cdNzmDMfRUfy9vY22rr6QpaX8uv659PvKHEDYRvFy8vLzoOWlnT0s/5e/V5A2P7b8/PzaOuqp7IyZOl5XsrXylM90temNhC2wZ6enkZZTz111RNavRwfH389poDlqIkbdAnbxPvU6rCVk1gZs7ykU0dWq9W38+Fy3AQNhG2Qh4eH0dbVtz+tDloKWV5y0NL3+6a0+hHmSNi2dHd3N/o6/yVqJycnX9NaWnLc6o+uYgZrwral19fXnYetjFoKWnrMQcvxqt+TXyujJ3TMlbBt4ebmZifr7ZvW8qSWrmA4PT3t/Gy9/60MGrBYrC4uLqbehh/j+vp6b9NaClpaygmsfD1PcPnjaTm1mdKYu9X9/f3U2/BjXF5e7mS9OWw5aOVBgjyZ5ekth6ze3wb84aPoBBe2l/qu/0z/Tg5dHbFyX1tS7lsTOVhzh0IgHGHbwtXVVedk2TGW+gTc8uv6qoP6Mqvkb9eOwpytmqaZeht+lHT6xb5O9SiXTbEDutyP7QBO+9h0ukcKaTrdIy9nZ2e/n+fX6vDVEx3MjbANdHt7u9cTdOuYpcf8Wg5bOcUJG3PmqOhA5+fne7+kqgxZGbN6P5uoMXcmtokviN/2Ivh6n1u9703YQNhG8fj4uLfbFuXQlfdmq4+a1uuFuRG2iW88OfRGk31HR01rsCZsB3Sr8KG3Bhc16BK2A/oDL3WY+ia4vgMFogZdwnaAtxHfFLjy6/p5+R6YM2E70D+o3BervqlM1OA7YTvwO4fUseqLl6BBl7AB4bi7BxCOsAHhCBsQjrAB4QgbEI6wAeEIGxCOsAHhCBsQjrAB4QgbEI6wAeEIGxCOsAHhCBsQjrABi2h+ASl0NkFWMNjMAAAAAElFTkSuQmCC""}}]}, {""role"": ""assistant"", ""content"": ""Final Answer: 0.5""}, {""role"": ""user"", ""content"": [{""type"": ""text"", ""text"": ""\nConsider the image provided.\n\nFinal Answer:\n""}, {""type"": ""image_url"", ""image_url"": {""url"": ""data:image/png;base64,iVBORw0KGgoAAAANSUhEUgAAATYAAABcCAYAAADkpJkhAAADwElEQVR4nO3dsU7jSgCG0QAGCl4ovA8S4tmo6SmR6Klp6WigQIJczUpzNTvXF+0G24E/50hWkg3xpvo0sT3jg81ms1kBBDnc9RcAmJqwAXGEDYgjbEAcYQPiCBsQR9iAOMIGxBE2II6wAXGEDYgjbEAcYQPiCBsQR9iAOMIGxBE2II6wAXGEDYgjbEAcYQPiCBsQR9iAOMIGxBE2II6wAXEO1uv1ZtdfAmBKB6vVStiAKH6KAnGEDYgjbECcYb1e7/o7AEzqYLPZOHkARPFTFIgjbEAcYQPiCBsQR9iAOMIGxBE2II6wAXGEDYgjbECcYfWDfHx8bP3Zw0MNh33xLeeKLvmVDg7KWptAkuGnjca2CZF4wX7Z6Yjt/f19kv304RoLmbjB/thJ2N7e3ibZTxur+rx//Ow5kGnRn6Kvr6+T7WssZHVrX/d/XzoubpBtsbA9Pz/PHrSylbOf/b/1nwWyLRK2p6enyfbVj8rakJXndWvfay/1KK+N2iDbrGF7fHycZD/9qKsfofXb0dHRr8cSsBo1cYP9MfyEY2p92NqRWBuzupVLR4Zh+M/1cDVuggbZZgvb/f39ZPsaO57WB62ErG41aOXfx0Zp/SOQZZaw3d7eTr7PP4na8fHxr9Fa2Wrc+p+uYgb5Zgnby8vL7GFro1aCVh5r0Gq8+s/U99roCR3kmTxs19fXqzmMjdbqSK3MYDg5Ofntb/vjb23QgGzD+fn5pDu8urpaLTVaK0ErWzsCa9+vI7j687QdtRmlQa7h7u5u0h1eXFys5lDDVoPWniSoI7M6eqsh64+3Afth+K4T21tj8z/L/1ND10esPdZWtMfWRA7yWX0RiDN52C4vL3+7WHaKrb8At33dzzrop1kV/zd3FMg0rNfryXdaLr9Y6lKPdvssdsD+mG09tqkv+/jsco8S0nK5R91OT0//fV7f68PXj+iAHLMuNHlzc7PoBbp9zMpjfa+GrR3FCRtkmnUS/NnZ2eJTqtqQtTHrj7OJGuRaZGnwr06I/9tJ8P0xt/7Ym7BBtsXuefDw8LDYskU1dO3abP1Z036/QI5Fb+ay7cKT2y40OXZ21GgN8u3kLlVfWSp826XBRQ32x07vK7rNDV76MI2N4MZOFIga7I+dhu0ry4h/Frj2df+8/QyQ6duEbZsbKo/FamxUJmqwX75l2P525ZA+VmPxEjTYHz8qbAB/wrJFQBxhA+IIGxBH2IA4wgbEETYgjrABcYQNiCNsQBxhA+IIGxBH2IA4wgbEETYgjrABcYQNWKX5B1S3NkEoUplJAAAAAElFTkSuQmCC""}}]}, {""role"": ""assistant"", ""content"": ""Final Answer: 0.25""}, {""role"": ""user"", ""content"": [{""type"": ""text"", ""text"": ""\nConsider the image provided.\n\nFinal Answer:\n""}, {""type"": ""image_url"", ""image_url"": {""url"": ""data:image/png;base64,iVBORw0KGgoAAAANSUhEUgAAATYAAABcCAYAAADkpJkhAAADwElEQVR4nO3dsU7jSgCG0QAGCl4ovA8S4tmo6SmR6Klp6WigQIJczUpzNTvXF+0G24E/50hWkg3xpvo0sT3jg81ms1kBBDnc9RcAmJqwAXGEDYgjbEAcYQPiCBsQR9iAOMIGxBE2II6wAXGEDYgjbEAcYQPiCBsQR9iAOMIGxBE2II6wAXGEDYgjbEAcYQPiCBsQR9iAOMIGxBE2II6wAXEO1uv1ZtdfAmBKB6vVStiAKH6KAnGEDYgjbECcYb1e7/o7AEzqYLPZOHkARPFTFIgjbEAcYQPiCBsQR9iAOMIGxBE2II6wAXGEDYgjbECcYfWDfHx8bP3Zw0MNh33xLeeKLvmVDg7KWptAkuGnjca2CZF4wX7Z6Yjt/f19kv304RoLmbjB/thJ2N7e3ibZTxur+rx//Ow5kGnRn6Kvr6+T7WssZHVrX/d/XzoubpBtsbA9Pz/PHrSylbOf/b/1nwWyLRK2p6enyfbVj8rakJXndWvfay/1KK+N2iDbrGF7fHycZD/9qKsfofXb0dHRr8cSsBo1cYP9MfyEY2p92NqRWBuzupVLR4Zh+M/1cDVuggbZZgvb/f39ZPsaO57WB62ErG41aOXfx0Zp/SOQZZaw3d7eTr7PP4na8fHxr9Fa2Wrc+p+uYgb5Zgnby8vL7GFro1aCVh5r0Gq8+s/U99roCR3kmTxs19fXqzmMjdbqSK3MYDg5Ofntb/vjb23QgGzD+fn5pDu8urpaLTVaK0ErWzsCa9+vI7j687QdtRmlQa7h7u5u0h1eXFys5lDDVoPWniSoI7M6eqsh64+3Afth+K4T21tj8z/L/1ND10esPdZWtMfWRA7yWX0RiDN52C4vL3+7WHaKrb8At33dzzrop1kV/zd3FMg0rNfryXdaLr9Y6lKPdvssdsD+mG09tqkv+/jsco8S0nK5R91OT0//fV7f68PXj+iAHLMuNHlzc7PoBbp9zMpjfa+GrR3FCRtkmnUS/NnZ2eJTqtqQtTHrj7OJGuRaZGnwr06I/9tJ8P0xt/7Ym7BBtsXuefDw8LDYskU1dO3abP1Z036/QI5Fb+ay7cKT2y40OXZ21GgN8u3kLlVfWSp826XBRQ32x07vK7rNDV76MI2N4MZOFIga7I+dhu0ry4h/Frj2df+8/QyQ6duEbZsbKo/FamxUJmqwX75l2P525ZA+VmPxEjTYHz8qbAB/wrJFQBxhA+IIGxBH2IA4wgbEETYgjrABcYQNiCNsQBxhA+IIGxBH2IA4wgbEETYgjrABcYQNWKX5B1S3NkEoUplJAAAAAElFTkSuQmCC""}}]}, {""role"": ""assistant"", ""content"": ""Final Answer: 0.2""}, {""role"": ""user"", ""content"": [{""type"": ""text"", ""text"": ""\nConsider the image provided.\n\nFinal Answer:\n""}, {""type"": ""image_url"", ""image_url"": {""url"": ""data:image/png;base64,iVBORw0KGgoAAAANSUhEUgAAATYAAABcCAYAAADkpJkhAAADqklEQVR4nO3dvU7jQBSAUQcMFLyQeR8kxLNR01Mi0VPT0tFAgQRZDdKshllv2NgTZ3VzjmQlIYREFJ/GPzNZrdfrdQcQyNG+PwBAa8IGhCNsQDjCBoQjbEA4wgaEI2xAOMIGhCNsQDjCBoQjbEA4wgaEI2xAOMIGhCNsQDjCBoQjbEA4wgaEI2xAOMIGhCNsQDjCBoQjbEA4wgaEI2xAOMIGhLMahmG97w8B0NKq6zphA0KxKwqEI2xAOMIGhNMPw7DvzwDQ1Gq9Xjt5AIRiVxQIR9iAcIQNCEfYgHCEDQhH2IBwhA0IR9iAcIQNCEfYgHD6fb755+fn5NceHWkysMe5oktOR12t0tqZwCHr9z0amxIi8QIWG7F9fHw0+Tt1uMZCJm7ATsP2/v7e5sMUscr369tN9wFm74q+vb01+y+OhSxv5eP691OXxQ1oEraXl5du10FLWzr7Wf+sfi3A7LA9Pz93rdSjsjJk6X7eyufKSz3SY6M2YHLYnp6euhbqUVc9Qqu34+Pjr9sUsBw1cQOahK3VMbU6bOVIrIxZ3tKlI33f/3E9XI6boAGTwvbw8NC1MnY8rQ5aClnectDSz8dGafUtcNj+KWx3d3fN3/hfonZycvI1Wktbjlu96ypmwKSwvb6+drsOWxm1FLR0m4OW41W/Jj9XRk/ogB/DdnNzs5M3Hhut5ZFamsFwenr67Xfr429l0ABK/cXFRbfJ9fV1t9RoLQUtbeUIrHw+j+Dy7mk5ajNKA7L+/v6+2+Ty8rLbhRy2HLTyJEEemeXRWw5ZfbwNYNKuaKuJ7aWx+Z/pfXLo6oiVx9qS8tiayAE1qzUChxe2q6urbxfLttjqC3DLx/Wsg3qaVfK3uaMAST8Mw4//iXT5xVKXepTbptgBzF6PrfVlH5su90ghTZd75O3s7Oz3/fxcHb56RAccrq0Wmry9vV30At06Zuk2P5fDVo7ihA3YehL8+fn54lOqypCVMauPs4kaMGtp8LkT4redBF8fc6uPvQkb0OQ7Dx4fHxdbtiiHrlybrT5rWv9d4HDN+jKXqQtPTl1ocuzsqNEasJNvqZqzVPjUpcFFDVjke0WnfMFLHaaxEdzYiQJRAxYJ25xlxDcFrnxc3y9fA7DTsE35QuWxWI2NykQN2HvYtl05pI7VWLwEDfgvwwawC5YtAsIRNiAcYQPCETYgHGEDwhE2IBxhA8IRNiAcYQPCETYgHGEDwhE2IBxhA8IRNiAcYQPCETagi+YXGFo2QVpGsFsAAAAASUVORK5CYII=""}}]}, {""role"": ""assistant"", ""content"": ""Final Answer: 0.2""}, {""role"": ""user"", ""content"": [{""type"": ""text"", ""text"": ""\nConsider the image provided.\n\nFinal Answer:\n""}, {""type"": ""image_url"", ""image_url"": {""url"": ""data:image/png;base64,iVBORw0KGgoAAAANSUhEUgAAATYAAABcCAYAAADkpJkhAAADyUlEQVR4nO3dvU7jQBSA0QQCFLyQeR8kxLNR01Mi0VPT0tFAgQRZDdKshllvlmQdj31zjmQlIcREQvq48R/L9Xq9XgAEctT6DQAMTdiAcIQNCEfYgHCEDQhH2IBwhA0IR9iAcIQNCEfYgHCEDQhH2IBwhA0IR9iAcIQNCEfYgHCEDQhH2IBwhA0IR9iAcIQNCEfYgHCEDQhH2IBwhA0IR9iAcJZd161bvwmAIS0Xi4WwAaH4KAqEI2xAOMIGhLPquq71ewAY1HK9Xtt5AITioygQjrAB4QgbEI6wAeEIGxCOsAHhCBsQjrAB4QgbEI6wAeGsWr8BpuPz83Pn1x4d+RvJdDhX9ACN+StfLtO1TGFcJrYD8dNpbJcQiRdTY2IL7OPjY5D11OHqC5m4MSXCFtD7+/sg6yljle/Xt5vuQys+igby9vY22Lr6QpaX8nH9/envpLjRmrAF8fLysvegpSXt/ay/Vr8WWhO2AJ6fnwdbVz2VlSFL9/NSPlce6pEem9poTdhm7OnpaZD11FNXPaHVy/Hx8ddtCliOmrgxJcI2Y0NtU6vDVk5iZczykg4dWa1WfxwPl+MmaLQmbDP18PAw2Lr6tqfVQUshy0sOWvp635RW38LYhG2G7u7uBl/nT6J2cnLyNa2lJcet/ugqZkyBsM3Q6+vr3sNWRi0FLd3moOV41a/Jz5XREzpaELaZubm52ct6+6a1PKmlMxhOT0+/fW+9/a0MGrS2uri4aP0e2ML19fVo01oKWlrKCax8Pk9w+eNpObWZ0mhpdX9/3/QNsJ3Ly8u9rDeHLQet3EmQJ7M8veWQ1dvbYCp8FD3QE9tLfed/pp+TQ1dHrNzWlpTb1kSOKXB1QCAcYZuZq6urbwfLDrHUB+CWj+uzDurTrJK/nTsKray6rmv2w9lNOvxirEM9ymVT7GBKXI9tpoY+7GPT4R4ppOlwj7ycnZ39vp+fq8NXT3QwJmGbsdvb21EP0K1jlm7zczls5RQnbLRir+iMnZ+fj35KVRmyMmb1djZRoyUTWwD/e0L8tifB19vc6m1vwkZrwhbE4+PjaJctyqErr81W7zWt1wtjErZAdr3w5K4XmuzbO2paYwqELaD/uVT4rpcGFzWmRNgC2+UfvNRh6pvg+nYUiBpTImwHYtvLiG8KXPm4vl++BloRtgP003+o3BervqlM1JgaYeOfVw6pY9UXL0FjSoQNCMfVPYBwhA0IR9iAcIQNCEfYgHCEDQhH2IBwhA0IR9iAcIQNCEfYgHCEDQhH2IBwhA0IR9iAcIQNWETzCw9/NkFh7GVNAAAAAElFTkSuQmCC""}}]}, {""role"": ""assistant"", ""content"": ""Final Answer: 0.33""}, {""role"": ""user"", ""content"": [{""type"": ""text"", ""text"": ""\nConsider the image provided.\n\nFinal Answer:\n""}, {""type"": ""image_url"", ""image_url"": {""url"": ""data:image/png;base64,iVBORw0KGgoAAAANSUhEUgAAATYAAABcCAYAAADkpJkhAAADyElEQVR4nO3du07jQBiA0QTCReKFzPvQ8E68ATU9JRI9NS0dDRRIkNWAZjOZtdhN1onNP+dIVm7Ea23xMb4N8+VyuZwBBHIw9gYADE3YgHCEDQhH2IBwhA0IR9iAcIQNCEfYgHCEDQhH2IBwhA0IR9iAcIQNCEfYgHCEDQhH2IBwhA0IR9iAcIQNCEfYgHCEDQhH2IBwhA0IR9iAcIQNCEfYgHDmXdctx94IgCHNZ7OZsAGh2BUFwhE2IBxhA8JZdF039jYADGq+XC6dPABCsSsKhCNsQDjCBoQjbEA4wgaEI2xAOMIGhCNsQDjCBoQjbEA4i7E3gC8fHx9bf/fgwO8nKLlXdM/2+d89n6d5RKE9RmwTG41tEyMBg3VGbDvy/v4+2LrqcPWFTNxgRdgG9vb2Nti6yljl5/Xjd8+hVXZFB/L6+jro+vpClpfydf3z6feUuNE6YRvA8/PzXoKWlnQGtH6v/i60Ttj+09PT06Drq0dlZcjS87yUn5WXe6TXRm20Tti29Pj4ONi66lFXPUKrl8PDw8/HFLAcNXGDFWGbwDG1OmzlSKyMWV7S5SOLxeKPa+Jy3ASN1gnbFu7v7wddX9/xtDpoKWR5yUFL7/eN0upHaI2wbej29nYn6/2XqB0dHX2O1tKS41bvuooZCNvGXl5e9hK2MmopaOkxBy3Hq/5O/qyMntDRImHbwPX19c7W3TdayyO1dBfD8fHx2s/Wx9/KoEHrFufn52Nvw49xeXm519FaClpayhFY+XkeweXd03LUZpRGyxZ3d3djb8OPcXFxsbN157DloJUnCfLILI/ecsjq423AF7uiI93YXuq7/zP9Wzl0dcTKY21JeWxN5MAMukBAaYjgV/wGrq6udr4rmnc78xnRdOIgLaenp7OTk5Pfj2nJn+Uzp/n7+SLfvG5oyaLrurG34UdJAdnnpR7lkt+vb7ESLlhnPraJXPbx3eUe5agtLfVILT3W4atvpoeWCNuWbm5u9n6Bbh2z9Jg/69sNFTZa5azols7Ozka5paoMWRmz+k4EUaNlRmwTuCF+05vg62Nu9bE3YaN1wjaAh4eHvU5blENXzs1WT0BZrxdaImwTmHhy24km+86OGq2BsE1uqvBtpwYXNVgRton9gZc6TH0juL4TBaIGK8I20WnEvwtc+bp+Xn4HWiVsE/6Dyn2x6huViRqsE7YfMHNIHau/vYbWCRsQjmmLgHCEDQhH2IBwhA0IR9iAcIQNCEfYgHCEDQhH2IBwhA0IR9iAcIQNCEfYgHCEDQhH2IBwhA2YRfMLNyg35zXTJSIAAAAASUVORK5CYII=""}}]}, {""role"": ""assistant"", ""content"": ""Final Answer: 0.5""}, {""role"": ""user"", ""content"": [{""type"": ""text"", ""text"": ""\nConsider the image provided.\n\nFinal Answer:\n""}, {""type"": ""image_url"", ""image_url"": {""url"": ""data:image/png;base64,iVBORw0KGgoAAAANSUhEUgAAATYAAABcCAYAAADkpJkhAAADwElEQVR4nO3dzUojSwCG4UTjD3hD7f248Z68A9fuXQruXbt150YXgmYooYY6dRrPmZB0T388DzRJjOlpGHhT/Veut9vtdgUQ5GjuDQDYN2ED4ggbEEfYgDjCBsQRNiCOsAFxhA2II2xAHGED4ggbEEfYgDjCBsQRNiCOsAFxhA2II2xAHGED4ggbEEfYgDjCBsQRNiCOsAFxhA2II2xAHGED4qyHYdjOvREA+7RerVbCBkSxKwrEETYgjrABcTbDMMy9DQB7td5ut04eAFHsigJxhA2II2xAHGED4ggbEEfYgDjCBsQRNiCOsAFxhA2Is5l7A9jd19fXzp89OvKdRi73ii7AlP9F63WZexSWzYgtYDS2S4wEjGRGbH+Rz8/Pva2rD9dYyMSNVML2F/j4+NjbutpY1ef940/PIYFd0Rm9v7/vdX1jIatL+7r//fLdJm4kEbaZvL6+ThK0spQzoP3P+s9CEmGbwcvLy17X14/K2pCV53Vp32sv9yivjdpIImwTen5+3tu6+lFXP0Lrl+Pj4+/HErAaNXEjlbAt9JhaH7Z2JNbGrC7l8pHNZvOva+Jq3ASNJMI2kcfHx72ub+x4Wh+0ErK61KCVn4+N0vpHWDJhm8D9/f1B1vt/onZycvI9WitLjVu/6ypmpBG2Cby9vU0StjZqJWjlsQatxqv/TH2vjZ7QsXTCdmC3t7cHW/fYaK2O1MpdDKenp//43f74Wxs0SLK5vLycexuiXV9fTzpaK0ErSzsCa9+vI7i6e9qO2ozSSLF5eHiYexuiXV1dHWzdNWw1aO1Jgjoyq6O3GrL+eBsksiu6oBvbW2P3f5Z/q4auj1h7rK1oj62JHGnMNgjEKV/3vq4P7Obm5uC7onW3s54RLScOynJ+fr46Ozv7/ViW+l49c1o/Xy/yreuGpdoMwzD3NsQrAZnyUo92qT/vb7ESLpKZj23Bl338dLlHO2orSz9SK499+Pqb6WGphG1Cd3d3k1+g28esPNb3xnZDhY0EzopO6OLiYpZbqtqQtTHr70QQNVIYsS30hvg/vQm+P+bWH3sTNpII20yenp4mnbaohq6dm62fgLJfLyyVsC104sldJ5ocOztqtEYaYQuYKnzXqcFFjVTCFvAHXvowjY3gxk4UiBqphC1oGvGfAte+7p+3n4EEwhb2B5XHYjU2KhM1kglb6Mwhfaz+6zUkETYgjmmLgDjCBsQRNiCOsAFxhA2II2xAHGED4ggbEEfYgDjCBsQRNiCOsAFxhA2II2xAHGED4ggbsErzC5ZpN+ejRMMqAAAAAElFTkSuQmCC""}}]}]",Final Answer: 0.33
